ti,T,T_b,pool_raw,pool_bucketed,pool_addr_n,K_sampled,item_n,addr_n,H_knap_item,H_knap_addr,H_naive_item,H_naive_addr,saturated,skipped
1374,2492392878022621400,249,7529,6136,5173,2000,1020,994,4.732416862953263,4.7289678841613885,12.87824254386927,12.336785476203755,True,False
1375,80254745627490374834,8025,10408,8871,7228,2000,1237,1195,5.739104414079742,5.737043612976489,13.345405246717796,12.8193807908646,True,False
1376,2992500000000000,0,123,0,0,0,0,0,0.0,0.0,6.94251450533924,0,False,True
1377,8117994109685937834,812,9282,7785,6429,2000,1204,1161,5.3472391800413135,5.34330032535077,13.180219982170192,12.650378635397704,True,False
1378,19950000000000000,2,49,36,36,470,36,36,4.988172015827489,4.988172015827489,5.614709844115208,5.169925001442312,False,False
1379,401823892492827258388,40182,1947,1943,1682,0,0,0,0.0,0.0,10.927037168720295,10.715961990255144,False,True
1380,5757569350846058074,576,8471,6931,5759,2000,972,943,4.920932498628462,4.917473813759488,13.048316574158473,12.49160260669611,True,False
1381,11594527682153530,1,1291,592,573,592,592,573,9.209453365628951,9.139166810773482,10.33427328530719,9.162391328756906,False,False
1382,65017050000000000,7,2934,1957,1809,2000,904,868,4.551918538130651,4.534828007350498,11.51865315567339,10.82097669262124,True,False
1383,208108109855674648297,20811,5569,5502,4473,0,0,0,0.0,0.0,12.443202577297011,12.127027043004599,False,True
1384,932684545881173604,93,1725,1680,1374,2000,140,139,4.428231249166941,4.427710993572779,10.752380646552893,10.4241662888181,True,False
1385,1165926417793762491,117,7492,5889,4974,2000,1226,1182,5.089160389310406,5.084807326886974,12.871135184243045,12.280190792216906,True,False
1386,2572238557566864955,257,3094,2634,2207,2000,470,457,4.60612716554827,4.600480167831607,11.595257481449035,11.107870914279614,True,False
1387,85627447576230000,9,872,639,595,2000,284,279,4.584650814460005,4.578138480868475,9.768184324776927,9.216745858195306,True,False
1388,42889706671213733774,4289,5267,5201,4217,2000,214,213,5.231767228832543,5.231387885785727,12.362765744153958,12.042001306279133,True,False
1389,20856810265552735754,2086,8478,7424,6206,2000,977,963,4.598930279711008,4.595378379650414,13.049508251055096,12.59944798152872,True,False
1390,300751879699248120,30,1602,1533,1295,2000,191,190,4.367380645005202,4.365863194322349,10.64565843240871,10.338736382573916,True,False
1391,1455121141316837,0,817,0,0,0,0,0,0.0,0.0,9.674192268145683,0,False,True
1392,970004588406000000,97,715,710,670,2000,71,69,4.4514629719215275,4.449616171530352,9.481799431665753,9.388017285345136,True,False
1393,25649253019578995045,2565,9457,8037,6608,2000,1083,1052,5.04402607920768,5.0407451415917075,13.207166881383289,12.689997971419446,True,False
1394,11673045924518821455,1167,9240,7887,6376,2000,1233,1188,5.167324389500097,5.163782454809775,13.17367713630342,12.638435913990472,True,False
1395,10520300870931252003,1052,4516,4457,3589,2000,204,203,4.492743057984047,4.491818921211806,12.140829770773001,11.809366207816078,True,False
1396,9971010000000000000,997,4287,4223,3403,2000,200,199,4.4222554086360235,4.42113433240284,12.065752701816972,11.73259143596501,True,False
1397,30000000000000000,3,3445,1859,1762,2000,1210,1169,5.299222615693672,5.2738976538137585,11.750288267591653,10.782998208920414,True,False
1398,100000000000000000,10,4739,3108,2836,2000,1217,1172,4.805614174636501,4.786308573061515,12.2103669456326,11.469641817239516,True,False
1399,469993392624286411,47,6344,4711,4097,2000,1227,1182,4.868689833585011,4.857750221504412,12.63117705570398,12.0003521774803,True,False
1400,378470446363019076,38,5123,3846,3401,2000,1009,983,4.418870749687525,4.412778121896174,12.322773176454564,11.731743290707842,True,False
1401,100250626566416040,10,4708,3242,2946,2000,1236,1193,4.788698153619832,4.768071360463226,12.200898605038445,11.524541715035848,True,False
1402,12549935476111423,1,2709,1113,1071,1113,1113,1071,10.12023787734196,10.033419197662631,11.403544678202014,10.064742764750257,False,False
1403,142039167379992628,14,3311,2475,2307,2000,852,842,5.323755497726911,5.315731972033985,11.693051295397,11.171802288682983,True,False
1404,176288689946633417,18,1207,1140,1012,2000,184,183,4.387283515092068,4.385282681411368,10.237209960755022,9.98299357469431,True,False
1405,1625925000000000000,163,2858,2813,2306,2000,200,200,4.5815595236966455,4.5815595236966455,11.480790201095816,11.171176797651771,True,False
1406,13883667926652291,1,1415,679,653,679,679,653,9.407267764244732,9.32131116928656,10.466586337719244,9.350939181546432,False,False
1407,249375000000000000,25,1425,1365,1205,2000,201,200,4.4608150407859375,4.459317423359117,10.476746203939467,10.234817431117325,True,False
1408,99750000000000000,10,2263,1608,1471,2000,645,626,5.265123228570761,5.245728642071901,11.144020869266893,10.522581531254831,True,False
1409,996824927718480000,100,1084,918,825,2000,210,206,4.488720791534941,4.485095863973585,10.08214904135387,9.688250309133178,True,False
1410,1173167782627165,0,753,0,0,0,0,0,0.0,0.0,9.556506054671928,0,False,True
1411,9222444909677235761,922,1772,1767,1556,2000,74,73,4.607930827183159,4.606951344961303,10.791162888555018,10.603626344986193,True,False
1412,51004248315526313377,5100,10185,8553,6923,2000,1267,1220,6.154008184450806,6.1316508277917645,13.31415835985325,12.757181632816716,True,False
1413,1324141534540856,0,446,0,0,0,0,0,0.0,0.0,8.800899899920305,0,False,True
1414,4987500000000000,0,259,0,0,0,0,0,0.0,0.0,8.016808287686555,0,False,True
1415,1116437978922160720,112,6950,5516,4712,2000,1028,1000,4.499702797977466,4.494325354226385,12.762797262498232,12.20212382383046,True,False
1416,508725000000000000,51,1991,1935,1634,2000,205,203,4.8639199829159265,4.863242693299824,10.959277505720502,10.674192268145683,True,False
1417,241784025000000000,24,4199,3153,2810,2000,981,942,4.557408204893501,4.542136618535192,12.035830072835017,11.456354415108288,True,False
1418,299263840202346281,30,4157,3226,2911,2000,935,923,4.397175466238192,4.391449982040274,12.021327032624372,11.507299124122765,True,False
1419,258607795711470630,26,4302,3231,2932,2000,966,953,4.5313561936256175,4.52787067169082,12.070791809423062,11.517669388133811,True,False
1420,105806665330752836,11,3693,2600,2439,2000,965,951,4.386476181489815,4.382491473075256,11.850577547205614,11.252074042796185,True,False
1421,171747651426112577,17,4462,3253,2916,2000,1087,1046,4.479547041897162,4.46495894642288,12.12347479824414,11.509775004326936,True,False
1422,10088297726099250000,1009,2085,2073,1742,2000,70,70,4.488169803763376,4.488169803763376,11.025831668332026,10.766528908598865,True,False
1423,44868978482882400000,4487,2640,2629,2148,2000,92,91,4.915799392436853,4.915461009731263,11.366322214245816,11.068778277985412,True,False
1424,1520356809317156106,152,1135,1124,976,2000,76,75,4.693519183272959,4.692575255870929,10.148476582178278,9.930737337562887,True,False
1425,54862500000000000,5,2908,1911,1773,2000,916,880,5.103149511506478,5.079158644552354,11.505811553919594,10.79197682089869,True,False
1426,111083239867166759935,11108,6908,6637,5509,0,0,0,0.0,0.0,12.754052367528924,12.42757474756509,False,True
1427,135774324451224491677,13577,7705,7027,5783,0,0,0,0.0,0.0,12.911579241402148,12.49760238678349,False,True
1428,1002506265664160401,100,4967,4213,3585,2000,781,775,4.469348084852751,4.467015022246151,12.278159031437237,11.807757403589267,True,False
1429,4358286970586036608,436,3684,3615,2896,2000,201,200,4.67574742056197,4.674997092293351,11.847057346091336,11.499845887083206,True,False
1430,394059490276325164,39,1692,1625,1380,2000,185,184,4.461945930096062,4.459853697509541,10.72451385311995,10.430452551665532,True,False
1431,788375464905056001,79,2179,2119,1747,2000,199,198,4.391783913789544,4.389949051404223,11.089450481115907,10.77066389291676,True,False
1432,9450742004049797037,945,4596,4495,3692,2000,409,407,5.7208167518254545,5.719987650130879,12.166163082646113,11.850186837645774,True,False
1433,99500625000000000000,9950,5540,5501,4411,2000,215,215,4.678757396876531,4.678757396876533,12.43567026093655,12.106890045092218,True,False
1434,44378574815758795877,4438,2661,2648,2214,2000,89,89,4.927403447345859,4.927403447345859,11.37775279502222,11.112439506781552,True,False
1435,3459130500000000000,346,3484,3416,2775,2000,192,191,4.486569641491929,4.485569391429413,11.766528908598865,11.43827205612483,True,False
1436,478800000000000000,48,1818,1752,1489,2000,196,195,4.374422609971791,4.373200048149062,10.828136484194108,10.5401280385821,True,False
1437,2973524284100134083,297,1384,1377,1211,2000,86,84,4.675486010280933,4.674171083419892,10.434628227636725,10.24198314969433,True,False
1438,498750000000000000,50,1836,1773,1511,2000,200,199,4.534495741413783,4.533649294566797,10.842350343413807,10.561287945164828,True,False
1439,1973884837806000000,197,1213,1206,1040,2000,81,80,4.324147626360388,4.322828719411607,10.24436383512051,10.022367813028454,True,False
1440,2613450000000000000,261,3382,3324,2710,2000,207,205,4.5817144944835695,4.5777519428340545,11.723660944409984,11.404077136241234,True,False
1441,3114895446856357567,311,3895,3331,2768,2000,571,552,4.6433987222662285,4.633845687110613,11.92740761294903,11.434628227636725,True,False
1442,598500000000000000,60,6269,4868,4229,2000,1132,1098,4.611184134197948,4.605692717508765,12.61401961443572,12.046100845028802,True,False
1443,586587505413289774,59,6537,5032,4370,2000,1186,1144,4.545713925212187,4.525585285621839,12.674412981837063,12.093417564387961,True,False
1444,5371002071869481145,537,3646,3155,2592,2000,513,496,4.7403619050278,4.730755535228231,11.832098846039134,11.339850002884624,True,False
1445,3491250000000000,0,663,0,0,0,0,0,0.0,0.0,9.372865060112588,0,False,True
1446,17863336412133712212,1786,4701,4646,3735,2000,244,243,5.305922842098961,5.305844592955085,12.198751965193736,11.8668925276766,True,False
1447,17541405847020518064,1754,4818,4737,3851,2000,312,312,4.8327133957728385,4.8327133957728385,12.23421867823847,11.911017407796985,True,False
1448,2505919728444251209,251,3515,3429,2879,2000,347,346,4.824667698691359,4.824327055089331,11.779308973959898,11.491352073563435,True,False
1449,6038476699544652269,604,4290,4191,3461,2000,389,387,5.165483489544933,5.1642001699016875,12.066761932386909,11.756973226165448,True,False
1450,4800555375521802117,480,4191,4086,3384,2000,429,427,5.235794163544097,5.235449318121059,12.03307880613062,11.72451385311995,True,False
1451,1565838554095013936,157,7506,6178,5157,2000,1198,1156,4.439513086172079,4.425739258786999,12.873828574886977,12.332316330199218,True,False
1452,1975050000000000000,198,5729,4892,4161,2000,863,853,4.614044232024012,4.612057502272065,12.484067622432198,12.022714573044759,True,False
1453,10174500000000000000,1017,4448,4389,3544,2000,206,205,4.749676934419676,4.748996472943075,12.118941072723507,11.791162888555018,True,False
1454,136935837888173057,14,4660,3029,2737,2000,1050,1021,4.379171371605194,4.369555000856403,12.186114239541643,11.418379719364957,True,False
1455,449213170298734301,45,5677,4107,3599,2000,966,937,4.792698634396101,4.785344180061067,12.470913026274877,11.813380386924727,True,False
1456,214462500000000000,21,5122,3478,3087,2000,1042,1013,4.521716760130528,4.507935181905979,12.322491537597468,11.591989767615125,True,False
1457,99750000000000,0,76,0,0,0,0,0,0.0,0.0,6.247927513443585,0,False,True
1458,9975000000000000,1,782,264,258,264,264,258,8.044394119358454,7.996080151547229,9.611024797307353,8.011227255423254,False,False
1459,107739000703524271838,10774,7569,6986,5747,0,0,0,0.0,0.0,12.885886991697456,12.488593333835409,False,True
1460,236068084464058892,24,1424,1357,1184,2000,183,182,4.520853427215004,4.518408937502231,10.475733430966399,10.20945336562895,True,False
1461,50000000000000000000,5000,4549,4490,3655,2000,174,173,5.33501949118333,5.333818156542042,12.151333719291655,11.8356556908398,True,False
1462,501253132832080200,50,1971,1902,1614,2000,196,194,4.444972186074003,4.411643964120629,10.944712061043486,10.656424863277781,True,False
1463,3911704091600989,0,1426,0,0,0,0,0,0.0,0.0,10.477758266443889,0,False,True
1464,99750000000000000000,9975,663,603,545,2000,145,145,5.989930546219453,5.989930546219454,9.372865060112588,9.090112419664289,True,False
1465,6084750000000000000,608,7955,6746,5487,2000,1098,1055,4.787611456613542,4.7791591644271385,12.95764621521841,12.421801860469873,True,False
1466,105263157894736842,11,180,144,139,2000,68,68,4.672503575072188,4.672503575072187,7.491853096329675,7.118941072723508,True,False
1467,10339629060300309510,1034,8885,7416,6128,2000,997,967,4.962041382192767,4.958751559604375,13.11715606091604,12.581200581924957,True,False
1468,25860918817676711768,2586,9403,8056,6614,2000,1103,1070,5.4117744445118445,5.409348457269113,13.198905402581904,12.691307330191115,True,False
1469,65835000000000000,7,1936,1339,1237,2000,592,575,4.538433115128251,4.525616788712646,10.918863237274595,10.27262978497637,True,False
1470,1861063507839792481,186,3998,3362,2838,2000,628,609,4.3854423519820465,4.375411226488495,11.965062756744627,11.470658874060552,True,False
1471,18970476531509586486,1897,7586,6730,5624,2000,914,904,5.9148807429545505,5.914413774436423,12.889123656294238,12.457380879072534,True,False
1472,17499184995715592,2,262,223,223,2000,199,199,6.432596116266604,6.432596116266602,8.03342300153745,7.800899899920305,True,False
1473,6446825216756080,1,1907,282,276,282,282,276,8.139551352398794,8.089905962327872,10.897089128312755,8.108524456778168,False,False
1474,25900675460514667783,2590,5663,5498,4549,2000,519,516,5.411668129141904,5.410839563380542,12.467350814487581,12.151333719291655,True,False
1475,58345907057592354162,5835,9622,8151,6688,2000,1029,997,5.626343168324646,5.622695284052393,13.232121084082221,12.707359132080883,True,False
1476,18638582208431445709,1864,2326,2315,1947,2000,61,61,4.369984183116529,4.369984183116529,11.183635381473218,10.927037168720295,True,False
1477,54857653460476062661,5486,2786,2775,2327,2000,64,64,4.485407270078536,4.485407270078535,11.443979542601253,11.184255495405349,True,False
1478,139299696785592308,14,1109,1050,961,2000,199,198,4.353393526671323,4.351821311992554,10.11504365016171,9.90839262077375,True,False
1479,2294020385614297604,229,7552,6291,5218,2000,1158,1114,4.553580798088518,4.543163358602658,12.88264304936184,12.349281228817452,True,False
1480,831799050205413832,83,6595,5027,4349,2000,1077,1046,4.669753329993235,4.6639059257330615,12.687156944138907,12.086467993464069,True,False
1481,407647481596405532,41,6241,4607,4013,2000,1224,1179,5.121257431690988,5.107415978554979,12.607561496354206,11.970465440779995,True,False
1482,53657824726156885,5,4039,2503,2309,2000,1232,1191,5.150924297007967,5.130419872746146,11.979782430703086,11.173052457774116,True,False
1483,99368522170601460000,9937,4742,4174,3373,2000,621,602,5.9596687265584,5.956920039220403,12.211279947482009,11.719816603018126,True,False
1484,276555000000000000000,27656,8090,7253,6064,0,0,0,0.0,0.0,12.981923987317339,12.566054038171092,False,True
1485,195257803681586250854,19526,8169,7314,6118,0,0,0,0.0,0.0,12.995943767764953,12.578844391558203,False,True
1486,59504180084381071273,5950,9282,8086,6701,2000,1019,998,4.9730042265746945,4.968602809823086,13.180219982170192,12.710160691782914,True,False
1487,31894816265416641,3,2003,1245,1222,2000,778,772,5.285407218223548,5.280264759394836,10.967946705812707,10.25502856981873,True,False
1488,845761234233715,0,508,0,0,0,0,0,0.0,0.0,8.988684686772165,0,False,True
1489,206235813492264362256,20624,4809,4752,3864,0,0,0,0.0,0.0,12.231521210875703,11.915879378835774,False,True
1490,5645040299662710,1,491,192,192,192,192,192,7.584962500721157,7.584962500721157,8.939579214314692,7.584962500721156,False,False
1491,1234602080511158078,123,6568,5398,4601,2000,997,978,4.440404951587613,4.433436408521153,12.681238411777805,12.167731741103244,True,False
1492,8198074772063766,1,1539,387,387,387,387,387,8.596189756144412,8.596189756144412,10.58777751632821,8.59618975614441,False,False
1493,7563524782903073,1,1906,403,397,403,403,397,8.654636028527968,8.619896574433675,10.896332403909941,8.632995197142957,False,False
1494,4427854530062522,0,1171,0,0,0,0,0,0.0,0.0,10.193525360501216,0,False,True
1495,249375000000000000,25,5001,3640,3231,2000,1092,1059,4.530571617861627,4.514590287816342,12.288000889707574,11.657765035265363,True,False
1496,54991411798225822,5,3975,2427,2248,2000,1216,1175,4.5499953657704015,4.534801041259356,11.95673914505908,11.134426320220927,True,False
1497,24937500000000000,2,3289,1693,1605,2000,1211,1167,6.569100081028601,6.526694353792905,11.683433292835403,10.648357582009666,True,False
1498,177555000000000000,18,4213,3032,2767,2000,1010,990,4.558175509484781,4.551164013873931,12.040632200562253,11.434106928609955,True,False
1499,12137220350377727,1,11,9,9,9,9,9,3.169925001442312,3.169925001442312,3.4594316186372973,3.169925001442312,False,False
1500,5486250000000000000,549,423,421,389,2000,47,46,4.28726146003507,4.281386735105737,8.72451385311995,8.603626344986193,True,False
1501,3740625000000000000,374,413,411,381,2000,43,42,4.175998891900244,4.175299365436542,8.689997971419446,8.573647187493322,True,False
1502,933660119347979762,93,267,265,254,2000,40,40,4.192040982498986,4.192040982498986,8.060695931687555,7.9886846867721655,True,False
1503,139650000000000000,14,134,132,131,2000,46,46,4.233403061488452,4.233403061488451,7.066089190457772,7.03342300153745,True,False
1504,79800000000000000,8,129,125,124,2000,50,50,4.255094332638448,4.255094332638447,7.011227255423254,6.954196310386875,True,False
1505,1383992751239091660,138,7186,5765,4902,2000,1072,1041,4.503165896578928,4.496622746746916,12.810973220002165,12.25915476886684,True,False
1506,902255639097744360,90,2282,2214,1824,2000,191,190,4.392193331550765,4.390359234010124,11.156083076288681,10.832890014164741,True,False
1507,2533451716392754773,253,3318,3258,2691,2000,254,254,4.913273527064728,4.913273527064726,11.696098170955864,11.393926675640417,True,False
1508,2297124125014208478,230,3406,3326,2779,2000,309,309,4.634363144657581,4.634363144657581,11.733862719678543,11.440350119200563,True,False
1509,9944027672439421274,994,4475,4392,3598,2000,333,333,4.960590541158623,4.960590541158622,12.127671967038982,11.812979471251483,True,False
1510,12000000000000000000,1200,5125,4970,4091,2000,472,470,4.917755623649668,4.91730510133657,12.32333628928017,11.998237821888047,True,False
1511,17944862155388471177,1794,5443,5278,4369,2000,531,528,5.912547519445024,5.912001485221408,12.410186320725094,12.093087390444218,True,False
1512,5979397376869383844,598,4756,4571,3813,2000,552,550,5.309945692094145,5.309685436392918,12.215532999745657,11.896710815726115,True,False
1513,2773647220992927285,277,4457,4231,3567,2000,629,626,4.430699226191847,4.4296988260317836,12.121857245612654,11.800495500466813,True,False
1514,7849132727549055,1,728,287,287,287,287,287,8.164906926675688,8.164906926675688,9.507794640198696,8.164906926675688,False,False
1515,136617964691624969,14,3046,2291,2152,2000,779,773,4.392966495369588,4.390762269553594,11.572700226487292,11.071462362556623,True,False
1516,14932820899627374,1,1771,897,887,897,897,887,9.80896417491926,9.786667630883585,10.790348496751914,9.792790294301064,False,False
1517,4570558721128051940,457,7629,6494,5466,2000,982,965,4.8062648000639285,4.803732646872334,12.897278247411263,12.416269744523207,True,False
1518,330239606760339096,33,1246,1006,900,2000,292,286,4.511753874809531,4.4995488202496645,10.283088353024002,9.813781191217037,True,False
1519,569966424195788585,57,4669,3703,3204,2000,900,863,4.437025205385703,4.42365780236972,12.188897873242189,11.64565843240871,True,False
1520,8957617112179002751,896,4337,4283,3438,2000,206,204,4.628284062931534,4.627385053023095,12.082481727863103,11.747353829478062,True,False
1521,338847117794486214,34,3809,2955,2601,2000,815,782,4.552129362485911,4.534658515323014,11.89519657256334,11.34485068394299,True,False
1522,9496553286299020275,950,9285,7783,6336,2000,1260,1216,4.966598481291757,4.960951844259164,13.180686194822783,12.62935662007961,True,False
1523,3989121035037175344,399,3992,3427,2833,2000,575,556,4.653829896506133,4.6441190138543975,11.96289600533726,11.468114886378098,True,False
1524,673787985512476355,67,5433,4352,3821,2000,969,956,4.553669552044087,4.550579116240151,12.407533331671324,11.89973454235751,True,False
1525,5910040620025698,1,1578,181,180,181,181,180,7.499845887083204,7.488796163326297,10.623881490013458,7.491853096329675,False,False
1526,9447652235440279570,945,4566,4467,3675,2000,389,388,5.241024384148428,5.240812205069287,12.156715144224702,11.843528534611089,True,False
1527,11951047500000000000,1195,4482,4427,3565,2000,252,252,5.503703380729846,5.503703380729846,12.129926933510394,11.79968636133125,True,False
1528,879849624060150375,88,198,168,162,2000,56,56,4.656345325124464,4.656345325124464,7.6293566200796095,7.339850002884624,True,False
1529,3717567642852588,0,62,0,0,0,0,0,0.0,0.0,5.954196310386875,0,False,True
1530,82400760951208912867,8240,7686,6921,5698,2000,826,820,5.805341213012231,5.805009023559132,12.908017261062803,12.476239906323851,True,False
1531,47117794486215538,5,2493,1623,1567,2000,891,881,4.787472295676093,4.781794919189957,11.283667167491501,10.61378946447258,True,False
1532,97716306659800603,10,3053,2169,2059,2000,912,902,4.550709152655481,4.54625228107664,11.57601187420678,11.007728114632254,True,False
1533,166174492046791363,17,4854,3216,2883,2000,1041,1011,4.458561647384826,4.452207975058318,12.244958393151133,11.493355121494906,True,False
1534,1020000000000000000,102,6860,5426,4642,2000,1020,991,5.244248851106239,5.222072409435244,12.743992861060175,12.180530807344482,True,False
1535,9037878884044880,1,1795,497,489,497,497,489,8.957102041562287,8.92088473773935,10.809768128710413,8.933690654952233,False,False
1536,2051342296107127265,205,8069,6580,5539,2000,1187,1147,4.69461598050537,4.689038066787983,12.978174174468169,12.43540982316332,True,False
1537,1015775656024171340,102,7421,5906,5006,2000,1238,1198,4.553575340085689,4.537011256366865,12.85739789170129,12.289442575688332,True,False
1538,19941060749580159908,1994,4840,4772,3814,2000,189,188,4.455717103717677,4.454516401768846,12.240791332161956,11.897089128312755,True,False
1539,2092552318367145082,209,4162,3517,2952,2000,647,627,4.526201952482105,4.51473766304861,12.023061249735335,11.527477006060396,True,False
1540,99798120031446924259,9980,2772,2761,2238,2000,94,92,5.117853629641875,5.077305036905601,11.436711542137214,11.127994320976393,True,False
1541,3973908631843500000,397,1667,1654,1364,2000,79,78,4.321166792767377,4.320156049883975,10.703038388986418,10.413627929024173,True,False
1542,23724322943501250000,2372,4974,4907,3932,2000,204,202,4.996565168448925,4.995734227238394,12.280190792216906,11.94104760634058,True,False
1543,57074958331650000,6,134,129,123,2000,60,59,4.2847544592712605,4.281585429098552,7.066089190457772,6.94251450533924,True,False
1544,50162324022046911093,5016,2742,2729,2252,2000,81,80,4.618104772566917,4.6174460244485305,11.421012855779226,11.13699111208023,True,False
1545,5773520022527619876,577,1852,1839,1524,2000,72,71,4.270350072688681,4.268898721856106,10.854868383260236,10.573647187493322,True,False
1546,105735000000000000000,10574,5478,5419,4406,0,0,0,0.0,0.0,12.419433550705378,12.105253779700883,False,True
1547,34942109191701444,3,3567,2052,1922,2000,1229,1190,5.304918989176373,5.2802970657653825,11.800495500466813,10.90839262077375,True,False
1548,438623131525110105,44,587,574,540,2000,77,76,4.276744612609256,4.275265439657472,9.197216693110052,9.076815597050832,True,False
1549,78882300000000,0,12,0,0,0,0,0,0.0,0.0,3.584962500721156,0,False,True
1550,3668704563838766337,367,8604,7028,5843,2000,1226,1185,4.657726700184916,4.649336015224638,13.070791809423062,12.512493573945038,True,False
1551,4987500000000000000,499,1837,1828,1526,2000,80,79,4.468326189091167,4.4677640040472,10.84313591111135,10.57553924683453,True,False
1552,9975000000000000000,998,2124,2111,1754,2000,76,75,4.3116617371782375,4.310499753260629,11.052568050804153,10.776433032444734,True,False
1553,4788000000000000000,479,1682,1671,1381,2000,75,74,4.557249357240574,4.55619865319861,10.715961990255144,10.43149760425805,True,False
1554,9975000000000000000,998,2181,2168,1817,2000,85,83,4.419850608734193,4.418559228229103,11.09077405464075,10.827342704234116,True,False
1555,9975000000000000000,998,4340,4271,3410,2000,196,194,4.486453256191735,4.481487995925702,12.083479327331842,11.735556023911535,True,False
1556,9975000000000000000,998,5039,4867,4042,2000,503,501,4.588806080577115,4.588153844630762,12.298921740969753,11.980853606379736,True,False
1557,9975000000000000000,998,5401,5179,4308,2000,621,618,4.526440180234299,4.524638043552231,12.39901083295199,12.072802534544207,True,False
1558,9975000000000000000,998,6580,5812,4830,2000,802,796,4.877334691235214,4.876563264553904,12.683871868622603,12.237807473723135,True,False
1559,25735500000000000000,2574,9622,8228,6761,2000,1147,1113,5.412874334690597,5.410437172532323,13.232121084082221,12.723020931812032,True,False
1560,8474628200208815098,847,4215,4172,3344,2000,220,220,5.037081806255394,5.037081806255392,12.041316915829444,11.707359132080883,True,False
1561,35908672392203742,4,275,181,178,2000,110,110,5.088595416628735,5.088595416628735,8.103287808412022,7.475733430966398,True,False
1562,337901491240419640,34,2481,2283,2042,2000,581,578,4.383701930484855,4.380513416580845,11.276706019892432,10.995767150877802,True,False
1563,316620567133742439,32,4377,3345,2947,2000,961,922,4.807544857262075,4.784809793231862,12.095726668639047,11.525031345124,True,False
1564,118494556998388941,12,4787,3245,2942,2000,1211,1172,4.463258691916764,4.4528490097022715,12.224906090719767,11.522581531254831,True,False
1565,999561047532825760,100,6660,5189,4463,2000,1012,981,4.581863265736293,4.574401183811424,12.701306461958625,12.123798091251855,True,False
1566,49856853333861454330,4986,5381,5300,4315,2000,306,306,4.729197746941651,4.72919774694165,12.393658591454773,12.075144844066317,True,False
1567,99732638836019369882,9973,5633,5552,4530,2000,317,317,4.99768007573579,4.99768007573579,12.459687756239548,12.145295334933598,True,False
1568,49856645697935051407,4986,5427,5345,4357,2000,328,328,4.999820206261033,4.999820206261033,12.405939193342396,12.089119397915168,True,False
1569,41867010203659175716,4187,5373,5290,4312,2000,338,338,5.241866469418625,5.241866469418625,12.391512122707118,12.074141462752506,True,False
1570,1394152891218256429,139,968,960,863,2000,73,72,4.372769303963297,4.371638095681551,9.918863237274595,9.753216749178955,True,False
1571,97974289213217421428,9797,2274,2267,1892,2000,94,92,5.271651243438242,5.234650882235025,11.151016538892248,10.885696373339394,True,False
1572,89775000000000000,9,4336,2750,2528,2000,1208,1167,4.462728786218165,4.451712113922681,12.08214904135387,11.303780748177102,True,False
1573,9975000000000000,1,1041,337,330,337,337,330,8.39660478118186,8.352821732214014,10.023754353299417,8.366322214245816,False,False
1574,5184842386971450000,518,671,599,543,2000,108,108,4.495214419095905,4.4952144190959045,9.390168956200183,9.084808387804362,True,False
1575,6694222500000000000,669,538,487,439,2000,109,109,5.1576362364621495,5.1576362364621495,9.071462362556623,8.778077129535358,True,False
1576,17276700000000000000,1728,213,189,182,2000,68,68,5.469138862765013,5.469138862765013,7.734709620225838,7.507794640198696,True,False
1577,6174525000000000000,617,68,64,64,2000,36,36,4.737132900157063,4.737132900157064,6.087462841250339,6.0,True,False
1578,454922251193732595,45,590,578,532,2000,72,71,4.247726548645469,4.237680668562088,9.204571144249204,9.055282435501189,True,False
1579,6229891503668116947,623,6330,5557,4654,2000,822,814,5.599601553333521,5.5984248197583995,12.627989784315703,12.184255495405349,True,False
1580,53675000000000000000,5368,9517,8019,6567,2000,1028,996,6.508885529844182,6.4774647216681815,13.216291155757055,12.681018739902102,True,False
1581,835000000000000000,84,6393,4894,4239,2000,967,938,4.431095174173246,4.42374815917215,12.64227737850386,12.049508251055096,True,False
1582,4683441976173967236,468,7016,6113,5176,2000,924,913,4.879169039806571,4.87794760991077,12.776433032444734,12.337621901992508,True,False
1583,9902819325206567,1,1179,375,367,375,375,367,8.550746785383245,8.500733752044143,10.203348002979762,8.519636252843213,False,False
1584,99750000000000000,10,878,822,755,2000,194,193,4.355148602176075,4.353772914332153,9.778077129535358,9.560332834212442,True,False
1585,217208816182423170,22,5411,3866,3437,2000,1221,1180,4.630228036262879,4.624260362302039,12.401679525982452,11.746934136372298,True,False
1586,2307902931111534035,231,3149,3085,2524,2000,207,206,4.784109697591332,4.783482183971435,11.62067804213541,11.30149619498255,True,False
1587,100250626566416040,10,985,921,839,2000,177,175,4.555496424268229,4.552267229301561,9.943979914343739,9.712527000439824,True,False
1588,2380272374518316862,238,3132,3064,2442,2000,188,185,4.450009827288081,4.443991430550782,11.612868497291041,11.253847484987404,True,False
1589,7231875000000000000,723,4034,3965,3157,2000,199,197,4.7708331446772165,4.749472328376679,11.977995368612962,11.624338545312986,True,False
1590,2443875000000000000,244,7453,6116,5164,2000,1014,988,4.370881175347037,4.363552526536649,12.86360554432145,12.33427328530719,True,False
1591,3263820000000000000,326,7933,6494,5460,2000,1024,995,4.467309303502267,4.457059831153941,12.953650833649307,12.414685235807214,True,False
1592,100250626566416040,10,3875,2733,2483,2000,1043,1004,5.624397629182258,5.596238693875181,11.919980595048962,11.27786854617684,True,False
1593,4952945487374827064,495,2833,2795,2270,2000,133,133,4.81334050642052,4.81334050642052,11.468114886378098,11.148476582178278,True,False
1594,63794934718199151862,6379,4308,4267,3469,2000,145,145,4.985672770721797,4.985672770721797,12.072802534544207,11.760304125286382,True,False
1595,21102756892230576441,2110,3913,3869,3145,2000,146,146,4.986308905570812,4.986308905570813,11.934059394900794,11.618844301766652,True,False
1596,29130000000000000000,2913,4095,4046,3286,2000,155,155,5.111887415685555,5.111887415685556,11.99964773652837,11.682116764950074,True,False
1597,98099243874577687974,9810,4784,4725,3841,2000,165,163,4.676002806774672,4.669867664239165,12.224001674198105,11.907266248531066,True,False
1598,60028984123087547600,6003,5220,5152,4165,2000,198,196,4.866826884652032,4.863683209601588,12.349834091457247,12.02410078025291,True,False
1599,4514962368615309,0,718,0,0,0,0,0,0.0,0.0,9.487840033823051,0,False,True
1600,1041718165225284,0,326,0,0,0,0,0,0.0,0.0,8.348728154231077,0,False,True
1601,60877499710443867659,6088,3911,3434,2786,2000,527,514,6.152442079587245,6.149969067932263,11.933321820732946,11.443979542601253,True,False
1602,9622963817232974221,962,3549,3084,2521,2000,488,475,5.087999495389643,5.0818867908493335,11.793196859060945,11.29978040285854,True,False
1603,309010729911765000,31,3297,2554,2246,2000,721,694,4.758484231129702,4.735623348299866,11.686938171670388,11.133142212400601,True,False
1604,15754843203798147,2,2873,1283,1235,2000,1210,1168,6.569963858831448,6.531303353971703,11.488342277532524,10.27029532647204,True,False
1605,596236179038036251,60,5797,4581,3936,2000,1093,1052,4.4490370656047675,4.436517130403233,12.501090770274512,11.94251450533924,True,False
1606,243978233276521628,24,1165,1112,954,2000,148,148,4.339148178201754,4.339148178201754,10.186114239541643,9.897845456005511,True,False
1607,8178407549944251470,818,9252,7725,6308,2000,1242,1199,5.129017286389349,5.086220569313895,13.175549550636191,12.62296694479051,True,False
1608,1890362250000000000,189,6053,5182,4426,2000,904,894,4.697009739085782,4.695590084414789,12.563434635710198,12.11178773580101,True,False
1609,82934917495889548,8,3488,2310,2185,2000,1003,983,4.41548094205174,4.407043221821057,11.768184324776927,11.093417564387961,True,False
1610,19550689905603339165,1955,5521,4786,3872,2000,746,719,5.65452769474936,5.650868646562701,12.430713885791938,11.918863237274595,True,False
1611,752414250000000000,75,4410,3557,3067,2000,816,783,4.532914323803682,4.524348490821894,12.106562940444883,11.58261245126702,True,False
1612,5913629165422125000,591,1522,1518,1362,2000,68,66,4.299512411502766,4.29711475260942,10.571752643503546,10.411510988012072,True,False
1613,3101267533457193283,310,7011,5886,4856,2000,1040,999,4.649889150412685,4.6398799869496665,12.775404519503981,12.245552706255681,True,False
1614,186214843835902812,19,5249,3763,3375,2000,1244,1204,4.409449009437304,4.4000770544002235,12.357826882210777,11.720671786825555,True,False
1615,9980816993940578,1,1034,332,325,332,332,325,8.375039431346927,8.330596999111494,10.014020470314934,8.344295907915816,False,False
1616,84438391166408685,8,4267,2816,2573,2000,1231,1188,4.7883901715568395,4.76763072820704,12.059006395201111,11.3292357417338,True,False
1617,481737994319280736,48,1834,1779,1508,2000,196,195,4.491183605699009,4.488981623915403,10.840777923595054,10.558420713268664,True,False
1618,727231477087674363,73,2181,2131,1768,2000,196,195,4.629495724859208,4.628762391525875,11.09077405464075,10.787902559391432,True,False
1619,206000111632253802,21,1937,1780,1633,2000,478,476,4.530625484630422,4.528932839118362,10.919608238603253,10.673309075561695,True,False
1620,991577014128831998,99,2361,2293,1852,2000,191,190,4.372420299694318,4.3710863735049,11.205182326228643,10.854868383260236,True,False
1621,209537019828074301,21,2636,2356,2161,2000,709,704,4.8396026635538725,4.835249194976264,11.364134655008051,11.077483356859508,True,False
1622,10237174150763653643,1024,211,185,178,2000,65,65,5.322489967968411,5.322489967968411,7.721099188707185,7.475733430966398,True,False
1623,595929293443529953898,59593,1627,1622,1397,0,0,0,0.0,0.0,10.667998535672528,10.448116305409464,False,True
1624,1941958095246584,0,132,0,0,0,0,0,0.0,0.0,7.044394119358453,0,False,True
1625,3291750000000000000,329,8530,6948,5778,2000,1222,1181,4.742487230612996,4.737385904776411,13.058330026205653,12.496354488564615,True,False
1626,1014022974144518957,101,6750,5501,4620,2000,1143,1099,4.568906655847364,4.557317052368943,12.720671786825555,12.17367713630342,True,False
1627,300726848370927318,30,5769,4291,3773,2000,1243,1200,4.395071607387917,4.384759499984186,12.494105548061054,11.88149638481011,True,False
1628,14882154041574140,1,2584,1214,1170,1214,1214,1170,10.245552706255683,10.167200634197394,11.335390354693924,10.192292814470767,False,False
1629,764272399411174139,76,6348,5082,4342,2000,1160,1116,4.531058303955366,4.521836178669459,12.632086412835182,12.084144010615145,True,False
1630,1207855144493769053,121,6969,5708,4784,2000,1156,1112,4.5700400939517225,4.558461046195141,12.766735939529964,12.224001674198105,True,False
1631,483656310839214234,48,5653,4418,3837,2000,1129,1087,4.543314093731522,4.52965427318854,12.464800981655417,11.905763049602793,True,False
1632,2017608976270440707,202,4801,4030,3387,2000,750,723,4.428083569979336,4.418797598891244,12.229119220658594,11.725792271494157,True,False
1633,308316880412497922,31,4328,3303,2910,2000,954,915,4.7779476660330875,4.754840707096879,12.079484783826816,11.506803437795647,True,False
1634,286061428203509916,29,1511,1451,1264,2000,198,197,4.447000947473933,4.445107660038476,10.561287945164828,10.303780748177102,True,False
1635,15818565251366170796,1582,7485,6630,5542,2000,883,873,4.78945879342666,4.788109711285518,12.86978660094578,12.436190995481416,True,False
1636,1180499513080431578,118,2672,2627,2167,2000,205,205,4.907849644454083,4.907849644454083,11.383704292474052,11.081483438093674,True,False
1637,346964468806333930,35,1630,1591,1374,2000,208,208,4.43750696850731,4.437506968507309,10.67065624911844,10.4241662888181,True,False
1638,8475029300225763582,848,3685,3200,2613,2000,509,494,5.238488075686866,5.233046908117609,11.847448903982432,11.35149140932002,True,False
1639,17250919927953884347,1725,3785,3304,2686,2000,501,487,5.477320833533348,5.47291643776026,11.886077584873094,11.391243589427443,True,False
1640,963585000000000000,96,6331,5102,4344,2000,1121,1079,4.528159037800341,4.519179534645222,12.628217680223434,12.084808387804362,True,False
1641,17735220765861068873,1774,1593,1417,1222,2000,243,239,5.4396652266979535,5.438522222597426,10.63753055152531,10.25502856981873,True,False
1642,1233691916569389,0,337,0,0,0,0,0,0.0,0.0,8.396604781181859,0,False,True
1643,595982240475905683418,59598,1627,1622,1397,0,0,0,0.0,0.0,10.667998535672528,10.448116305409464,False,True
1644,2122201944962567965,212,3118,3050,2483,2000,194,193,4.444657123827948,4.443612857986819,11.606405212697785,11.27786854617684,True,False
1645,484184226369051340,48,1886,1838,1547,2000,194,194,4.444616463403764,4.444616463403763,10.881113960675096,10.595257481449035,True,False
1646,1423230415426009944,142,2819,2770,2269,2000,196,196,4.488327552147594,4.488327552147593,11.460967762570421,11.147840893672337,True,False
1647,1685686876119031549,169,2881,2837,2330,2000,203,203,4.445629251091042,4.44562925109104,11.49235394515987,11.186114239541643,True,False
1648,5269792500000000000,527,8793,7434,6073,2000,1216,1172,4.59379551016935,4.578104550591508,13.102139753410698,12.568193653850074,True,False
1649,3128691001875568257,313,5865,5090,4284,2000,811,802,4.555916593943201,4.553228477350164,12.51791539291587,12.064742764750257,True,False
1650,388940084343116376,39,4074,3237,2892,2000,856,846,4.443583142698647,4.439368049424488,11.992230264965889,11.497851836951117,True,False
1651,30763043400910296,3,3052,1822,1708,2000,1113,1073,6.533939110188851,6.493001958698387,11.57553924683453,10.73809225962049,True,False
1652,55568060441351027,6,355,251,244,2000,121,121,4.648286724758245,4.648286724758244,8.471675214392045,7.930737337562887,True,False
1653,69825000000000000,7,3000,2005,1852,2000,914,878,4.551022258673147,4.534017228840505,11.550746785383243,10.854868383260236,True,False
1654,96385432500000000000,9639,7468,6699,5558,2000,812,806,5.347065318270781,5.346583212755588,12.866506212226202,12.440350119200563,True,False
1655,3606321240167974,0,211,0,0,0,0,0,0.0,0.0,7.721099188707185,0,False,True
1656,994750321263173337,99,3784,3100,2674,2000,669,646,4.460565391708937,4.4477372382370515,11.885696373339394,11.384783750093353,True,False
1657,5316675000000000000,532,2236,2220,1838,2000,106,105,4.524108599257093,4.52359289741111,11.12670447284319,10.843921051289035,True,False
1658,9969989218389775672,997,8576,7244,6027,2000,1021,995,4.914273598228556,4.911481732015076,13.066089190457772,12.557224349454447,True,False
1659,9925125000000000000,993,8760,7302,6041,2000,1027,997,5.082391925223603,5.079291466485743,13.096715154488535,12.56057167123656,True,False
1660,997500000000000,0,541,0,0,0,0,0,0.0,0.0,9.079484783826816,0,False,True
1661,12222215207587850,1,1375,639,613,639,639,613,9.319672120946997,9.228334831468748,10.425215903299383,9.259743263690781,False,False
1662,14962500000000000000,1496,6841,6073,5032,2000,806,800,5.166173093802675,5.165601698906985,12.739991514684226,12.296916206879288,True,False
1663,74283682931344785,7,4191,2729,2505,2000,1236,1193,4.788436856628225,4.767685198069683,12.03307880613062,11.290594888082572,True,False
1664,81658330131000000,8,126,122,121,2000,51,51,4.20514278276515,4.205142782765149,6.977279923499917,6.918863237274595,True,False
1665,976817983199887877,98,616,611,588,2000,59,59,4.304695449637031,4.304695449637031,9.266786540694902,9.199672344836364,True,False
1666,984284604131527061,98,615,610,587,2000,66,66,4.506392330977896,4.506392330977896,9.264442600226602,9.197216693110052,True,False
1667,968473916813842341,97,616,611,589,2000,63,62,4.297708846978771,4.254636610645049,9.266786540694902,9.20212382383046,True,False
1668,979330632958133543,98,649,645,613,2000,59,57,4.338753553056521,4.33326767993862,9.342074667999139,9.259743263690781,True,False
1669,997500000000000000,100,2381,2310,1857,2000,188,187,4.411331814868413,4.409300670657174,11.217351905270334,10.858758099935422,True,False
1670,997500000000000000,100,2349,2282,1859,2000,191,190,4.352390114561367,4.350889176475064,11.197830998012197,10.860311054919482,True,False
1671,994206070297922791,99,2356,2289,1875,2000,190,189,4.530742508082495,4.52954651466046,11.20212382383046,10.872674880270605,True,False
1672,991909372187652533,99,2379,2311,1895,2000,194,193,4.397308730633671,4.396005693975383,11.216139556425135,10.887982133058454,True,False
1673,996258050793247540,100,2355,2289,1876,2000,193,192,4.710801976358658,4.708049568001345,11.201511344500146,10.873444112515376,True,False
1674,994316486729501791,99,2366,2307,1889,2000,201,200,4.355912088630149,4.354339424393962,11.208234358339789,10.88340698638837,True,False
1675,996304380163199945,100,2422,2366,1919,2000,199,198,4.405841966954855,4.404741416679718,11.24198314969433,10.90613899619538,True,False
1676,996987555861397309,100,2455,2400,1971,2000,204,202,4.444452194521231,4.443273224785923,11.261507309202056,10.944712061043486,True,False
1677,995400086149086554,100,2442,2392,1952,2000,200,200,4.734601018643383,4.734601018643385,11.253847484987404,10.930737337562887,True,False
1678,995610468489361364,100,2417,2374,1952,2000,217,217,4.598589847302998,4.598589847302999,11.239001757765582,10.930737337562887,True,False
1679,985337686152256487,99,2392,2340,1935,2000,226,226,4.953387045858085,4.953387045858085,11.224001674198105,10.918117851031772,True,False
1680,994780845863347579,99,2523,2452,2057,2000,284,283,4.4966508372241245,4.493817317129461,11.3009244909763,11.006326078524934,True,False
1681,989710074764168294,99,2591,2510,2126,2000,301,301,4.5290040360939985,4.5290040360939985,11.339293300180094,11.053925881531105,True,False
1682,988906970876974745,99,2931,2794,2398,2000,457,455,4.782161846302534,4.781636299509797,11.51717725268954,11.227615943414223,True,False
1683,1000543711285156678,100,5803,4832,4179,2000,958,947,4.72753167516794,4.725993710039454,12.502583213553354,12.02894204332241,True,False
1684,997068820558586658,100,5893,4806,4159,2000,972,958,4.7020532441999245,4.69897612663102,12.524786550851607,12.022020969646356,True,False
1685,3070935029665235775,307,5228,4418,3678,2000,779,749,4.553622626008319,4.54194091629898,12.352043425795433,11.844705764411938,True,False
1686,4000000000000000,0,646,0,0,0,0,0,0.0,0.0,9.335390354693924,0,False,True
1687,89827953246388591849,8983,5708,5650,4547,2000,219,218,5.268050654465218,5.267683951128216,12.478769619475763,12.15069928874454,True,False
1688,15947913285672860625,1595,1460,1294,1128,2000,226,222,5.406900306703475,5.405598974316563,10.51175265376738,10.139551352398794,True,False
1689,6234382091059206948,623,3660,3596,2886,2000,185,183,4.7212568510278246,4.720338960814425,11.837627933171404,11.494855584491198,True,False
1690,399000000000000000,40,6076,4499,3949,2000,1225,1185,4.557756388792921,4.551913002224229,12.568906154502084,11.947271652460348,True,False
1691,13240812164448366,1,2399,931,904,931,931,904,9.862637357558798,9.796284578277575,11.228217442293435,9.820178962415188,False,False
1692,5486250000000000000,549,2591,2566,2106,2000,142,141,4.786119190427341,4.785923860751732,11.339293300180094,11.040289721025717,True,False
1693,7880250000000000000,788,8758,7386,6130,2000,1115,1082,5.003836393040158,5.000699150121625,13.096385734452651,12.581671358578143,True,False
1694,1436400000000000000,144,7093,5831,4871,2000,1158,1115,4.5305024193198635,4.521473876209263,12.792180232254807,12.250002267840449,True,False
1695,1496250000000000000,150,6891,5665,4728,2000,1120,1077,4.568048890678924,4.5565124259025644,12.75049764209908,12.207014320177532,True,False
1696,2986186367122730715,299,3312,3245,2626,2000,194,193,4.531860731886631,4.530937335326284,11.693486957499326,11.358651200892886,True,False
1697,152184405014045770,15,2931,2172,1960,2000,734,708,4.531706843555076,4.515936328115783,11.51717725268954,10.936637939002571,True,False
1698,12606145920600350245,1261,4567,4499,3640,2000,201,200,4.817889737924951,4.817258059238844,12.157031074378354,11.829722735086058,True,False
1699,975728510448171425,98,3361,3147,2728,2000,617,615,4.53100420794973,4.5304777074232305,11.714674827308002,11.413627929024173,True,False
1700,4073136566428125000,407,1607,1598,1387,2000,79,77,4.325028448880644,4.322827887489937,10.650154213675094,10.437752072323603,True,False
1701,1368577355167361137,137,4421,4114,3492,2000,719,714,4.561441023699206,4.557836662440691,12.110157018954066,11.76983784362944,True,False
1702,266869896992219723,27,1694,1614,1432,2000,300,300,4.403916770827764,4.403916770827765,10.726218159332198,10.483815777264256,True,False
1703,4960083684570000000,496,2131,2115,1746,2000,107,106,4.63384755127821,4.633412253948183,11.057314877782703,10.76983784362944,True,False
1704,3509777465623823334,351,2046,2028,1664,2000,110,109,4.446852593528867,4.446500418827581,10.99859042974533,10.700439718141093,True,False
1705,1521739537490800378,152,2818,2759,2264,2000,198,197,4.4889806381077,4.486778656324095,11.460455896309636,11.144658242831882,True,False
1706,5000000000000000,1,1477,94,94,94,94,94,6.554588851677637,6.554588851677637,10.52845411076479,6.554588851677638,False,False
1707,6015037593984962,1,781,147,147,147,147,147,7.1996723448363635,7.1996723448363635,9.60917873814198,7.199672344836364,False,False
1708,2294250000000000,0,1018,0,0,0,0,0,0.0,0.0,9.991521846075695,0,False,True
1709,59561911748271177427,5956,5358,5291,4261,2000,206,204,5.121325464983386,5.120603346576273,12.387478865842379,12.05697633617822,True,False
1710,10986855365303401919,1099,8967,7496,6196,2000,1032,1001,5.340954124741683,5.304018515017955,13.13040968239925,12.597121428789569,True,False
1711,3479183510428853,0,794,0,0,0,0,0,0.0,0.0,9.632995197142957,0,False,True
1712,2605225316928768281,261,8294,6777,5650,2000,1244,1205,4.7957111626283035,4.791348573300031,13.017852331905962,12.464035152189913,True,False
1713,988736938753637613,99,6724,5431,4622,2000,1179,1134,4.469306965782467,4.4570241645502495,12.715104009236168,12.174301544467632,True,False
1714,4353090000000000000,435,6051,5123,4221,2000,872,836,4.618330185952677,4.607435930419326,12.562957869334118,12.04336911395769,True,False
1715,30940815862356249195,3094,4875,4812,3886,2000,184,182,4.485252231711312,4.4839518043427,12.251186503524336,11.924070185585345,True,False
1716,1798120656083532,0,410,0,0,0,0,0,0.0,0.0,8.679480099505446,0,False,True
1717,10856356942124818,1,2269,798,779,798,798,779,9.640244936222345,9.588227674312161,11.147840893672337,9.605479518061669,False,False
1718,394190598015434052,39,6158,4526,3953,2000,1221,1176,4.472176420127847,4.463705711902066,12.588246152044817,11.948732239819615,True,False
1719,2574917962891134915,257,8383,6839,5730,2000,1217,1177,5.046405722428268,5.0423436331882625,13.03325091409872,12.484319423644267,True,False
1720,2000000000000000,0,115,0,0,0,0,0,0.0,0.0,6.845490050944375,0,False,True
1721,21446250000000000000,2145,3103,3084,2537,2000,129,128,5.00995137982119,5.009794262267796,11.59944798152872,11.308907804063939,True,False
1722,194191727512518028188,19419,3499,3484,2889,0,0,0,0.0,0.0,11.77272694923985,11.496354488564615,False,True
1723,49750312500000000,5,2992,1833,1753,2000,984,967,5.290618505800852,5.2781287025279235,11.546894459887637,10.775610280759539,True,False
1724,63077545861516238,6,912,658,618,2000,309,304,4.7383852269109665,4.729762858617182,9.832890014164741,9.271463027904375,True,False
1725,66133722598392441,7,32,30,30,738,30,30,4.125129771335989,4.12512977133599,5.0,4.906890595608519,False,False
1726,10319574718855961525,1032,6390,5979,4936,2000,760,755,5.01887276147281,5.018202282037631,12.641600215834357,12.269126679149418,True,False
1727,68924615293119590,7,3239,2127,2026,2000,964,948,4.771820045177507,4.762097909616123,11.661332752795186,10.984418458801137,True,False
1728,57159080831338546,6,2266,1531,1418,2000,713,688,4.755360735017346,4.73635080994254,11.145932145820515,10.469641817239516,True,False
1729,995505000000000000,100,762,641,591,2000,145,145,4.474870790160666,4.474870790160667,9.573647187493322,9.207014320177532,True,False
1730,91373729507149189907,9137,7041,6743,5580,2000,759,755,5.981561812562798,5.98134362479404,12.781564627244327,12.44604940671655,True,False
1731,3927117820706846010,393,1641,1630,1337,2000,81,80,4.476170327181844,4.475369271445741,10.680359523513713,10.384783750093353,True,False
1732,49875000000000000,5,1342,894,837,2000,453,442,4.913247692739877,4.8983744736413435,10.390168956200183,9.709083812550343,True,False
1733,8535510159060271397,854,4293,4238,3389,2000,208,206,4.680762036209937,4.6772127723304076,12.067770457447823,11.726643921483994,True,False
1734,73620179771250000,7,152,147,146,2000,60,60,4.522532075039467,4.522532075039467,7.247927513443585,7.189824558880018,True,False
1735,740453318925726358,74,6874,5330,4595,2000,1217,1178,5.045124357799506,5.041655948759821,12.746934136372298,12.165849146176397,True,False
1736,2517100064481012,0,754,0,0,0,0,0,0.0,0.0,9.558420713268664,0,False,True
1737,22556923359963254,2,2144,1207,1153,2000,873,839,6.581129088069654,6.540088226398755,11.066089190457772,10.171176797651771,True,False
1738,2205435817639359785,221,3725,3593,3028,2000,449,447,4.734986000736481,4.734397765442363,11.863024710236886,11.564149489985732,True,False
1739,53063454930858625,5,2400,1628,1582,2000,793,785,4.544682016765869,4.538416068934685,11.228818690495881,10.627533884472792,True,False
1740,29925000000000000,3,396,340,335,2000,191,190,5.197030038634421,5.193360925892593,8.62935662007961,8.388017285345136,True,False
1741,184481840993941648776,18448,2904,2891,2357,0,0,0,0.0,0.0,11.50382573799575,11.202736043250168,False,True
1742,3057496556599845687,306,7880,6439,5418,2000,1035,1005,5.082793398037502,5.0796305439158695,12.943979914343739,12.403544678202014,True,False
1743,10306252160080850169,1031,3650,3177,2592,2000,493,480,5.274930790120945,5.269830544290793,11.833680748654741,11.339850002884624,True,False
1744,4835468162957274006,484,7649,6516,5486,2000,978,961,4.552506669052742,4.549283114056955,12.901055432553273,12.421538906848276,True,False
1745,2237008628560612916,224,8200,6695,5622,2000,1203,1164,4.657008813799994,4.651690343414206,13.001408194392809,12.456867738380343,True,False
1746,9875250000000000000,988,7775,6804,5717,2000,966,955,5.09481624215779,5.093845759175201,12.924626959905327,12.481042574933754,True,False
1747,1384620067789999065,138,7684,6152,5181,2000,1238,1197,4.4371145705338115,4.429383629493,12.907641803665527,12.33901486825008,True,False
1748,1909049162368317,0,556,0,0,0,0,0,0.0,0.0,9.118941072723507,0,False,True
1749,33614531897568398,3,3539,1952,1838,2000,1206,1166,5.2967966365289305,5.271345238247868,11.789126046425231,10.843921051289035,True,False
1750,1666349168528703655,167,5373,4444,3743,2000,867,833,4.454124044627744,4.442087573046122,12.391512122707118,11.869979332899963,True,False
1751,527867973731744043,53,2670,2173,1888,2000,517,501,4.440497346869714,4.431812047668246,11.382624026574916,10.88264304936184,True,False
1752,269402007383763443194,26940,9844,8401,6907,0,0,0,0.0,0.0,13.26502894245816,12.753843508311638,False,True
1753,1995000000000000000,200,7403,5945,5028,2000,1015,985,4.664393711609909,4.658036823966744,12.853894313247615,12.295768934420508,True,False
1754,2002506265664160401,200,583,514,471,2000,103,103,4.314276687673438,4.314276687673439,9.187352073200497,8.879583249612784,True,False
1755,39245509946987779,4,483,423,406,2000,197,196,4.713055946305529,4.710301815108733,8.915879378835774,8.665335917185176,True,False
1756,3963120971499632857,396,1671,1660,1378,2000,91,89,4.715129349987003,4.714313588368846,10.706496018061188,10.428360172704291,True,False
1757,9344671974445198,1,1698,476,468,476,476,468,8.894817763307945,8.857002637257525,10.729620743553038,8.870364719583405,False,False
1758,1794021868462001181,179,7061,5786,4900,2000,1011,985,4.691854725526863,4.6850890605526825,12.785656801427193,12.258566033889933,True,False
1759,242392500000000000,24,5178,3760,3336,2000,1141,1105,4.401078865201862,4.39250643395054,12.338179249900112,11.703903573444663,True,False
1760,494358019515616358,49,5551,4175,3671,2000,1009,983,4.499878483626126,4.494992514170475,12.438531977761583,11.841957399099547,True,False
1761,6184500000000000000,618,9137,7505,6166,2000,1223,1178,4.513261158015261,4.506184138372262,13.157504839926114,12.590119174107175,True,False
1762,268294136036172951,27,2414,2200,1993,2000,614,612,4.4277674322072205,4.427026142362891,11.237209960755022,10.960725994839057,True,False
1763,13374502804704159,1,439,227,223,227,227,223,7.826548487290916,7.791306196542017,8.778077129535358,7.800899899920305,False,False
1764,11403387687904527918,1140,1635,1631,1445,2000,76,75,4.803447906106259,4.8005881472053,10.675074920385445,10.496853777388042,True,False
1765,997500000000000,0,568,0,0,0,0,0,0.0,0.0,9.149747119504681,0,False,True
1766,279519214749874768,28,2082,1925,1722,2000,466,463,4.862261721103925,4.859117953498497,11.023754353299417,10.749869427396844,True,False
1767,2329232322633172143,233,8041,6641,5516,2000,1226,1183,4.551210463063344,4.53460913621651,12.973159214589735,12.429406741513981,True,False
1768,2292267967500000000,229,3730,3599,3031,2000,449,447,5.042876421942033,5.042459737913531,11.8649599151426,11.565578136784328,True,False
1769,5087250000000000000,509,5104,4868,4085,2000,664,661,5.445787793169268,5.445502050309266,12.31741261376487,11.996120363033047,True,False
1770,9975000000000,0,0,0,0,0,0,0,0.0,0.0,0,0,False,True
1771,210464804444290717,21,550,535,490,2000,95,94,4.270720012049114,4.269555789124499,9.103287808412022,8.936637939002571,True,False
1772,99750000000000000,10,897,842,773,2000,197,196,5.19832301070224,5.194652061261226,9.80896417491926,9.594324603924848,True,False
1773,50140429399426357,5,672,617,590,2000,196,195,5.200147620198763,5.196478507456935,9.39231742277876,9.204571144249204,True,False
1774,70027127375493532,7,3649,2427,2225,2000,1102,1061,4.532574243683925,4.515718837715733,11.833285435584482,11.119589620741122,True,False
1775,9975000000000000000,998,4370,4311,3476,2000,203,202,4.372806524004293,4.37158375833066,12.093417564387961,11.7632123668144,True,False
1776,3989609160059248,0,1307,0,0,0,0,0,0.0,0.0,10.352043425795433,0,False,True
1777,12385947957171612356,1239,4580,4508,3658,2000,298,298,5.121129617268709,5.121129617268707,12.161131882984307,11.836839359748716,True,False
1778,463697197139640946,46,6126,4633,4057,2000,1180,1140,4.469742956448706,4.462421799187762,12.580729651598958,11.986197587206274,True,False
1779,12526907867114683,1,318,247,247,247,247,247,7.948367231584679,7.948367231584679,8.312882955284355,7.948367231584678,False,False
1780,39463547160918514000,3946,5446,5348,4382,2000,381,380,4.926726161196919,4.92643027402856,12.410981267043796,12.097373768990222,True,False
1781,12320916272008001750,1232,5147,4990,4121,2000,475,472,4.873921164568645,4.872461990663257,12.329516067206534,12.0087787482805,True,False
1782,83496621802081378,8,3508,2327,2201,2000,1008,988,4.718183315223155,4.703687983532388,11.776433032444734,11.103943429891558,True,False
1783,261345000000000000,26,4972,3746,3316,2000,1115,1074,4.387593073262843,4.375697417517753,12.279610581052484,11.69522829149575,True,False
1784,206779684942504292,21,1345,1288,1145,2000,199,198,4.486765261154817,4.484563279371211,10.393390457443987,10.161131882984307,True,False
1785,2121082321682164715,212,2287,2252,1831,2000,119,117,4.316234868177671,4.315372972013287,11.159240650411673,10.838416075797337,True,False
1786,483787500000000000,48,2644,2135,1860,2000,537,519,4.5204463544727735,4.5091075904101485,11.368506461507693,10.861086905995395,True,False
1787,1000000000000000,0,70,0,0,0,0,0,0.0,0.0,6.129283016944966,0,False,True
1788,3900000000000000,0,173,0,0,0,0,0,0.0,0.0,7.434628227636725,0,False,True
1789,7737619501042200000,774,1965,1952,1628,2000,78,77,4.32366393930442,4.322609145055085,10.940313597145968,10.668884984266247,True,False
1790,40211998238012877,4,3669,2200,2040,2000,1244,1200,4.790791815649625,4.769552672913779,11.841171189248543,10.994353436858859,True,False
1791,8470079607974407,1,1551,399,398,399,399,398,8.640244936222345,8.635232404894023,10.59898297103609,8.63662462054365,False,False
1792,2067773211299351,0,38,0,0,0,0,0,0.0,0.0,5.247927513443585,0,False,True
1793,4176815574749979,0,34,0,0,0,0,0,0.0,0.0,5.087462841250339,0,False,True
1794,57875910637102709,6,2754,1825,1692,2000,863,829,4.788550677735056,4.767936192777048,11.427312844134963,10.72451385311995,True,False
1795,100250626566416040,10,3796,2625,2465,2000,986,969,4.424918033707195,4.418632540210094,11.89026427702111,11.267371931265274,True,False
1796,11554272627740712563,1155,8580,7370,6115,2000,1022,998,5.378056223002077,5.375379581314057,13.066761932386909,12.578136783414749,True,False
1797,97620932542108341,10,3796,2459,2302,2000,1013,987,4.545315582036814,4.534647970959105,11.89026427702111,11.16867211813223,True,False
1798,1002506265664160,0,496,0,0,0,0,0,0.0,0.0,8.954196310386875,0,False,True
1799,66858540649011806750,6686,1728,1723,1500,2000,79,78,4.860477109169915,4.844455596844694,10.754887502163468,10.550746785383243,True,False
1800,7968636697825145178,797,1421,1416,1262,2000,68,68,4.501306886673273,4.501306886673273,10.47269083924278,10.30149619498255,True,False
1801,176557500000000000000,17656,7922,7096,5925,0,0,0,0.0,0.0,12.951648985904619,12.532599438672984,False,True
1802,244387500000000000000,24439,8054,7217,6030,0,0,0,0.0,0.0,12.975489756945754,12.557942286787448,False,True
1803,202486174664044852305,20249,8052,7215,6030,0,0,0,0.0,0.0,12.97513145692134,12.557942286787448,False,True
1804,2892750000000000,0,1136,0,0,0,0,0,0.0,0.0,10.149747119504681,0,False,True
1805,960592500000000000,96,7121,5528,4738,2000,1222,1178,4.602891067546287,4.594960245656062,12.797864137333749,12.21006248324023,True,False
1806,2832446806095827535,283,5877,5068,4287,2000,827,817,5.4561815223656,5.444936212898368,12.520864182988744,12.065752701816972,True,False
1807,9924812030075187,1,2070,600,586,600,600,586,9.228818690495881,9.177560544658943,11.015415052386688,9.194756854422248,False,False
1808,99750000000000000,10,890,824,761,2000,194,193,4.446081462746434,4.444188663985357,9.79766152585376,9.571752643503546,True,False
1809,1686488194545000,0,314,0,0,0,0,0,0.0,0.0,8.294620748891626,0,False,True
1810,4987446976230848055,499,7230,6115,5007,2000,1031,991,4.591480896442748,4.584739729744514,12.81977993183848,12.289730740083755,True,False
1811,1968954937872890235,197,494,491,458,2000,53,53,4.292754272049168,4.2927542720491685,8.948367231584678,8.839203788096944,True,False
1812,49875000000000000,5,561,513,502,2000,205,205,4.855781774121391,4.855781774121391,9.131856960608793,8.971543553950772,True,False
1813,44042198798972901039,4404,9054,7805,6276,2000,1160,1116,5.311527032957345,5.307063850413794,13.144339591247839,12.615629636968098,True,False
1814,11970000000000000,1,2025,910,874,910,910,874,9.82972273508606,9.743607869177707,10.98370619265935,9.7714894695006,False,False
1815,990971079327041797,99,4254,3846,3310,2000,755,750,4.874703799258208,4.873982412399231,12.054604317960672,11.69261550169458,True,False
1816,63490875000000000000,6349,7577,6774,5651,2000,851,841,5.361669125022905,5.3599532285429845,12.887411032553185,12.464290473850767,True,False
1817,9320908438418234097,932,8994,7359,6092,2000,1057,1027,5.083481441039939,5.079779783977356,13.134747168669016,12.572700226487292,True,False
1818,79917658957342579,8,2380,1648,1511,2000,712,688,4.51973900873654,4.5066257583092515,11.216745858195306,10.561287945164828,True,False
1819,18006576512745418,2,2486,1264,1213,2000,1104,1064,6.528913312135971,6.487654567834971,11.279610581052484,10.24436383512051,True,False
1820,16578683357458302,2,1407,729,703,2000,655,635,6.513362945544737,6.479857023843802,10.458406613236532,9.457380879072534,True,False
1821,248602844371547178,25,5517,4047,3592,2000,1246,1202,4.4375650183880255,4.4253239351367775,12.429668265133094,11.810571634741146,True,False
1822,264337500000000000,26,5462,4103,3635,2000,1220,1176,4.8068620169297605,4.7891682702262095,12.415213598765286,11.827739648806956,True,False
1823,305933250000000000000,30593,5432,5366,4347,0,0,0,0.0,0.0,12.407267764244732,12.085804380278086,False,True
1824,249375000000000000,25,3506,2734,2495,2000,799,791,4.389476266770004,4.386797844709236,11.775610280759539,11.284824100224624,True,False
1825,3265277283234152,0,126,0,0,0,0,0,0.0,0.0,6.977279923499917,0,False,True
1826,362587247749739981,36,2355,2184,1935,2000,501,499,4.560582584475823,4.559955330281061,11.201511344500146,10.918117851031772,True,False
1827,195609750000000000,20,902,705,646,2000,242,238,4.432444953161816,4.426323545237993,9.81698362325538,9.335390354693924,True,False
1828,99749703528003585000,9975,2975,2663,2204,2000,424,415,6.003652627262177,6.001712167280944,11.538673953082668,11.105908508571158,True,False
1829,104737500000000000,10,4794,3290,2983,2000,1250,1207,4.554363870982367,4.5379035350889545,12.227014193649133,11.542548262335213,True,False
1830,7960900952651679,1,1275,354,354,354,354,354,8.467605550082995,8.467605550082995,10.31628153174622,8.467605550082997,False,False
1831,57220838505620562540,5722,9718,8323,6826,2000,1112,1079,6.069281119738262,6.0675651107086725,13.246443717117286,12.736824699098866,True,False
3206,598500000000000000,60,1352,1126,995,2000,275,269,4.529374101800187,4.5225399163300954,10.400879436282183,9.958552715431011,True,False
3207,11271750000000000000,1127,1913,1694,1447,2000,285,281,5.235130923301412,5.234022544651554,10.901621158346112,10.498849206531725,True,False
3208,17057250000000000000,1706,1693,1506,1295,2000,249,245,5.30508994740375,5.303816202133497,10.725366257895642,10.338736382573916,True,False
3209,13965000000000000000,1397,1484,1318,1148,2000,226,222,5.233504638937777,5.2320130354965535,10.535275376620802,10.164906926675688,True,False
3210,8908280776297283,1,1231,345,339,345,345,339,8.430452551665532,8.389872841520603,10.265615046484458,8.405141463136344,False,False
3211,5187000000000000000,519,9040,7505,6172,2000,1243,1200,4.7954019862639665,4.790011733443341,13.14210705730255,12.591522346570734,True,False
3212,165669934420848647,17,4939,3608,3238,2000,1201,1159,4.786622417338028,4.767935209174445,12.270003253378444,11.660887270302567,True,False
3213,597058287361170098,60,4580,3729,3278,2000,866,855,4.789276156855147,4.7865562013764,12.161131882984307,11.678600139099458,True,False
3214,9975000000000000,1,2093,605,590,605,605,590,9.240791332161958,9.185403274303564,11.031356596255709,9.204571144249204,False,False
3215,8500472611204876319,850,4151,4085,3279,2000,203,202,4.581621478761036,4.580835567997631,12.019243216603607,11.679040186393062,True,False
3216,1039181054654835791,104,2570,2511,2072,2000,199,198,4.3734015313818775,4.372178901616401,11.32755264408124,11.016808287686555,True,False
3217,4807798629302346304,481,4098,3997,3307,2000,392,390,5.083826166427342,5.082481303163264,12.000704269011246,11.691307330191115,True,False
3218,28477941921975000,3,1572,965,918,2000,605,588,6.103143064354427,6.076620609023058,10.618385502258606,9.842350343413807,True,False
3219,165029964165329382,17,2345,1769,1591,2000,582,565,4.447777587326969,4.438080529783425,11.19537220740274,10.635718120331047,True,False
3220,99750000000000000,10,3891,2670,2432,2000,1098,1058,5.697777330035008,5.66925407999855,11.925925264972856,11.247927513443585,True,False
3221,785969902263814390,79,5499,4398,3766,2000,1024,983,4.499367808591601,4.488102974020289,12.424953571261042,11.878817284614229,True,False
3222,6683250000000000000,668,6089,5202,4257,2000,855,820,5.1684226875592785,5.163138121125954,12.571989597604578,12.055621374781708,True,False
3223,236707593586790757,24,473,464,439,2000,73,72,4.3423003822991495,4.340901878536305,8.885696373339394,8.778077129535358,True,False
3224,79729392055188244,8,231,221,213,2000,76,75,4.334023426073947,4.3326195303526,7.851749041416057,7.734709620225838,True,False
3225,874953497122425000,87,822,811,728,2000,80,79,4.4146443921342735,4.4138061890418205,9.682994583681683,9.507794640198696,True,False
3226,3408021195433281651,341,2611,2576,2086,2000,121,119,4.343237170958167,4.342566956360421,11.350386742312843,11.026523442519766,True,False
3227,19950000000000000,2,1741,932,918,2000,825,815,6.568966070119382,6.550947605168295,10.7657004876511,9.842350343413807,True,False
3228,52350548886620979,5,2532,1709,1653,2000,836,826,5.077286917358999,5.06979291625051,11.306061689428342,10.690871009292314,True,False
3229,1144091643508665944,114,2713,2655,2188,2000,204,203,4.445335122138126,4.4444259072451855,11.405673332281866,11.095397022792557,True,False
3230,1490356035783734648,149,1192,1026,912,2000,213,209,4.540907770430119,4.53757671355339,10.219168520462162,9.832890014164741,True,False
3231,53106755387590954,5,2149,1440,1336,2000,689,666,4.981259875107238,4.96149882002466,11.069449767427784,10.383704292474052,True,False
3232,15948874019795808768,1595,187,185,172,2000,53,52,4.986198034685734,4.970347761079842,7.546894459887636,7.426264754702098,True,False
3233,16842221341701847,2,1956,999,985,2000,940,929,6.558586992351423,6.547373304108355,10.933690654952233,9.943979914343739,True,False
3234,7980000000000000,1,1132,287,282,287,287,282,8.164906926675688,8.123095079985792,10.144658242831882,8.139551352398794,False,False
3235,205524859008508854,21,5263,3766,3353,2000,1185,1144,5.410888165513956,5.38898546335254,12.361669679492774,11.711236767793784,True,False
3236,41391687781640005058,4139,5251,5193,4212,2000,214,213,5.156195335350161,5.15578789776219,12.35837648032824,12.040289721025717,True,False
3237,4570994656401600000,457,1830,1823,1549,2000,83,82,4.402706012488195,4.401620514443517,10.837627933171404,10.597121428789569,True,False
3238,4377060350009214977,438,1775,1769,1500,2000,88,87,4.542560626961213,4.542033408462111,10.793603309279407,10.550746785383243,True,False
3239,2992500000000000,0,396,0,0,0,0,0,0.0,0.0,8.62935662007961,0,False,True
3240,1029573934837092731,103,1803,1545,1340,2000,323,316,4.57110615310776,4.5657464660357805,10.816183681432342,10.388017285345136,True,False
3241,9069925682347607593,907,743,740,651,2000,59,59,4.660608523237899,4.6606085232379,9.537218400538595,9.346513733165635,True,False
3242,5629852590940804022,563,3252,3194,2590,2000,151,150,4.3407953570479325,4.336050413967291,11.667111542075027,11.338736382573916,True,False
3243,73831772783261213018,7383,2738,2727,2218,2000,86,85,4.618679090641509,4.6180533561931245,11.4189067312579,11.11504365016171,True,False
3244,99737051235820397363,9974,6916,6639,5496,2000,719,714,5.162051122842637,5.161027920027003,12.755722153642282,12.4241662888181,True,False
3245,99741392678253938809,9974,6978,6698,5544,2000,759,755,6.111078925087004,6.110882198938004,12.768597882194374,12.436711542137214,True,False
3246,6488893593298525028,649,3679,3615,2898,2000,187,185,4.8149852812295695,4.814164041559859,11.845097960972975,11.50084187955693,True,False
3247,4094864123558196006,409,2809,2444,2049,2000,409,399,4.512244739040145,4.506071038043417,11.455840909126398,11.000704269011246,True,False
3248,20288431922235763820,2029,3684,3653,2983,2000,118,115,4.70116504920751,4.700354836251,11.847057346091336,11.542548262335213,True,False
3249,21156613019381631,2,645,397,387,2000,295,290,6.4610094751752465,6.443478796487542,9.333155350310616,8.59618975614441,True,False
3250,74612564663828910,7,4203,2734,2507,2000,1238,1194,4.5528091282776835,4.532727651291768,12.037203741151973,11.291746280833939,True,False
3251,56280752298822043,6,3714,2437,2246,2000,1159,1117,4.774891773124926,4.754076234499596,11.858758099935422,11.133142212400601,True,False
3252,4011635140834900207,401,8807,7193,5946,2000,1221,1177,4.742443793389159,4.737454737565669,13.10443495055075,12.537703747907644,True,False
3253,417595423018068921,42,2574,2386,2109,2000,558,556,5.162502422885514,5.162206115614873,11.329796338220701,11.042343379793692,True,False
3254,20221428441570337688,2022,3392,3366,2763,2000,149,148,5.128964012477835,5.12882649783373,11.727920454563199,11.432019846812493,True,False
3255,10578487500000000000,1058,1532,1359,1174,2000,240,236,5.339484635668792,5.338234459862819,10.581200581924957,10.197216693110052,True,False
3256,2294250000000000000,229,6742,5745,4876,2000,981,970,5.239873838394724,5.239074145883183,12.71896091198421,12.251482410620213,True,False
3257,199500000000000000,20,4463,3281,2940,2000,1069,1029,4.559586239664536,4.544200887039247,12.123798091251855,11.521600439723727,True,False
3258,51998114270546825136,5200,6702,6431,5323,2000,728,723,6.26745390184615,6.266974293553838,12.71037597120447,12.378023850925485,True,False
3259,99750000000000000,10,4173,2547,2330,2000,1058,1028,4.524331141884777,4.51046822283647,12.026869205263395,11.186114239541643,True,False
3260,8229375000000000000,823,2799,2774,2274,2000,142,141,4.698067286473726,4.697848844370333,11.450695771572915,11.151016538892248,True,False
3261,3241875000000000000,324,7327,6196,5234,2000,971,954,4.528607456875061,4.522897946277658,12.839006900339438,12.353698209048035,True,False
3262,3660825000000000000,366,7568,6391,5373,2000,1014,994,4.794969292299983,4.790898714672975,12.885696373339394,12.391512122707118,True,False
3263,2034900000000000000,203,7537,6194,5226,2000,1078,1046,4.528577407428815,4.514292294631749,12.879774677336927,12.35149140932002,True,False
3264,1765575000000000000,177,6600,5453,4551,2000,1054,1014,4.441500159533798,4.430525182062562,12.688250309133178,12.151967870968189,True,False
3265,4159575000000000000,416,1283,1118,983,2000,203,199,4.581526980383001,4.5783481670638775,10.325305455089682,9.94104760634058,True,False
3266,19950000000000000,2,287,237,235,2000,189,188,6.41145727819042,6.406215868909301,8.164906926675688,7.876516946564999,True,False
3267,10313130824519486,1,1390,613,594,613,613,594,9.259743263690785,9.191227766137764,10.44086916761087,9.214319120800766,False,False
3268,5311781328320802,1,1714,215,211,215,215,211,7.748192849589463,7.701681221682486,10.7431513941125,7.721099188707185,False,False
3269,3990000000000000,0,1358,0,0,0,0,0,0.0,0.0,10.407267764244732,0,False,True
3270,20050125313283208,2,2652,1435,1375,2000,1090,1050,6.522874112397124,6.4814265990283175,11.372865060112588,10.425215903299383,True,False
3271,33884711779448621,3,1750,1104,1040,2000,638,620,6.14359787114496,6.117128156872168,10.77313920671969,10.022367813028454,True,False
3272,21467747954714250,2,1431,832,802,2000,597,580,6.547013928689646,6.51495066162838,10.482807956726667,9.64745842645492,True,False
3273,25622639138054804,3,1088,676,650,2000,435,424,5.823649482818824,5.80158246969126,10.087462841250339,9.344295907915816,True,False
3274,30576441102756892,3,1065,692,658,2000,403,393,5.759542437165779,5.738392658277103,10.056637715113201,9.361943773735241,True,False
3275,707899433712425000,71,4795,3831,3303,2000,902,865,4.5363452907116635,4.523931751390824,12.227315099905493,11.689561254285525,True,False
3276,9120669214126006447,912,290,260,248,2000,67,67,5.014576660867846,5.014576660867846,8.179909090014934,7.954196310386875,True,False
3277,6098515500000000000,610,3514,3043,2495,2000,481,469,4.69012221968627,4.6854602480787415,11.778898476008376,11.284824100224624,True,False
3278,9831598946529111200,983,8751,7223,5967,2000,981,951,4.9370846421542565,4.932766729645074,13.095232171619333,12.5427900615549,True,False
3279,242664629359252069,24,5489,3946,3504,2000,1210,1170,4.525194798565305,4.51526061096977,12.422327623974558,11.774787059601174,True,False
3280,22748318616415149,2,488,307,299,2000,219,215,6.445216957623375,6.425166832310092,8.930737337562887,8.224001674198105,True,False
3281,14703150000000000000,1470,9371,7998,6465,2000,1253,1207,5.678015022394471,5.674106413259781,13.193987293919182,12.658434654697617,True,False
3282,9501265663744372,1,1894,533,524,533,533,524,9.057991722759176,9.02046827060158,10.887220615468385,9.03342300153745,False,False
3283,1147011089974237843,115,1287,1272,1082,2000,101,100,4.3984800422308865,4.397810563024887,10.329796338220701,10.079484783826816,True,False
3284,1468127957167614844,147,4527,4216,3565,2000,733,729,4.834046317312672,4.833433342846472,12.144339591247839,11.79968636133125,True,False
3285,10025062656641604,1,842,371,366,371,371,366,8.535275376620802,8.50628646152063,9.717676423066395,8.515699838284043,False,False
3286,149625000000000000,15,356,343,330,2000,76,75,4.309248068003202,4.307567182870478,8.475733430966399,8.366322214245816,True,False
3287,569572500000000000,57,2013,1945,1634,2000,191,190,4.416457469775045,4.4147500190483395,10.97513145692134,10.674192268145683,True,False
3288,629422500000000000,63,908,748,676,2000,189,185,4.371811077751421,4.366474186490581,9.826548487290914,9.400879436282183,True,False
3289,372463167181809772,37,3809,3036,2720,2000,800,791,5.0866366716533395,5.07766245002188,11.89519657256334,11.409390936137703,True,False
3290,9975000000000000000,998,4370,4311,3476,2000,203,202,4.372806524004293,4.37158375833066,12.093417564387961,11.7632123668144,True,False
3291,24937500000000000,2,2800,1418,1361,2000,1007,981,6.483029027362534,6.453714432120988,11.451211111832329,10.410451351503994,True,False
3292,169920884937172454,17,333,328,319,2000,61,60,4.212946080966237,4.209902407793097,8.379378367071261,8.31741261376487,True,False
3293,25000000000000000,3,3321,1724,1633,2000,1212,1168,5.298193848458094,5.269918651101405,11.697402007502708,10.673309075561695,True,False
3294,94658644353233900043,9466,2079,2074,1778,2000,85,83,5.148875227404542,5.147949882719078,11.02167404285837,10.79603960882977,True,False
3295,2014950000000000000,201,3301,3219,2682,2000,299,299,4.589014898491261,4.589014898491261,11.688687423222536,11.389093521904474,True,False
3296,24000000000000000000,2400,5941,5151,4183,2000,783,754,5.445593530216445,5.441120325453165,12.536490073199161,12.030322282644034,True,False
3297,11969405970056925539,1197,9574,7942,6468,2000,1233,1188,4.8795218122983135,4.875142807182374,13.224906090719767,12.659103963473662,True,False
3298,1047375000000000000,105,1167,1152,992,2000,100,99,4.581184599860916,4.58069594461134,10.188588845707349,9.954196310386875,True,False
3299,328613019006811200,33,4901,3666,3259,2000,997,975,4.5497696625262165,4.546169690425021,12.258860431409756,11.670213636738564,True,False
3300,23541000000000000,2,369,303,299,2000,189,188,6.422677786126902,6.417172280621395,8.527477006060396,8.224001674198105,True,False
3301,894757500000000000,89,2278,2210,1822,2000,193,192,4.374426764694145,4.373204202871417,11.153552031708111,10.831307243802051,True,False
3302,1146261628588125000,115,833,827,755,2000,68,67,4.44438277619067,4.442962575145111,9.702172685365548,9.560332834212442,True,False
3303,490625162005636829,49,600,593,560,2000,68,66,4.247535041801763,4.321332547207463,9.228818690495881,9.129283016944967,True,False
3304,50668582689305820426,5067,2229,2222,1864,2000,85,84,4.9544573575105755,4.954012027389571,11.122180901259753,10.86418614465428,True,False
3305,98275396928193084,10,884,816,749,2000,183,182,4.7533035842455105,4.750580952368029,9.787902559391432,9.54882190845875,True,False
3306,12589266476329410000,1259,41,38,38,2000,38,38,5.099148504214462,5.09914850421446,5.357552004618084,5.247927513443585,True,False
3307,1419613412860498071,142,3036,2954,2485,2000,319,319,4.456181119559895,4.4561811195598935,11.567956075415466,11.279030136449649,True,False
3308,996797440219034403,100,7115,5611,4785,2000,1251,1207,4.409953458412669,4.399677866659925,12.796648041413844,12.224303209373389,True,False
3309,18506662284550702,2,2482,1263,1211,2000,1092,1052,6.523745589725513,6.482298076356706,11.277287400130357,10.24198314969433,True,False
3310,654225946223225335,65,838,694,635,2000,169,166,4.444168513176797,4.440322183216634,9.710806433699352,9.310612781659529,True,False
3311,59850000000000000,6,688,621,591,2000,183,182,5.300043758637059,5.295752447690182,9.426264754702098,9.207014320177532,True,False
3312,69825000000000000,7,734,667,629,2000,185,184,4.708319453801723,4.705192197896916,9.519636252843213,9.296916206879288,True,False
3313,99750000000000000,10,903,835,765,2000,185,184,4.523108880729617,4.520664391016845,9.818582177480858,9.579315937580015,True,False
3314,10025062656641604,1,2473,975,946,975,975,946,9.92925840863697,9.866171459914582,11.272046524389937,9.885696373339394,False,False
3315,10025062656641604,1,2500,997,966,997,997,966,9.961449694398194,9.895742798706792,11.287712379549449,9.915879378835774,False,False
3316,60847500000000000,6,2600,1785,1720,2000,828,818,4.549514522935114,4.544143572340659,11.344295907915816,10.74819284958946,True,False
3317,50000000000000000,5,1831,1228,1141,2000,600,583,4.978605114812211,4.961295628838581,10.838416075797337,10.156083076288681,True,False
3318,7980000000000000,1,564,158,157,158,158,157,7.303780748177102,7.291122520329001,9.139551352398794,7.294620748891627,False,False
3319,10000000000000000,1,1558,601,586,601,601,586,9.231221180711186,9.176720535948851,10.605479518061669,9.194756854422248,False,False
3320,648375000000000000,65,2074,2006,1674,2000,193,192,4.354744136664855,4.353243386289668,11.018200178813226,10.709083812550343,True,False
3321,4456378733620021,0,699,0,0,0,0,0,0.0,0.0,9.449148645375436,0,False,True
3322,13799784820974721796,1380,2236,2225,1881,2000,67,67,4.6541752180797324,4.6541752180797324,11.12670447284319,10.877284133523196,True,False
3323,2976540000000000000,298,4164,3549,2954,2000,621,601,4.553257675590733,4.542527605741471,12.023754353299417,11.52845411076479,True,False
3324,10025062656641604,1,1501,687,683,687,687,683,9.424166288818103,9.412521456212572,10.55170826162069,9.41574176829009,False,False
3325,4987500000000000,0,837,0,0,0,0,0,0.0,0.0,9.709083812550343,0,False,True
3326,13480824962858755,1,1710,851,843,851,851,843,9.733015321685961,9.714213911580202,10.73978060977326,9.719388820942083,False,False
3327,55538175357944583,6,2784,1888,1815,2000,910,899,4.785779275280907,4.779565587037839,11.442943495848729,10.825753832883112,True,False
3328,3291750000000000000,329,3510,3466,2816,2000,211,211,4.407681166102837,4.407681166102838,11.777255315191923,11.459431618637296,True,False
3329,39900000000000000,4,3595,2049,1911,2000,1216,1174,5.300113107010823,5.274319720602936,11.81177605532666,10.900112062977456,True,False
3330,3925134404016000000,393,1724,1717,1449,2000,89,88,4.494443361346107,4.49382691605877,10.751544059089099,10.50084187955693,True,False
3331,32428935243316172,3,13,11,11,32,11,11,3.218050464746266,3.2180504647462653,3.700439718141092,3.4594316186372973,False,False
3332,205833371498285965,21,4365,3190,2889,2000,1001,982,4.422251492314791,4.417787659860552,12.091765938516803,11.496354488564615,True,False
3333,1091485003977987217,109,1487,1466,1207,2000,119,118,4.479436127022885,4.4791442062543085,10.53818893205242,10.237209960755022,True,False
3334,573329775838649181,57,2201,2123,1827,2000,297,297,4.721516088338409,4.721516088338409,11.103943429891558,10.835260918627489,True,False
3335,33029306637272564238,3303,4103,3605,2924,2000,523,507,4.637189698141127,4.631490251109713,12.002463438892535,11.513727595952437,True,False
3336,90225025938447485,9,1575,1117,1026,2000,463,451,4.723748944511145,4.712235741836528,10.621136113274641,10.002815015607053,True,False
3337,42822743863237868413,4282,1850,1652,1416,2000,268,264,5.305283985385312,5.304122545199483,10.853309555403674,10.467605550082997,True,False
3338,3130524313526062368,313,1413,1237,1088,2000,227,223,4.677536462610961,4.675035837454673,10.46454575033394,10.087462841250339,True,False
3339,12946888674829111,1,366,190,186,190,190,186,7.569855608330949,7.527750345173055,8.515699838284043,7.539158811108031,False,False
3340,62842500000000000000,6284,2635,2628,2154,2000,97,96,4.92466378937099,4.924330165183264,11.363587246524578,11.072802534544207,True,False
3341,197586037168746858,20,4954,3319,2954,2000,1044,1015,4.440531152962857,4.4324095756514446,12.274378153246364,11.52845411076479,True,False
3342,339150000000000000,34,5538,3943,3462,2000,1071,1040,4.620240529680492,4.610599434220186,12.43514933836693,11.757390009366638,True,False
3343,1995000000000000000,200,8062,6527,5507,2000,1206,1165,4.668948539338417,4.661889245055098,12.97692206785108,12.427050893150879,True,False
3344,16496697036982440378,1650,3274,3247,2655,2000,139,138,5.005899135748827,5.0057433321381275,11.676838606474153,11.374496145691516,True,False
3345,173935030577579775700,17394,2493,2486,2054,0,0,0,0.0,0.0,11.283667167491501,11.004220466318195,False,True
3346,961059205796371535,96,3060,2889,2486,2000,504,502,4.688797038908673,4.688296960771465,11.579315937580015,11.279610581052484,True,False
3347,2016945000000000000,202,2574,2515,2042,2000,152,151,4.409045290976206,4.405171172033151,11.329796338220701,10.995767150877802,True,False
3348,30000093984962406,3,1179,748,711,2000,444,433,5.842877732431235,5.820944165137851,10.203348002979762,9.473705749619416,True,False
3349,18510363261971585,2,815,457,443,2000,392,383,6.501637852126773,6.476619088053719,9.67065624911844,8.791162888555018,True,False
3350,4937625000000000000,494,1947,1932,1599,2000,91,90,4.67916065050662,4.67843819650513,10.927037168720295,10.642954223480332,True,False
3351,1187602411719759503,119,7005,5655,4808,2000,1085,1053,4.395834780902343,4.387900900053388,12.77416933531818,12.231221180711186,True,False
3352,34498537500000000000,3450,5117,5054,4099,2000,219,218,5.40627646839929,5.405952915196849,12.32108251801004,12.001056274634779,True,False
3353,907725000000000000,91,2231,2163,1737,2000,186,185,4.403471839575999,4.402171059107717,11.12347479824414,10.762382038710392,True,False
3354,722256611914648625,72,2172,2117,1749,2000,200,199,4.356785554644568,4.355212665533251,11.084808387804362,10.772314573921653,True,False
3355,4858825421767452737,486,6228,5431,4576,2000,824,815,4.45109495785129,4.4479526601535655,12.604553229079038,12.159871336778389,True,False
3356,29520564308194142425,2952,2498,2492,2055,2000,89,88,4.539242434355031,4.538696888499384,11.286557761607957,11.004922678569045,True,False
3357,104766750619587490,10,1034,967,875,2000,183,182,4.438117559539958,4.436056766134497,10.014020470314934,9.77313920671969,True,False
3358,2992068670909813474,299,8347,6869,5674,2000,1254,1211,4.747214562477101,4.741667976483255,13.027042055565033,12.470150435274359,True,False
3359,242392500000000000000,24239,7907,7087,5917,0,0,0,0.0,0.0,12.94891470931216,12.530650179750014,False,True
3360,188527500000000000000,18853,7950,7121,5952,0,0,0,0.0,0.0,12.95673914505908,12.539158811108031,False,True
3361,193502485196635037339,19350,8009,7173,5996,0,0,0,0.0,0.0,12.96740640431177,12.54978466794786,False,True
3362,329175000000000000,33,5866,4396,3859,2000,1247,1203,4.395397334497496,4.3800524433875605,12.518161355756956,11.914011328541255,True,False
3363,719116381203937656,72,773,762,693,2000,77,76,4.259802191744902,4.258878738580461,9.594324603924848,9.436711542137214,True,False
3364,5012531328320802,1,708,98,98,98,98,98,6.61470984411521,6.61470984411521,9.467605550082997,6.614709844115208,False,False
3365,127986844481503089,13,2787,2038,1844,2000,726,700,4.760148752946357,4.7403247664757595,11.44449728710381,10.848622940429339,True,False
3366,9947682121590750421,995,4322,4254,3405,2000,202,201,4.877151147055909,4.876531967984162,12.077483356859508,11.733439082899434,True,False
3367,213655169358049454,21,2542,2274,2086,2000,693,689,4.3769223938202035,4.3736516562258085,11.311748315004959,11.026523442519766,True,False
3368,131918160072521160,13,758,723,649,2000,117,115,4.313458385832051,4.312596489667667,9.566054038171092,9.342074667999139,True,False
3369,26897587500000000000,2690,9375,7904,6497,2000,1019,988,5.272769703411939,5.269651870909142,13.194602975157968,12.665557989846414,True,False
3370,8154562500000000000,815,2367,2098,1777,2000,347,340,4.960925143297145,4.9579535935931975,11.208843990734614,10.795227966028678,True,False
3371,2922675000000000000,292,5566,4958,4153,2000,768,762,4.552840603996696,4.550656662738146,12.442425193331607,12.019938156424795,True,False
3372,6783000000000000000,678,6499,5734,4763,2000,788,782,4.445803238754335,4.444011337193718,12.6660020326449,12.217654833364023,True,False
3373,4987500000000000000,499,6159,5384,4523,2000,815,806,4.7879011473533035,4.785952217909697,12.588480412829758,12.14306428063141,True,False
3374,10040885261253277872,1004,2952,2927,2410,2000,142,141,4.8325072862977585,4.832321204768195,11.527477006060396,11.234817431117325,True,False
3375,965966337977189955,97,363,360,342,2000,49,49,4.202071515034817,4.202071515034817,8.50382573799575,8.417852514885897,True,False
3376,4924541682967669191,492,1974,1959,1630,2000,91,90,4.286809296728549,4.285810657416014,10.946906274456397,10.67065624911844,True,False
3377,3452934591107374,0,439,0,0,0,0,0,0.0,0.0,8.778077129535358,0,False,True
3378,663560633521700544,66,6820,5271,4567,2000,1234,1193,5.098629617543999,5.089339494375072,12.735556023911535,12.157031074378354,True,False
3379,4987500000000000,0,251,0,0,0,0,0,0.0,0.0,7.971543553950772,0,False,True
3380,9875250000000000000,988,2777,2754,2254,2000,122,121,4.441289503631312,4.440976550912913,11.439311461818846,11.138271800172221,True,False
3381,8977500000000000,1,2079,494,482,494,494,482,8.948367231584676,8.891687069641357,11.02167404285837,8.912889336229961,False,False
3382,209475000000000000,21,4923,3667,3259,2000,1144,1102,4.432977141999729,4.419034295970537,12.26532202423487,11.670213636738564,True,False
3383,34862625000000000000,3486,7537,6501,5250,2000,992,951,5.202533186000158,5.197124267966719,12.879774677336927,12.358101707440847,True,False
3384,80797500000000000,8,3108,2105,1932,2000,923,886,4.566728880270644,4.549499132401031,11.60177078840771,10.915879378835774,True,False
3385,24712065000000000000,2471,6893,5945,4811,2000,921,884,5.654766908395691,5.651124509959789,12.750916299978075,12.232121084082221,True,False
3386,49875000000000000,5,3798,2312,2142,2000,1240,1200,5.887263172801376,5.8571993363967465,11.891024190149498,11.064742764750257,True,False
3387,984567566557419203,98,6515,5024,4339,2000,963,934,4.617632793883001,4.608832275367034,12.669549463455496,12.083146870816742,True,False
3388,10194450000000000000,1019,33,32,31,2000,32,31,4.729657731170377,4.681297488519352,5.044394119358453,4.954196310386875,True,False
3389,5150847482365620000,515,483,440,400,2000,93,93,4.630337436224614,4.6303374362246155,8.915879378835774,8.643856189774725,True,False
3390,200501253132832080,20,4214,3102,2831,2000,968,952,4.7890181189383485,4.782817508020489,12.040974598817305,11.467096033905747,True,False
3391,5182188127885629578,518,1939,1925,1604,2000,82,81,4.311239280833283,4.310085146786644,10.921097088106793,10.64745842645492,True,False
3392,3235758477290155361,324,6642,5579,4603,2000,993,953,4.550064396487864,4.542776227156029,12.697402007502708,12.168358727223886,True,False
3393,147418611849323774748,14742,3603,3193,2609,0,0,0,0.0,0.0,11.81498293642679,11.349281228817452,False,True
3394,2519026307427389365,252,7733,6195,5212,2000,972,942,4.467292972817439,4.4597429834066755,12.916812497709833,12.347621368568134,True,False
3395,10769032627524005,1,1917,833,803,833,833,803,9.702172685365547,9.62534195307263,10.904634621668151,9.649256177517314,False,False
3396,14600000000000000000,1460,4020,3517,2859,2000,548,530,5.306571188040733,5.301104244627483,11.972979786066292,11.481294904631097,True,False
3397,2121669821763339216,212,5596,4828,4072,2000,791,785,4.4690761808795685,4.467673692108102,12.450180247164754,11.991521846075695,True,False
3398,1955603010184584,0,940,0,0,0,0,0,0.0,0.0,9.876516946565,0,False,True
3399,1802651378385576783,180,3782,3597,3043,2000,543,541,4.919401277605984,4.919015503042996,11.884933647949762,11.571278618514595,True,False
3400,113631442047027701,11,4912,3308,2995,2000,1216,1172,4.398834859405241,4.386714608676925,12.262094845370179,11.548340287676147,True,False
3401,1200374542500000000,120,2987,2897,2455,2000,349,348,4.448733159352649,4.448111912717735,11.544481522310791,11.261507309202056,True,False
3402,5513784461152882205,551,3915,3860,3120,2000,228,227,4.8199350380012795,4.81769382877223,11.934796592178403,11.60733031374961,True,False
3403,4972331037680466349,497,1570,1380,1198,2000,240,236,4.685021258515799,4.682724833462496,10.61654884377899,10.226412192788786,True,False
3404,99367451886892821030,9937,9962,8327,6823,2000,1074,1043,5.762442263964727,5.760259602602636,13.282219695672588,12.736190500960927,True,False
3405,280297500000000000,28,4334,3280,2970,2000,971,957,4.431817533139979,4.425200974524427,12.081483438093674,11.536247215688128,True,False
3406,1940154925936196074,194,7636,6007,5090,2000,1051,1021,4.905231453438745,4.899328702132861,12.898601387403938,12.313449940963057,True,False
3407,4099725000000000000,410,8693,7230,5943,2000,1241,1198,4.5582167357803,4.551783721127753,13.085638429275328,12.536975665610642,True,False
3408,2633400000000000000,263,8180,6768,5602,2000,1235,1191,4.472966860621484,4.461744857569089,12.997885127829111,12.451726268074506,True,False
3409,15792294539501724740,1579,9654,8140,6596,2000,1257,1217,5.600516561702786,5.598393359833894,13.236911111444602,12.687375683437468,True,False
3410,99750000000000000,10,255,247,235,2000,76,74,4.495066233183796,4.491368606058456,7.994353436858858,7.876516946564999,True,False
3411,460937716422078739,46,2430,2273,1994,2000,465,463,4.462847700337839,4.461987675584962,11.246740598493144,10.961449694398196,True,False
3412,5013649307805043321,501,185,165,160,2000,45,45,4.547368716536318,4.54736871653632,7.531381460516312,7.321928094887363,True,False
3413,14504985470536128,1,1363,663,641,663,663,641,9.37286506011259,9.299917054114701,10.41256984680521,9.324180546618742,False,False
3414,60199125000000000000,6020,10040,8511,6876,2000,1261,1217,5.817070434150668,5.763935721881161,13.293471648838134,12.747353829478062,True,False
3415,49875000000000000,5,3804,2291,2123,2000,1227,1188,5.301106064320484,5.276508762832904,11.893301530860564,11.051888655905378,True,False
3416,2171384340331747721,217,6825,5756,4881,2000,971,959,4.5712449494855285,4.569212953921845,12.736613330694578,12.252961036393684,True,False
3417,30802800000000000000,3080,7369,6604,5421,2000,804,798,4.981336673368235,4.980581595352126,12.84725313832084,12.404343291585755,True,False
3418,18999839030624744,2,2634,1209,1169,2000,1062,1032,6.509219630641671,6.475209855637343,11.363039630256514,10.191059214531656,True,False
3419,29925000000000000,3,3290,1783,1689,2000,1194,1153,5.293454431601422,5.266998613798267,11.683871868622603,10.721953612801386,True,False
3420,5946772641650652,1,1818,223,218,223,223,218,7.800899899920305,7.7470882407274795,10.828136484194108,7.768184324776926,False,False
3421,27710407871887502066,2771,6269,6003,4959,2000,704,699,5.858815574220927,5.85516227344859,12.61401961443572,12.27583351001347,True,False
3422,226854363468385155,23,693,672,589,2000,115,114,4.34830931415618,4.347929390342259,9.436711542137214,9.20212382383046,True,False
3423,9077250000000000,1,495,170,170,170,170,170,7.4093909361377035,7.4093909361377035,8.951284714966972,7.409390936137702,False,False
3424,32790435907552104592,3279,6064,5856,4848,2000,619,617,4.645988543204813,4.645588503200811,12.566054038171092,12.243173983472952,True,False
3425,41846204512795571437,4185,7342,6568,5440,2000,820,811,5.016773335003991,5.015119774362493,12.841957399099547,12.409390936137703,True,False
3426,1150583486960474,0,700,0,0,0,0,0,0.0,0.0,9.451211111832329,0,False,True
3427,435674540914651,0,396,0,0,0,0,0,0.0,0.0,8.62935662007961,0,False,True
3428,146214452451569839,15,4593,3323,2994,2000,1155,1113,4.541007671583247,4.524280160735544,12.165221068220944,11.547858506058416,True,False
3429,41779105390981713626,4178,9920,8420,6788,2000,1298,1254,6.477425501928025,6.475572641866442,13.276124405274238,12.728770849542663,True,False
3430,7125452172773036898,713,4022,3953,3140,2000,190,189,4.403913632533651,4.402712791945241,11.973697366305352,11.61654884377899,True,False
3431,15271725000000000000,1527,4705,4638,3759,2000,192,191,4.681082324106781,4.6803239583849106,12.1999790076159,11.876133200043016,True,False
3432,25603481590873482,3,1053,658,632,2000,425,414,5.800638160840456,5.778447243272539,10.040289721025717,9.303780748177102,True,False
3433,74737303362750000,7,160,156,151,2000,64,62,4.299485905374176,4.295233845617514,7.321928094887363,7.2384047393250786,True,False
3434,102605130551351030,10,4780,3275,2968,2000,1246,1202,4.409593987080443,4.399471421695045,12.222794902868111,11.535275376620802,True,False
3435,29842194921525000000,2984,10015,8375,6775,2000,1237,1190,4.922923855430358,4.918674566771669,13.28987480070007,12.726005231128596,True,False
3436,73263793874376047,7,4276,2682,2463,2000,1215,1173,4.550603419724554,4.534361429086472,12.06204613772049,11.266200912498961,True,False
3437,6059656142257713767,606,6457,5655,4751,2000,834,824,4.673035290516395,4.668970741292746,12.65664831174735,12.214015491410844,True,False
3438,6982500000000000000,698,7659,6667,5613,2000,979,968,4.841324482020712,4.839620067817985,12.902940323128275,12.45455634396194,True,False
3439,1006908477519840000,101,1884,1617,1399,2000,337,330,4.553600975439278,4.548629592840002,10.879583249612784,10.450180247164754,True,False
3440,5012531328320802,1,1003,194,194,194,194,194,7.599912842187127,7.599912842187127,9.970105890612182,7.599912842187128,False,False
3441,3007518796992481,0,810,0,0,0,0,0,0.0,0.0,9.661778097771988,0,False,True
3442,9945365453205105000,995,49,46,46,2000,39,39,5.11538401297325,5.115384012973251,5.614709844115208,5.523561956057013,True,False
3443,1965075000000000000,197,1170,1157,1006,2000,77,76,4.40840621329739,4.407540400373456,10.192292814470767,9.974414589805527,True,False
3444,3338034000000000000,334,2882,2494,2099,2000,422,411,4.436693920827016,4.42905921171751,11.492854620174748,11.035486451292154,True,False
3445,5979666709653781823,598,8762,7116,5917,2000,1067,1038,5.410752875435339,5.408726423156835,13.097044499322951,12.530650179750014,True,False
3446,17189589103759231,2,271,224,224,2000,204,204,6.425642649010852,6.425642649010853,8.08214904135387,7.807354922057604,True,False
3447,672234690190897806,67,5291,4298,3790,2000,969,959,4.506845433011254,4.5043567874565955,12.36932470240734,11.887982133058454,True,False
3448,17165116806715542523,1717,4572,4506,3629,2000,188,186,4.63802742303505,4.636969673914112,12.158609688214478,11.825356341479335,True,False
3449,5112561332781131,1,30,4,4,4,4,4,2.0,2.0,4.906890595608519,2.0,False,False
3450,997500000000000000,100,7139,5625,4800,2000,1238,1199,4.558068650327979,4.552392131657051,12.801506286636435,12.228818690495881,True,False
3451,816802749119459430,82,6727,5373,4597,2000,1219,1174,4.513030034403257,4.505103578685196,12.715747542831355,12.166476950816804,True,False
3452,98855464535973034,10,3106,2210,2097,2000,912,901,4.485038473856502,4.481176248152497,11.600842114387302,11.034111146096592,True,False
3453,1736927584108518133,174,3219,3127,2633,2000,349,348,4.384476263831194,4.383809597164527,11.652396861477678,11.362491806046062,True,False
3454,89775000000000000,9,2682,1905,1823,2000,807,797,5.061456397206463,5.05096364461963,11.389093521904474,10.832098846039134,True,False
3455,1110751346913134131,111,1190,1021,902,2000,216,212,4.37783805550241,4.373391140549659,10.216745858195306,9.81698362325538,True,False
3456,136652237526871113,14,168,165,164,2000,46,46,4.2303093015803235,4.230309301580323,7.392317422778761,7.357552004618084,True,False
3457,740233101450032563,74,4370,3683,3200,2000,778,772,4.442136709329274,4.440054256715855,12.093417564387961,11.643856189774725,True,False
3458,24937500000000000000,2494,9522,8139,6697,2000,1160,1127,6.268606751533481,6.267561064517461,13.217048913556338,12.709299252712155,True,False
3459,4987500000000000000,499,8990,7447,6185,2000,1223,1183,5.12854344987827,5.1251590121834765,13.13410540040181,12.594557879863732,True,False
3460,29925000000000000,3,1513,1107,1087,2000,738,733,5.270656033197722,5.265846106047817,10.563196272216738,10.086136225027309,True,False
3461,200204415611243411956,20020,7910,7147,5878,0,0,0,0.0,0.0,12.949461979360153,12.521109643651332,False,True
3462,1496250000000000000,150,1046,1034,906,2000,67,67,4.339165670149976,4.339165670149975,10.030667136246942,9.823367240046235,True,False
3463,21101255012531328320,2110,7244,6480,5328,2000,805,798,5.0880828733503485,5.086842926014844,12.822570830950168,12.379378367071261,True,False
3464,686193613246646561,69,4851,3860,3326,2000,916,878,4.47267120091905,4.460321153376528,12.244066464194818,11.699572453287269,True,False
3465,18952500000000000,2,3015,1392,1336,2000,1211,1168,6.569100081028601,6.529260519419529,11.557942286787448,10.383704292474052,True,False
3466,218704997242592228533,21870,2844,2549,2120,0,0,0,0.0,0.0,11.473705749619416,11.049848549450562,False,True
3467,22192308773978513,2,3011,1653,1582,2000,1214,1170,6.571349121773911,6.529023945238231,11.556026992724677,10.627533884472792,True,False
3468,1662809267294478040,166,2894,2848,2339,2000,210,210,4.372400196366808,4.372400196366808,11.498849206531725,11.191676146352428,True,False
3469,5160922532127310968,516,3865,3796,3022,2000,195,194,4.451286869488964,4.450186709048899,11.91625269881221,11.561287945164828,True,False
3470,32837700000000000000,3284,2571,2301,1934,2000,344,337,4.825625644341391,4.8222202280761035,11.328113894833656,10.917372079476841,True,False
3471,199818099832774336696,19982,3499,3108,2552,0,0,0,0.0,0.0,11.77272694923985,11.31741261376487,False,True
3472,992013750000000000,99,6769,5365,4623,2000,1131,1097,4.529553770083074,4.522084453740985,12.724727001534445,12.174613647235942,True,False
3473,2082009795231094,0,1095,0,0,0,0,0,0.0,0.0,10.096715154488535,0,False,True
3474,15258757500000000000,1526,4775,4724,3793,2000,208,206,5.125876044011518,5.084768128493,12.221285017810473,11.889123656294238,True,False
3475,24688954135482856,2,1779,1039,987,2000,718,692,6.519700280219468,6.480022534082073,10.79685079526716,9.946906274456397,True,False
3476,997500000000000000,100,7117,5618,4785,2000,1244,1202,4.4374342331224055,4.429441809550807,12.797053520629804,12.224303209373389,True,False
3477,3899594903454203,0,950,0,0,0,0,0,0.0,0.0,9.89178370321831,0,False,True
3478,2062624273206000000,206,1254,1248,1064,2000,85,84,4.362347420614887,4.361600429583738,10.29232163280204,10.055282435501189,True,False
3479,42678050523213750250,4268,2588,2579,2106,2000,90,89,4.959531920279636,4.959212220762804,11.337621901992508,11.040289721025717,True,False
3480,13681493223046659,1,906,439,428,439,439,428,8.778077129535355,8.719740818659647,9.823367240046235,8.741466986401146,False,False
3481,1283819317277911287,128,5111,4343,3699,2000,794,788,4.469406916389977,4.468004236343959,12.31938987600021,11.852919585123995,True,False
3482,24922537500000000000,2492,5854,5650,4675,2000,614,612,5.277564767149057,5.277347707535288,12.515207030408751,12.19075064966236,True,False
3483,59752110433746512,6,1388,972,906,2000,440,429,4.753760557194444,4.739585460728733,10.43879185257826,9.823367240046235,True,False
3484,3423843116756335,0,51,0,0,0,0,0,0.0,0.0,5.672425341971495,0,False,True
3485,496316383146599828,50,678,671,629,2000,83,81,4.3475385775952216,4.344541796441503,9.405141463136344,9.296916206879288,True,False
3486,26672328402543335350,2667,5143,5086,4102,2000,214,213,4.998847664550345,4.998361498193056,12.328394438352458,12.002111776479852,True,False
3487,51022125000000000000,5102,4197,4162,3393,2000,131,129,4.894016949020333,4.893729841895219,12.03514274788591,11.728345714710978,True,False
3488,2675165386007100000,268,1419,1412,1216,2000,87,86,4.475915781905408,4.475063703177807,10.470658874060552,10.247927513443585,True,False
3489,12445739478207258,1,1488,688,661,688,688,661,9.426264754702098,9.338525615201224,10.539158811108031,9.368506461507693,False,False
3490,258733908943366796100,25873,2994,2982,2479,0,0,0,0.0,0.0,11.547858506058416,11.275542556086723,False,True
3491,94462202625000000000,9446,10180,8635,6971,2000,1255,1213,5.541182745447004,5.539095859145236,13.313449940963057,12.767149912284852,True,False
3492,596070268214987803230,59607,1626,1621,1396,0,0,0,0.0,0.0,10.667111542075027,10.447083226209653,False,True
3493,40770187659898792317,4077,2669,2656,2194,2000,93,92,5.037590928777848,5.03717642510354,11.382083590141967,11.099347810403193,True,False
3494,63524259398542490261,6352,2793,2780,2292,2000,98,97,5.338359831040949,5.337959619119782,11.44759985827995,11.162391328756906,True,False
3495,99749677197418027500,9975,3444,3054,2505,2000,470,458,6.002942466837756,6.0002722501144605,11.749869427396844,11.290594888082572,True,False
3496,4277999950241718,0,1219,0,0,0,0,0,0.0,0.0,10.251482410620213,0,False,True
3497,177364427359115,0,65,0,0,0,0,0,0.0,0.0,6.022367813028454,0,False,True
3498,95965621297493301,10,872,810,750,2000,191,190,5.191844704204134,5.1881768149077025,9.768184324776927,9.550746785383243,True,False
3499,13372025564587184819,1337,9509,8012,6494,2000,1256,1213,5.0085314794653675,5.004581322594669,13.215077914822828,12.664891669286089,True,False
3500,2093776079376414742,209,5741,4921,4167,2000,832,822,4.4356943435981115,4.433008599726497,12.48708634027127,12.024793384702548,True,False
3501,2802046315099896035,280,7163,6030,5102,2000,981,964,5.005673933682497,5.003119959840501,12.80634822671225,12.316847183602473,True,False
3502,1285213302036985020,129,7035,5537,4705,2000,972,942,4.849361976014807,4.841372126991795,12.780334708123895,12.1999790076159,True,False
3503,2593002194457471895,259,7943,6326,5326,2000,1058,1028,4.380235890844734,4.3705116790242045,12.955468287959821,12.378836713210614,True,False
3504,997390239109754070,100,7076,5569,4783,2000,1192,1151,4.535819142612684,4.527577248209095,12.788718332690458,12.223700075986306,True,False
3505,1665898807262606742,167,6258,5167,4323,2000,1013,974,4.435592486746611,4.423247861260924,12.611485943240922,12.077817120895904,True,False
3506,7999670565374869279,800,8853,7549,6122,2000,1192,1148,4.878241124003301,4.87309118884005,13.111950706153163,12.579787329526992,True,False
3507,990345285383618983,99,2324,2256,1803,2000,185,183,4.387737891301657,4.38568690976049,11.18239435340453,10.816183681432342,True,False
3508,544052778355144720,54,1969,1902,1554,2000,186,185,4.392430310196243,4.390880022747112,10.943247395901553,10.60177078840771,True,False
3509,39900000000000000,4,517,351,336,2000,203,199,5.206633118187414,5.192114647882827,9.014020470314934,8.39231742277876,True,False
3510,12768000000000000000,1277,1821,1816,1590,2000,81,79,4.984345606316265,4.98326576580194,10.830515206976838,10.634811050171718,True,False
3511,21882369101798598,2,56,51,50,456,51,50,5.055798494966379,5.0486994276155865,5.807354922057604,5.643856189774724,False,False
3512,124000885688690971,12,3745,2696,2517,2000,972,958,4.431489538832414,4.424872703492353,11.870750003346114,11.29748950116098,True,False
3513,151480208648028355,15,4296,3012,2759,2000,1011,985,4.370508879072923,4.363180230262536,12.068778277985412,11.429929741353273,True,False
3514,7301700000000000000,730,4451,4350,3575,2000,389,387,4.687793172229828,4.687076474344633,12.119913785452269,11.803727526553114,True,False
3515,29253826390637850,3,3118,1504,1431,2000,1010,980,6.486869058964163,6.445233304310873,11.606405212697785,10.482807956726667,True,False
3516,57954750000000000,6,3648,2122,1984,2000,974,945,4.767449354100297,4.749537212838471,11.832890014164741,10.954196310386875,True,False
3517,6884693386020367797,688,3298,3244,2614,2000,165,164,5.030910384830615,5.028254949695697,11.687375683437468,11.352043425795433,True,False
3518,12384251819491396,1,219,160,159,160,160,159,7.321928094887362,7.3094280948873624,7.774787059601174,7.312882955284356,False,False
3519,17057250000000000,2,2383,1196,1147,2000,1068,1029,6.513096104107177,6.471714772910536,11.21856323619027,10.163649676015824,True,False
3520,74273739660407,0,57,0,0,0,0,0,0.0,0.0,5.832890014164741,0,False,True
3521,103908826337153267211,10391,2517,2258,1896,0,0,0,0.0,0.0,11.29748950116098,10.888743248898258,False,True
3522,950539251015986286,95,1080,1064,908,2000,99,98,4.338427167077166,4.337734359487847,10.076815597050832,9.826548487290914,True,False
3523,4120627777339166,0,421,0,0,0,0,0,0.0,0.0,8.717676423066395,0,False,True
3524,8615244317999494,1,1272,390,390,390,390,390,8.607330313749614,8.607330313749614,10.312882955284355,8.60733031374961,False,False
3525,60847500000000000,6,2618,1764,1633,2000,813,781,4.783028331342068,4.76187498800603,11.354249381945241,10.673309075561695,True,False
3526,121635140822975231,12,1061,1005,916,2000,190,189,5.198875020906569,5.1952059081647395,10.051208940914766,9.839203788096944,True,False
3527,46186011060195766,5,535,490,476,2000,191,191,4.70617360363163,4.706173603631628,9.06339508128851,8.894817763307943,True,False
3528,19458101359039676,2,95,56,56,1090,56,56,5.583480284684576,5.583480284684576,6.569855608330948,5.807354922057604,False,False
3529,44610096146470647051,4461,298,270,261,2000,72,72,5.407074957671277,5.407074957671277,8.219168520462162,8.027905996569885,True,False
3530,988117527608400000,99,829,816,725,2000,75,74,4.31678183063827,4.315470173701512,9.69522829149575,9.501837184902296,True,False
3531,59318316263820919439,5932,8597,7638,6406,2000,988,976,6.172207377536413,6.171677706764751,13.069617590965562,12.645208082774683,True,False
3532,997500000000000000,100,909,901,816,2000,82,81,4.305081737372781,4.303840839321072,9.828136484194108,9.672425341971495,True,False
3533,8370804606381856184,837,4815,4661,3850,2000,466,464,4.650900796908623,4.650260471848936,12.233320082730822,11.910642730469625,True,False
3534,3951669615380547544,395,1647,1635,1344,2000,85,84,4.616084901533842,4.615430718913493,10.685624839726355,10.39231742277876,True,False
3535,997500000000000,0,450,0,0,0,0,0,0.0,0.0,8.813781191217037,0,False,True
3536,33091267324372645,3,492,327,314,2000,193,189,5.429148304354692,5.4135094204023195,8.94251450533924,8.294620748891626,True,False
3537,647171082457200000,65,625,620,592,2000,70,68,4.401062456551216,4.3990558292114335,9.287712379549449,9.20945336562895,True,False
3538,199500000000000000,20,3868,2898,2664,2000,947,936,4.777771677231264,4.772164833109731,11.917372079476841,11.379378367071261,True,False
3539,5605950000000000000,561,3788,3720,2968,2000,192,190,4.532212256476425,4.531011623295507,11.887220615468385,11.535275376620802,True,False
3540,1484967289417922103,148,1790,1762,1440,2000,110,110,4.285445347782301,4.285445347782301,10.805743872151618,10.491853096329674,True,False
3541,826297037646363286,83,780,773,711,2000,82,80,4.328237583453563,4.326502492507193,9.60733031374961,9.473705749619416,True,False
3542,10578182074100351309,1058,2355,2340,1957,2000,86,85,4.397742109657434,4.396760892857175,11.201511344500146,10.934428040626804,True,False
3543,2443262874261421424,244,6934,5846,4954,2000,968,954,4.509399955350937,4.5054495407205275,12.759472121202833,12.274378153246364,True,False
3544,93499121140375770484,9350,6100,5945,4902,2000,482,480,5.379692890512543,5.379404251888349,12.57459352733761,12.25915476886684,True,False
3545,10025062656641604010,1003,7460,6589,5529,2000,908,898,4.834757107006186,4.833561838396774,12.8649599151426,12.43280285635187,True,False
3546,27568922305764411027,2757,7981,7099,5940,2000,941,931,5.842233165341089,5.841769706036097,12.962353808635275,12.536247215688128,True,False
3547,7311301401239492911,731,7381,6475,5470,2000,925,914,4.879131433581838,4.877910034222549,12.849600574837481,12.417325117679919,True,False
3548,39900000000000000,4,40,38,38,2000,37,37,4.475123222351452,4.475123222351452,5.321928094887363,5.247927513443585,True,False
3549,31920000000000000,3,448,393,388,2000,214,214,5.210640363812288,5.2106403638122885,8.807354922057604,8.599912842187127,True,False
3550,98435075275377257,10,846,801,750,2000,199,199,4.375068423785544,4.375068423785542,9.72451385311995,9.550746785383243,True,False
3551,9194343317485634,1,731,232,230,232,232,230,7.857980995127573,7.840739615817228,9.513727595952437,7.845490050944375,False,False
3552,19947136483625887679,1995,9792,8229,6713,2000,1226,1186,4.923052096555308,4.919214463607117,13.257387842692651,12.712741927075735,True,False
3553,2652988365739847825,265,3357,3301,2670,2000,196,195,4.356496884073534,4.354924444648189,11.71295682169755,11.382624026574916,True,False
3554,3088839580955102673,309,5816,5044,4254,2000,802,794,4.832603478513815,4.83025950430928,12.505811553919594,12.054604317960672,True,False
3555,997500000000000,0,512,0,0,0,0,0,0.0,0.0,9.0,0,False,True
3556,2931317742857797579,293,4739,4011,3334,2000,715,690,4.502433875886615,4.495026203319416,12.2103669456326,11.703038388986418,True,False
3557,1964335306426092684,196,1222,1215,1049,2000,92,91,4.379298814842419,4.378621963327314,10.25502856981873,10.034798962577268,True,False
3558,13200000000000000000,1320,6822,6054,5014,2000,808,802,5.171365501477398,5.170718976605796,12.735979039613404,12.291746280833939,True,False
3559,15734118300212116082,1573,1745,1741,1534,2000,75,73,4.559586564468759,4.558211530494251,10.769011321097015,10.583082767502933,True,False
3560,13182452712399601454,1318,4650,4583,3705,2000,199,198,4.586121889211935,4.585330806867455,12.183015000882756,11.855257827193196,True,False
3561,53050928414724634179,5305,10195,8562,6929,2000,1254,1208,5.890739318681096,5.888353157593945,13.31557415490396,12.758431440900267,True,False
3562,142909692230157468,14,4449,3017,2762,2000,1025,996,4.372257214584166,4.362934795783785,12.119265383175787,11.43149760425805,True,False
3563,2141515038817062209,214,3196,3145,2571,2000,202,200,4.867862553710488,4.847070032679738,11.642051692927977,11.328113894833656,True,False
3564,28927500000000000000,2893,2493,2486,2045,2000,98,97,4.914462322208674,4.914127843894369,11.283667167491501,10.997885127829111,True,False
3565,26994227675212482334,2699,2534,2521,2070,2000,87,86,4.81729303383809,4.81677845044292,11.30720080914081,11.015415052386688,True,False
3566,49875000000000000,5,2341,1532,1485,2000,828,817,4.943587813699274,4.930117796065898,11.192909219112012,10.536247215688128,True,False
3567,42170562302831351,4,507,462,451,2000,206,206,4.782847708328367,4.782847708328367,8.985841937003341,8.81698362325538,True,False
3568,110275689223057644,11,948,720,665,2000,277,272,5.23464826432882,5.221644800973879,9.888743248898258,9.377210530388552,True,False
3569,49644521163148786,5,3795,2208,2055,2000,1208,1167,5.196493610524209,5.174143232038492,11.889884170302828,11.004922678569045,True,False
3570,77025651853500000,8,2820,1965,1877,2000,871,861,4.552617824578994,4.547760427207839,11.461479447286155,10.874212934830874,True,False
3571,43463992687500,0,50,0,0,0,0,0,0.0,0.0,5.643856189774724,0,False,True
3572,350877192982456140,35,952,927,786,2000,133,132,4.329423271308346,4.3290083010548015,9.894817763307943,9.618385502258606,True,False
3573,95238095238095238,10,4157,2843,2597,2000,1188,1146,5.81806550444727,5.788717541214066,12.021327032624372,11.342630298678408,True,False
3574,700197676988689725497,70020,10444,8849,7181,0,0,0,0.0,0.0,13.350386742312843,12.80996904717615,False,True
3575,2362754283452379993,236,1977,1952,1598,2000,138,137,4.808976251424046,4.808782398847013,10.949097155729207,10.642051692927977,True,False
3576,997500000000000000,100,2117,2054,1672,2000,174,173,4.3996364220712705,4.398037061815372,11.047805554007589,10.707359132080883,True,False
3577,69825000000000000,7,4220,2622,2412,2000,1214,1171,4.549568127298802,4.53288132515474,12.043027283594547,11.236014191900084,True,False
3578,49655137844611528822,4966,10190,8701,7109,2000,1218,1178,5.9374673256762405,5.935756859839484,13.314866431053176,12.79543091954113,True,False
3579,1508374687114135465,151,2799,2732,2232,2000,189,188,4.448877671746228,4.447777662579483,11.450695771572915,11.124121311829187,True,False
3580,928758078973764830,93,2267,2199,1817,2000,189,188,4.394397049336438,4.393036505118751,11.146568675740786,10.827342704234116,True,False
3581,3721975459782883835,372,3604,3549,2885,2000,231,230,4.9534381171189406,4.951484859383743,11.815383295813538,11.494355603532846,True,False
3582,5532909100590592583,553,3940,3876,3156,2000,271,271,4.6378169506752265,4.637816950675226,11.943979914343739,11.623881490013458,True,False
3583,5849456071894127302,585,2347,2075,1761,2000,345,338,4.733000726419658,4.729234292659782,11.196602126523171,10.782179193831208,True,False
3584,886830809578546072,89,5282,4394,3849,2000,924,913,4.66107821642348,4.6585144068911495,12.366868586167094,11.91026795581084,True,False
3585,58852500000000000,6,4081,2585,2377,2000,1245,1202,4.790428559254898,4.770286825830317,11.9947069952581,11.214926187942435,True,False
3586,2889315287809953664,289,3474,3400,2815,2000,289,289,4.589213646568001,4.589213646568001,11.762382038710392,11.458919206967591,True,False
3587,6136320908045403520,614,8403,7142,5814,2000,1162,1118,4.7949719154933295,4.786904355751731,13.036688768795663,12.505315356136236,True,False
3588,19580328301485000,2,1452,778,748,2000,654,634,6.517347020223589,6.483832717851893,10.50382573799575,9.546894459887637,True,False
3589,64416187708234099281,6442,578,535,489,2000,120,120,5.73537885066612,5.73537885066612,9.174925682500678,8.933690654952233,True,False
3590,6265908939973832315,627,489,446,406,2000,96,96,4.828339862057421,4.828339862057422,8.933690654952233,8.665335917185176,True,False
3591,17030101339812988124,1703,4756,4689,3763,2000,198,196,4.635263448587341,4.634353521850731,12.215532999745657,11.877667574067882,True,False
3592,90154299375000000,9,2221,1563,1432,2000,646,626,4.854064663873467,4.83969275977158,11.116993677546981,10.483815777264256,True,False
3593,315118819187340000,32,3300,2563,2254,2000,716,689,4.790591089850341,4.769257752391192,11.688250309133178,11.138271800172221,True,False
3594,7381500000000000000,738,4321,4235,3478,2000,346,345,5.1993084970137735,5.198297872379718,12.077149515589733,11.764042217306587,True,False
3595,11970000000000000000,1197,6427,6021,4970,2000,750,745,4.506457359731428,4.505254827830105,12.649929757036618,12.279030136449649,True,False
3596,1022556390977443609,102,7500,5959,5068,2000,1211,1171,4.398614617837385,4.387467614384462,12.872674880270605,12.30720080914081,True,False
3597,3228580018563350176,323,473,429,392,2000,93,93,4.4837076838689285,4.483707683868928,8.885696373339394,8.614709844115207,True,False
3598,1561534329018716,0,814,0,0,0,0,0,0.0,0.0,9.668884984266247,0,False,True
3599,52522080765526048,5,676,610,582,2000,193,192,4.710462770215352,4.707710706167315,9.400879436282183,9.184875342908283,True,False
3600,764415128963177,0,35,0,0,0,0,0,0.0,0.0,5.129283016944966,0,False,True
3601,7673307109567479061,767,2345,2329,1931,2000,101,100,4.326094921920533,4.325277736213455,11.19537220740274,10.91513244895065,True,False
3602,11561650554567321101,1156,2697,2681,2222,2000,121,120,5.125498740511003,5.125241646563964,11.397139806235604,11.117643101389092,True,False
3603,24739295411350488220,2474,3112,3093,2546,2000,119,118,4.7759521381057946,4.77574579193918,11.603626344986193,11.314016703901357,True,False
3604,21720485740774124,2,709,448,437,2000,323,317,6.494078675451421,6.4753469180969,9.469641817239516,8.7714894695006,True,False
3605,25303283426293917,3,599,383,373,2000,258,254,5.539943095769594,5.528296143995252,9.226412192788786,8.543031820255237,True,False
3606,94693180302734405,9,892,821,752,2000,189,188,4.3881770695954625,4.386174065088702,9.800899899920305,9.554588851677638,True,False
3607,976265414278775687,98,2319,2251,1855,2000,188,187,4.382180605973029,4.380646177228064,11.179287104646004,10.857203471508166,True,False
3608,4987121939938492932,499,6975,5901,4834,2000,1000,960,4.5950249138770545,4.588252993788952,12.767977501603912,12.239001757765582,True,False
3609,2454219820589801506,245,1618,1603,1349,2000,97,96,4.316995333195693,4.316062050035855,10.659995892429977,10.397674632948268,True,False
3610,418384271107501,0,194,0,0,0,0,0,0.0,0.0,7.599912842187128,0,False,True
3611,548625000000000000,55,1977,1911,1610,2000,198,197,4.445598640196788,4.444597730278682,10.949097155729207,10.65284497300198,True,False
3612,1895250000000000000,190,7462,5880,4974,2000,991,962,4.805709716641736,4.801461165533323,12.86534664481678,12.280190792216906,True,False
3613,120635681325960150000,12064,1631,1462,1263,0,0,0,0.0,0.0,10.671541066711884,10.302638923787553,False,True
3614,9968286765875554329,997,4326,4253,3456,2000,287,287,5.039964291866987,5.039964291866987,12.078817949961978,11.754887502163468,True,False
3615,1969967365256860858,197,1053,1046,933,2000,71,69,4.270545900377494,4.238848383287732,10.040289721025717,9.86573327085176,True,False
3616,3992086903183664,0,1328,0,0,0,0,0,0.0,0.0,10.375039431346925,0,False,True
3617,3009697191127003649,301,7888,6420,5396,2000,980,950,4.383304809487306,4.374256152046598,12.945443836377912,12.397674632948268,True,False
3618,1317572214000000,0,4,0,0,0,0,0,0.0,0.0,2.0,0,False,True
3619,1152112500000000000,115,6379,5248,4505,2000,971,954,4.467456061891909,4.462210398717864,12.639114563179414,12.137311390700901,True,False
3620,1168072500000000000,117,6448,5296,4542,2000,989,972,4.596972677970027,4.594229267708478,12.654636028527968,12.149111990706889,True,False
3621,1641885000000000000,164,6807,5632,4790,2000,1007,988,4.827743463757301,4.82489874496248,12.732803394393494,12.225809940623543,True,False
3622,1449367500000000000,145,6721,5543,4720,2000,1005,985,4.3745341921874745,4.367267333063381,12.714460188456027,12.204571144249204,True,False
3623,1350116250000000000,135,6722,5523,4705,2000,1001,982,4.51886243850314,4.510657708028361,12.714674827308002,12.1999790076159,True,False
3624,1409068500000000000,141,6831,5584,4749,2000,999,978,4.417462616017844,4.406087885869468,12.737881076857779,12.213408040858337,True,False
3625,1464908550000000000,146,6902,5617,4777,2000,1017,991,4.779037745728975,4.775780568479915,12.752798758435516,12.221889161471266,True,False
3626,1232910000000000000,123,6914,5524,4704,2000,1024,998,4.907624515420865,4.904170762041992,12.7553048882624,12.199672344836364,True,False
3627,1230516000000000000,123,6908,5517,4697,2000,1009,983,4.45703418877438,4.4517040200864315,12.754052367528924,12.197523878257787,True,False
3628,1924072353947734693,192,3134,3058,2542,2000,291,291,4.636867374466235,4.6368673744662345,11.61378946447258,11.311748315004959,True,False
3629,14633191635038848159,1463,9708,8067,6560,2000,1241,1194,5.128974203806706,5.125490400284681,13.244958393151133,12.679480099505446,True,False
3630,759596250000000000,76,3250,2658,2290,2000,596,577,4.5258142410155235,4.518451603643452,11.66622400280318,11.161131882984307,True,False
3631,18461650015107682766,1846,4799,4731,3824,2000,195,194,4.627790165661718,4.62698995227148,12.228518097716194,11.900866807980748,True,False
3632,6981014779308850651,698,7742,6688,5619,2000,977,963,4.529920998544695,4.525649271321649,12.918490592292311,12.456097684964202,True,False
3633,8050789842177314439,805,9306,7698,6295,2000,1222,1176,4.649344622554197,4.642912364958419,13.183945471757246,12.619990662606378,True,False
3634,199500000000000000,20,1149,1086,943,2000,167,166,4.374262497982255,4.372692991255796,10.166163082646113,9.881113960675096,True,False
3635,9601351316089115948,960,4314,4255,3422,2000,205,204,4.460081338116909,4.459063667657107,12.074810461160453,11.740624044489413,True,False
3636,9112632787516601176,911,4345,4290,3442,2000,212,211,4.868129145858312,4.867573912786613,12.085140461701762,11.749031382040204,True,False
3637,1396500000000000,0,641,0,0,0,0,0,0.0,0.0,9.324180546618742,0,False,True
3638,8535840650880133018,854,4175,4107,3295,2000,194,193,4.4059495567284195,4.4048008381900035,12.027560482248777,11.686062749895415,True,False
3639,106752222024476055,11,4817,3283,2976,2000,1233,1191,4.643015194061821,4.629201485364,12.233919208586977,11.539158811108031,True,False
3640,41860587407099995013,4186,9730,8334,6706,2000,1241,1198,5.278371479754318,5.275583840071548,13.248224089668474,12.711236767793784,True,False
3641,55700783239499996010,5570,9759,8390,6748,2000,1248,1204,5.680897122345838,5.678661917455314,13.252517607762288,12.720244258287567,True,False
3642,21043393423604996510,2104,9512,8151,6569,2000,1233,1187,5.167330276487404,5.161839609188604,13.215532999745657,12.681458050210274,True,False
3643,56089425000000000000,5609,6919,6613,5450,2000,753,748,5.788968174509998,5.788374885964192,12.756347825516587,12.41204051455165,True,False
3644,49875000000000000,5,3876,2259,2087,2000,1212,1168,5.198551833077986,5.173570550464911,11.92035285541508,11.027214885159834,True,False
3645,59500119498236770,6,692,625,592,2000,186,185,4.484821415415294,4.482419253469543,9.434628227636725,9.20945336562895,True,False
3646,10900000000000000,1,2427,1026,993,1026,1026,993,10.002815015607052,9.934588894749353,11.244958393151133,9.955649907528374,False,False
3647,349125000000000000,35,154,152,149,2000,40,39,4.171632086202692,4.170843372916735,7.266786540694901,7.219168520462161,True,False
3648,157177391595084251816,15718,5582,5512,4447,0,0,0,0.0,0.0,12.446566409066067,12.118616689351509,False,True
3649,5985000000000000,1,191,42,42,42,42,42,5.39231742277876,5.39231742277876,7.577428828035749,5.392317422778761,False,False
3650,4987500000000000,0,126,0,0,0,0,0,0.0,0.0,6.977279923499917,0,False,True
3651,2992500000000000,0,35,0,0,0,0,0,0.0,0.0,5.129283016944966,0,False,True
3652,1028422500000000000,103,1095,930,830,2000,204,200,4.550890974613798,4.5474317191399205,10.096715154488535,9.696967526234287,True,False
3653,53554320307683405,5,661,593,566,2000,182,181,4.708126634941307,4.704869713984274,9.368506461507693,9.144658242831882,True,False
3654,59910070551859027,6,3637,2075,1926,2000,951,922,4.738714344393327,4.722666917768043,11.828533210455618,10.911391987843459,True,False
3655,30987120571948866087,3099,2571,2560,2159,2000,80,79,5.183274794899036,5.144327077769946,11.328113894833656,11.076147528022505,True,False
3656,8962393062039900000,896,2078,2071,1756,2000,88,87,4.36676341857937,4.365985476747025,11.020979938904212,10.778077129535358,True,False
3657,40937266814104713523,4094,5335,5289,4245,2000,217,217,5.1963463401904,5.1963463401903995,12.381272555711787,12.0515488384404,True,False
3658,14741253676701489833,1474,2807,2791,2314,2000,112,111,4.725308889413661,4.724907828439684,11.454813348512525,11.17617314910749,True,False
3659,3964050876078300000,396,1134,1129,1007,2000,71,71,4.703043542373213,4.703043542373215,10.147204924942228,9.975847968006784,True,False
3660,1946125414717568,0,495,0,0,0,0,0,0.0,0.0,8.951284714966972,0,False,True
3661,6555858240826423267,656,4101,4048,3243,2000,209,206,5.07744273642737,5.076663847235769,12.001760028327217,11.663113308455806,True,False
3662,182243250000000000000,18224,5624,5564,4500,0,0,0,0.0,0.0,12.457380879072534,12.1357092861044,False,True
3663,362245069313999709,36,5151,3818,3386,2000,1011,985,4.3737928170084555,4.365417218368014,12.33063682472329,11.725366257895642,True,False
458,55262190446139129,6,4097,2477,2289,2000,1212,1169,5.849915696470521,5.816693246339548,12.0003521774803,11.160501747555687,True,False
459,7727487798716291,1,1645,375,369,375,375,369,8.550746785383245,8.51341345204991,10.683871868622603,8.527477006060396,False,False
460,37461451884203993718,3746,2755,2743,2309,2000,94,92,5.15510248470895,5.151307239781044,11.42783660345852,11.173052457774116,True,False
461,1834497526789154168,183,260,228,217,2000,46,46,4.204998956983575,4.204998956983575,8.022367813028454,7.7615512324444795,True,False
462,509778780696571411,51,692,680,611,2000,80,78,4.2956500129091655,4.2936438547796225,9.434628227636725,9.25502856981873,True,False
463,531091279875482445,53,1112,1086,908,2000,122,121,4.279983794990747,4.2794484712031435,10.118941072723507,9.826548487290914,True,False
464,19415762420165843,2,593,345,337,2000,291,286,6.45835952496242,6.4408463901112825,9.211888294546004,8.396604781181859,True,False
465,437006342748602020,44,5796,4178,3665,2000,1020,991,4.4567061885228245,4.450443429419646,12.50084187955693,11.839597483021175,True,False
466,178117535576400000,18,342,330,316,2000,66,66,4.219503131939198,4.219503131939198,8.417852514885897,8.303780748177102,True,False
467,217832274613062545,22,5497,3964,3518,2000,1229,1188,4.399795823213326,4.388752726146602,12.424428764037762,11.78053976747196,True,False
468,19950000000000000,2,1804,967,953,2000,851,841,6.575515585741793,6.562871359956143,10.81698362325538,9.896332403909941,True,False
469,229738049448825088,23,1421,1367,1215,2000,199,197,4.354502176370987,4.352649268952043,10.47269083924278,10.246740598493144,True,False
470,136855997778444505,14,4805,3322,3002,2000,1187,1146,4.5457143988659645,4.5280885317142765,12.230320715661113,11.55170826162069,True,False
471,74812500000000000,7,2584,1762,1622,2000,775,747,4.54144882521676,4.525673213615134,11.335390354693924,10.663558104217273,True,False
472,35710500000000000,4,2142,1333,1248,2000,766,738,5.282808377649857,5.256049260863229,11.064742764750257,10.285402218862249,True,False
473,339150000000000000,34,2475,1964,1726,2000,537,520,4.495142069466752,4.480304327265859,11.273212809854334,10.753216749178955,True,False
474,278302500000000000,28,2184,1698,1507,2000,494,480,4.537658533200541,4.5287568013074475,11.092757140919852,10.557463701597824,True,False
475,82792500000000000,8,1577,1112,1023,2000,469,458,4.492864798708047,4.483207505634049,10.62296694479051,9.99859042974533,True,False
476,37306500000000000,4,1136,746,705,2000,417,407,5.239643379443963,5.222652514229351,10.149747119504681,9.461479447286155,True,False
477,13466250000000000,1,673,348,341,348,348,341,8.44294349584873,8.40271361079126,9.394462694610317,8.413627929024173,False,False
478,2466909472129182954,247,3792,3660,3086,2000,458,456,4.933419386224145,4.932949413684249,11.888743248898258,11.591522346570734,True,False
479,2955979937345184487,296,4071,3912,3288,2000,492,490,4.828992316509634,4.82854701477949,11.99116750614001,11.682994583681683,True,False
480,7299636521853347141,730,6133,5691,4719,2000,766,761,5.086387305101833,5.085810186957662,12.582377235640692,12.204265456136843,True,False
481,25031748473239272977,2503,9421,7978,6560,2000,1092,1059,5.597197251897431,5.5945787246933065,13.201664488711414,12.679480099505446,True,False
482,435850770522197642,44,5664,4221,3694,2000,1068,1037,4.502859465844863,4.497023287473649,12.467605550082997,11.850968150982439,True,False
483,3865845700043281744,387,1632,1625,1407,2000,88,86,4.429167377645011,4.427958171828089,10.672425341971495,10.458406613236532,True,False
484,24937500000000000,2,3231,1731,1647,2000,1237,1195,6.577858035977458,6.538084639995008,11.657765035265363,10.685624839726355,True,False
485,229425000000000000,23,5498,4008,3559,2000,1253,1208,4.446348636508055,4.431418192970266,12.424691191512954,11.797256217509785,True,False
486,78530619197520000,8,465,338,325,2000,151,149,4.390551178652537,4.385149878964799,8.861086905995395,8.344295907915816,True,False
487,49974425514885696578,4997,7995,6899,5555,2000,1050,1009,5.7795514975747135,5.776247984194491,12.964882318367694,12.439571196276454,True,False
488,22239127581367760197,2224,7808,6718,5419,2000,1044,1003,5.729223774034126,5.725806768127752,12.930737337562887,12.40381093178603,True,False
489,43631834100851745,4,235,210,208,2000,128,127,5.017584931820858,5.016357348732788,7.876516946564999,7.700439718141092,True,False
490,872554712718004871,87,2294,2242,1855,2000,193,192,4.35244738639249,4.350875957821062,11.163649676015824,10.857203471508166,True,False
491,4469623175714670252,447,3796,3745,3027,2000,207,203,5.077280923860985,5.035700201354177,11.89026427702111,11.563672959827514,True,False
492,7894878337500000000,789,4236,4182,3351,2000,210,206,4.777312692161431,4.7736847042370005,12.048486873992337,11.71037597120447,True,False
493,99519635621746979679,9952,2720,2714,2210,2000,97,96,4.7263999680557935,4.725835876490775,11.409390936137703,11.109830654278793,True,False
494,65166214311187252,7,876,628,589,2000,298,293,4.505890767211552,4.498885162727965,9.774787059601174,9.20212382383046,True,False
495,19874021743613092253,1987,7677,6597,5322,2000,1033,992,5.709678196370013,5.7062944372861715,12.906326932760603,12.37775279502222,True,False
496,497503698372741613,50,551,539,503,2000,58,58,4.1902458089766235,4.190245808976624,9.105908508571158,8.974414589805527,True,False
497,230502806149302169,23,403,391,375,2000,69,69,4.29197187331686,4.291971873316861,8.654636028527968,8.550746785383243,True,False
498,935109619772549090,94,6500,4972,4309,2000,979,950,4.383050804229132,4.3740964129664235,12.66622400280318,12.073137383110383,True,False
499,444448806085592694,44,4777,3726,3251,2000,983,943,4.4759028374860526,4.46149351443756,12.221889161471266,11.666667840690355,True,False
500,243390000000000000,24,5039,3558,3155,2000,1073,1042,4.446088870288898,4.43679566724106,12.298921740969753,11.623424289869911,True,False
501,544435468573578311,54,5523,4340,3800,2000,1006,986,4.606717482784067,4.601703347072066,12.431236412071062,11.89178370321831,True,False
502,13974340094246449723,1397,1874,1663,1421,2000,274,270,5.235845500924577,5.234682781762898,10.871905237659186,10.47269083924278,True,False
503,1922471632857597916,192,543,540,505,2000,60,60,4.378182018242757,4.378182018242759,9.084808387804362,8.980139577639157,True,False
504,674615217462878711,67,405,401,389,2000,49,49,4.1820214788070045,4.182021478807005,8.661778097771988,8.603626344986193,True,False
505,10792458978430500000,1079,302,271,257,2000,72,71,5.291487219828911,5.291296814117773,8.238404739325079,8.005624549193879,True,False
506,99750000000000000,10,884,820,757,2000,192,191,4.710224965047178,4.707473245222289,9.787902559391432,9.564149489985732,True,False
507,47288310310702425,5,3311,1892,1796,2000,1015,987,4.743216103331703,4.727081755284951,11.693051295397,10.810571634741146,True,False
508,18264225000000000000,1826,4862,4792,3841,2000,201,200,4.770075054980492,4.769408166017502,12.247334178028728,11.907266248531066,True,False
509,33423044295594122096,3342,9660,8291,6672,2000,1248,1204,5.712491313186331,5.710336876033059,13.237807473723135,12.703903573444663,True,False
510,299250000000000000,30,855,688,629,2000,213,209,4.473893116860754,4.467739744043278,9.73978060977326,9.296916206879288,True,False
511,6013491268700073929,601,6526,5709,4802,2000,842,832,4.922627547249598,4.921348688590982,12.671983272091865,12.229419688230417,True,False
512,6073895390495014082,607,3921,3853,3058,2000,192,191,4.403992526462147,4.402791565693532,11.937005926516589,11.578372691360805,True,False
513,9933987392007498654,993,9373,7744,6329,2000,1228,1182,4.964282453511355,4.958211522772979,13.194295167381915,12.627761852402616,True,False
514,7941274633097400000,794,2000,1991,1654,2000,92,91,4.9493111886513965,4.948970145660429,10.965784284662087,10.691743519171276,True,False
515,3904655532488004064,390,1636,1625,1341,2000,80,79,4.436737394206194,4.436107074816117,10.67595703294175,10.389093521904474,True,False
516,249375000000000000,25,422,409,392,2000,77,76,4.391024632702451,4.389205114010955,8.721099188707186,8.614709844115207,True,False
517,77805000000000000000,7781,2792,2781,2294,2000,73,72,4.492078873973184,4.490562224022748,11.447083226209653,11.163649676015824,True,False
518,220091861832669353999,22009,2889,2877,2363,0,0,0,0.0,0.0,11.496354488564615,11.206403913973848,False,True
519,698250000000000000,70,706,694,618,2000,70,69,4.392743576205541,4.384730399310505,9.46352437327118,9.271463027904375,True,False
520,1097250000000000000,110,2307,2244,1823,2000,173,172,4.627667359901626,4.626595548540426,11.171802288682983,10.832098846039134,True,False
521,2805157898691894,0,342,0,0,0,0,0,0.0,0.0,8.417852514885897,0,False,True
522,30568787014730787224,3057,4722,4658,3779,2000,189,187,4.860560635796191,4.859780489941758,12.205182326228643,11.88378880325996,True,False
523,8025512335435510,1,2028,441,432,441,441,432,8.784634845557523,8.73928337163462,10.985841937003341,8.754887502163468,False,False
524,40317728660341437,4,2814,1755,1635,2000,982,943,5.2700309211377965,5.241955754955735,11.458406613236532,10.675074920385445,True,False
525,1995000000000000,0,639,0,0,0,0,0,0.0,0.0,9.319672120946995,0,False,True
526,11018300251701671453,1102,8648,7389,6125,2000,1011,986,5.050889637993257,5.0463816787160365,13.07815080773465,12.580494128777294,True,False
527,1011976732778722441,101,3110,2987,2542,2000,438,436,4.914460420474713,4.913984139278294,11.602698865017965,11.311748315004959,True,False
528,101802356250000000000,10180,5512,5445,4420,0,0,0,0.0,0.0,12.428360172704291,12.109830654278793,False,True
529,14636767372500000000,1464,4777,4723,3797,2000,237,235,5.707076040434829,5.705818981396033,12.221889161471266,11.890644283619089,True,False
530,3441375000000000000,344,2663,2622,2123,2000,135,134,4.517575389952148,4.5171293426614305,11.378836713210614,11.051888655905378,True,False
531,44959993459817052426,4496,3695,3671,3026,2000,153,152,5.283798241009234,5.283678612661666,11.851358649033513,11.563196272216738,True,False
532,12492985352570126,1,2346,1061,1020,1061,1061,1020,10.051208940914766,9.967924748665379,11.19598729802851,9.994353436858859,False,False
533,6486876722299152824,649,4295,3720,3043,2000,596,577,5.086524469530868,5.080704714020649,12.068442416025826,11.571278618514595,True,False
534,14121295772628359502,1412,218,192,185,2000,59,59,5.220679762335429,5.220679762335429,7.768184324776926,7.531381460516312,True,False
535,66527564250000000000,6653,7540,6512,5256,2000,994,954,5.814484709789258,5.811342607924306,12.880348808156027,12.35974956032233,True,False
536,3670800000000000000,367,3519,3453,2795,2000,204,203,4.677238534285156,4.676550926846492,11.780949798749665,11.448632567730552,True,False
537,5199243252380429,1,871,135,132,135,135,132,7.07681559705083,7.0175563377915715,9.766528908598865,7.044394119358453,False,False
538,3374093706337906963,337,8315,6978,5747,2000,1214,1171,4.533500079365357,4.526162898238573,13.02150054817463,12.488593333835409,True,False
539,903942569175730728,90,6739,5422,4624,2000,1196,1152,4.4393645068077445,4.4194416433625605,12.71831881047926,12.174925682500678,True,False
540,231897763581222702114,23190,4323,3816,3093,0,0,0,0.0,0.0,12.077817120895904,11.594791118089265,False,True
541,19950000000000000,2,282,243,242,2000,200,200,6.435502074303921,6.435502074303922,8.139551352398794,7.918863237274595,True,False
542,7540809657074505000,754,35,32,32,2000,31,31,4.7297998673715735,4.7297998673715735,5.129283016944966,5.0,True,False
543,6773701441096919444,677,3456,3396,2739,2000,178,177,4.949506402271917,4.94780494649849,11.754887502163468,11.419433550705378,True,False
544,57379336728208420,6,1419,980,915,2000,447,436,4.756706656616112,4.742666650241867,10.470658874060552,9.837627933171404,True,False
545,2253060455915796014,225,1311,1303,1128,2000,93,91,4.477784072735639,4.476902404219286,10.356451970221755,10.139551352398794,True,False
546,650668191893452716,65,6130,4658,4057,2000,969,941,4.386550042029935,4.378094308307856,12.581671358578143,11.986197587206274,True,False
547,973816207595700000,97,727,722,679,2000,68,67,4.3921636408202955,4.390625917566733,9.505811553919594,9.407267764244732,True,False
548,1983470812715798645,198,3143,3069,2551,2000,288,288,4.636427312902088,4.636427312902088,11.617926556798752,11.316847183602473,True,False
549,21942651177668758562,2194,5101,5045,4051,2000,210,209,4.9521011622256905,4.951601094034572,12.316564385396942,11.984062369686436,True,False
550,3004390097724458941,300,8045,6752,5566,2000,1182,1137,4.613176110147972,4.602700488977678,12.973876705610808,12.442425193331607,True,False
551,7400774180138115000,740,1186,1040,923,2000,186,183,4.992144543296219,4.990406121215948,10.211888294546004,9.850186837645774,True,False
552,7363970443799416186,736,883,781,695,2000,132,132,4.9386052997824486,4.93860529978245,9.786269627648466,9.44086916761087,True,False
553,544622583013915875,54,1189,991,885,2000,250,246,4.423987284255116,4.420343006277689,10.215532999745657,9.78953364497036,True,False
554,857217599324100000,86,824,817,749,2000,87,85,4.278119025509862,4.2763902601727075,9.686500527183219,9.54882190845875,True,False
555,9975000000000000,1,1713,521,507,521,521,507,9.025139562278508,8.966109068032512,10.742309436084,8.985841937003341,False,False
556,19950000000000000,2,2107,1103,1053,2000,918,882,6.571644076000559,6.528811560809275,11.040974598817305,10.040289721025717,True,False
557,380202246341875204,38,521,424,399,2000,117,117,4.3454754801676945,4.345475480167695,9.025139562278508,8.640244936222345,True,False
558,642780322944872889,64,3769,3040,2632,2000,714,689,4.423073516375894,4.414211432195615,11.879966079664356,11.361943773735241,True,False
559,997861046269182994,100,2565,2489,2090,2000,289,289,4.506592249039302,4.506592249039301,11.324743110494417,11.029287226968245,True,False
560,135660000000000000,14,4189,3007,2717,2000,1069,1029,4.740552060291773,4.7217207606547085,12.032390168866524,11.407798850221974,True,False
561,139335698509035000,14,2549,1879,1702,2000,652,633,4.667982559713506,4.654140722014853,11.315715658022201,10.733015321685963,True,False
562,22341202932365255,2,2503,1330,1294,2000,982,965,6.519866598958122,6.501010118466815,11.289442575688332,10.337621901992508,True,False
563,973150292984291924,97,6505,5001,4317,2000,968,939,4.467760743386578,4.461081669201075,12.667333341605158,12.075813377461454,True,False
564,6526283940483671,1,1844,300,294,300,300,294,8.228818690495883,8.182152023829216,10.848622940429339,8.199672344836364,False,False
565,176723238277214245,18,408,397,377,2000,79,78,4.250671433508596,4.2497987798614245,8.672425341971495,8.558420713268664,True,False
566,99348804371698827714,9935,9384,8117,6527,2000,1200,1155,5.983002630838229,5.980180466136186,13.19598729802851,12.672204323964033,True,False
567,30018970611515607595,3002,7915,7051,5895,2000,913,902,5.791851333164743,5.790810730210618,12.950373635024544,12.525276097867126,True,False
568,81609655672536150,8,809,741,685,2000,186,185,4.565227460836635,4.562737575993809,9.659995892429977,9.419960177847889,True,False
569,1995000000000000000,200,8057,6514,5500,2000,1210,1170,4.40700553979385,4.398398891297457,12.976027040189834,12.425215903299383,True,False
570,33516000000000000,3,3498,1953,1837,2000,1217,1177,5.298845218505141,5.273857210040818,11.772314573921653,10.84313591111135,True,False
571,1180103713013319116,118,7542,6033,5124,2000,1205,1165,4.620642065909278,4.612890862239224,12.880731435141664,12.323054760341646,True,False
572,24917550000000000000,2492,5639,5467,4523,2000,554,550,6.340889754193581,6.322692381430431,12.461223627613371,12.14306428063141,True,False
573,6806122423280713611,681,6266,5661,4696,2000,779,773,5.0466406926053144,5.045433531040725,12.613329054371054,12.197216693110052,True,False
574,308365374312919932,31,3723,2958,2654,2000,788,782,4.388267390634141,4.386338848039462,11.862249900851513,11.373952655370193,True,False
575,910496668820539,0,341,0,0,0,0,0,0.0,0.0,8.413627929024173,0,False,True
576,2486996694993003,0,1,0,0,0,0,0,0.0,0.0,0.0,0,False,True
577,99020882672493587,10,1264,932,856,2000,385,377,5.0323796966113035,5.020292436001386,10.303780748177102,9.741466986401146,True,False
578,10776942355889724310,1078,6758,5990,4964,2000,799,793,4.84842562177389,4.847387580024047,12.722380635163802,12.277287400130357,True,False
579,1326297204695411,0,346,0,0,0,0,0,0.0,0.0,8.434628227636725,0,False,True
580,23391375000000000000,2339,9258,7833,6470,2000,1043,1014,5.504542882943845,5.501641686741045,13.17648484729189,12.65954999687987,True,False
581,14962500000000000,1,2443,973,943,973,973,943,9.92629599478111,9.853663893585779,11.254438148267257,9.881113960675096,False,False
582,91770000000000000,9,3377,2302,2105,2000,991,951,5.016436625560987,4.99394822174945,11.721526464007477,11.039604517953759,True,False
583,3780525000000000000,378,5535,4691,3877,2000,803,770,4.659308692980598,4.648531973366165,12.434367601668914,11.920725019751181,True,False
584,5985000000000000,1,785,141,141,141,141,141,7.139551352398794,7.139551352398794,9.61654884377899,7.139551352398794,False,False
585,6706564203183922944,671,4104,4032,3280,2000,287,287,4.588885681080637,4.588885681080637,12.002815015607053,11.679480099505446,True,False
586,65742420754241858,7,634,460,438,2000,214,210,4.495499976638038,4.487492770152199,9.308339030139408,8.774787059601174,True,False
587,82530971716078919,8,329,310,300,2000,111,110,4.356619943697489,4.355963724208342,8.361943773735241,8.228818690495881,True,False
588,961112137280484959,96,1478,1450,1192,2000,115,115,4.269596670759102,4.2695966707591015,10.52943055414615,10.219168520462162,True,False
589,39873656574156200881,3987,4088,4053,3310,2000,131,129,4.980579593425473,4.980312428962843,11.997179480937621,11.69261550169458,True,False
590,949466972733322687,95,1679,1639,1339,2000,132,132,4.565078875611847,4.565078875611846,10.71338651493703,10.386940245324311,True,False
591,9855209906919458165,986,4856,4705,3886,2000,461,459,4.46265461697868,4.461794201109904,12.245552706255681,11.924070185585345,True,False
592,220000000000000000,22,2433,2197,2018,2000,640,637,4.535538026593532,4.5335376265135165,11.24852060493843,10.978710459106358,True,False
593,28550526259555949,3,2971,1497,1433,2000,971,942,5.277586108294081,5.254369074874502,11.536732889835415,10.484822894262146,True,False
594,284287500000000000,28,5080,3579,3176,2000,965,936,4.39166964277567,4.381173682135133,12.310612781659529,11.632995197142957,True,False
595,498750000000000000,50,1609,1549,1276,2000,159,158,4.476030355799005,4.468678628421257,10.651948610723446,10.31741261376487,True,False
596,16708125000000000000,1671,4197,4135,3344,2000,169,168,4.365399931796793,4.363789039429206,12.03514274788591,11.707359132080883,True,False
597,49875000000000000,5,2751,1756,1630,2000,915,879,5.102974954227495,5.0789874724669595,11.42574042431621,10.67065624911844,True,False
598,2204182819030446214,220,8190,6579,5497,2000,1226,1180,5.045046083244689,5.040745276089391,12.99964773652837,12.424428764037762,True,False
599,10071757500000000000,1007,8872,7406,6117,2000,1029,999,4.91464099652352,4.911407263874455,13.11504365016171,12.578608560737752,True,False
600,34820174131963558,3,115,108,106,2000,72,71,4.953475305422735,4.951004291484063,6.845490050944375,6.727920454563199,True,False
601,76251153346146062557,7625,5164,4527,3661,2000,678,658,5.982789829926762,5.980183035119563,12.33427328530719,11.838022058304546,True,False
602,22523766501414014494,2252,3716,3688,3015,2000,113,111,4.573150766658482,4.572568638511832,11.859534786382653,11.557942286787448,True,False
603,22039626111811081,2,3051,1541,1472,2000,1180,1139,6.557992073837217,6.517528493262795,11.575066464578656,10.523561956057012,True,False
604,1198530950818269127,120,4796,4235,3590,2000,762,756,4.746236304220789,4.744488664896451,12.227615943414223,11.809768128710413,True,False
605,2019822797386477980,202,5456,4764,3995,2000,783,777,4.5998802577684925,4.598747775413329,12.413627929024173,11.963979787815338,True,False
606,526425779826562392,53,4255,3492,3059,2000,788,782,4.394228210135754,4.392023826841315,12.054943416573325,11.578844391558203,True,False
607,307188126566032373,31,1582,1282,1136,2000,365,358,4.746821665468302,4.733483369815674,10.627533884472792,10.149747119504681,True,False
608,99750000000000000,10,899,832,763,2000,182,181,4.5221150973576405,4.519671354357946,9.812177305514448,9.57553924683453,True,False
609,49875000000000000,5,569,501,480,2000,185,184,4.5579629240639905,4.555375509454119,9.152284842306582,8.906890595608518,True,False
610,9975000000000000,1,1042,337,330,337,337,330,8.39660478118186,8.352821732214014,10.025139562278508,8.366322214245816,False,False
611,79800000000000000,8,2261,1563,1437,2000,675,654,4.5044607021791325,4.492178708013147,11.14274527675153,10.488844346457336,True,False
612,29910485282737500000,2991,2497,2485,2056,2000,76,75,4.507456290902746,4.506309944113193,11.285980105928212,11.005624549193879,True,False
613,59351250000000000,6,688,621,590,2000,182,181,5.196322529953248,5.192152333159681,9.426264754702098,9.204571144249204,True,False
614,15214136310466321818,1521,7719,6837,5732,2000,929,919,5.278432852530757,5.277690114882143,12.914198242454956,12.484822894262146,True,False
615,12073418942123102536,1207,7646,6762,5676,2000,931,921,5.0493839454904235,5.048455291266101,12.90048948483465,12.470658874060552,True,False
616,4000000000000000,0,1027,0,0,0,0,0,0.0,0.0,10.004220466318195,0,False,True
617,21319313384035030119,2132,9985,8446,6906,2000,1219,1178,5.166968815416145,5.163147127575858,13.285546712331335,12.753634618853386,True,False
618,2800438642735715038,280,4750,4479,3779,2000,682,678,4.684853891450667,4.6841038914506665,12.213711798105672,11.88378880325996,True,False
619,945000000000000000,95,5380,4340,3711,2000,981,941,4.465759288014216,4.457096896696971,12.393390457443987,11.857592285697526,True,False
620,49500000000000000000,4950,5267,5199,4166,2000,210,209,5.302981618916475,5.302562162596399,12.362765744153958,12.024447124040647,True,False
621,50000000000000000000,5000,5300,5233,4239,2000,206,205,5.076123247632722,5.075643161217165,12.371776644337924,12.049508251055096,True,False
622,66084375000000000000,6608,9591,8061,6601,2000,1029,998,6.112265829722577,6.110645626965246,13.227465529501677,12.688468882732701,True,False
623,41265606035135773,4,3324,1738,1624,2000,990,961,6.533209669635452,6.498493927290349,11.698704666770345,10.665335917185176,True,False
624,200501253132832,0,110,0,0,0,0,0,0.0,0.0,6.78135971352466,0,False,True
625,6876756477666954883,688,3985,3918,3110,2000,202,200,4.862832673924775,4.8619112629777765,11.960364008877834,11.602698865017965,True,False
626,1528677768130847,0,856,0,0,0,0,0,0.0,0.0,9.741466986401146,0,False,True
627,2563330811108288479,256,1375,1369,1181,2000,85,84,4.2715112444894165,4.270025101320904,10.425215903299383,10.205793249397157,True,False
628,138234159173250004,14,57,47,47,2000,30,30,4.1318898684589005,4.131889868458901,5.832890014164741,5.554588851677638,True,False
629,110275689223057644,11,1501,1348,1280,2000,457,455,4.424223724100941,4.42264682090553,10.55170826162069,10.321928094887362,True,False
630,5754893787040329533,575,2166,2151,1787,2000,99,98,4.472914574038188,4.47237750866772,11.080817527608327,10.80332391904149,True,False
631,1995000000000000000,200,3317,3225,2710,2000,351,350,4.385261239822088,4.384594573155422,11.695663296788021,11.404077136241234,True,False
632,997500000000000000,100,2721,2627,2232,2000,368,367,4.704736951341975,4.704349041207823,11.409921241249679,11.124121311829187,True,False
633,19076203405285296743,1908,2373,2362,1995,2000,73,73,4.8010763011042545,4.8010763011042545,11.212496385193948,10.962173031109709,True,False
634,38308111892758825418,3831,5384,5329,4276,2000,228,227,5.50573244927651,5.505444617904673,12.394462694610317,12.06204613772049,True,False
635,99426102452420205000,9943,1804,1800,1566,2000,84,81,5.242802294214565,5.198270104971054,10.81698362325538,10.612868497291041,True,False
636,3962233172961375,0,62,0,0,0,0,0,0.0,0.0,5.954196310386875,0,False,True
637,110111032500000000000,11011,7057,6769,5602,0,0,0,0.0,0.0,12.78483929465315,12.451726268074506,False,True
638,208811759694414600,21,5438,3854,3435,2000,1218,1177,4.435717346739407,4.427133161587291,12.40886043602476,11.746094383705463,True,False
639,38596491228070175,4,2633,1624,1513,2000,933,895,5.296546303995648,5.267621183195099,11.362491806046062,10.563196272216738,True,False
640,30829701482623088,3,96,84,83,2000,64,63,5.039832840754288,5.035252095568412,6.584962500721156,6.3750394313469245,True,False
641,548625000000000000,55,5987,4519,3939,2000,989,959,4.506349173446847,4.500316232282229,12.547617554902802,11.943613701614042,True,False
642,847875000000000000,85,6398,4904,4252,2000,962,933,4.554594217674683,4.546723041882702,12.643405277115674,12.053925881531105,True,False
643,29925000000000000,3,2804,1526,1461,2000,1004,978,5.2389885815448425,5.219445518050479,11.453270634010623,10.512740462803498,True,False
644,64761820969116745,6,3453,2281,2094,2000,1066,1026,4.755295774722036,4.734263291791978,11.753634618853386,11.032045726930809,True,False
645,169909235971463123,17,1895,1711,1584,2000,530,528,4.559449717948451,4.558162302435093,10.887982133058454,10.62935662007961,True,False
646,64725302233650568086,6473,2523,2515,2075,2000,93,91,4.42353463280039,4.422332685057643,11.3009244909763,11.018895621121649,True,False
647,698250000000000000,70,4882,3887,3349,2000,920,882,4.535323640400349,4.522777356564081,12.253256579781153,11.709514660706716,True,False
648,44887500000000000000,4489,2598,2591,2129,2000,95,94,4.474825953943989,4.474041467993981,11.34318571544788,11.055960234452295,True,False
649,19950000000000000000,1995,2401,2395,1991,2000,89,88,4.539242434355031,4.538696888499384,11.229419688230417,10.959277505720502,True,False
650,1396500000000000000,140,1060,1054,918,2000,87,86,4.406823601903519,4.406115807244724,10.049848549450562,9.842350343413807,True,False
651,35255112034870229393,3526,5167,5099,4082,2000,198,197,4.807081992663185,4.806367983202559,12.335111168424861,11.995060467032719,True,False
652,244486247350748,0,123,0,0,0,0,0,0.0,0.0,6.94251450533924,0,False,True
653,551734684091394438,55,4452,3621,3189,2000,854,844,4.436762900770681,4.434191307277854,12.12023787734196,11.638888382252262,True,False
654,38902500000000000,4,3462,1976,1843,2000,1183,1142,6.562711303565058,6.522237604565886,11.757390009366638,10.847840355630714,True,False
655,29925000000000000,3,3274,1767,1674,2000,1184,1143,6.102384820657464,6.0687771955956515,11.676838606474153,10.709083812550343,True,False
656,1910511750000000000,191,269,237,225,2000,51,51,4.2434544901924465,4.2434544901924465,8.071462362556623,7.813781191217037,True,False
657,1087275000000000000,109,3272,3116,2652,2000,467,465,4.549505304476994,4.548777484337022,11.67595703294175,11.372865060112588,True,False
658,897750000000000000,90,3908,3597,3106,2000,729,725,4.782267424757807,4.781632517599647,11.932214751968385,11.600842114387302,True,False
659,847320157111675,0,238,0,0,0,0,0,0.0,0.0,7.894817763307944,0,False,True
660,3435502403424852,0,1358,0,0,0,0,0,0.0,0.0,10.407267764244732,0,False,True
661,2892087085033020000,289,2044,1786,1534,2000,328,321,4.60567677334669,4.6001448860957215,10.997179480937621,10.583082767502933,True,False
662,65000000000000000,7,704,661,639,2000,210,210,4.42698833815081,4.42698833815081,9.459431618637296,9.319672120946995,True,False
663,720471225900536704,72,6869,5256,4513,2000,1215,1170,5.298885667557833,5.270277081302995,12.74588436914204,12.139871063212487,True,False
664,93984969994755000,9,1963,1396,1277,2000,568,550,4.79967897960103,4.785674791481878,10.938844457466171,10.318542809702723,True,False
665,1289562343268954520,129,7068,5633,4800,2000,1034,1005,4.870663746542819,4.866894013985368,12.787086324551616,12.228818690495881,True,False
666,5985000000000000,1,1106,185,182,185,185,182,7.531381460516311,7.488138217273067,10.111135670234708,7.507794640198696,False,False
667,73066508053304556322,7307,10257,8625,6980,2000,1249,1204,5.600383098938794,5.598259993045893,13.32432120815455,12.769011321097015,True,False
668,1249559101595213581,125,7049,5607,4781,2000,1024,995,4.518955221913448,4.505648026191279,12.78320289006439,12.223096690347695,True,False
669,49567933109647037,5,144,138,131,2000,78,77,5.132552873184072,5.130156236239465,7.169925001442312,7.03342300153745,True,False
670,4877212454204042397,488,5211,4940,4145,2000,705,701,5.3425908966647535,5.342215896664753,12.34734453943155,12.017156386383112,True,False
671,179062605943101970,18,2113,1606,1446,2000,531,514,4.613719721105714,4.601573436030167,11.04507705193494,10.497851836951117,True,False
672,11085530316594074712,1109,8549,7340,6088,2000,1022,998,5.476123279975008,5.47331159092578,13.061539958530144,12.571752643503546,True,False
673,8977500000000000,1,1138,327,322,327,327,322,8.35314682549808,8.31644957779166,10.152284842306582,8.330916878114618,False,False
674,69825000000000000,7,3725,2184,2025,2000,977,947,4.558405323434888,4.5422701612765115,11.863024710236886,10.98370619265935,True,False
675,1891714880993279337,189,861,857,798,2000,71,69,4.396164989537492,4.394369297643604,9.749869427396844,9.640244936222345,True,False
676,1451370485903205000,145,2728,2661,2135,2000,186,185,4.371706601548302,4.370372601214802,11.413627929024173,11.060020354507852,True,False
677,2988450408895693438,299,6620,5723,4862,2000,917,905,4.750576876142857,4.747875699635024,12.69261550169458,12.247334178028728,True,False
678,2160653760050852411,216,6690,5697,4842,2000,977,966,4.692776730272142,4.690856824504489,12.707790495528823,12.241387363998937,True,False
679,3831531814080757547,383,3936,3835,3185,2000,399,397,5.506404686122091,5.5054699955361635,11.94251450533924,11.637077657143664,True,False
680,99417403862504978251,9942,5696,5642,4546,2000,238,236,5.73295858222033,5.731658732217108,12.475733430966399,12.150381968817848,True,False
681,648375000000000000,65,2054,1988,1657,2000,195,194,4.35563985447242,4.354067864475994,11.004220466318195,10.694357887221452,True,False
682,38902500000000000,4,2153,1346,1260,2000,764,737,5.282076676001585,5.255984670622562,11.072132604167233,10.29920801838728,True,False
683,7708961068648510,1,1185,286,281,286,286,281,8.159871336778387,8.117913294820347,10.210671343785622,8.134426320220927,False,False
684,2903264483984713,0,1032,0,0,0,0,0,0.0,0.0,10.011227255423254,0,False,True
685,31931607075477167516,3193,2509,2498,2075,2000,76,75,4.501482881030244,4.5003293409088645,11.292896755409172,11.018895621121649,True,False
686,1046425112174476484,105,604,599,572,2000,54,54,4.279334616395133,4.2793346163951345,9.238404739325079,9.159871336778389,True,False
687,5305331486606249025,531,1140,1135,1009,2000,68,68,4.652021237018068,4.652021237018066,10.154818109052105,9.978710459106358,True,False
688,7918876671985040,1,178,97,97,97,97,97,6.599912842187128,6.599912842187128,7.475733430966398,6.599912842187128,False,False
689,14962500000000000,1,2702,1194,1155,1194,1194,1155,10.221587121264806,10.144945768664869,11.399811959325685,10.17367713630342,False,False
690,59850000000000000,6,693,639,610,2000,198,196,5.441781144441434,5.437358265215052,9.436711542137214,9.252665432450248,True,False
691,626614139110250,0,480,0,0,0,0,0,0.0,0.0,8.906890595608518,0,False,True
692,24700367009456277,2,1786,1043,990,2000,720,694,6.521139076821068,6.481461330683674,10.802516365121223,9.951284714966972,True,False
693,673144063884238,0,211,0,0,0,0,0,0.0,0.0,7.721099188707185,0,False,True
694,15716610000000000000,1572,9784,8304,6813,2000,1214,1172,5.543535682809165,5.540763430305436,13.256208688527387,12.734074491428045,True,False
695,9323683772699152,1,302,103,103,103,103,103,6.686500527183221,6.686500527183221,8.238404739325079,6.6865005271832185,False,False
696,94583435300312003,9,4481,2867,2622,2000,1212,1168,4.441075294910151,4.426938874463215,12.129605011152504,11.356451970221755,True,False
697,113852353557325890528,11385,9405,8210,6809,0,0,0,0.0,0.0,13.199212228410557,12.733227217851562,False,True
698,4320547693814818086,432,3648,3582,2901,2000,208,207,4.90852772747465,4.908003843110217,11.832890014164741,11.502334580197997,True,False
699,3321675000000000000,332,116,107,104,2000,33,33,4.145064628206196,4.145064628206196,6.857980995127572,6.700439718141092,True,False
700,2593500000000000,0,1221,0,0,0,0,0,0.0,0.0,10.253847484987404,0,False,True
701,99400875000000000000,9940,5522,5483,4396,2000,237,237,5.563739987138134,5.563739987138135,12.430975172588068,12.101975670949232,True,False
702,5660529831363677931,566,9032,7446,6147,2000,1220,1180,4.878523035976015,4.874705962518812,13.140829770773001,12.585666769732402,True,False
703,9917342990710787725,992,2768,2746,2250,2000,123,122,4.490597613546465,4.49030389465094,11.434628227636725,11.1357092861044,True,False
704,18201555273538350,2,275,207,205,2000,175,174,6.412533047822669,6.406525538435937,8.103287808412022,7.679480099505446,True,False
705,1001266735384377,0,293,0,0,0,0,0,0.0,0.0,8.194756854422248,0,False,True
706,2235588972431077694,224,4958,4167,3500,2000,764,736,4.507951444118455,4.5000978586238505,12.275542556086723,11.77313920671969,True,False
707,35600760639917661300,3560,10089,8460,6848,2000,1243,1195,5.415044166393298,5.412054065567246,13.30049556424774,12.741466986401146,True,False
708,47882644579967447017,4788,5338,5294,4251,2000,218,218,5.037025369837543,5.037025369837542,12.382083590141967,12.053586543639176,True,False
709,111580271100483958882,11158,4681,4627,3758,0,0,0,0.0,0.0,12.192601049711953,11.875749351420055,False,True
710,3933893400923650868,393,1453,1448,1275,2000,67,66,4.293566350083663,4.291715970244208,10.504818987632841,10.31628153174622,True,False
711,145595100000000000,15,1549,1176,1069,2000,404,395,4.516108292866008,4.506104291265368,10.597121428789569,10.06204613772049,True,False
712,7017543859649122,1,880,198,197,198,198,197,7.629356620079611,7.619255609978602,9.78135971352466,7.622051819456376,False,False
713,10867469235000000000,1087,4640,4584,3673,2000,206,205,4.723856040647642,4.723208924725648,12.179909090014934,11.842743180731658,True,False
714,145820150888915199,15,144,141,140,2000,48,48,4.146341201917444,4.146341201917444,7.169925001442312,7.129283016944966,True,False
715,72438450000000000000,7244,7000,6699,5536,2000,772,767,6.15139692116389,6.150950536771996,12.77313920671969,12.434628227636725,True,False
716,28000000000000000,3,1080,683,652,2000,425,414,5.800638160840456,5.778447243272539,10.076815597050832,9.348728154231077,True,False
717,29276418946964886,3,399,332,325,2000,179,178,5.18606442950516,5.182061093391731,8.640244936222345,8.344295907915816,True,False
718,227803600515066759,23,4704,3355,3021,2000,1011,985,4.388044485722188,4.381530131224066,12.199672344836364,11.56081046872794,True,False
719,10025062656641604,1,307,226,226,226,226,226,7.820178962415187,7.820178962415187,8.262094845370179,7.820178962415188,False,False
720,25914786967418546365,2591,8974,7791,6454,2000,1026,1005,5.410968815389505,5.408972950780866,13.131535468676345,12.655977862486942,True,False
721,2475353296483589,0,895,0,0,0,0,0,0.0,0.0,9.805743872151618,0,False,True
722,2780000000000000000,278,8467,6916,5798,2000,1242,1199,4.923098939011137,4.917777541317287,13.04763517372503,12.501339618061397,True,False
723,2210000000000000000,221,8094,6504,5443,2000,1217,1176,4.57281826229281,4.566694105348589,12.982637133669424,12.410186320725094,True,False
724,630394787017523508,63,5142,4091,3526,2000,985,945,4.398376040547585,4.387889899301127,12.328113894833656,11.783816759320182,True,False
725,1174285369819947375,117,4912,4054,3427,2000,823,789,4.558067814400129,4.5449502991758255,12.262094845370179,11.742730476519174,True,False
726,595928052209144951205,59593,1629,1624,1399,0,0,0,0.0,0.0,10.669770888525518,10.450180247164754,False,True
727,3990000000000000,0,1179,0,0,0,0,0,0.0,0.0,10.203348002979762,0,False,True
728,27005132479674301405,2701,3444,3041,2494,2000,472,459,5.911581974709221,5.908491595344799,11.749869427396844,11.28424574982967,True,False
729,58653000000000000,6,2534,1729,1669,2000,825,816,4.440993621782352,4.43701749827668,11.30720080914081,10.704768239362599,True,False
730,5486250000000000,1,1339,212,212,212,212,212,7.727920454563202,7.727920454563202,10.386940245324311,7.727920454563199,False,False
731,12276965973200095,1,2460,1101,1059,1101,1101,1059,10.104598753564371,10.022523796274086,11.264442600226602,10.048486873992337,False,False
732,2982820270759776485,298,3428,3378,2737,2000,204,204,4.952118855059788,4.952118855059788,11.7431513941125,11.418379719364957,True,False
733,206524444896048403,21,4819,3374,3033,2000,1026,997,4.437649184764523,4.4298863144742935,12.234518085739989,11.56652978262417,True,False
734,297540093021284874,30,5124,3666,3260,2000,1015,986,4.7200491905094175,4.705245157351211,12.323054760341646,11.67065624911844,True,False
735,370929304325051859,37,5431,3905,3430,2000,980,949,4.429064240930135,4.420260214624342,12.407002147924201,11.743992861060175,True,False
736,21500334571606185,2,3211,1596,1525,2000,1212,1170,6.570657999934436,6.531874908179049,11.64880694972577,10.57459352733761,True,False
737,5456080850568337095,546,8790,7440,6080,2000,1227,1184,4.8890381828453195,4.884281253834025,13.101647450030766,12.569855608330949,True,False
738,2992500000000000000,299,1071,1066,967,2000,66,65,4.296426492281978,4.242744701523746,10.064742764750257,9.917372079476841,True,False
739,9972653786240018163,997,7193,6338,5306,2000,875,865,4.454142819779868,4.451307943887228,12.812377888766893,12.373408960228696,True,False
740,4070340672765725,0,1400,0,0,0,0,0,0.0,0.0,10.451211111832329,0,False,True
741,16796671385739159,2,2039,1032,986,2000,922,885,6.570238727415655,6.526619507114884,10.993646060016596,9.945443836377912,True,False
742,237864144616842007,24,458,365,345,2000,112,112,4.3465238484835975,4.346523848483597,8.839203788096944,8.430452551665532,True,False
743,44887500000000000,4,3179,1841,1755,2000,1012,986,5.917117995823941,5.893619322283623,11.634357301137976,10.777255315191923,True,False
744,19801100754649580352,1980,3651,3619,2947,2000,125,123,5.063736166979882,5.0634183159035535,11.834075953434885,11.525031345124,True,False
745,14035087719298245,1,233,165,164,165,165,164,7.366322214245816,7.354201002124604,7.864186144654281,7.357552004618084,False,False
746,7845475740732000000,785,2004,1996,1712,2000,85,84,4.312936963407858,4.312112380962852,10.968666793195208,10.741466986401146,True,False
747,20448263125463587712,2045,9311,7742,6355,2000,992,960,5.765045419963001,5.7626356256829405,13.184720405997767,12.63367640989232,True,False
748,2592511921758570002,259,4608,3888,3242,2000,703,678,4.545837683758015,4.534733576750793,12.169925001442312,11.662668375517542,True,False
749,190476190476190476,19,1806,1377,1236,2000,446,435,4.526464051088394,4.515123690300449,10.818582177480858,10.271463027904375,True,False
750,1175055000000000000,118,6030,4933,4143,2000,1017,976,4.456436400011658,4.444192944903032,12.557942286787448,12.016460104979208,True,False
751,190022284913457559,19,4072,2993,2687,2000,997,958,4.524225575215004,4.507470478830914,11.991521846075695,11.391780606013166,True,False
752,49875000000000000,5,583,513,490,2000,191,190,4.60624237813514,4.603704307069151,9.187352073200497,8.936637939002571,True,False
753,129811224749821615,13,1101,1034,930,2000,188,187,4.707294782880912,4.704290276120773,10.10459875356437,9.861086905995395,True,False
754,24937500000000000,2,3247,1743,1657,2000,1246,1203,6.581994180775472,6.540833050759435,11.664891669286089,10.694357887221452,True,False
755,5953128234140817,1,1667,254,250,254,254,250,7.9886846867721655,7.949314608032009,10.703038388986418,7.965784284662087,False,False
756,99632288834663717,10,3657,2510,2289,2000,1048,1009,5.631060999294582,5.60306506908728,11.836444911341369,11.160501747555687,True,False
757,95678536697222886,10,4116,2490,2285,2000,1019,990,4.949338949197523,4.934041466780569,12.007027266893969,11.157978449945432,True,False
758,22798823666612724846,2280,9519,7888,6498,2000,1053,1023,5.536767161881209,5.534911641486357,13.216594306638793,12.665780028329483,True,False
759,9890761035983100000,989,1780,1775,1547,2000,75,74,4.851607209790887,4.850746515405546,10.79766152585376,10.595257481449035,True,False
760,473829202674629036,47,6107,4748,4127,2000,1216,1172,4.3987018702086145,4.386610258480783,12.576248129843252,12.010877723007034,True,False
761,11072250000000000000,1107,2321,2307,1937,2000,92,91,4.681190172781432,4.680550339153107,11.180530807344482,10.919608238603253,True,False
762,24915051964940898710,2492,2503,2490,2058,2000,75,74,4.323863448084457,4.322625892205053,11.289442575688332,11.007027266893969,True,False
763,15151951994890425785,1515,2341,2328,1932,2000,84,83,4.586646312522881,4.585960747170234,11.192909219112012,10.915879378835774,True,False
764,33174661935994884814,3317,10130,8622,7040,2000,1223,1184,5.478879462989274,5.476751306600788,13.3063465536885,12.78135971352466,True,False
765,67630500000000000,7,4229,2597,2394,2000,1223,1177,4.443053336830895,4.423916175072776,12.046100845028802,11.225207436943501,True,False
766,1008213792625214294,101,6345,5166,4339,2000,1077,1035,4.564926074708543,4.55332723589199,12.631404448728468,12.083146870816742,True,False
767,24937500000000000,2,682,431,419,2000,299,294,6.464614285634064,6.447087996199912,9.413627929024173,8.710806433699352,True,False
768,980385765607929427,98,5361,4477,3906,2000,918,908,4.533238447825452,4.531030438167977,12.388286419762647,11.93147623388679,True,False
769,3391500000000000000,339,6745,5854,4963,2000,923,912,4.60342010992272,4.601613791953341,12.71960272783563,12.27699673929712,True,False
770,11033946553984254599,1103,8905,7451,6155,2000,1047,1018,5.40563298405657,5.403603772296229,13.120399895988982,12.58754314137182,True,False
771,190167348738274265,19,4242,3118,2800,2000,1031,992,4.51948974063998,4.5027379959455045,12.050528905530555,11.451211111832329,True,False
772,9931110000000000000,993,8635,7247,6022,2000,1025,999,5.199459431762796,5.197365457317885,13.075980462416286,12.556026992724677,True,False
773,2965061940969447,0,1266,0,0,0,0,0,0.0,0.0,10.306061689428342,0,False,True
774,20097442743017838716,2010,4994,4940,3964,2000,204,202,4.580209341534045,4.579246139569348,12.285980105928212,11.952741247186488,True,False
775,580548438721650001,58,1494,1244,1097,2000,305,299,4.461801004506423,4.455806701730955,10.544964432789238,10.099347810403193,True,False
776,14292402803595000,1,671,359,352,359,359,352,8.48784003382305,8.44884281933837,9.390168956200183,8.459431618637296,False,False
777,90183975000000000000,9018,5429,5361,4365,2000,217,215,5.5333595414962025,5.5222705521828015,12.406470768529283,12.091765938516803,True,False
778,996123975254203015,100,6211,5001,4316,2000,1004,982,4.502796305989276,4.498896648853854,12.600609852446706,12.075479149488016,True,False
779,235067372257140157,24,468,461,444,2000,74,71,4.2803546212148555,4.243219503775716,8.870364719583405,8.794415866350105,True,False
780,11215851656750002234,1122,2156,2145,1812,2000,74,73,5.037136349524802,4.99307179354791,11.074141462752506,10.823367240046235,True,False
781,9945275163060713846,995,2114,2102,1773,2000,83,82,4.808356119412937,4.804270440632303,11.045759661382682,10.79197682089869,True,False
782,6230795335111192879,623,1947,1935,1619,2000,82,80,4.432908492339414,4.431114282519131,10.927037168720295,10.660887270302567,True,False
783,5949138353654601464,595,2149,2134,1777,2000,102,101,4.627656253720667,4.627124156768996,11.069449767427784,10.795227966028678,True,False
784,1592082364563197056,159,1616,1597,1326,2000,120,119,4.5991896226725775,4.598914992100348,10.658211482751796,10.372865060112588,True,False
785,1469067187057092613,147,1901,1873,1533,2000,101,101,4.306225367615907,4.306225367615907,10.892542816648552,10.582141981658777,True,False
786,60529013178872826407,6053,9193,8026,6683,2000,1024,1006,5.8132397760769186,5.811741933626453,13.166320025266979,12.706280158849161,True,False
787,3657798637979668875,366,1701,1487,1288,2000,267,263,4.54036596223215,4.537903571404557,10.732167425663386,10.330916878114618,True,False
788,17205212522400665613,1721,3666,3631,2956,2000,127,125,4.75585252801777,4.755513361904077,11.839991070539886,11.52943055414615,True,False
789,1473309531372708156,147,2846,2788,2286,2000,203,202,4.5335302865700715,4.532683937412575,11.474719946526482,11.158609688214478,True,False
790,3209250620410611914,321,1459,1450,1255,2000,78,76,4.36244061369512,4.360439581192544,10.510764167917891,10.293471648838134,True,False
791,7163084246315737,1,952,224,222,224,224,222,7.807354922057605,7.78612774570866,9.894817763307943,7.794415866350106,False,False
792,18944944650468308,2,206,113,113,2000,96,96,6.242537524225764,6.242537524225764,7.6865005271832185,6.820178962415188,True,False
793,1530094529142721,0,480,0,0,0,0,0,0.0,0.0,8.906890595608518,0,False,True
794,49875000000000000,5,3377,1941,1839,2000,1024,995,4.519037533324703,4.505722347692163,11.721526464007477,10.844705764411938,True,False
795,1763090531769316459,176,3128,3047,2551,2000,306,306,4.586169917451718,4.586169917451716,11.611024797307353,11.316847183602473,True,False
796,415513410834673558,42,2023,1940,1696,2000,323,323,4.544112593320456,4.544112593320455,10.982280604558284,10.727920454563199,True,False
797,449965741840701645,45,2088,2002,1748,2000,342,341,5.042256845611426,5.04108587078729,11.027905996569885,10.7714894695006,True,False
798,420622481420340889,42,2074,1982,1737,2000,351,350,4.480721475840676,4.480158386356373,11.018200178813226,10.762382038710392,True,False
799,171563002056400782,17,1490,1396,1281,2000,365,364,4.626574501895565,4.6255614162054,10.541096615349524,10.323054760341646,True,False
800,374863758518940912,37,2118,2013,1769,2000,415,413,4.415972308398674,4.414971858196083,11.048486873992337,10.788718332690458,True,False
801,15364410801314402,2,1507,769,740,2000,713,687,6.51248987628326,6.472851817813918,10.557463701597824,9.531381460516313,True,False
802,3294762636910668885,329,1610,1602,1369,2000,91,90,4.375107405754342,4.374435142108108,10.65284497300198,10.4189067312579,True,False
803,1474383860252129761,147,2771,2711,2227,2000,209,208,4.50367767306361,4.5027385055075815,11.436190995481416,11.12088584278779,True,False
804,32714566326940840954,3271,9381,7885,6463,2000,998,967,5.937514197029137,5.914045301431216,13.195526004646197,12.657988276277939,True,False
805,142316548680600000,14,291,279,271,2000,58,58,4.287549343952644,4.287549343952645,8.184875342908283,8.08214904135387,True,False
806,425973809723886967,43,5103,3964,3460,2000,1040,999,4.417479569554031,4.401754732397664,12.317129926384542,11.756556322524087,True,False
807,24907575000000000000,2491,5639,5468,4525,2000,526,523,5.682936487245847,5.682274882788244,12.461223627613371,12.143702076857931,True,False
808,17903101191400511630,1790,9167,7696,6342,2000,1009,978,5.130198596255626,5.124805740203707,13.162233958149615,12.630722162103838,True,False
809,131855080701699998153,13186,2873,2861,2346,0,0,0,0.0,0.0,11.488342277532524,11.19598729802851,False,True
810,3092250000000000000,309,16,15,15,54,15,15,3.855443877973837,3.8554438779738374,4.0,3.9068905956085187,False,False
811,64105264438634695,6,48,46,46,2000,31,31,4.221373879139069,4.221373879139069,5.584962500721156,5.523561956057013,True,False
812,6928679626677155550,693,3703,3639,2915,2000,188,186,4.913134705741751,4.912377251871039,11.85447883417163,11.509280168087859,True,False
813,436032534330431770,44,5264,4007,3533,2000,993,972,4.525391076097987,4.51589075421983,12.361943773735241,11.786678033890652,True,False
814,50626086734372332,5,3553,2110,2004,2000,1023,994,4.744951423003904,4.72847473081289,11.794821973331223,10.968666793195208,True,False
815,6884224133854231658,688,8572,7036,5831,2000,969,940,4.43060974661751,4.42218390758964,13.065416134676548,12.509527607423152,True,False
816,10046740226130360375,1005,4538,4483,3597,2000,204,202,4.55882451044365,4.5544187302416255,12.147840893672337,11.81257844413538,True,False
817,26150274154849144,3,3289,1738,1652,2000,1215,1174,6.572902700993195,6.534420688296711,11.683433292835403,10.689997971419446,True,False
818,22203974722821816619,2220,4983,4902,3987,2000,306,306,4.592977882095758,4.592977882095757,12.282798858683533,11.96108788999733,True,False
819,49523405656830000,5,1170,796,747,2000,404,394,4.877498585364324,4.863021091286935,10.192292814470767,9.544964432789238,True,False
820,170400000000000000000,17040,6239,6083,5020,0,0,0,0.0,0.0,12.607099094093552,12.293471648838134,False,True
821,69825000000000000,7,644,581,551,2000,165,164,4.359788163223725,4.357765041836442,9.330916878114618,9.105908508571158,True,False
822,1010000000000000000,101,7370,5884,5016,2000,1192,1151,4.601353789748635,4.594889638213126,12.847448903982432,12.29232163280204,True,False
823,12967500000000000,1,2659,1142,1104,1142,1142,1104,10.157346935362845,10.083472567607503,11.376668061857668,10.108524456778168,False,False
824,1241468086988800447,124,223,221,210,2000,44,44,4.258194819010275,4.258194819010275,7.800899899920305,7.714245517666122,True,False
825,2181532500000000000,218,31,28,28,2000,27,27,4.442324281494084,4.442324281494084,4.954196310386875,4.807354922057604,True,False
826,488775000000000000,49,4873,3868,3432,2000,968,957,4.479655240974258,4.476214667761687,12.250594507192316,11.744833837499545,True,False
827,5271714666213106546,527,9015,7501,6157,2000,1239,1199,4.879181012801617,4.874948646443179,13.138111776319704,12.588011853215088,True,False
828,3987613890277862269,399,8663,7149,5913,2000,1241,1201,4.834616266500957,4.8301626817297105,13.080651001949818,12.529674561764642,True,False
829,7118871858133768184,712,2100,2085,1743,2000,84,83,4.255204133367605,4.253941947945655,11.036173612553485,10.767356854125685,True,False
830,21327072105477587,2,347,288,284,2000,191,190,6.420948034136039,6.415441150531534,8.43879185257826,8.149747119504681,True,False
831,1695552714530993278,170,7831,6338,5307,2000,1258,1214,4.966760100717734,4.962201316163332,12.934980832653832,12.373680833411614,True,False
832,122077238312000931,12,1831,1632,1541,2000,578,576,4.429975240126879,4.42873354662415,10.838416075797337,10.589651146514786,True,False
833,8977500000000000,1,1613,418,414,418,418,414,8.707359132080882,8.688220376100023,10.655530723155643,8.693486957499326,False,False
834,26365209789092835,3,696,448,433,2000,294,289,5.586075160780275,5.5731600316289835,9.442943495848729,8.758223214726724,True,False
835,369075000000000000,37,3239,2883,2581,2000,740,735,4.488422412663399,4.487065180632719,11.661332752795186,11.33371442609397,True,False
836,9270907754687907995,927,4298,4253,3415,2000,197,197,4.375540535298131,4.375540535298131,12.069449767427784,11.737669863177453,True,False
837,44089500000000000,4,3711,2246,2081,2000,1236,1193,5.303097556371691,5.275428678293634,11.857592285697526,11.023061249735335,True,False
838,39745470015499488135,3975,9235,7969,6415,2000,1179,1134,5.308891089011544,5.3038403797389275,13.1728962458698,12.647233549977045,True,False
839,46918663718787241,5,2901,1767,1691,2000,971,954,5.2756720756793705,5.2619973350851605,11.502334580197997,10.723660944409984,True,False
840,315653166364730377,32,5937,4334,3814,2000,1218,1174,4.916291729465505,4.902986928387555,12.535518397768667,11.897089128312755,True,False
841,6980717408471242149,698,9119,7533,6203,2000,1219,1177,4.878483127684273,4.873826701025316,13.154659910133047,12.598750409571753,True,False
842,1995000000000000000,200,3036,2980,2425,2000,201,200,4.581358992611573,4.580573166064925,11.567956075415466,11.243769031961852,True,False
843,45537635114902936437,4554,3055,3040,2548,2000,94,93,4.6266619758726515,4.626016117074661,11.576956664706092,11.3151495622563,True,False
844,144774193722402008,14,578,552,496,2000,120,119,4.306167835074495,4.305539661482144,9.174925682500678,8.954196310386875,True,False
845,99750000000000000,10,954,881,837,2000,273,273,4.734354669924198,4.734354669924198,9.897845456005511,9.709083812550343,True,False
846,502291174720951962,50,6063,4786,4124,2000,1164,1121,4.45747014129964,4.44492374341347,12.565816107100892,12.00982861736811,True,False
847,28451301909104890,3,71,64,63,2000,59,58,4.903922416688149,4.899569897282469,6.149747119504682,5.977279923499917,True,False
848,3975777428614022745,398,5339,5028,4201,2000,741,737,5.2393157910587975,5.238916839237751,12.382353833664512,12.036517070486518,True,False
849,8612451210902626,1,1590,412,409,412,412,409,8.686500527183217,8.6719374203871,10.634811050171718,8.67595703294175,False,False
850,103400475977557245,10,4595,3099,2826,2000,1183,1142,4.553719609464753,4.540649847036509,12.165849146176397,11.46454575033394,True,False
851,299250000000000000,30,1829,1737,1539,2000,352,350,4.368101046787112,4.364625515452541,10.836839359748716,10.58777751632821,True,False
852,20347989948895949,2,556,459,456,2000,362,361,6.494908072819922,6.491906572069547,9.118941072723507,8.832890014164741,True,False
853,285273210717075000,29,1200,959,866,2000,294,288,4.41012263452381,4.40392072298347,10.228818690495881,9.758223214726724,True,False
854,2911775527060456,0,891,0,0,0,0,0,0.0,0.0,9.799281621521923,0,False,True
855,19708085645089220065,1971,5402,5245,4327,2000,477,475,4.828971050222709,4.828473150684866,12.399277924508967,12.079151405421891,True,False
856,46933218336379648,5,3777,2275,2102,2000,1241,1198,4.553201941888688,4.5355781577487795,11.883025068440173,11.037546953962178,True,False
857,2989775100770582625,299,6033,5207,4407,2000,850,840,4.617247893245108,4.615270370934926,12.558659867026508,12.105581181277437,True,False
858,764152747451521,0,554,0,0,0,0,0,0.0,0.0,9.113742166049189,0,False,True
859,99339856923733356664,9934,2844,2832,2335,2000,74,74,4.703038380924314,4.703038380924314,11.473705749619416,11.189206834597025,True,False
860,2839648043750000000,284,3361,2870,2397,2000,509,492,4.531984883648398,4.51898792180419,11.714674827308002,11.227014193649133,True,False
861,12249000000000000000,1225,3761,3277,2666,2000,507,492,5.346018514728922,5.341027132239066,11.876900591040306,11.380461065088973,True,False
862,50125313283208020,5,1069,915,897,2000,458,456,4.760820585057164,4.758453849438132,10.06204613772049,9.80896417491926,True,False
863,2493750000000000000,249,4738,4461,3762,2000,706,701,4.639736149170205,4.637926908332711,12.21006248324023,11.877284133523196,True,False
864,997500000000000000,100,4181,3824,3280,2000,738,733,4.463540375174827,4.462228735874301,12.029632328044137,11.679480099505446,True,False
865,19946890057977242934,1995,7951,7045,5920,2000,926,915,4.965981584777651,4.964871249482829,12.956920604721088,12.531381460516313,True,False
866,74344687842594497,7,2683,1830,1684,2000,810,778,4.547616062391883,4.530694657304527,11.389631339260522,10.717676423066395,True,False
867,996574656964551553,100,4529,3689,3174,2000,795,763,4.5106568416455195,4.497769411629393,12.144976824050111,11.632086412835182,True,False
868,1614623193719025000,161,1155,1142,990,2000,79,78,4.321166792767377,4.320156049883975,10.17367713630342,9.951284714966972,True,False
869,9653050391802099962,965,2204,2189,1835,2000,94,93,4.717188183647373,4.716581577403268,11.105908508571158,10.841564347730575,True,False
870,1689999141882872909,169,1320,1305,1130,2000,89,88,4.411205314382954,4.410259095919085,10.366322214245816,10.14210705730255,True,False
871,43811653804323194366,4381,9606,8256,6775,2000,1115,1082,5.6470817033064735,5.645049055830389,13.229720093237413,12.726005231128596,True,False
872,52809131080103,0,37,0,0,0,0,0,0.0,0.0,5.20945336562895,0,False,True
873,169563709581304710000,16956,3835,3373,2744,0,0,0,0.0,0.0,11.905010862390295,11.422064766172813,False,True
874,174544082148562183,17,1293,1229,1119,2000,267,267,4.5048902750395055,4.5048902750395055,10.336506559810255,10.127994320976393,True,False
875,371070000000000000,37,3870,3016,2651,2000,817,784,4.448725293540274,4.435745385840457,11.918117851031772,11.37232095486726,True,False
876,1681774221995653349,168,550,547,517,2000,61,61,4.522980737452125,4.522980737452125,9.103287808412022,9.014020470314934,True,False
877,10344507174855000,1,405,197,196,197,197,196,7.622051819456377,7.611899535192418,8.661778097771988,7.614709844115208,False,False
878,5482399988152500000,548,1860,1849,1526,2000,79,78,4.436483919248171,4.435873860003426,10.861086905995395,10.57553924683453,True,False
879,9905175000000000000,991,4421,4366,3510,2000,213,212,4.771872810703025,4.771261461845135,12.110157018954066,11.777255315191923,True,False
880,2474445068319094259,247,3315,3249,2694,2000,279,279,4.738062268325523,4.738062268325523,11.69479315499995,11.395534135462302,True,False
881,36477888107535000,4,3172,1674,1587,2000,960,931,5.281728834120337,5.257240008619189,11.63117705570398,10.632086412835182,True,False
882,23686468675540266233,2369,9189,7792,6435,2000,1036,1008,5.442475471945869,5.439229428950429,13.165692152320114,12.651724433108065,True,False
883,413962500000000000,41,4387,3406,2977,2000,911,874,4.40014014319711,4.386587453918419,12.09901899101923,11.539643506238036,True,False
884,90171857565705785,9,2117,1759,1693,2000,732,727,5.014002187038503,5.010033170123473,11.047805554007589,10.725366257895642,True,False
885,12783091884982065701,1278,9635,8137,6683,2000,1207,1164,5.41067376559979,5.406901764668768,13.234068951183083,12.706280158849161,True,False
886,63453418644479028277,6345,9209,8036,6688,2000,1002,984,5.07349689837684,5.069843235749138,13.16882878806135,12.707359132080883,True,False
887,6053754338520292773,605,8020,6845,5714,2000,1007,988,4.862259421977724,4.8586859497698835,12.969386521342283,12.480285320936371,True,False
888,15538847117794486215,1554,5019,4364,3537,2000,672,651,5.477638682299255,5.473637246406028,12.29318423075951,11.788310503700918,True,False
889,290498086599764819,29,3594,2826,2555,2000,791,785,4.40420647676496,4.402492133339454,11.811374693509942,11.319107575824983,True,False
890,568575000000000000,57,6017,4507,3925,2000,970,941,4.401390436370213,4.393431474936209,12.554828641429854,11.938476938666351,True,False
891,208590932495143219,21,3538,2723,2502,2000,829,819,4.4414561419414165,4.436979603689661,11.788718332690458,11.28886607416582,True,False
892,554610000000000000,55,5770,4431,3880,2000,1012,986,4.71975123129569,4.7067109309213375,12.494355603532846,11.92184093707449,True,False
893,667234987717125503,67,6152,4665,4059,2000,964,935,4.554792889365037,4.545127329162596,12.586839787961827,11.986908624697694,True,False
894,99740025000000000000,9974,9900,8500,6830,2000,1292,1244,6.477435515531217,6.442939256735048,13.273212809854334,12.737669863177453,True,False
895,10485590791969521,1,581,285,283,285,285,283,8.154818109052107,8.140783021332808,9.18239435340453,8.144658242831882,False,False
896,14043824011233969579,1404,9763,8240,6757,2000,1207,1167,4.795189252067594,4.789995172861011,13.253108815655365,12.722167139781853,True,False
897,19258010396556477784,1926,4893,4833,3883,2000,214,213,4.863299539517886,4.862749401983504,12.256503567433041,11.922955991908477,True,False
898,13765500000000000000,1377,4675,4606,3692,2000,202,201,4.723775527854631,4.723069396278781,12.19075064966236,11.850186837645774,True,False
899,595767520460135217915,59577,1629,1624,1399,0,0,0,0.0,0.0,10.669770888525518,10.450180247164754,False,True
900,40897500000000000,4,3417,1789,1670,2000,1021,991,4.744464762788812,4.726837319037731,11.738514532429267,10.705632387361415,True,False
901,3483453339972451,0,651,0,0,0,0,0,0.0,0.0,9.346513733165635,0,False,True
902,2707372121828369,0,561,0,0,0,0,0,0.0,0.0,9.131856960608793,0,False,True
903,14195422500000000000,1420,9700,8186,6727,2000,1217,1176,5.65692473047491,5.654983047421593,13.243769031961852,12.715747542831355,True,False
904,2468292458171476566,247,1329,1323,1136,2000,91,90,4.424262254993704,4.423411531535891,10.376125389276174,10.149747119504681,True,False
905,7020028209857520371,702,2944,2579,2147,2000,416,405,4.830228030445155,4.82615183562869,11.523561956057012,11.068106475858773,True,False
906,9975000000000000,1,1646,507,493,507,507,493,8.985841937003338,8.925181409385658,10.684748620421626,8.945443836377912,False,False
907,21033814087174983,2,374,317,316,2000,235,235,6.448150288201461,6.448150288201461,8.546894459887637,8.303780748177102,True,False
908,1121275511531249018,112,5976,4889,4108,2000,1010,970,4.454298919617402,4.44440801081192,12.544964432789238,12.004220466318195,True,False
909,927675000000000000,93,5448,4389,3753,2000,988,948,4.462853755451927,4.452930068074614,12.411510988012072,11.873828574886977,True,False
910,2194500000000000000,219,1673,1657,1395,2000,110,109,4.445279877372838,4.4446813012783615,10.708221730038353,10.44604940671655,True,False
911,19950000000000000,2,2936,1395,1342,2000,1201,1162,6.56680293052305,6.528298299536113,11.519636252843213,10.390168956200183,True,False
912,7367033859794811,1,1964,371,362,371,371,362,8.535275376620802,8.481367020825655,10.939579214314692,8.499845887083206,False,False
913,2194500000000000000,219,15,14,14,5,12,12,3.3908054820769817,3.3908054820769817,3.9068905956085187,3.807354922057604,False,False
914,9975000000000000,1,2087,573,556,573,573,556,9.162391328756906,9.09326455655021,11.027214885159834,9.118941072723507,False,False
915,5330757485997988,1,1787,192,187,192,192,187,7.584962500721157,7.522462500721157,10.80332391904149,7.546894459887636,False,False
2748,7469176732041864717,747,4197,4142,3310,2000,209,208,4.725075992627652,4.7244287434367145,12.03514274788591,11.69261550169458,True,False
2749,300000000000000000,30,1563,1518,1316,2000,198,198,4.355587433661835,4.355587433661834,10.610102062999664,10.361943773735241,True,False
2750,9984848742925289749,998,6919,5909,4811,2000,963,923,5.346113218036361,5.3412007649507345,12.756347825516587,12.232121084082221,True,False
2751,6895063273311128593,690,6699,5692,4653,2000,942,902,5.009533554477057,5.002808565796229,12.709730036543629,12.183945471757246,True,False
2752,25528430221931801738,2553,7023,6050,4883,2000,939,902,5.787830093729479,5.784579962074748,12.777871719833168,12.253552062637464,True,False
2753,23850767681798353662,2385,6930,5974,4832,2000,945,908,6.154279389264439,6.151913046323514,12.758639637024576,12.238404739325079,True,False
2754,7218091990009666990,722,6402,5461,4462,2000,898,861,4.988535196535819,4.9818775053781765,12.644306961545581,12.12347479824414,True,False
2755,6899462613730700859,690,6195,5276,4316,2000,865,830,5.0105552063044385,5.004354919745178,12.596888567027964,12.075479149488016,True,False
2756,12298467028154439075,1230,5836,5027,4089,2000,782,753,4.924083377764541,4.919445264975774,12.510764167917891,11.997532347526366,True,False
2757,169463166112316643569,16946,5589,4885,3949,0,0,0,0.0,0.0,12.448374459662794,11.947271652460348,False,True
2758,5179148808451800000,518,1771,1759,1475,2000,60,60,4.223607715330788,4.223607715330789,10.790348496751914,10.526499239136566,True,False
2759,199500000000000000,20,3802,2875,2640,2000,931,920,4.440525365941296,4.436786535152576,11.892542816648552,11.366322214245816,True,False
2760,13555619254493271589,1356,9767,8233,6748,2000,1213,1173,4.964025585354043,4.959495076659488,13.25369978137418,12.720244258287567,True,False
2761,5000000000000000,1,1451,123,120,123,123,120,6.942514505339238,6.887596720768804,10.502831804066744,6.906890595608519,False,False
2762,44887500000000000,4,3726,2143,2003,2000,1215,1174,5.200798711055333,5.178000930909701,11.863411958941638,10.967946705812707,True,False
2763,2024276772797943934,202,3246,3174,2634,2000,283,283,4.454015786961009,4.454015786961008,11.664447284547972,11.363039630256514,True,False
2764,976174476478864,0,245,0,0,0,0,0,0.0,0.0,7.936637939002571,0,False,True
2765,4987500000000000,0,415,0,0,0,0,0,0.0,0.0,8.696967526234287,0,False,True
2766,18651545708362523,2,45,32,32,356,32,32,4.798368834604242,4.798368834604242,5.491853096329675,5.0,False,False
2767,91346925681405959247,9135,9616,8203,6759,2000,1040,1012,5.814157245843176,5.8124699148473145,13.231221180711186,12.722594098956584,True,False
2768,6592143587874447361,659,2223,2208,1836,2000,104,103,4.536699069369945,4.536186016845706,11.11829223302699,10.842350343413807,True,False
2769,2474809195067055000,247,2027,1768,1522,2000,329,322,4.5535302431029026,4.54836338265698,10.985130373466898,10.571752643503546,True,False
2770,778050000000000000,78,2204,2165,1804,2000,212,212,4.472406001662184,4.4724060016621845,11.105908508571158,10.81698362325538,True,False
2771,560595000000000000000,56060,5658,5591,4502,0,0,0,0.0,0.0,12.466076461396252,12.136350341454156,False,True
2772,10786916641434295,1,1506,701,696,701,701,696,9.453270634010625,9.439005298775246,10.556506054671928,9.442943495848729,False,False
2773,11099653723604759,1,1535,717,711,717,717,711,9.485829308701906,9.469092907028266,10.584022940257542,9.473705749619416,False,False
2774,2972864211791525625,297,3906,3338,2780,2000,583,564,4.507197749337823,4.495447569481328,11.93147623388679,11.44086916761087,True,False
2775,9784450567500000000,978,4436,4380,3517,2000,204,203,4.533733091074593,4.532886839584037,12.11504365016171,11.780129619625306,True,False
2776,335259750000000000,34,4854,3721,3271,2000,1038,997,4.551398557206515,4.5342417008765405,12.244958393151133,11.675516044082778,True,False
2777,2837887500000000000,284,1414,1405,1195,2000,77,76,4.49216954648276,4.491109996430387,10.4655664048094,10.222794902868111,True,False
2778,13809678965130876,1,1460,695,669,695,695,669,9.44086916761087,9.356891429515041,10.51175265376738,9.38586240064146,False,False
2779,57935017877417476134,5794,5349,5294,4257,2000,260,259,6.023101182969392,6.022320739352944,12.38505348834615,12.055621374781708,True,False
2780,161317829037843587711,16132,7081,6801,5617,0,0,0,0.0,0.0,12.789737401067145,12.455584087578611,False,True
2781,989488936289290347,99,3875,3590,3096,2000,714,710,4.43240044753786,4.431012442217174,11.919980595048962,11.59618975614441,True,False
2782,1024525345701903808,102,5660,4778,4121,2000,914,904,4.513713769669621,4.511856925548085,12.466586337719244,12.0087787482805,True,False
2783,8577459408000000,1,1201,364,364,364,364,364,8.507794640198696,8.507794640198696,10.230020435705635,8.507794640198696,False,False
2784,130706957954843,0,88,0,0,0,0,0,0.0,0.0,6.459431618637297,0,False,True
2785,12045158581199195703,1205,9718,8177,6710,2000,1230,1188,5.377810168313876,5.374441124682082,13.246443717117286,12.712097051087547,True,False
2786,1516200000000000000,152,3387,3259,2762,2000,447,445,5.131688919975318,5.131291274039258,11.725792271494157,11.43149760425805,True,False
2787,416073335647153557,42,6235,4625,4037,2000,1219,1173,4.615597317090402,4.602300929352535,12.606173844717032,11.97906787148051,True,False
2788,4982456140350877192,498,7783,6571,5369,2000,1096,1053,4.7206282305304885,4.711133591699035,12.926110641785304,12.390437689560537,True,False
2789,9476250000000000,1,592,191,190,191,191,190,7.577428828035749,7.5669576238472676,9.20945336562895,7.569855608330948,False,False
2790,556935826089022614,56,5131,4065,3505,2000,993,952,4.395951284118644,4.381088888047622,12.325024310191417,11.775198728897985,True,False
2791,166582500000000000,17,3459,2536,2287,2000,856,822,4.4821882086115,4.468261181928133,11.756139298372927,11.159240650411673,True,False
2792,9975000000000000,1,1440,444,431,444,444,431,8.794415866350107,8.729652606210099,10.491853096329674,8.751544059089099,False,False
2793,155636577376332965997,15564,3605,3195,2610,0,0,0,0.0,0.0,11.815783544128184,11.349834091457247,False,True
2794,6666666666666666666,667,7238,6152,5012,2000,1021,980,5.123075544685006,5.117394896876075,12.82137539237254,12.29117069932186,True,False
2795,3894403980593860,0,725,0,0,0,0,0,0.0,0.0,9.501837184902296,0,False,True
2796,52381764901384445407,5238,2733,2721,2274,2000,83,83,5.139396162239449,5.139396162239449,11.416269744523207,11.151016538892248,True,False
2797,4993143051739380808,499,1397,1393,1248,2000,71,70,4.7262158683859825,4.72510140888477,10.448116305409464,10.285402218862249,True,False
2798,9975000000000000,1,1115,363,354,363,363,354,8.50382573799575,8.446649739367201,10.122827994807666,8.467605550082997,False,False
2799,9975000000000000000,998,5134,4425,3603,2000,714,689,5.345546876827586,5.340725517973425,12.325867580575418,11.81498293642679,True,False
2800,192471007183611893,19,2621,2310,2138,2000,724,720,4.395357182795346,4.394087262643528,11.355901638328417,11.06204613772049,True,False
2801,1994756751054480000,199,4543,3805,3200,2000,722,695,4.378303537169452,4.366620504114958,12.149429590056743,11.643856189774725,True,False
2802,3080927095863474826,308,5462,4616,3829,2000,807,774,4.601420143659774,4.5901779937813245,12.415213598765286,11.902751944850161,True,False
2803,724401546462510198,72,2205,2149,1784,2000,205,204,4.407051007549348,4.406050807509341,11.106562940444883,10.800899899920305,True,False
2804,165458070481577457,17,3592,2709,2511,2000,914,904,4.442153735367398,4.439012310094819,11.810571634741146,11.2940463132715,True,False
2805,9975000000000000,1,1340,450,448,450,450,448,8.813781191217036,8.804892302328147,10.388017285345136,8.807354922057604,False,False
2806,3473793750000000000,347,8679,7144,5961,2000,1213,1171,5.128233324850118,5.124019053159114,13.083313108650756,12.541338657970826,True,False
2807,20050125313283208,2,3013,1505,1443,2000,1196,1157,6.56502054961015,6.526704687691021,11.556984957594462,10.494855584491198,True,False
2808,78813788882907304,8,2166,1509,1385,2000,645,626,4.519903977285275,4.508426071404839,11.080817527608327,10.43567026093655,True,False
2809,171264213393681000,17,1469,1377,1266,2000,349,348,4.487459635757343,4.486638617694947,10.52061868055628,10.306061689428342,True,False
2810,2992500000000000,0,138,0,0,0,0,0,0.0,0.0,7.108524456778169,0,False,True
2811,739007542224613135,74,2197,2145,1791,2000,224,224,4.7260538152472815,4.72605381524728,11.101319154423276,10.806549621985962,True,False
2812,258255357563716657524,25826,5657,4946,3991,0,0,0,0.0,0.0,12.465821455643775,11.962534563511271,False,True
2813,6104700000000000000,610,9151,7518,6177,2000,1232,1186,4.92277379837539,4.9170376687372315,13.159713691032628,12.59269061535341,True,False
2814,23116789235234100000,2312,1941,1936,1671,2000,73,72,4.705958447038816,4.7049539792341095,10.922584402713664,10.706496018061188,True,False
2815,498750000000000000,50,66,64,63,2000,42,42,4.386135807064454,4.386135807064454,6.044394119358453,5.977279923499917,True,False
2816,2153693704178100000,215,1236,1229,1079,2000,83,81,4.375517677343361,4.373505257893377,10.271463027904375,10.075479149488016,True,False
2817,3255479590228130265,326,8539,7019,5818,2000,1233,1194,4.408639522642089,4.4005095950627755,13.059851410770802,12.506307581100307,True,False
2818,443584702151770,0,260,0,0,0,0,0,0.0,0.0,8.022367813028454,0,False,True
2819,987157736571562099,99,3209,3019,2602,2000,564,562,4.642854028206011,4.642357474974269,11.647908074281807,11.345405246717796,True,False
2820,600000000000000000,60,2118,2058,1740,2000,252,252,4.5009485800227145,4.500948580022714,11.048486873992337,10.76487159073609,True,False
2821,84787500000000000000,8479,5515,5476,4386,2000,226,226,5.232401015444019,5.232401015444019,12.429145170478744,12.098690096673593,True,False
2822,1249867500000000000,125,3565,3377,2875,2000,557,555,4.685680662827929,4.685145045218543,11.79968636133125,11.4893462407191,True,False
2823,8975199488246156430,898,9359,7808,6423,2000,1221,1180,4.393225675248298,4.383605172074177,13.192138672150957,12.649031581106666,True,False
2824,9973966419159500323,997,9353,7774,6380,2000,1240,1199,5.510355075450584,5.508001631974053,13.191213472221285,12.639340708652231,True,False
2825,99750000000000000,10,949,703,649,2000,295,290,4.934933484117927,4.925500793105934,9.89026427702111,9.342074667999139,True,False
2826,940993592944615233,94,1381,1357,1121,2000,132,131,4.30521177703606,4.304751366624245,10.43149760425805,10.130570562805426,True,False
2827,1326432428307111,0,665,0,0,0,0,0,0.0,0.0,9.377210530388552,0,False,True
2828,4486322039464747295,449,5406,5099,4258,2000,729,723,4.698282254930027,4.697074727846864,12.400345796534694,12.055960234452295,True,False
2829,6569859229452855000,657,3467,3003,2461,2000,484,471,5.0854574692544805,5.079372003591468,11.759472121202833,11.26502894245816,True,False
2830,100764955044938417925,10076,10322,8732,7100,0,0,0,0.0,0.0,13.33343491528405,12.793603309279407,False,True
2831,631578947368421052,63,1986,1658,1448,2000,388,380,4.393024848155686,4.386344657159491,10.955649907528374,10.499845887083206,True,False
2832,638976236432653,0,208,0,0,0,0,0,0.0,0.0,7.700439718141092,0,False,True
2833,194059087539067391865,19406,2823,2812,2273,0,0,0,0.0,0.0,11.463013413449692,11.150381968817848,False,True
2834,4252610081001922287,425,4070,3503,2887,2000,575,557,4.427907489797043,4.419482295397097,11.99081307915361,11.495355392235982,True,False
2835,521652401331516,0,190,0,0,0,0,0,0.0,0.0,7.569855608330948,0,False,True
2836,201076157576627707,20,460,451,428,2000,72,71,4.334537101274078,4.333131741763163,8.845490050944376,8.741466986401146,True,False
2837,3103987455088427929,310,3430,3362,2727,2000,194,192,4.4059495567284195,4.370037361051768,11.743992861060175,11.413098984915264,True,False
2838,238452843505396823,24,475,463,441,2000,77,76,4.255281040511806,4.254011330381435,8.89178370321831,8.784634845557521,True,False
2839,235304142323692753,24,4805,3397,3051,2000,1013,987,4.498469020927078,4.493583255053486,12.230320715661113,11.575066464578656,True,False
2840,41866190779560000,4,744,511,486,2000,285,280,5.238441220023948,5.226600119476597,9.539158811108031,8.92481250360578,True,False
2841,4240871250000000000,424,3698,3657,2957,2000,218,218,4.773521433304034,4.773521433304033,11.852529509404196,11.529918528120325,True,False
2842,2997709355440698725,300,3555,3474,2885,2000,300,300,4.451945800224474,4.451945800224473,11.795633844506778,11.494355603532846,True,False
2843,29779680022587227505,2978,4978,4918,3956,2000,257,257,4.866543138757718,4.866543138757718,12.281350514981035,11.94982671075911,True,False
2844,285102848526233528,29,2271,1774,1575,2000,516,500,4.411945581854204,4.400617913719058,11.149111990706889,10.621136113274641,True,False
2845,533662500000000000,53,612,601,552,2000,60,60,4.311450941847971,4.311450941847972,9.257387842692651,9.108524456778168,True,False
2846,399000000000000000,40,527,515,480,2000,68,68,4.306652041989922,4.306652041989922,9.041659151637214,8.906890595608518,True,False
2847,15960000000000000,2,1929,972,930,2000,889,855,6.576347926698204,6.535312880759962,10.913637428049103,9.861086905995395,True,False
2848,13732649809307990,1,218,155,154,155,155,154,7.27612440527424,7.263221179467788,7.768184324776926,7.266786540694901,False,False
2849,250835044895334325,25,1438,1372,1162,2000,179,177,4.4614844200843455,4.458769727030659,10.489847960439297,10.18239435340453,True,False
2850,44201631701548396071,4420,5061,4994,4039,2000,195,193,4.864451418284423,4.863668000762126,12.305206759008723,11.979782430703086,True,False
2851,997500000000000,0,502,0,0,0,0,0,0.0,0.0,8.971543553950772,0,False,True
2852,99749105320626239692,9975,9378,8168,6753,2000,1039,1015,6.004364231038686,6.0025384620756705,13.19506456372082,12.721312842175312,True,False
2853,560959218378803,0,102,0,0,0,0,0,0.0,0.0,6.672425341971495,0,False,True
2854,3803661850386199246,380,6845,5939,5041,2000,916,905,4.3930688015145805,4.390139830271704,12.740834826145262,12.299494239009364,True,False
2855,7494339759728220185,749,7523,6585,5544,2000,946,935,4.922358325934387,4.921290330197054,12.877092375027413,12.436711542137214,True,False
2856,362970698646748983,36,4549,3541,3167,2000,974,963,4.467568748742745,4.465528876398744,12.151333719291655,11.62890115202819,True,False
2857,2391910113622243553,239,7045,5911,5011,2000,978,961,4.507870437224151,4.504452179429048,12.782383991197,12.290882822429577,True,False
2858,491775649979099604,49,5168,4009,3542,2000,985,968,4.531848382840743,4.524302772400046,12.335390354693924,11.790348496751914,True,False
2859,1108635990053300168,111,6485,5310,4541,2000,1002,983,4.547769813689641,4.543226103084756,12.662890859139061,12.148794321424335,True,False
2860,1926860867788883291,193,6939,5759,4891,2000,1016,996,4.9461482849230425,4.94328571797547,12.760512051357347,12.25591374933779,True,False
2861,38727349666026797238,3873,6418,5569,4502,2000,832,799,5.371999628436883,5.366904388346871,12.647908074281807,12.136350341454156,True,False
2862,41396250000000000,4,512,445,427,2000,183,182,4.822338086692705,4.819198369267273,9.0,8.73809225962049,True,False
2863,1272978892690662669,127,954,942,827,2000,66,66,4.329405615556998,4.329405615556998,9.897845456005511,9.691743519171276,True,False
2864,497418852381070492,50,6329,4810,4192,2000,1223,1183,4.43602425241634,4.428489091196129,12.627761852402616,12.03342300153745,True,False
2865,181800547156935000,18,2686,2009,1811,2000,661,640,4.673877386271309,4.661637588067242,11.391243589427443,10.822570830950168,True,False
2866,89903802408153622,9,352,331,318,2000,109,108,4.951316069765112,4.950290540822818,8.459431618637296,8.312882955284355,True,False
2867,19600875000000000,2,297,166,163,2000,141,138,6.368993676492847,6.346221029011529,8.214319120800766,7.348728154231077,True,False
2868,5302861861563861445,530,1609,1604,1419,2000,69,68,4.498388116823753,4.497096071978438,10.651948610723446,10.470658874060552,True,False
2869,2078930945797243,0,1037,0,0,0,0,0,0.0,0.0,10.018200178813226,0,False,True
2870,6084770319788651997,608,2661,2637,2160,2000,141,140,4.59215768722478,4.591906569878956,11.37775279502222,11.076815597050832,True,False
2871,399307471123538834027,39931,3056,3044,2535,0,0,0,0.0,0.0,11.57742882803575,11.307770031890703,False,True
2872,11953567005980565,1,2527,895,871,895,895,871,9.805743872151616,9.745112964323136,11.303209948944776,9.766528908598865,False,False
2873,1636518438998838,0,953,0,0,0,0,0,0.0,0.0,9.896332403909941,0,False,True
2874,5513784461152882,1,1112,229,229,229,229,229,7.839203788096945,7.839203788096945,10.118941072723507,7.839203788096944,False,False
2875,2992500000000000,0,605,0,0,0,0,0,0.0,0.0,9.240791332161956,0,False,True
2876,3231900000000000000,323,8252,6841,5739,2000,1146,1110,4.508471037893304,4.501329401576541,13.010528105886484,12.486583659067268,True,False
2877,200501253132832080,20,3766,2810,2513,2000,895,860,4.565139649158305,4.5501199321532475,11.878817284614229,11.295194955880655,True,False
2878,5397640219974028178,540,9089,7476,6150,2000,1226,1181,4.788672336400301,4.78390490094535,13.149905858025047,12.586370695113965,True,False
2879,1590317302078424825,159,1913,1654,1430,2000,333,326,4.59882702552983,4.594017646878667,10.901621158346112,10.481799431665753,True,False
2880,175215905845693440882,17522,5689,5613,4553,0,0,0,0.0,0.0,12.47395936569476,12.152601744019199,False,True
2881,99750000000000000,10,1914,1385,1265,2000,552,535,5.177294003400881,5.157525961184218,10.902375114486025,10.304921669581672,True,False
2882,1076442043560340579,108,3173,2663,2260,2000,543,525,4.57471777575576,4.562470883291775,11.631631805917637,11.14210705730255,True,False
2883,248660169233257107,25,5551,3965,3524,2000,1210,1169,4.440935566825026,4.427349279420158,12.438531977761583,11.782998208920414,True,False
2884,4944607500000000000,494,6127,5359,4496,2000,794,788,4.469326467394967,4.467923978623499,12.58096513597733,12.134426320220927,True,False
2885,44601652702243259170,4460,10014,8480,6860,2000,1262,1220,5.73948042496288,5.7367663232125885,13.289730740083755,12.743992861060175,True,False
2886,44423101557250555655,4442,9971,8446,6826,2000,1236,1195,4.789057187236978,4.784762649488808,13.283522485644026,12.736824699098866,True,False
2887,3580424858710482,0,1395,0,0,0,0,0,0.0,0.0,10.44604940671655,0,False,True
2888,24715054282327060122,2472,7918,7041,5892,2000,924,914,5.479643064814211,5.479012236443136,12.950920352030098,12.524541715035848,True,False
2889,10028955612230871,1,1756,785,780,785,785,780,9.61654884377899,9.603809990275805,10.778077129535358,9.60733031374961,False,False
2890,3926775946025782,0,1001,0,0,0,0,0,0.0,0.0,9.967226258835993,0,False,True
2891,143448307985362904,14,4684,3059,2762,2000,1040,1011,4.374039773519933,4.3654288711755065,12.193525360501216,11.43149760425805,True,False
2892,99750000000000000,10,4172,2543,2330,2000,1031,1001,4.37663337547481,4.366559830935297,12.026523442519766,11.186114239541643,True,False
2893,4987500000000000,0,1491,0,0,0,0,0,0.0,0.0,10.542064542283443,0,False,True
2894,234276327394242092,23,1967,1811,1646,2000,462,460,4.739965764390152,4.737883016202288,10.94178124227853,10.684748620421626,True,False
2895,1904761904761904761,190,3692,3533,2985,2000,492,490,4.828992316509634,4.828547014779491,11.850186837645774,11.543515216152167,True,False
2896,3983666026903849200,398,4920,4664,3918,2000,674,670,4.735760879791923,4.733611676351961,12.264442600226602,11.935901682267588,True,False
2897,3790500000000000000,379,5313,5002,4178,2000,745,741,5.290847960422474,5.290420201097534,12.37531099747307,12.028596777067108,True,False
2898,58224899138490000,6,1419,980,914,2000,446,435,4.756324881204971,4.742284874830727,10.470658874060552,9.83605035505807,True,False
2899,2837219175000000000,284,7676,6420,5303,2000,1149,1105,4.557626860008876,4.545236354242542,12.90613899619538,12.372593033140745,True,False
2900,783111654970062456,78,1978,1914,1562,2000,179,177,4.4390310615502475,4.437612359750658,10.94982671075911,10.60917873814198,True,False
2901,640174141581256492,64,1936,1872,1523,2000,175,173,4.383813317914209,4.381211595574706,10.918863237274595,10.572700226487292,True,False
2902,2189512500000000000,219,635,562,514,2000,109,109,4.447577696825026,4.447577696825025,9.310612781659529,9.005624549193879,True,False
2903,120471703430106280,12,310,244,236,2000,97,97,4.614109693571551,4.61410969357155,8.276124405274238,7.882643049361842,True,False
2904,1099319723335485230,110,6778,5410,4625,2000,1017,989,4.5788717851250755,4.569743430107382,12.726643921483994,12.175237650291036,True,False
2905,10972500000000000,1,422,204,203,204,204,203,7.672425341971495,7.662621420402868,8.721099188707186,7.6653359171851765,False,False
2906,10989201543141283375,1099,4481,4414,3568,2000,204,203,5.168106001794735,5.167635837629079,12.129605011152504,11.800899899920305,True,False
2907,228571428571428571,23,3598,2711,2417,2000,839,806,4.551191209633335,4.534860237671074,11.812979471251483,11.239001757765582,True,False
2908,50409887611297715,5,840,592,559,2000,297,292,4.825412308409639,4.8163272986757,9.714245517666123,9.12670447284319,True,False
2909,1984802225566446937,198,3008,2961,2425,2000,216,216,4.738001166888731,4.738001166888732,11.554588851677638,11.243769031961852,True,False
2910,12122354762517344787,1212,4560,4493,3630,2000,195,194,4.497940955339379,4.496925683965801,12.154818109052105,11.825753832883112,True,False
2911,13344652397206057557,1334,4603,4536,3675,2000,192,191,4.6267732451642045,4.625973005092185,12.168358727223886,11.843528534611089,True,False
2912,5151313713395683154,515,3858,3790,3042,2000,197,196,4.500596394872098,4.499624260145908,11.913637428049103,11.570804437724497,True,False
2913,17786099794702685839,1779,3734,3693,2994,2000,144,143,5.108107095871057,5.107876240452956,11.866506212226202,11.547858506058416,True,False
2914,99301125000000000000,9930,5436,5373,4372,2000,227,226,5.5337044660007635,5.53340559762511,12.40832974076739,12.094077685671905,True,False
2915,18352718897267995,2,819,621,617,2000,574,572,6.534440082735139,6.5307159334970795,9.677719641641009,9.269126679149418,True,False
2916,14352113283542050445,1435,9270,7943,6408,2000,1213,1171,4.922125931576286,4.918191020843247,13.178353623512892,12.64565843240871,True,False
2917,11996127837129682,1,2198,976,938,976,976,938,9.930737337562888,9.846347452340963,11.101975670949232,9.873444112515376,False,False
2918,36916954036559220015,3692,1687,1682,1466,2000,73,72,4.6553621079091165,4.635620231243448,10.720244258287567,10.517669388133811,True,False
2919,448246296552907109,45,897,732,666,2000,198,194,4.356424333697646,4.350134575996266,9.80896417491926,9.379378367071261,True,False
2920,8376181953428836880,838,4207,4164,3340,2000,212,212,4.826835800437281,4.82683580043728,12.03857610276879,11.705632387361415,True,False
2921,67830000000000000,7,2537,1717,1586,2000,772,744,4.5408246288029295,4.524934458130809,11.308907804063939,10.63117705570398,True,False
2922,9840061323465478452,984,8751,7223,5967,2000,981,951,4.785584950347227,4.7810053663905165,13.095232171619333,12.5427900615549,True,False
2923,7162965912856032,1,1227,331,331,331,331,331,8.370687406807216,8.370687406807216,10.260919533662905,8.370687406807217,False,False
2924,5985000000000000,1,856,153,152,153,153,152,7.257387842692654,7.244315947267817,9.741466986401146,7.247927513443585,False,False
2925,894757500000000000,89,1046,880,793,2000,210,206,4.534198276622414,4.530852286197865,10.030667136246942,9.63117705570398,True,False
2926,191895622889659435,19,1202,1138,990,2000,177,175,4.348884930970866,4.34693400528936,10.231221180711186,9.951284714966972,True,False
2927,7536558642936364,1,6,2,2,2,2,2,1.0,1.0,2.584962500721156,1.0,False,False
2928,121734521705317295100,12173,4370,4337,3530,0,0,0,0.0,0.0,12.093417564387961,11.785452468158542,False,True
2929,40070625447300000,4,94,90,86,2000,58,56,4.449476304052282,4.442218969389806,6.554588851677638,6.426264754702098,True,False
2930,498750000000000000,50,683,676,634,2000,87,85,4.2516693629392135,4.249926849531342,9.41574176829009,9.308339030139408,True,False
2931,24841594544745129343,2484,9255,7730,6344,2000,993,958,5.102295159469685,5.095431775345549,13.176017274757937,12.63117705570398,True,False
2932,19081300343551749,2,308,168,165,2000,145,142,6.372499192492011,6.34997103229176,8.266786540694902,7.366322214245816,True,False
2933,268783237410085645,27,554,546,525,2000,87,86,4.263270312610139,4.26234282200224,9.113742166049189,9.036173612553485,True,False
2934,99750000000000000,10,3187,2255,2131,2000,933,922,4.484094590029737,4.480663228878248,11.637983303777853,11.057314877782703,True,False
2935,3929883957595282161,393,1849,1834,1519,2000,94,93,4.33381867714451,4.333117831466061,10.852529509404196,10.568906154502084,True,False
2936,15787669791992936,2,2482,1008,977,2000,968,939,6.536718471694373,6.501910334340067,11.277287400130357,9.932214751968385,True,False
2937,7634021581715486,1,1838,317,313,317,317,313,8.308339030139406,8.28310243707947,10.843921051289035,8.290018846932618,False,False
2938,4184984005730711,0,547,0,0,0,0,0,0.0,0.0,9.095397022792557,0,False,True
2939,526860222168262382,53,1992,1937,1625,2000,201,200,4.425851579070226,4.42456307022637,10.960001932068081,10.66622400280318,True,False
2940,97780826549228708,10,889,822,755,2000,188,187,4.389679039746515,4.387595159382675,9.79603960882977,9.560332834212442,True,False
2941,104737500000000000,10,1015,957,877,2000,199,198,4.498922108645906,4.4969655095708445,9.987264012072538,9.776433032444734,True,False
2942,74812500000000000,7,772,716,666,2000,191,190,5.1993493810082825,5.19567965623764,9.59245703726808,9.379378367071261,True,False
2943,79800000000000000,8,1156,1033,995,2000,431,429,4.521008541543183,4.519008541543183,10.174925682500678,9.958552715431011,True,False
2944,90225563909774436,9,3576,2377,2239,2000,1001,982,4.992849920638134,4.982601438437346,11.804131021183318,11.128638812852598,True,False
2945,403960955662473150,40,5588,4168,3646,2000,1069,1038,4.443181574819021,4.433946518964431,12.448116305409464,11.832098846039134,True,False
2946,52548300000000000000,5255,8761,7764,6504,2000,1001,990,5.539519291414952,5.538816402139443,13.096879836303781,12.667111542075027,True,False
2947,158737946597328884,16,3169,2398,2232,2000,790,782,4.394332541533942,4.38825566839032,11.629811944382233,11.124121311829187,True,False
2948,49844277000000000000,4984,7544,6789,5586,2000,803,797,5.203808433097359,5.203257386484883,12.881113960675096,12.44759985827995,True,False
2949,3412905661350795,0,1409,0,0,0,0,0,0.0,0.0,10.460455896309636,0,False,True
2950,501253132832080200,50,1966,1916,1624,2000,194,193,4.45959693483945,4.458579734913428,10.94104760634058,10.665335917185176,True,False
2951,378606866998499929,38,5384,3950,3491,2000,1026,997,4.372686075389454,4.36436679003082,12.394462694610317,11.769424641552753,True,False
2952,500382568293605620,50,6476,4847,4198,2000,1220,1176,4.557127300661742,4.550137509560395,12.660887270302567,12.035486451292154,True,False
2953,1660085894728538974,166,7848,6316,5309,2000,1237,1196,4.561743790160339,4.554567622367257,12.938109326219239,12.374224426123732,True,False
2954,26501855976762596,3,3186,1688,1601,2000,1182,1142,5.292009088794114,5.2654792514095,11.63753055152531,10.644757592516257,True,False
2955,11584445311538667315,1158,8912,7385,6092,2000,995,965,5.005978247769063,5.0027242127578475,13.121533517340032,12.572700226487292,True,False
2956,99321075000000000000,9932,10083,8668,7093,2000,1197,1160,6.476502224932196,6.4751736778534275,13.299637328029158,12.792180232254807,True,False
2957,2182945196431241,0,155,0,0,0,0,0,0.0,0.0,7.2761244052742375,0,False,True
2958,1983030000000000000,198,2941,2875,2358,2000,198,197,4.445598640196788,4.444597730278682,11.522091068887065,11.203348002979762,True,False
2959,9559676425742763832,956,1672,1668,1480,2000,73,71,4.703224983903078,4.701776190480314,10.707359132080883,10.531381460516313,True,False
2960,4437591370927470,0,1059,0,0,0,0,0,0.0,0.0,10.048486873992337,0,False,True
2961,28422306156798334718,2842,4979,4915,3964,2000,282,282,5.157863339576849,5.15786333957685,12.28164030006605,11.952741247186488,True,False
2962,353887862276812500,35,1475,1205,1073,2000,330,323,4.414486279411938,4.40440259599595,10.526499239136566,10.067434360756522,True,False
2963,94529244087626648745,9453,5489,5429,4384,2000,264,264,5.108677081831588,5.108677081831589,12.422327623974558,12.098032082960527,True,False
2964,58507859334582385383,5851,5436,5358,4344,2000,311,311,5.3769357100810495,5.376935710081047,12.40832974076739,12.084808387804362,True,False
2965,7307951657858521,1,1133,262,257,262,262,257,8.033423001537452,7.987621474819894,10.145932145820515,8.005624549193879,False,False
2966,392017500000000000,39,3846,3078,2750,2000,791,785,4.388605417041795,4.386676994981027,11.909143047339898,11.425215903299383,True,False
2967,5895225000000000000,590,8083,6873,5732,2000,1011,989,4.687115341071691,4.684191664632598,12.980675132322368,12.484822894262146,True,False
2968,2693250000000000000,269,7626,6230,5243,2000,1018,991,4.8253548171907035,4.820028084818544,12.896710815726115,12.356176830516356,True,False
2969,4867800000000000000,487,8247,6809,5686,2000,1027,998,4.561415120759582,4.556089366275673,13.00965369223411,12.473198383677527,True,False
2970,19950000000000000,2,3024,1426,1366,2000,1211,1168,6.569100081028601,6.527383075668446,11.562242424221072,10.41574176829009,True,False
2971,963522134757000000,96,746,740,688,2000,67,66,4.303965824096243,4.302673404903479,9.543031820255237,9.426264754702098,True,False
2972,2072717963822477373,207,8157,6526,5456,2000,1228,1181,4.557887976377799,4.550290771339407,12.993822936745916,12.413627929024173,True,False
2973,5314292944635806718,531,3839,3772,3035,2000,189,188,4.48533010020957,4.484329891832825,11.90651484484695,11.567480801143045,True,False
2974,10695926860611800059,1070,4461,4394,3551,2000,208,207,5.03528698883403,5.034786738708967,12.123151432773575,11.79400964502097,True,False
2975,5825944751453317681,583,3874,3807,3063,2000,196,195,4.862057401124509,4.861457341118508,11.919608238603253,11.580729651598958,True,False
2976,7973209424433018002,797,8627,7190,5966,2000,1034,1005,4.914939135468217,4.9117704688168065,13.074643240639736,12.542548262335213,True,False
2977,588525000000000000,59,5113,4132,3646,2000,962,951,4.468627699651233,4.466588754564079,12.319954310686944,11.832098846039134,True,False
2978,573562500000000000,57,5132,4141,3658,2000,969,959,4.558193017182114,4.556381669086294,12.325305455089682,11.836839359748716,True,False
2979,1141140000000000000,114,6109,5112,4399,2000,983,972,4.8949011006469485,4.893725230228757,12.576720525080246,12.102959885910124,True,False
2980,1071315000000000000,107,6216,5121,4402,2000,977,962,4.896150474945302,4.893456244368785,12.60177078840771,12.103943429891558,True,False
2981,5304574684289193,1,1714,215,211,215,215,211,7.748192849589463,7.701681221682486,10.7431513941125,7.721099188707185,False,False
2982,12933126388047712,1,1296,608,587,608,608,587,9.247927513443585,9.171670066113652,10.339850002884624,9.197216693110052,False,False
2983,2556390977443609022,256,5976,5145,4355,2000,856,846,4.513952781751924,4.511809876484614,12.544964432789238,12.088457003486226,True,False
2984,1303258145363408521,130,5472,4635,3961,2000,860,850,4.514086332586333,4.511979049447479,12.417852514885897,11.951648985904619,True,False
2985,20000000000000000,2,2039,1155,1136,2000,910,900,6.571033756823008,6.559892692093802,10.993646060016596,10.149747119504681,True,False
2986,24926844353937770481,2493,9424,7978,6561,2000,1090,1060,5.443921091242833,5.441959748110964,13.20212382383046,12.679700005769249,True,False
2987,51805242997677186,5,641,602,585,2000,203,203,4.716916607044183,4.716916607044182,9.324180546618742,9.192292814470767,True,False
2988,754567593735616,0,221,0,0,0,0,0,0.0,0.0,7.787902559391432,0,False,True
2989,148340981439806,0,29,0,0,0,0,0,0.0,0.0,4.857980995127572,0,False,True
2990,481778801229925490,48,4975,3888,3384,2000,1007,966,4.520255486197028,4.506369061914927,12.280480810318373,11.72451385311995,True,False
2991,103540333854123418,10,1015,956,877,2000,198,197,4.490475636996577,4.488273434794374,9.987264012072538,9.776433032444734,True,False
2992,18389123521426397205,1839,3612,3580,2913,2000,117,115,4.703488743420153,4.703022515583196,11.818582177480858,11.508289986140348,True,False
2993,91293473442078,0,3,0,0,0,0,0,0.0,0.0,1.584962500721156,0,False,True
2994,29045515147077581291,2905,9435,8089,6641,2000,1087,1054,4.595241255322093,4.589381619035417,13.203806802487808,12.697184783224516,True,False
2995,14804596442592138,1,2765,1218,1177,1218,1218,1177,10.250298417906329,10.171883167492268,11.43306376512207,10.200898605038445,False,False
2996,4055211237306231557,406,8452,7134,5845,2000,1199,1154,4.601837383893661,4.592138304446715,13.04507705193494,12.51298730941902,True,False
2997,1218698423837031,0,418,0,0,0,0,0,0.0,0.0,8.707359132080883,0,False,True
2998,38965156634382596,4,3005,1838,1708,2000,1061,1021,5.258084420983293,5.230035266105412,11.553149275598548,10.73809225962049,True,False
2999,251634598243684040,25,357,353,348,2000,62,61,4.339861742089621,4.30129821093222,8.479780264029099,8.442943495848729,True,False
3000,192803754721121166,19,292,288,284,2000,63,62,4.297261400810573,4.241945269994956,8.189824558880018,8.149747119504681,True,False
3001,249375000000000000,25,350,346,340,2000,64,63,4.213784849626859,4.205623248878388,8.451211111832329,8.409390936137703,True,False
3002,117717750563507767,12,228,224,221,2000,63,62,4.3964230308115555,4.351097723930613,7.832890014164741,7.787902559391432,True,False
3003,65462225679679500000,6546,5389,5323,4320,2000,215,214,5.117320387133232,5.116897236972627,12.395801871389747,12.076815597050832,True,False
3004,463546080061075849920,46355,3630,3614,2993,0,0,0,0.0,0.0,11.825753832883112,11.547376563498101,False,True
3005,1938274124928070662,194,6459,5344,4465,2000,1026,986,4.437465687681764,4.4249649726634885,12.65709510488839,12.124444460008585,True,False
3006,9791433889804740652,979,6694,5897,4929,2000,828,819,4.660376992715579,4.658742041687699,12.70865283568653,12.26707926567123,True,False
3007,306061712842608326,31,1585,1530,1325,2000,197,196,4.392403984681132,4.390569275315773,10.63026712502677,10.371776644337924,True,False
3008,1695750000000000000,170,2858,2791,2253,2000,193,192,4.499879205697426,4.498713421464657,11.480790201095816,11.137631598235428,True,False
3009,3042375000000000000,304,3399,3332,2694,2000,195,194,4.485912145534334,4.4849116452842095,11.730894646541671,11.395534135462302,True,False
3010,5985000000000000000,599,3902,3837,3085,2000,206,205,4.724871625916371,4.724224433847414,11.929998062609027,11.591054774036781,True,False
3011,260651629072681704,26,1521,1452,1275,2000,191,190,4.711061378136884,4.708309658311994,10.570804437724497,10.31628153174622,True,False
3012,40897500000000000,4,3659,2108,1972,2000,1216,1175,5.299614182999488,5.27395095345865,11.837233700339088,10.945443836377912,True,False
3013,37471745425240511,4,3190,1721,1636,2000,973,943,5.274228035019498,5.250100292992237,11.639340708652231,10.67595703294175,True,False
3014,618450000000000000,62,6701,5081,4381,2000,1217,1173,4.407482367514557,4.3956928660238495,12.710160691782914,12.097044499322951,True,False
3015,22989948654506859,2,2136,1240,1213,2000,909,898,6.572788673377886,6.560571930949211,11.060695931687555,10.24436383512051,True,False
3016,482772509844975000,48,643,636,588,2000,78,77,4.518243035292882,4.517151633160874,9.328674927327947,9.199672344836364,True,False
3017,5190232530739200000,519,2069,2054,1717,2000,94,93,4.295177239887167,4.294399319841118,11.014717929860009,10.745674324002135,True,False
3018,97249353366260865,10,835,791,749,2000,207,207,4.396491812128148,4.396491812128147,9.705632387361415,9.54882190845875,True,False
3019,997551919086322222,100,6376,5153,4377,2000,1118,1075,4.506544691743672,4.495272413357113,12.638435913990472,12.095726668639047,True,False
3020,687908765901706741,69,5944,4725,4041,2000,1103,1060,4.4637132675843185,4.451426367395578,12.537218400538595,11.98049663618346,True,False
3021,376125701683796645,38,5173,3980,3483,2000,1081,1040,4.602295543054822,4.586338067980718,12.336785476203755,11.766114757586722,True,False
3022,897715883667654509,90,5882,4727,4035,2000,1067,1025,4.607062120084193,4.596294064040967,12.522091068887065,11.978352958165143,True,False
3023,270676691729323308,27,4463,3365,2986,2000,1016,977,4.436093876470362,4.4237465449283935,12.123798091251855,11.543998450134541,True,False
3024,1438596491228070175,144,5649,4640,3906,2000,939,900,4.534279623774586,4.525006890394465,12.463779785335385,11.93147623388679,True,False
3025,5048642567450400669,505,3929,3881,3109,2000,213,213,5.303840702287869,5.303840702287869,11.939946452458686,11.602234901341063,True,False
3026,20884439167151047999,2088,4909,4841,3868,2000,202,201,4.907352907970683,4.906758158806678,12.261213451366048,11.917372079476841,True,False
3027,1009849050000000000,101,7406,5903,4974,2000,1255,1211,5.39878142227073,5.380515275282797,12.85447883417163,12.280190792216906,True,False
3028,19950000000000000,2,55,44,44,709,44,44,5.276207495031588,5.2762074950315885,5.78135971352466,5.459431618637297,False,False
3029,9802468430101997,1,410,236,236,236,236,236,7.882643049361841,7.882643049361841,8.679480099505446,7.882643049361842,False,False
3030,3697604535403737,0,621,0,0,0,0,0,0.0,0.0,9.278449458220482,0,False,True
3031,9815400000000000000,982,5025,4851,4027,2000,519,516,5.200151795671095,5.199150607662958,12.294907880953653,11.975489756945754,True,False
3032,92867250000000000000,9287,5713,5655,4548,2000,235,233,5.705477374791728,5.70413929093476,12.480032814583948,12.151016538892248,True,False
3033,5012531328320802,1,1394,172,168,172,172,168,7.4262647547021,7.368125219818379,10.445014845868423,7.392317422778761,False,False
3034,168556961155001561,17,1165,1106,1005,2000,198,195,4.50352956041427,4.434610708387014,10.186114239541643,9.972979786066292,True,False
3035,80200501253132832,8,814,755,698,2000,197,196,4.4173305619365255,4.41546710267852,9.668884984266247,9.447083226209653,True,False
3036,361608310897116583,36,1720,1663,1438,2000,240,240,4.790801511672305,4.790801511672303,10.74819284958946,10.489847960439297,True,False
3037,6257174333346685321,626,3601,3538,2852,2000,189,187,4.8154495966913675,4.814628292161345,11.81418188419028,11.477758266443889,True,False
3038,2992500000000000000,299,4442,4228,3571,2000,621,619,4.70147039420909,4.701088143388842,12.116993677546981,11.802112418586066,True,False
3039,30176991799302535267,3018,5019,4947,3985,2000,285,285,4.966613262190614,4.966613262190615,12.29318423075951,11.960364008877834,True,False
3040,14777677125472123906,1478,4641,4574,3673,2000,192,191,4.635415447397713,4.634606085781687,12.180219982170192,11.842743180731658,True,False
3041,10660179716874689630,1066,8301,7168,5998,2000,984,967,4.984883348342407,4.982187987709011,13.019069429331111,12.55026580686874,True,False
3042,4988137189947231336,499,8283,6812,5683,2000,982,952,4.645281256305955,4.640455868773568,13.015937673309226,12.472437000051329,True,False
3043,16426712684040360,2,2850,1358,1304,2000,1243,1201,6.579806062574544,6.540343944716552,11.476746203939467,10.348728154231077,True,False
3044,7262836099600104,1,1433,338,338,338,338,338,8.400879436282182,8.400879436282182,10.484822894262146,8.400879436282183,False,False
3045,989857280041917861,99,6117,4937,4278,2000,1009,989,4.420744706798953,4.416505431350522,12.578608560737752,12.062720767165045,True,False
3046,360680000000000000000,36068,4517,3996,3242,0,0,0,0.0,0.0,12.141149198437516,11.662668375517542,False,True
3047,1625925000000000000,163,6512,5449,4659,2000,974,961,4.494318299747682,4.489410932352888,12.668884984266247,12.185804615108458,True,False
3048,24600000000000000000,2460,3591,3563,2927,2000,135,135,5.131727114515883,5.131727114515884,11.810169937664659,11.515207030408751,True,False
3049,31600000000000000000,3160,3768,3740,3072,2000,106,106,4.397589862790982,4.397589862790982,11.879583249612784,11.584962500721156,True,False
3050,6982500000000000,1,1833,328,322,328,328,322,8.357552004618086,8.314869077788817,10.839991070539886,8.330916878114618,False,False
3051,567720175438596491,57,2026,1987,1673,2000,208,208,4.359755734827562,4.359755734827563,10.984418458801137,10.708221730038353,True,False
3052,1958573801763111503,196,191,189,178,2000,38,38,4.368199554621035,4.368199554621036,7.577428828035749,7.475733430966398,True,False
3053,698250000000000000,70,354,351,338,2000,52,52,4.1788033660199195,4.178803366019919,8.467605550082997,8.400879436282183,True,False
3054,3656148786068329071,366,8667,7073,5864,2000,1231,1186,5.235291438999102,5.227760519885782,13.08131698928577,12.517669388133811,True,False
3055,7556891221636842948,756,399,363,339,2000,81,81,5.1118533655670495,5.11185336556705,8.640244936222345,8.405141463136344,True,False
3056,26769738205802112529,2677,412,378,355,2000,101,101,5.862971139592192,5.862971139592193,8.686500527183219,8.471675214392045,True,False
3057,319200000000000000,32,2134,1997,1777,2000,454,452,4.478784095360884,4.477906355414769,11.059344460824425,10.795227966028678,True,False
3058,23378406377611695,2,3173,1629,1556,2000,1225,1184,6.573879629149938,6.535397616453453,11.631631805917637,10.603626344986193,True,False
3059,1125000000000000000,113,5668,4802,4127,2000,887,876,4.395080611757305,4.390272667523744,12.468624042918018,12.010877723007034,True,False
3060,5726986650000000000,573,9052,7532,6187,2000,1248,1209,5.566588441750754,5.564672886346598,13.144020869266893,12.595024318613637,True,False
3061,9730467789981286,1,1885,549,538,549,549,538,9.100662339005199,9.055571469238053,10.880348808156027,9.071462362556623,False,False
3062,1670245458298993680,167,1864,1609,1392,2000,318,313,4.394120457017746,4.389724610494086,10.86418614465428,10.442943495848729,True,False
3063,701224849795631083,70,6823,5285,4563,2000,1203,1163,4.4709160014573115,4.463678166473239,12.736190500960927,12.155766938445653,True,False
3064,9975000000000000,1,142,74,74,74,74,74,6.20945336562895,6.20945336562895,7.149747119504682,6.20945336562895,False,False
3065,39888245893979033250,3989,10114,8478,6867,2000,1253,1205,5.571068769000851,5.567523994362233,13.304066063127284,12.745464248276843,True,False
3066,3007518796992481,0,962,0,0,0,0,0,0.0,0.0,9.909893083770042,0,False,True
3067,6494333134622993,1,1875,239,237,239,239,237,7.900866807980751,7.88413040630711,10.872674880270605,7.888743248898259,False,False
3068,17320330166835806,2,1988,1017,1003,2000,949,938,6.554585413482021,6.543368921115861,10.957102041562287,9.970105890612182,True,False
3069,28170107488846548,3,707,459,442,2000,294,289,5.586075160780275,5.5731600316289835,9.4655664048094,8.787902559391432,True,False
3070,148082464944064471233,14808,5683,5605,4555,0,0,0,0.0,0.0,12.472437000051329,12.153235338689413,False,True
3071,233875396800084607,23,1407,1339,1135,2000,182,181,4.707286709618396,4.70403182729491,10.458406613236532,10.148476582178278,True,False
3072,16129147481476183,2,2383,1181,1132,2000,1074,1035,6.514643426519554,6.473272440655711,11.21856323619027,10.144658242831882,True,False
3073,4538199077872770,0,1374,0,0,0,0,0,0.0,0.0,10.4241662888181,0,False,True
3074,2270135346494235,0,798,0,0,0,0,0,0.0,0.0,9.640244936222345,0,False,True
3075,5509171100870648,1,989,210,210,210,210,210,7.7142455176661215,7.7142455176661215,9.94982671075911,7.714245517666122,False,False
3076,132675949410544804,13,1126,1058,942,2000,189,188,4.447202095941476,4.445375472910804,10.13699111208023,9.879583249612784,True,False
3077,211571356591231453,21,1358,1311,1171,2000,208,208,4.400919820272248,4.400919820272248,10.407267764244732,10.193525360501216,True,False
3078,77517067563315844,8,775,720,688,2000,228,228,4.361460173599355,4.3614601735993554,9.5980525001616,9.426264754702098,True,False
3079,29065659226757507,3,3402,1868,1766,2000,1228,1187,5.301329369010857,5.275562142521835,11.732167425663386,10.786269627648466,True,False
3080,51760390523408523,5,3425,2216,2039,2000,1082,1041,5.127570666679041,5.102860591757122,11.74188827273525,10.993646060016596,True,False
3081,96567955695237352,10,3439,2325,2199,2000,967,951,4.3916299897128885,4.386073590573454,11.74777340052679,11.102631888854969,True,False
3082,92869866598589680,9,3533,2358,2225,2000,995,976,4.3808492854485115,4.373277173600634,11.786678033890652,11.119589620741122,True,False
3083,7085706679778493,1,521,133,133,133,133,133,7.05528243550119,7.05528243550119,9.025139562278508,7.05528243550119,False,False
3084,31298866099046014123,3130,2533,2521,2067,2000,87,86,4.68084514639181,4.68022937492432,11.306631361712501,11.013322673425447,True,False
3085,3278709063938138355,328,1540,1528,1264,2000,80,79,4.376095703984092,4.375001313604337,10.588714635582264,10.303780748177102,True,False
3086,49057952150977182,5,1262,855,800,2000,431,420,4.895494395951976,4.880379013321182,10.30149619498255,9.643856189774725,True,False
3087,5870791011889548,1,1659,217,216,217,217,216,7.761551232444482,7.75233464258273,10.696098170955864,7.754887502163468,False,False
3088,99750000000000000000,9975,4673,4108,3323,2000,612,593,6.004586981136759,6.001937843669444,12.1901333218648,11.698270577692032,True,False
3089,2284245661553090025,228,3144,3076,2507,2000,192,191,4.355744619448272,4.354029353582062,11.618385502258606,11.291746280833939,True,False
3090,190579158365081919,19,2755,2059,1852,2000,673,652,4.5153656605789365,4.501450736216212,11.42783660345852,10.854868383260236,True,False
3091,272153110887000307876,27215,5317,5253,4252,0,0,0,0.0,0.0,12.37639675108284,12.053925881531105,False,True
3092,9881484842178995298,988,4270,4202,3391,2000,195,194,4.544002600479991,4.543066490018957,12.060020354507852,11.72749506902543,True,False
3093,398951210104117994,40,1720,1652,1412,2000,193,192,4.354913641999189,4.353412703912886,10.74819284958946,10.46352437327118,True,False
3094,24886827000000000000,2489,5001,4935,3990,2000,214,213,5.09191227395489,5.091449991962874,12.288000889707574,11.962173031109709,True,False
3095,33730462500000000000,3373,2373,2365,1965,2000,105,102,5.014443898642003,4.970689422520907,11.212496385193948,10.940313597145968,True,False
3096,3782112786812431964,378,8035,6509,5447,2000,984,955,4.551942661072845,4.546431339005752,12.972082308562456,12.411246151840444,True,False
3097,99813540750000000000,9981,7144,6834,5642,2000,775,769,6.152189519789931,6.151876180098041,12.802516365121223,12.461990950585571,True,False
3098,8478847456030790,1,1462,383,375,383,383,375,8.581200581924959,8.534203192891017,10.513727595952437,8.550746785383243,False,False
3099,74185463659147869674,7419,5629,5575,4484,2000,223,222,5.338323965129448,5.337980188271882,12.458662932867817,12.130570562805426,True,False
3100,106714154545676000,11,1056,988,888,2000,182,180,4.707286709618396,4.702817079389142,10.044394119358454,9.794415866350105,True,False
3101,300439892078386,0,62,0,0,0,0,0,0.0,0.0,5.954196310386875,0,False,True
3102,13170819444604336,1,1809,894,885,894,894,885,9.80413102118332,9.7839967929954,10.82097669262124,9.78953364497036,False,False
3103,13254313033686264140,1325,8734,7475,6190,2000,1010,986,5.044693360223997,5.040913836664309,13.092426815780255,12.595723694101627,True,False
3104,9433653169174500000,943,1690,1686,1492,2000,69,66,4.440040421219876,4.410492464176063,10.722807531169547,10.543031820255237,True,False
3105,1732070237084826175,173,7866,6276,5285,2000,1220,1179,5.005933175411615,5.002016169513093,12.941414470942911,12.367687756270046,True,False
3106,9975000000000000,1,115,67,67,67,67,67,6.066089190457772,6.066089190457772,6.845490050944375,6.066089190457772,False,False
3107,2463825000000000000,246,3218,3149,2570,2000,194,193,4.476509534328933,4.475474970491641,11.651948610723446,11.32755264408124,True,False
3108,34912500000000000,3,458,395,382,2000,192,191,5.310910039462797,5.307122812745636,8.839203788096944,8.57742882803575,True,False
3109,3387638243397306,0,1331,0,0,0,0,0,0.0,0.0,10.378294855911891,0,False,True
3110,4597982767564369796,460,8833,7312,6034,2000,1240,1200,4.696776194717213,4.692090016302872,13.108687796154612,12.558898981146703,True,False
3111,1972307345969772465,197,1948,1920,1583,2000,113,113,4.279578811835964,4.279578811835964,10.927777962082342,10.62844554013718,True,False
3112,9951060000000000000,995,9332,7746,6349,2000,1230,1188,5.427995120733639,5.425025113370863,13.187970591984199,12.632313662586126,True,False
3113,2992500000000000000,299,7037,5893,4864,2000,1056,1014,4.606233322257911,4.595425518648363,12.78074479767779,12.247927513443585,True,False
3114,28396988845113589,3,393,325,320,2000,183,182,5.30247781205094,5.298352683140662,8.618385502258606,8.321928094887362,True,False
3115,22887006060387543,2,3186,1607,1538,2000,1210,1170,6.568753018420777,6.531082283848752,11.63753055152531,10.586839787961827,True,False
3116,25878174066570788,3,1880,1114,1056,2000,732,706,6.272054212374112,6.237335462573049,10.876516946565,10.044394119358454,True,False
3117,2402143916684971374,240,1221,1214,1070,2000,81,80,4.570331069794871,4.56984640957114,10.253847484987404,10.06339508128851,True,False
3118,2768688403551366915,277,1314,1306,1154,2000,79,78,4.473524126495683,4.472930877175207,10.35974956032233,10.172427508645482,True,False
3119,6348601287716996824,635,1863,1856,1604,2000,88,86,4.526191040886301,4.524936354452415,10.863411958941638,10.64745842645492,True,False
3120,20665606500000000,2,55,44,43,394,44,43,4.936116426341159,4.928054282223026,5.78135971352466,5.426264754702098,False,False
3121,26421254371298931,3,68,55,55,2000,51,51,4.857673936876109,4.857673936876109,6.087462841250339,5.78135971352466,True,False
3122,33840897416499454,3,3137,1670,1594,2000,976,946,5.272940428449235,5.248808663790758,11.615169813843602,10.638435913990472,True,False
3123,18023075916878011,2,1896,975,933,2000,850,817,6.576639203068478,6.535807688377443,10.888743248898258,9.86573327085176,True,False
3124,6151235529600000,1,7,1,1,1,1,1,-0.0,-0.0,2.807354922057604,0.0,False,False
3125,15178090590026700000,1518,5374,5210,4312,2000,517,514,5.47694297703315,5.4761546937566745,12.391780606013166,12.074141462752506,True,False
3126,528089305705500000,53,484,479,472,2000,60,60,4.287795820748665,4.287795820748665,8.918863237274595,8.88264304936184,True,False
3127,514791815613635893,51,505,501,490,2000,67,66,4.4298641339039655,4.394281125976477,8.980139577639157,8.936637939002571,True,False
3128,4987500000000000,0,223,0,0,0,0,0,0.0,0.0,7.800899899920305,0,False,True
3129,14164500000000000,1,228,185,185,185,185,185,7.531381460516311,7.531381460516311,7.832890014164741,7.531381460516312,False,False
3130,9960037500000000000,996,4303,4244,3427,2000,265,265,5.623956282350822,5.6239562823508225,12.07112712494831,11.742730476519174,True,False
3131,5037375000000000,1,1125,204,204,204,204,204,7.672425341971495,7.672425341971495,10.1357092861044,7.672425341971495,False,False
3132,1991276743440075000,199,4041,3404,2870,2000,632,613,4.385244062074124,4.375324412757594,11.98049663618346,11.486835021563051,True,False
3133,15969478012862809056,1597,4764,4154,3365,2000,637,617,5.446558693562736,5.442404929793129,12.217957697864113,11.71639078949768,True,False
3134,49875000000000000,5,5,4,4,2,4,4,1.9219280948873623,1.9219280948873623,2.321928094887362,2.0,False,False
3135,997500000000000,0,333,0,0,0,0,0,0.0,0.0,8.379378367071261,0,False,True
3136,93864750000000000000,9386,7578,6810,5627,2000,825,818,5.790026143166332,5.7638240874598425,12.88760142450871,12.458150248057557,True,False
3137,24937500000000000,2,2570,1455,1379,2000,1022,983,6.493780061191379,6.451877648518034,11.32755264408124,10.429406741513981,True,False
3138,2892967660291514179720,289297,9859,8391,6882,0,0,0,0.0,0.0,13.267225605889532,12.748612176736982,False,True
3139,27930000000000000,3,387,336,333,2000,208,208,5.19940453845731,5.199404538457311,8.59618975614441,8.379378367071261,True,False
3140,6031593781656209839,603,9085,7558,6198,2000,1241,1200,4.879529042319865,4.8756635717994605,13.149270799121478,12.597587039586216,True,False
3141,438900000000000000,44,6262,4639,4038,2000,1217,1174,4.463753693337828,4.452894043670229,12.61240779313867,11.979425195331473,True,False
3142,5802143309226558,1,1544,187,186,187,187,186,7.546894459887637,7.536199272721861,10.59245703726808,7.539158811108031,False,False
3143,8701002506265664160,870,4731,4095,3340,2000,646,626,5.204664918403601,5.199506671212315,12.207929445511667,11.705632387361415,True,False
3144,3026149964605501486,303,3188,3124,2513,2000,180,178,4.418352083062098,4.416765647640132,11.638435913990472,11.295194955880655,True,False
3145,3202594447331517094,320,3296,3229,2596,2000,185,183,4.437011599570756,4.4344220381138575,11.686500527183219,11.342074667999139,True,False
3146,3388471177944862155,339,8679,7142,5956,2000,1211,1168,4.742024058996364,4.733674836956572,13.083313108650756,12.5401280385821,True,False
3147,8582890355056888,1,2007,465,453,465,465,453,8.861086905995396,8.803549513517625,10.970824901362617,8.823367240046235,False,False
3148,30864968708574517065,3086,5252,5197,4178,2000,209,207,4.7312669215485705,4.727883798540221,12.358651200892886,12.028596777067108,True,False
3149,718200000000000000,72,2172,2117,1747,2000,205,204,4.445340476580265,4.444339612197388,11.084808387804362,10.77066389291676,True,False
3150,15461250000000000000,1546,9162,7578,6245,2000,1004,973,5.736315657755742,5.734213975136576,13.161446847518008,12.608485856495319,True,False
3151,4324447968687803655,432,2127,1871,1596,2000,321,314,4.498353726861514,4.492751280618825,11.054604317960672,10.640244936222345,True,False
3152,18635430227601495,2,196,110,110,2000,94,94,6.2334395567317795,6.233439556731778,7.614709844115208,6.78135971352466,True,False
3153,5991782337145618,1,63,12,12,12,12,12,3.584962500721156,3.584962500721156,5.977279923499917,3.584962500721156,False,False
3154,7481250000000000,1,1949,380,372,380,380,372,8.56985560833095,8.522487187278319,10.92851837525789,8.539158811108031,False,False
3155,997500000000000000,100,6025,4865,4136,2000,1066,1024,4.502706403095358,4.491411765548514,12.556745526004686,12.014020470314934,True,False
3156,13105333887247930,1,2674,1155,1117,1155,1155,1117,10.17367713630342,10.100634254938397,11.384783750093353,10.125413470483315,False,False
3157,42294927483447444,4,119,108,107,2000,64,63,4.522256541654764,4.5173934859977445,6.894817763307944,6.741466986401147,True,False
3158,8582616157701812672,858,2050,2040,1700,2000,84,83,4.536715762977021,4.536202033258837,11.001408194392809,10.731319031025064,True,False
3159,3780193769859140851,378,1658,1647,1364,2000,83,82,4.324114509737797,4.323416199781445,10.69522829149575,10.413627929024173,True,False
3160,4575624899238502030,458,1745,1734,1436,2000,86,85,4.48805700628224,4.4875017130713255,10.769011321097015,10.487840033823051,True,False
3161,3384433513272897874,338,1583,1572,1300,2000,79,78,4.287529749461874,4.286657150847409,10.62844554013718,10.344295907915816,True,False
3162,2322303492924571654,232,1338,1327,1132,2000,81,80,4.517256167907744,4.5165314098618,10.38586240064146,10.144658242831882,True,False
3163,4937930354349709196,494,1786,1775,1463,2000,81,80,4.350906860317521,4.350135162549931,10.802516365121223,10.514714054138487,True,False
3164,1459581085187407258,146,2806,2750,2251,2000,195,194,4.354652304852363,4.3532769610164035,11.454299293619899,11.136350341454156,True,False
3165,992736536560860000,99,1627,1377,1213,2000,304,298,4.4507835002145475,4.444859403428481,10.667998535672528,10.24436383512051,True,False
3166,47371902527214639693,4737,2066,1845,1566,2000,302,296,5.623685555541795,5.621920427245187,11.01262453886506,10.612868497291041,True,False
3167,8877750000000000000,888,956,844,746,2000,146,146,5.223398144700771,5.223398144700771,9.900866807980748,9.543031820255237,True,False
3168,4987500000000000,0,21,0,0,0,0,0,0.0,0.0,4.392317422778761,0,False,True
3169,199500000000000000,20,1285,1218,1058,2000,185,184,4.353016661872079,4.351300905509483,10.32755264408124,10.047123912114026,True,False
3170,4987159096919685000,499,3662,3164,2605,2000,522,506,4.589823836374466,4.583724641330929,11.838416075797337,11.347067657165871,True,False
3171,20143191875356016045,2014,9667,8201,6610,2000,1255,1211,5.089953284715277,5.084924342586337,13.238852526315656,12.690434556395054,True,False
3172,9042337500000000000,904,4263,4200,3410,2000,275,275,4.957131549585517,4.957131549585517,12.057653339963936,11.735556023911535,True,False
3173,4847850000000000000,485,1336,1170,1027,2000,209,205,4.628875706588879,4.625941003727542,10.383704292474052,10.004220466318195,True,False
3174,69825000000000000,7,240,177,175,2000,97,97,4.340615738323624,4.340615738323625,7.906890595608519,7.451211111832329,True,False
3175,3097100357715000000,310,3992,3870,3234,2000,439,437,4.779852226803854,4.779296624948144,11.96289600533726,11.659103963473662,True,False
3176,4367904769346265,0,1444,0,0,0,0,0,0.0,0.0,10.49585502688717,0,False,True
3177,9974695368162315000,997,2271,2014,1708,2000,341,334,5.3076314568459635,5.305408930889783,11.149111990706889,10.73809225962049,True,False
3178,5952663666432823120,595,8219,6934,5786,2000,1027,1001,5.197696951634368,5.1954842788607305,13.004747157546761,12.4983506079296,True,False
3179,96457762727608660989,9646,4717,4658,3790,2000,180,179,5.5310536618064265,5.530033822855666,12.203653885529597,11.887982133058454,True,False
3180,2829227056232365166,283,493,442,404,2000,98,98,4.4808528905960285,4.480852890596029,8.945443836377912,8.658211482751796,True,False
3181,281248733259102817,28,3162,2432,2158,2000,713,688,4.593728710308146,4.582086654465901,11.62662165235837,11.075479149488016,True,False
3182,7578098290115175,1,1920,327,323,327,327,323,8.35314682549808,8.3286819936938,10.906890595608518,8.335390354693924,False,False
3183,3007518796992481203,301,7899,6430,5400,2000,998,968,4.642558016405825,4.637761284350975,12.947454306767218,12.398743691938193,True,False
3184,8873341634493042582,887,9247,7747,6313,2000,1252,1210,5.049591718609061,5.046261542120893,13.174769673304432,12.624110035762989,True,False
3185,2384025000000000000,238,3154,3085,2468,2000,196,195,4.549588473218568,4.548639931601304,11.62296694479051,11.269126679149418,True,False
3186,2423925000000000000,242,1226,1219,1075,2000,85,83,4.623756439318313,4.6227541014281845,10.259743263690781,10.070120944476823,True,False
3187,4304372716078359518,430,8756,7255,5978,2000,1262,1220,5.571242199844296,5.568940802129831,13.096056239180946,12.545447181678094,True,False
3188,9975000000000000,1,1330,448,447,448,448,447,8.807354922057604,8.802890636343317,10.377210530388552,8.804131021183318,False,False
3189,7532460051778393,1,1279,347,347,347,347,347,8.438791852578259,8.438791852578259,10.320800548881637,8.43879185257826,False,False
3190,1742661497666876,0,377,0,0,0,0,0,0.0,0.0,8.558420713268664,0,False,True
3191,3225073028196421,0,238,0,0,0,0,0,0.0,0.0,7.894817763307944,0,False,True
3192,57855000000000000000,5786,9535,8039,6584,2000,1033,1001,6.642827380535883,6.614255919540396,13.219017223200119,12.684748620421626,True,False
3193,4987500000000000000,499,8300,6766,5634,2000,966,937,4.432466047272541,4.4184838396131845,13.018895621121649,12.45994384837493,True,False
3194,847875000000000000,85,6917,5330,4581,2000,1212,1172,4.499375887643724,4.492033596790726,12.755930741084399,12.161446847518008,True,False
3195,4488750000000000000,449,8789,7294,6022,2000,1243,1204,4.696923519768412,4.692350006738202,13.101483311565275,12.556026992724677,True,False
3196,2892750000000000000,289,8344,6843,5673,2000,1257,1213,4.791958304310527,4.784376379359527,13.026523442519766,12.469896148670918,True,False
3197,14463750000000000000,1446,9565,8058,6533,2000,1268,1224,5.479751318845447,5.4769422332967785,13.223549253233475,12.673529924401144,True,False
3198,103740000000000000000,10374,9996,8589,6906,0,0,0,0.0,0.0,13.287135186086704,12.753634618853386,False,True
3199,14164500000000000000,1416,7991,6852,5535,2000,1063,1021,5.273323181515678,5.268353676871131,12.964160339100337,12.434367601668914,True,False
3200,3249603974421228979,325,7093,5960,4911,2000,1047,1006,4.605668735898694,4.59792233347039,12.792180232254807,12.261801107195309,True,False
3201,146652862850297548864,14665,5957,5202,4209,0,0,0,0.0,0.0,12.540370243743567,12.039261794341055,False,True
3202,4089750000000000000,409,4822,4111,3387,2000,698,674,4.5190379370278055,4.511570660155615,12.235415935602527,11.725792271494157,True,False
3203,10972500000000000000,1097,2878,2543,2107,2000,411,401,5.383442609089087,5.379365086704331,11.490850876740298,11.040974598817305,True,False
3204,5985000000000000000,599,2248,1989,1691,2000,331,324,4.644665139599928,4.640171077379953,11.134426320220927,10.723660944409984,True,False
3205,4738125000000000000,474,2060,1809,1543,2000,309,303,4.64638782553918,4.641904564696144,11.00842862207058,10.591522346570734,True,False
2290,1495080617519306096,150,7446,5802,4931,2000,1045,1016,4.459336186473086,4.453073712040777,12.862249900851513,12.267664537501119,True,False
2291,1296393155666283593,130,7592,6106,5178,2000,1189,1148,4.433600417505597,4.424582119347825,12.89026427702111,12.338179249900112,True,False
2292,997009694004154855,100,7172,5635,4834,2000,1207,1165,4.556411279322916,4.548051886115358,12.808159772868375,12.239001757765582,True,False
2293,994161654139361812,99,7161,5620,4829,2000,1208,1168,4.391876271534564,4.3821923795064555,12.805945351802933,12.237508748172656,True,False
2294,797153660273630173,80,6959,5326,4567,2000,1231,1186,4.436685362037704,4.428228991567119,12.764664292073347,12.157031074378354,True,False
2295,997000000000000000,100,7166,5569,4766,2000,1216,1171,4.392229847878005,4.380374184491123,12.806952328210736,12.21856323619027,True,False
2296,1495579649333583350,150,7695,6181,5191,2000,1234,1194,4.408713957538881,4.399383863675173,12.909705611215573,12.34179677239183,True,False
2297,97559864209379996,10,4437,2925,2676,2000,1232,1193,4.597011100007336,4.583309140214794,12.115368837820224,11.38586240064146,True,False
2298,199500000000000000,20,5177,3774,3372,2000,1229,1186,4.3998588510618974,4.38799991339004,12.337900602860927,11.719388820942083,True,False
2299,977360929549495354,98,6825,5498,4685,2000,1206,1164,4.648588798489814,4.643080002164398,12.736613330694578,12.19383333254655,True,False
2300,199459306362477977,20,4770,3521,3143,2000,1143,1101,4.577768603994331,4.562368697819377,12.219773550892874,11.617926556798752,True,False
2301,438164829058246306,44,5389,4180,3635,2000,1087,1045,4.479113250618279,4.46438463116361,12.395801871389747,11.827739648806956,True,False
2302,801508669468313532,80,5560,4448,3810,2000,1028,987,4.561488586152719,4.549942202875167,12.44086916761087,11.895575282380685,True,False
2303,3261456008631928355,326,4517,3841,3183,2000,668,646,4.608253463376804,4.60205719362502,12.141149198437516,11.636171441635922,True,False
2304,299333895374071894,30,2056,1603,1418,2000,460,448,4.659442114506742,4.647138713807393,11.005624549193879,10.469641817239516,True,False
2305,1694334166358644884,169,2182,1885,1617,2000,357,351,4.411378079560038,4.405464421175191,11.091435386323607,10.659103963473662,True,False
2306,1655158981217313057,166,902,778,704,2000,146,144,4.336854021180677,4.332278343765935,9.81698362325538,9.459431618637296,True,False
2307,850035653411363,0,9,0,0,0,0,0,0.0,0.0,3.169925001442312,0,False,True
2308,9297217144033554117,930,2078,2070,1764,2000,86,85,4.334348501917284,4.333433399442945,11.020979938904212,10.784634845557521,True,False
2309,71454149454441754,7,224,217,207,2000,80,79,4.831667642527851,4.82884538746976,7.807354922057604,7.693486957499325,True,False
2310,4700918354634628,0,1608,0,0,0,0,0,0.0,0.0,10.651051691178928,0,False,True
2311,4928863624822302669,493,8967,7343,6058,2000,1231,1185,5.089298251460038,5.085373084772056,13.13040968239925,12.564625862795372,True,False
2312,189525000000000000,19,3272,2431,2185,2000,792,762,4.54480495685094,4.528227446928825,11.67595703294175,11.093417564387961,True,False
2313,6039168559226041,1,1013,191,188,191,191,188,7.577428828035749,7.535544011281822,9.984418458801137,7.554588851677638,False,False
2314,1286460876496950000,129,1060,1049,914,2000,79,78,4.326567602450305,4.325705690168087,10.049848549450562,9.83605035505807,True,False
2315,1995000000000000,0,173,0,0,0,0,0,0.0,0.0,7.434628227636725,0,False,True
2316,13792931878471668722,1379,6510,6102,5029,2000,769,764,5.2754809820337965,5.274999997336554,12.668441828052998,12.296055838078784,True,False
2317,35768201450729446131,3577,9943,8448,6826,2000,1271,1231,5.902319619642021,5.900626307108599,13.279465491793964,12.736824699098866,True,False
2318,4987500000000000,0,599,0,0,0,0,0,0.0,0.0,9.226412192788786,0,False,True
2319,22099168955761985024,2210,4870,4815,3872,2000,238,238,5.038406332662589,5.038406332662589,12.249706056969705,11.918863237274595,True,False
2320,54453056652652512667,5445,5431,5372,4354,2000,225,224,5.442931547851632,5.442610408097449,12.407002147924201,12.088125692188207,True,False
2321,1122187500000000000,112,7282,5939,4989,2000,1220,1177,4.603051970715979,4.597076109450262,12.830119025444516,12.284534954008425,True,False
2322,3491250000000000000,349,8312,6979,5741,2000,1217,1175,5.0073606485825595,5.003767918877656,13.020979938904212,12.48708634027127,True,False
2323,14566264358358761752,1457,8973,7452,6147,2000,989,959,5.126690021954519,5.123648588869352,13.131374695840508,12.585666769732402,True,False
2324,5012531328320802,1,1782,164,160,164,164,160,7.357552004618086,7.296576394861988,10.799281621521923,7.321928094887363,False,False
2325,10901922556403393,1,2096,819,802,819,819,802,9.677719641641009,9.631920160561245,11.03342300153745,9.64745842645492,False,False
2326,5134797099492792247,513,8120,6843,5713,2000,1012,986,4.456527569464824,4.451194006537092,12.987264012072538,12.480032814583948,True,False
2327,238955383439210337,24,2292,2089,1913,2000,606,603,4.432648232264699,4.431347320482516,11.162391328756906,10.901621158346112,True,False
2328,1240232554893634297,124,2084,2037,1655,2000,142,141,4.520092851079162,4.519646945740688,11.025139562278508,10.69261550169458,True,False
2329,998691224996797213,100,2380,2320,1900,2000,200,199,4.390587878548962,4.3887530161636406,11.216745858195306,10.89178370321831,True,False
2330,9571471803197847,1,258,91,91,91,91,91,6.507794640198699,6.507794640198699,8.011227255423254,6.507794640198696,False,False
2331,4144970833351768140,414,1597,1586,1318,2000,56,56,4.165741863223006,4.1657418632230065,10.641148597411233,10.364134655008051,True,False
2332,5533514092754642976,553,6381,5624,4682,2000,785,779,4.432061510138079,4.430518772489467,12.639566818681828,12.192909219112012,True,False
2333,5863450524389910588,586,8342,6952,5801,2000,1026,999,4.9201092158574715,4.91663604926239,13.026177596889225,12.502085903985904,True,False
2334,2170607449115464,0,934,0,0,0,0,0,0.0,0.0,9.867278739709661,0,False,True
2335,857850000000000000,86,5997,4816,4190,2000,1013,993,4.639531391029608,4.634128069285412,12.550025257465784,12.032734528586714,True,False
2336,58818821406029730,6,3308,2113,2012,2000,1001,982,4.720721579317696,4.711607136476088,11.691743519171276,10.974414589805527,True,False
2337,4906723236309650,0,1102,0,0,0,0,0,0.0,0.0,10.105908508571158,0,False,True
2338,98067448601256387,10,892,825,757,2000,186,185,4.389226403756713,4.387143044971474,9.800899899920305,9.564149489985732,True,False
2339,11969545071145752327,1197,7372,6310,5106,2000,1005,964,5.31082541030791,5.306032583692627,12.847840355630714,12.31797782240712,True,False
2340,8976674419768608780,898,9285,7771,6340,2000,1242,1202,4.923098939011137,4.919066862820765,13.180686194822783,12.63026712502677,True,False
2341,22339391415792082390,2234,9728,8231,6651,2000,1263,1220,5.344056647398362,5.341158198589007,13.247927513443585,12.699355555588463,True,False
2342,22018815000000000000,2202,5820,5616,4646,2000,626,623,5.715165461996861,5.7145230635909385,12.506803437795647,12.181773438808808,True,False
2343,39468461101800424692,3947,8671,7675,6426,2000,987,976,4.883303592254936,4.882125064851567,13.081982669325678,12.649705265471413,True,False
2344,10000000000000000,1,2166,779,755,779,779,755,9.605479518061667,9.538259328104543,11.080817527608327,9.560332834212442,False,False
2345,5478270000000000000,548,190,170,164,2000,48,48,4.753783790295323,4.753783790295322,7.569855608330948,7.357552004618084,True,False
2346,2675547987945000,0,175,0,0,0,0,0,0.0,0.0,7.451211111832329,0,False,True
2347,1645703984869325063,165,7821,6301,5295,2000,1233,1194,4.43670402071735,4.429387085895968,12.933137368256713,12.370414968879698,True,False
2348,6056197532454646773,606,6399,5620,4702,2000,820,810,4.695360268906388,4.693732097230082,12.643630751061728,12.199058823653022,True,False
2349,1895250000000000,0,56,0,0,0,0,0,0.0,0.0,5.807354922057604,0,False,True
2350,78302947531502788,8,4264,2776,2537,2000,1252,1208,5.3090726546290385,5.27854018727243,12.057991722759176,11.308907804063939,True,False
2351,18045112781954887,2,227,123,123,2000,105,105,6.2826044687212255,6.282604468721225,7.826548487290915,6.94251450533924,True,False
2352,1338103314070544144,134,4355,3618,3059,2000,723,695,4.513356417027459,4.49903830336554,12.088457003486226,11.578844391558203,True,False
2353,2758947220210255758,276,1219,1214,1095,2000,71,70,4.501631402785254,4.500319875135855,10.251482410620213,10.096715154488535,True,False
2354,67876045530790901146,6788,6742,5845,4720,2000,886,851,5.961223278650522,5.958594263862194,12.71896091198421,12.204571144249204,True,False
2355,9975000000000000,1,1235,394,383,394,394,383,8.622051819456374,8.559222155745296,10.27029532647204,8.581200581924957,False,False
2356,36566803917869114,4,939,767,757,2000,494,492,5.256987169434585,5.2543187238041655,9.874981347653774,9.564149489985732,True,False
2357,1995000000000000000,200,1228,1220,1061,2000,90,89,4.293877457190932,4.293050836808556,10.262094845370179,10.051208940914766,True,False
2358,128903890363552029,13,3424,2545,2380,2000,909,899,4.39328514544463,4.390499705172312,11.741466986401146,11.216745858195306,True,False
2359,2512702500000000000,251,5193,4370,3648,2000,788,758,4.613716850744306,4.602599436483712,12.342352510087794,11.832890014164741,True,False
2360,99750000000000000,10,843,796,755,2000,206,206,4.7180272980614335,4.718027298061433,9.719388820942083,9.560332834212442,True,False
2361,740347472070758,0,362,0,0,0,0,0,0.0,0.0,8.499845887083206,0,False,True
2362,2605001329269340,0,375,0,0,0,0,0,0.0,0.0,8.550746785383243,0,False,True
2363,5985000000000000,1,1721,184,183,184,184,183,7.523561956057014,7.5126923908396215,10.749031382040204,7.515699838284043,False,False
2364,2443875000000000,0,1165,0,0,0,0,0,0.0,0.0,10.186114239541643,0,False,True
2365,49723681225013471408,4972,5330,5259,4237,2000,200,199,4.722620307305299,4.721914154952928,12.379919817646538,12.04882741336389,True,False
2366,99373576270642131119,9937,5521,5452,4390,2000,219,216,5.405726249176395,5.402369898576001,12.430713885791938,12.10000522442272,True,False
2367,172257243353931632,17,3779,2770,2500,2000,936,898,4.48480577086433,4.470215194561433,11.88378880325996,11.287712379549449,True,False
2368,498750000000000000,50,4635,3628,3162,2000,933,894,4.454258805135958,4.441271258045153,12.178353623512892,11.62662165235837,True,False
2369,997500000000000000,100,5088,4113,3520,2000,909,871,4.51402122809862,4.502623216469991,12.312882955284355,11.78135971352466,True,False
2370,3959899749373433583,396,3556,3490,2828,2000,198,197,4.494498798454584,4.493574894540591,11.79603960882977,11.4655664048094,True,False
2371,4060025062656641604,406,3608,3542,2863,2000,199,198,4.4348429710541115,4.433710934417289,11.81698362325538,11.483311954999353,True,False
2372,73305841707175111576,7331,9451,8175,6753,2000,1007,981,4.5004610654979995,4.491545783806124,13.206251272060687,12.721312842175312,True,False
2373,11819176019867850991,1182,4744,4648,3808,2000,383,382,5.0830149035878565,5.082774879585457,12.211888294546004,11.894817763307943,True,False
2374,8221293357690110,1,313,99,99,99,99,99,6.62935662007961,6.62935662007961,8.290018846932618,6.6293566200796095,False,False
2375,2450757750000000000,245,8230,6618,5522,2000,1225,1183,4.6498062502989,4.644058379937885,13.006676715308988,12.430975172588068,True,False
2376,21322687148031369618,2132,6203,5366,4343,2000,822,790,5.655353855136572,5.651431109315101,12.598750409571753,12.084476237453893,True,False
2377,1368551229469084113,137,7116,5646,4805,2000,983,953,4.711738792849404,4.706923518741098,12.79685079526716,12.230320715661113,True,False
2378,1915200000000000000,192,5425,4659,3936,2000,801,795,5.009019221213535,5.008336895849266,12.405407422219204,11.94251450533924,True,False
2379,98922313426257802,10,3310,2318,2192,2000,966,956,4.725928100396253,4.721957482965243,11.69261550169458,11.098032082960527,True,False
2380,77875319629165786,8,1224,1069,1032,2000,460,458,4.760548829888773,4.758182686249635,10.257387842692651,10.011227255423254,True,False
2381,23367282275097485,2,74,63,62,765,63,62,5.392210852199555,5.387755712076864,6.20945336562895,5.954196310386875,False,False
2382,49602380767584813,5,3858,2255,2085,2000,1215,1171,4.790444217012549,4.771140369403264,11.913637428049103,11.025831668332026,True,False
2383,419652070458759492,42,6153,4568,3995,2000,1216,1175,4.649064849643257,4.643585816604342,12.587074277201008,11.963979787815338,True,False
2384,1662827815749852012,166,7805,6218,5235,2000,1213,1172,4.435329376106326,4.427736952534727,12.930182916865272,12.35397382181817,True,False
2385,169905614399463482,17,5177,3587,3219,2000,1213,1171,4.4411915941149545,4.426941990801251,12.337900602860927,11.652396861477678,True,False
2386,168334268119390289,17,5252,3629,3249,2000,1219,1176,4.408106240541475,4.399178872062645,12.358651200892886,11.665780028329483,True,False
2387,149432734540292566,15,5136,3501,3153,2000,1224,1179,4.3928770968068385,4.382308747811226,12.326429487122303,11.622509454683335,True,False
2388,198033015663119849,20,5385,3765,3356,2000,1218,1172,4.557010073461491,4.549596941070388,12.39473062943157,11.712527000439824,True,False
2389,45828542005050749,5,3812,2208,2042,2000,1210,1166,5.198550556239759,5.173580306137774,11.896332403909941,10.995767150877802,True,False
2390,330311438731919534,33,5990,4396,3867,2000,1217,1174,4.435647657026916,4.426499438227542,12.548340287676147,11.916999049082808,True,False
2391,112960934033857089,11,4879,3346,3023,2000,1230,1188,5.208735839223934,5.176024922450795,12.252369767926027,11.561765263627708,True,False
2392,42157611511354374,4,3713,2186,2030,2000,1225,1184,5.866724790680955,5.838878364359967,11.85836959985474,10.987264012072538,True,False
2393,1163568053755533980,116,7516,6002,5060,2000,1239,1199,4.789167545835788,4.784468206385736,12.875749351420055,12.304921669581672,True,False
2394,983276345392918880,98,7077,5587,4774,2000,1246,1206,4.604051166808527,4.598066376482891,12.788922203960619,12.220982851081777,True,False
2395,1000717336704486,0,717,0,0,0,0,0,0.0,0.0,9.485829308701904,0,False,True
2396,8179669859155110,1,1599,385,382,385,385,382,8.58871463558226,8.573130219997845,10.642954223480332,8.57742882803575,False,False
2397,8020050125313283,1,1781,445,437,445,445,437,8.79766152585376,8.757212087651514,10.798471801101618,8.7714894695006,False,False
2398,3704962441955757,0,1364,0,0,0,0,0,0.0,0.0,10.413627929024173,0,False,True
2399,4826902500000000000,483,8943,7323,6042,2000,1229,1183,5.045033169078591,5.040790818408366,13.126543160712325,12.56081046872794,True,False
2400,848641752583544733,85,1366,1338,1100,2000,119,119,4.4307830506959,4.4307830506959025,10.41574176829009,10.103287808412022,True,False
2401,1523921653669318863,152,2690,2624,2110,2000,186,184,4.533088216052221,4.53171127945104,11.393390457443987,11.043027283594547,True,False
2402,29324130629806499,3,149,126,124,2000,112,111,5.02689181937942,5.0256298166733435,7.219168520462161,6.954196310386875,True,False
2403,254160302724857315,25,5396,4060,3602,2000,1207,1164,4.407182427757342,4.397890295481444,12.397674632948268,11.814582465906277,True,False
2404,57855000000000000,6,3663,2081,1930,2000,981,952,4.427133723694409,4.4154229466099935,11.83880998570856,10.914385132155443,True,False
2405,2992500000000000,0,362,0,0,0,0,0,0.0,0.0,8.499845887083206,0,False,True
2406,14922672598050000,1,364,197,193,197,197,193,7.622051819456377,7.5814426824005405,8.507794640198696,7.592457037268081,False,False
2407,36961416120647855865,3696,6969,6596,5425,2000,768,763,5.560771254618655,5.560317370847678,12.766735939529964,12.405407422219204,True,False
2408,4500000000000000,0,319,0,0,0,0,0,0.0,0.0,8.31741261376487,0,False,True
2409,22915982304858052135,2292,9333,7747,6368,2000,999,967,5.569685325876376,5.56688188574979,13.188125180255538,12.63662462054365,True,False
2410,402729628429301539,40,5624,4042,3545,2000,992,963,4.425523170785556,4.418496353194026,12.457380879072534,11.791569912126878,True,False
2411,199520981526425694,20,4885,3285,2929,2000,1008,979,4.370158143326694,4.361468878372092,12.254142846855748,11.516192477879367,True,False
2412,99750000000000000,10,3113,2216,2099,2000,910,899,4.550908632795523,4.545937185056296,11.604089861469179,11.035486451292154,True,False
2413,77165740274700000,8,213,202,197,2000,72,71,4.575636052982482,4.573261012503995,7.734709620225838,7.622051819456376,True,False
2414,777121557025231515,78,797,785,708,2000,78,77,4.253025404944288,4.251562359103916,9.638435913990472,9.467605550082997,True,False
2415,17837869923268213350,1784,9784,8151,6621,2000,1246,1200,5.628627069859087,5.625373058433662,13.256208688527387,12.69283341500077,True,False
2416,24927393679772865785,2493,5439,5302,4356,2000,461,459,4.828179460849988,4.827681574414765,12.409125710465315,12.088788238716907,True,False
2417,1496250000000000000,150,1071,1065,926,2000,79,78,4.338230737403931,4.336705003774927,10.064742764750257,9.854868383260236,True,False
2418,54934586259130896,5,4121,2484,2295,2000,1222,1175,4.787827596495135,4.765503681584087,12.0087787482805,11.16427843830117,True,False
2419,1235599227331875000,124,999,986,864,2000,78,77,4.30817244645406,4.307020350338111,9.964340867792417,9.754887502163468,True,False
2420,3504633972702342037,350,3491,3424,2766,2000,195,194,4.442032806164113,4.440941003780345,11.769424641552753,11.433585441150495,True,False
2421,71631228508320369,7,1278,913,846,2000,401,392,4.518791539658505,4.508787538057865,10.319672120946995,9.72451385311995,True,False
2422,35695794288198444773,3570,5311,4628,3738,2000,682,659,5.242592311640846,5.2373766254140595,12.374767814092825,11.868050853745158,True,False
2423,596271202717975360380,59627,1626,1621,1396,0,0,0,0.0,0.0,10.667111542075027,10.447083226209653,False,True
2424,153319816714246192,15,3523,2577,2330,2000,884,849,4.55279712481634,4.536106714072199,11.782588759494963,11.186114239541643,True,False
2425,17803518888753123,2,1915,986,944,2000,860,827,6.577810951946895,6.537265892240285,10.903128676812319,9.88264304936184,True,False
2426,8778000000000000,1,1311,355,349,355,355,349,8.471675214392043,8.432238594673734,10.356451970221755,8.447083226209653,False,False
2427,9975000000000,0,0,0,0,0,0,0,0.0,0.0,0,0,False,True
2428,2030169487197493,0,1115,0,0,0,0,0,0.0,0.0,10.122827994807666,0,False,True
2429,14035087719298245,1,1671,799,767,799,799,767,9.642051692927975,9.553985950779538,10.706496018061188,9.583082767502933,False,False
2430,91825471099710068756,9183,8850,7634,6137,2000,1123,1080,5.682923897714784,5.679421546275174,13.111461739857722,12.58331786813751,True,False
2431,997500000000000000,100,886,873,778,2000,79,78,4.312613843495266,4.311499867344911,9.791162888555018,9.603626344986193,True,False
2432,9854429956083309745,985,2476,2460,2048,2000,109,108,4.625527361518732,4.625093813680432,11.273795599214264,11.0,True,False
2433,994481631867463,0,248,0,0,0,0,0,0.0,0.0,7.954196310386875,0,False,True
2434,818415038484204398,82,2836,2337,2021,2000,524,507,4.5436529176839215,4.53151186358328,11.469641817239516,10.980853606379736,True,False
2435,1415845982263718913,142,3112,2618,2219,2000,511,495,4.417724982796302,4.409137584768828,11.603626344986193,11.115693952197011,True,False
2436,10162421994855581993,1016,3748,3263,2657,2000,507,492,5.2014046128640175,5.195775182801775,11.871905237659186,11.375582512490507,True,False
2437,105199940991997724,11,1745,1547,1475,2000,576,574,4.7679425407256115,4.766079301582117,10.769011321097015,10.526499239136566,True,False
2438,1792426015673595876,179,1411,1396,1200,2000,95,94,4.320781258565604,4.3199561918500935,10.462502272597265,10.228818690495881,True,False
2439,6555301584050626,1,668,146,146,146,146,146,7.189824558880018,7.189824558880018,9.383704292474052,7.189824558880018,False,False
2440,6214425000000000000,621,4115,4057,3253,2000,197,196,4.490951485789103,4.488854502680034,12.006676715308988,11.667555107041132,True,False
2441,4982940590167492308,498,3851,3801,3062,2000,195,194,4.3521276769538835,4.350817242731464,11.911017407796985,11.580258567499788,True,False
2442,151809390976711161,15,2260,1698,1529,2000,561,544,4.531894555647349,4.518767795796936,11.14210705730255,10.578372691360805,True,False
2443,149223484764774790,15,1776,1325,1195,2000,454,443,4.5287276363515065,4.51749647390529,10.794415866350105,10.222794902868111,True,False
2444,142229838435112758,14,1511,1147,1044,2000,399,390,4.603739322856072,4.593326994659487,10.561287945164828,10.027905996569885,True,False
2445,50063624812407018,5,927,658,620,2000,327,321,4.854569998255776,4.845065834493287,9.85642552862553,9.276124405274238,True,False
2446,47240280259358934,5,840,585,554,2000,309,304,4.841702345586002,4.832740372769532,9.714245517666123,9.113742166049189,True,False
2447,185719915189763907,19,1140,889,809,2000,304,299,4.507902262749963,4.501004368114935,10.154818109052105,9.659995892429977,True,False
2448,141138274719998812,14,1063,817,750,2000,297,292,4.5667070324799575,4.559494998686429,10.053925881531105,9.550746785383243,True,False
2449,221899741485161952,22,597,472,442,2000,148,146,4.381042124115936,4.376335203471676,9.221587121264806,8.787902559391432,True,False
2450,458350188889243197,46,551,453,422,2000,117,117,4.314600809385724,4.314600809385724,9.105908508571158,8.721099188707186,True,False
2451,174182635339405990,17,409,322,307,2000,112,112,4.311361881374288,4.311361881374288,8.67595703294175,8.262094845370179,True,False
2452,99750000000000000,10,4088,2690,2465,2000,1126,1092,4.43109556016466,4.41879059185329,11.997179480937621,11.267371931265274,True,False
2453,848878809135534564,85,6403,4883,4242,2000,983,953,4.927043762177486,4.874454261254402,12.644532294625444,12.050528905530555,True,False
2454,4987500000000000,0,995,0,0,0,0,0,0.0,0.0,9.958552715431011,0,False,True
2455,1102757092731829572,110,5445,4448,3758,2000,927,889,4.683945992678749,4.6713222974829876,12.410716333604269,11.875749351420055,True,False
2456,39900000000000000,4,2849,1680,1615,2000,992,974,4.753615135934087,4.740897678057652,11.476239906323851,10.657318449581288,True,False
2457,50949772662184986038,5095,4468,4415,3589,2000,169,167,5.3385873056473425,5.31773446187027,12.125413470483315,11.809366207816078,True,False
2458,4817925000000000000,482,3686,3618,2882,2000,182,181,4.486857476984479,4.484254353235981,11.847840355630714,11.492854620174748,True,False
2459,49875000000000000,5,124,113,113,2000,56,56,4.452625041297782,4.452625041297781,6.954196310386875,6.820178962415188,True,False
2460,10000000000000000,1,2107,717,701,717,717,701,9.485829308701906,9.436303820550823,11.040974598817305,9.453270634010623,False,False
2461,258754226189445000,26,2314,1805,1604,2000,531,515,4.377613194397687,4.367694078965878,11.17617314910749,10.64745842645492,True,False
2462,17849693440415960027,1785,2208,2201,1848,2000,91,89,4.527624833595977,4.526633402474695,11.108524456778168,10.851749041416058,True,False
2463,897750000000000000,90,15,14,14,27,14,14,3.498351951987783,3.498351951987783,3.9068905956085187,3.807354922057604,False,False
2464,104597254984757522337,10460,9294,8122,6761,0,0,0,0.0,0.0,13.182083929510725,12.723020931812032,False,True
2465,1217537395210048549,122,6375,5271,4518,2000,969,954,4.386183556254453,4.381838551262639,12.638209626633582,12.141468555393084,True,False
2466,8538138742035000000,854,4157,4088,3250,2000,200,199,4.817272188977752,4.816640294082935,12.021327032624372,11.66622400280318,True,False
2467,29505763063729767466,2951,2613,2601,2184,2000,90,88,5.074030523820064,5.069951871958801,11.35149140932002,11.092757140919852,True,False
2468,10025062656641604,1,193,134,133,134,134,133,7.06608919045777,7.051163817323442,7.592457037268081,7.05528243550119,False,False
2469,10890488368599990,1,2194,945,913,945,945,913,9.884170519108437,9.812212847150766,11.099347810403193,9.834471049984222,False,False
2470,72818855237663420289,7282,4857,4794,3899,2000,186,185,5.153703831970119,5.153185227017442,12.245849771023723,11.928888439397635,True,False
2471,1925175000000000000,193,7432,6070,5150,2000,1103,1070,5.04581487470621,5.0421671711643565,12.859534786382653,12.330356716957944,True,False
2472,32081419858950000,3,3220,1805,1705,2000,1137,1101,5.278961653041598,5.253244359287633,11.65284497300198,10.735556023911535,True,False
2473,499952608244385423,50,4582,3586,3125,2000,920,883,4.454921644425854,4.442342985967898,12.161761743304675,11.609640474436812,True,False
2474,14972475000000000000,1497,3036,3010,2463,2000,139,138,5.263977972860686,5.2638515827061525,11.567956075415466,11.266200912498961,True,False
2475,99750000000000000,10,4,3,3,0,0,0,0.0,0.0,2.0,1.584962500721156,False,False
2476,2074800000000000000,207,3179,3129,2544,2000,204,204,4.91662096495312,4.91662096495312,11.634357301137976,11.312882955284355,True,False
2477,399000000000000000,40,6119,4605,4035,2000,1233,1194,4.393637575608637,4.384413587550796,12.579080183834757,11.978352958165143,True,False
2478,2234400000000000000,223,5878,4888,4085,2000,917,880,4.472628282099845,4.463954068692433,12.521109643651332,11.996120363033047,True,False
2479,1895250000000000000,190,4108,3453,2914,2000,647,627,4.429971142894842,4.419660197808503,12.004220466318195,11.508785162064513,True,False
2480,19053454578361212984,1905,2683,2668,2238,2000,117,116,5.3811410771702555,5.380844873133475,11.389631339260522,11.127994320976393,True,False
2481,20825531916714398575,2083,9730,8226,6641,2000,1261,1216,4.879905453135181,4.875197494573406,13.248224089668474,12.697184783224516,True,False
2482,1944928879849200000,194,1225,1213,1048,2000,78,77,4.253025404944288,4.251562359103916,10.258566033889933,10.03342300153745,True,False
2483,72816847151705681265,7282,4483,3954,3203,2000,593,574,5.88863896349557,5.885461656554568,12.13024878405069,11.645208082774683,True,False
2484,49875000000000000000,4988,5389,5308,4321,2000,312,312,5.159697616215131,5.159697616215132,12.395801871389747,12.077149515589733,True,False
2485,6170765539353535199,617,3992,3937,3178,2000,228,228,4.584839638110992,4.584839638110993,11.96289600533726,11.63390340934852,True,False
2486,1337873947292000757,134,5820,4950,4250,2000,900,889,4.923345158650771,4.922111543444935,12.506803437795647,12.053247125912426,True,False
2487,43472067053276987,4,657,453,432,2000,250,246,5.228618668084856,5.217456486501677,9.35974956032233,8.754887502163468,True,False
2488,9932516936865168882,993,2332,2317,1937,2000,93,92,4.436281814675894,4.435415825740921,11.187352073200497,10.919608238603253,True,False
2489,1104036958429125,0,77,0,0,0,0,0,0.0,0.0,6.266786540694901,0,False,True
2490,474958730721300000,47,650,644,596,2000,82,81,4.34392053561595,4.342882440126516,9.344295907915816,9.219168520462162,True,False
2491,2046772301063056537,205,6852,5756,4880,2000,967,952,4.553921598284757,4.550015591783969,12.742309436084,12.252665432450248,True,False
2492,1007475000000000000,101,2544,2485,2054,2000,205,204,4.6358155564855865,4.634967347363483,11.312882955284355,11.004220466318195,True,False
2493,6982500000000000000,698,4047,3988,3205,2000,204,203,4.600317118987998,4.599509779538455,11.982637133669424,11.646108641506103,True,False
2494,10650516669351529569,1065,4624,4566,3658,2000,219,217,5.268295276659178,5.266348522338282,12.174925682500678,11.836839359748716,True,False
2495,2580000000000000000,258,7749,6278,5282,2000,1003,973,4.438334461648723,4.430022178131546,12.919794428839156,12.366868586167094,True,False
2496,13481320760493101355,1348,4568,4500,3598,2000,185,184,4.382627614216918,4.381168825011958,12.157346935362844,11.812979471251483,True,False
2497,15894742157367474,2,1546,795,761,2000,727,701,6.5223734171630205,6.482735358693679,10.594324603924848,9.571752643503546,True,False
2498,86488086729870000,9,2414,1679,1536,2000,713,687,4.890396626939756,4.873229886275733,11.237209960755022,10.584962500721156,True,False
2499,1066263770012975786,107,7436,5936,5007,2000,1245,1203,4.437499702082854,4.429545022886364,12.860311054919482,12.289730740083755,True,False
2500,119700000000000000,12,1997,1488,1352,2000,530,514,5.106907345309853,5.0869278002387635,10.963618617443972,10.400879436282183,True,False
2501,47680500000000000,5,1518,1015,944,2000,526,510,4.926570446467902,4.9079993043198265,10.567956075415466,9.88264304936184,True,False
2502,206749044580720722,21,1972,1507,1347,2000,470,459,4.425988435913891,4.416703939796142,10.945443836377912,10.395534135462302,True,False
2503,5012531328320802005,501,3863,3820,3061,2000,223,223,4.953139322241559,4.95313932224156,11.915505962231931,11.579787329526992,True,False
2504,23256437788500000000,2326,4904,4861,3885,2000,217,217,4.773562335115749,4.7735623351157495,12.259743263690781,11.923698883295073,True,False
2505,15529185405991746337,1553,4659,4612,3705,2000,232,232,5.373656657530971,5.373656657530972,12.185804615108458,11.855257827193196,True,False
2506,89744485095227850,9,3552,2357,2222,2000,1000,980,4.417252545047863,4.406414258152257,11.794415866350105,11.117643101389092,True,False
2507,545879199855506364,55,6481,4983,4328,2000,1182,1142,4.522264881809758,4.512098783739757,12.662000718718481,12.079484783826816,True,False
2508,505023252604695,0,339,0,0,0,0,0,0.0,0.0,8.405141463136344,0,False,True
2509,11835020076381427,1,2301,1024,986,1024,1024,986,10.0,9.919565890647851,11.16804526822409,9.945443836377912,False,False
2510,14302238975909750,1,2361,1112,1071,1112,1112,1071,10.118941072723509,10.039476569147428,11.205182326228643,10.064742764750257,False,False
2511,30019180359470558655,3002,1826,1822,1594,2000,81,79,4.901198511298044,4.900183393015025,10.834471049984222,10.638435913990472,True,False
2512,4877141255831141,0,10,0,0,0,0,0,0.0,0.0,3.321928094887362,0,False,True
2513,1582985865999966908,158,6099,5198,4458,2000,920,909,4.69650620344299,4.694979492412605,12.574357000565888,12.122180901259753,True,False
2514,49847496130026859363,4985,3539,3518,2890,2000,133,132,5.152316318477843,5.1521749742545495,11.789126046425231,11.496853777388042,True,False
2515,39900000000000000,4,2131,1340,1253,2000,755,728,5.278654795505272,5.252180786447887,11.057314877782703,10.29117069932186,True,False
2516,3582303457027050000,358,3033,2621,2191,2000,442,430,4.422290073359065,4.414372167905713,11.56652978262417,11.097373768990222,True,False
2517,16194190778134757,2,2387,1185,1136,2000,1077,1038,6.515983074447256,6.474612088583414,11.220982851081777,10.149747119504681,True,False
2518,3763256188419979098,376,1649,1637,1361,2000,89,86,4.614060328266388,4.561359887779188,10.687375683437468,10.410451351503994,True,False
2519,3464195351600664,0,1056,0,0,0,0,0,0.0,0.0,10.044394119358454,0,False,True
2520,749122500000000000,75,6931,5383,4656,2000,1229,1188,4.400047526435751,4.3890495233787385,12.75884780310832,12.184875342908283,True,False
2521,1121190000000000000,112,3886,3235,2742,2000,648,628,4.45638088541777,4.448153488874991,11.924070185585345,11.421012855779226,True,False
2522,35709407129057800,4,1982,1247,1168,2000,713,688,5.260013124260173,5.234659159813338,10.952741247186488,10.189824558880018,True,False
2523,1849425497656922781,185,7376,5905,5006,2000,1014,983,5.274484432089941,5.2700374946465,12.848622940429339,12.289442575688332,True,False
2524,21593077396038950,2,2822,1376,1321,2000,1063,1033,6.509675595811862,6.475665820807533,11.462502272597265,10.367414751246828,True,False
2525,778050000000000,0,395,0,0,0,0,0,0.0,0.0,8.625708843064466,0,False,True
2526,199500000000000000,20,4788,3211,2854,2000,976,946,4.534447805297665,4.518436858012121,12.225207436943501,11.478769619475763,True,False
2527,8600138413895583,1,1986,499,490,499,499,490,8.96289600533726,8.922815845016618,10.955649907528374,8.936637939002571,False,False
2528,3070513793216997630,307,1460,1448,1194,2000,68,67,4.338029188837662,4.33773727238924,10.51175265376738,10.221587121264806,True,False
2529,689668945711142186,69,664,652,590,2000,68,68,4.28900588801605,4.28900588801605,9.375039431346925,9.204571144249204,True,False
2530,1013093927493931940,101,2564,2496,2050,2000,196,195,4.487909850235978,4.486909558484216,11.324180546618742,11.001408194392809,True,False
2531,18108502070653630,2,2915,1427,1372,2000,1250,1206,6.585722897117848,6.540571972404531,11.509280168087859,10.422064766172813,True,False
2532,19385824774394643,2,2911,1445,1386,2000,1233,1190,6.576544080892397,6.535295651277474,11.507299124122765,10.436711542137214,True,False
2533,60000000000000000,6,3943,2579,2373,2000,1215,1171,4.549706650722121,4.532705323875286,11.945077995107816,11.212496385193948,True,False
2534,26008383737528231,3,3062,1756,1663,2000,1176,1134,6.558916604136172,6.5176020088946265,11.580258567499788,10.699572453287269,True,False
2535,90953304898036232,9,819,774,728,2000,195,195,4.491018853565645,4.491018853565645,9.677719641641009,9.507794640198696,True,False
2536,50125313283208020,5,641,590,576,2000,211,211,4.495961680236519,4.495961680236519,9.324180546618742,9.169925001442312,True,False
2537,98440938855000000,10,3440,2341,2208,2000,965,950,4.433356309004036,4.427467998712592,11.74819284958946,11.108524456778168,True,False
2538,2213289572162191985,221,832,720,651,2000,131,131,4.517976468635623,4.517976468635623,9.700439718141093,9.346513733165635,True,False
2539,17225602504994960,2,2857,1313,1266,2000,1200,1161,6.56644795566314,6.527943324676203,11.480285320936371,10.306061689428342,True,False
2540,1498580573786530063,150,7817,6272,5304,2000,1222,1182,4.57299576215615,4.566947837558088,12.932399322433792,12.372865060112588,True,False
2541,9816548811718455,1,2118,562,547,562,562,547,9.134426320220928,9.071063970622285,11.048486873992337,9.095397022792557,False,False
2542,230422500000000000000,23042,4006,3981,3262,0,0,0,0.0,0.0,11.967946705812707,11.671541066711884,False,True
2543,297255000000000000000,29726,4574,4531,3686,0,0,0,0.0,0.0,12.159240650411673,11.847840355630714,False,True
2544,237405000000000000000,23741,4723,4672,3795,0,0,0,0.0,0.0,12.205487820150566,11.889884170302828,False,True
2545,298252500000000000000,29825,4941,4882,3969,0,0,0,0.0,0.0,12.270587340447511,11.954559846999834,False,True
2546,226432500000000000000,22643,5304,5240,4245,0,0,0,0.0,0.0,12.372865060112588,12.0515488384404,False,True
2547,349123071167784759395,34912,8769,7831,6583,0,0,0,0.0,0.0,13.09819661452721,12.684529482418487,False,True
2548,2737797120830625000,274,1413,1400,1196,2000,74,73,4.307639208550916,4.306526999303904,10.46454575033394,10.224001674198105,True,False
2549,299250000000000000,30,383,379,370,2000,62,61,4.291351054178217,4.287704738275499,8.581200581924957,8.531381460516313,True,False
2550,1995000000000000000,200,1026,1019,910,2000,70,69,4.506175227082429,4.505232563195799,10.002815015607053,9.829722735086058,True,False
2551,997500000000000000,100,866,857,759,2000,76,75,4.253403810201936,4.25248417919055,9.758223214726724,9.567956075415466,True,False
2552,1995000000000000000,200,1231,1220,1052,2000,84,83,4.324169871969163,4.32347149135512,10.265615046484458,10.038918989292302,True,False
2553,10423875000000000000,1042,2276,2263,1898,2000,88,87,4.567423417271795,4.566556889183944,11.152284842306582,10.89026427702111,True,False
2554,5087250000000000000,509,1998,1983,1647,2000,87,85,4.411463475866979,4.409372038728825,10.964340867792417,10.685624839726355,True,False
2555,5087250000000000000,509,2052,2037,1703,2000,93,92,4.334434178893064,4.333292487451731,11.002815015607053,10.733862719678543,True,False
2556,4987500000000000000,499,2310,2291,1874,2000,118,117,4.43832121227081,4.438005760889472,11.17367713630342,10.871905237659186,True,False
2557,99750000000000,0,62,0,0,0,0,0,0.0,0.0,5.954196310386875,0,False,True
2558,2121917309504694,0,1044,0,0,0,0,0,0.0,0.0,10.027905996569885,0,False,True
2559,6384000000000000000,638,3942,3883,3126,2000,217,214,5.2678948765454585,5.216649622404025,11.944712061043486,11.610102062999664,True,False
2560,40897500000000000,4,3594,2198,2041,2000,1223,1180,4.787131244639488,4.766371801289688,11.811374693509942,10.995060467032719,True,False
2561,9975000000000000,1,144,75,75,75,75,75,6.228818690495881,6.228818690495881,7.169925001442312,6.22881869049588,False,False
2562,49775250000000000000,4978,5456,5372,4386,2000,347,346,5.2390473339495065,5.2380611654406675,12.413627929024173,12.098690096673593,True,False
2563,48330578489457009,5,566,512,491,2000,197,194,4.48922829410473,4.485609287692029,9.144658242831882,8.939579214314692,True,False
2564,1030304339038648413,103,2651,2601,2129,2000,195,195,4.4883017993263055,4.488301799326306,11.37232095486726,11.055960234452295,True,False
2565,3409001841268258974,341,3585,3537,2854,2000,206,206,4.778158385144122,4.7781583851441205,11.807757403589267,11.478769619475763,True,False
2566,8268477000000000000,827,8672,7204,5970,2000,1007,976,5.412695809583477,5.410103973465456,13.08214904135387,12.543515216152167,True,False
2567,1450449418335225000,145,2730,2663,2137,2000,186,185,4.371706601548302,4.370372601214802,11.414685235807214,11.061371192659811,True,False
2568,9969333251659301569,997,6133,5781,4783,2000,754,748,5.38597425358806,5.38457820583643,12.582377235640692,12.223700075986306,True,False
2569,19580243638236585294,1958,7114,6358,5222,2000,811,805,5.529325771667169,5.528911346897221,12.79644525906185,12.350386742312843,True,False
2570,3627163883064995131,363,4296,4131,3464,2000,508,506,5.04799322578619,5.047649487199385,12.068778277985412,11.758223214726724,True,False
2571,69467520651243802370,6947,3559,3540,2906,2000,122,121,4.775215584416472,4.7750101326043595,11.797256217509785,11.504818987632841,True,False
2572,30059118207334243192,3006,5164,5115,4101,2000,221,221,5.563307927388862,5.563307927388862,12.33427328530719,12.001760028327217,True,False
2573,18905684310674497,2,377,212,207,2000,179,175,6.41152965697085,6.387769680194355,8.558420713268664,7.693486957499325,True,False
2574,2194500000000000000,219,4275,3605,3021,2000,658,637,4.5056358339897455,4.494257365428375,12.061708704660623,11.56081046872794,True,False
2575,1905225000000000000,191,332,297,281,2000,67,67,4.296213131091721,4.296213131091722,8.375039431346925,8.134426320220927,True,False
2576,1695750000000000000,170,112,102,99,2000,33,33,4.223559976314276,4.223559976314276,6.807354922057604,6.6293566200796095,True,False
2577,536162886306941862528,53616,5896,5813,4733,0,0,0,0.0,0.0,12.52552080909507,12.208539206738363,False,True
2578,14419018558868678,1,331,261,261,261,261,261,8.027905996569883,8.027905996569883,8.370687406807217,8.027905996569885,False,False
2579,1614623254797823,0,556,0,0,0,0,0,0.0,0.0,9.118941072723507,0,False,True
2580,664134517427533282,66,2073,2006,1641,2000,187,186,4.38886770180315,4.386866534455531,11.017504401109415,10.680359523513713,True,False
2581,39868411825646412242,3987,3381,3362,2772,2000,125,124,4.92109683315054,4.920896978047971,11.723234300893377,11.436711542137214,True,False
2582,53453261925000000000,5345,7415,6641,5506,2000,816,807,4.833212072668887,4.831365651684633,12.856230977341992,12.42678889459556,True,False
2583,49875000000000000,5,560,493,473,2000,183,182,4.486855473067157,4.4842518279640124,9.129283016944967,8.885696373339394,True,False
2584,69825000000000000,7,732,664,628,2000,181,180,4.7069367893511735,4.703682314448183,9.515699838284043,9.294620748891626,True,False
2585,240913278228643253981,24091,7770,7119,5853,0,0,0,0.0,0.0,12.923698883295073,12.514960563330183,False,True
2586,2992463801871373185,299,6759,5656,4677,2000,1027,986,4.604368996746601,4.593646831751298,12.722594098956584,12.191367713418941,True,False
2587,221054671395021809,22,1866,1735,1579,2000,442,440,4.393134494301629,4.3920233214586935,10.86573327085176,10.624795455860237,True,False
2588,1090215818110850946,109,2680,2622,2155,2000,205,203,4.5078150515980155,4.5034891291909736,11.388017285345136,11.07347215397646,True,False
2589,99027568922305764,10,843,801,757,2000,205,205,4.715670124348268,4.715670124348268,9.719388820942083,9.564149489985732,True,False
2590,147270900000000000,15,1093,1047,967,2000,206,206,4.452666500508261,4.452666500508263,10.094077685671905,9.917372079476841,True,False
2591,297492405000000000,30,1537,1490,1307,2000,210,210,4.4086311464525885,4.408631146452589,10.585901449690772,10.352043425795433,True,False
2592,832710007500000000,83,2540,2451,2104,2000,354,353,4.855915375131323,4.855568694597435,11.310612781659529,11.038918989292302,True,False
2593,977550000000000000,98,2858,2735,2346,2000,432,430,4.513052499793398,4.512204251426274,11.480790201095816,11.19598729802851,True,False
2594,16569340002075000000,1657,4681,4635,3721,2000,215,215,4.535627171834509,4.535627171834507,12.192601049711953,11.861474675125773,True,False
2595,3235639321287904252,324,7969,6430,5394,2000,975,945,4.553086732607008,4.546686558477629,12.960182981831874,12.397139806235604,True,False
2596,84375912115394728978,8438,4327,4292,3494,2000,133,131,5.064301438790695,5.064055653898947,12.079151405421891,11.77066389291676,True,False
2597,167891226388939041,17,1143,1079,948,2000,175,173,4.364840818907168,4.362584889152813,10.158609688214478,9.888743248898258,True,False
2598,1946982841525145,0,937,0,0,0,0,0,0.0,0.0,9.871905237659186,0,False,True
2599,8890010884237970964,889,2021,2008,1676,2000,81,80,4.376346279797822,4.375251648110448,10.980853606379736,10.710806433699352,True,False
2600,3800475000000000000,380,3667,3612,2915,2000,212,211,4.818912595148513,4.81838625165675,11.840384550711667,11.509280168087859,True,False
2601,20947500000000000,2,321,276,275,2000,189,189,6.422677786126902,6.4226777861269015,8.326429487122303,8.103287808412022,True,False
2602,9548070000000000000,955,5293,5086,4236,2000,619,615,4.6928943022287175,4.691191708573568,12.369869938634876,12.048486873992337,True,False
2603,1296750000000000000,130,4221,3944,3358,2000,704,700,4.4590045564668905,4.45791359778695,12.04336911395769,11.71338651493703,True,False
2604,14164500000000000,1,2739,1182,1142,1182,1182,1142,10.20701432017753,10.127902835402296,11.419433550705378,10.157346935362844,False,False
2605,598500000000000000,60,2307,2221,1919,2000,343,342,5.046548714451222,5.045364826057449,11.171802288682983,10.90613899619538,True,False
2606,164128511673420941,16,3658,2743,2543,2000,926,915,4.53487243095463,4.532842680782551,11.836839359748716,11.312315746690107,True,False
2607,99750000000000000,10,15,14,14,42,14,14,3.5612611229121063,3.561261122912106,3.9068905956085187,3.807354922057604,False,False
2608,39900000000000000,4,29,27,27,1506,27,27,4.2955299679701735,4.2955299679701735,4.857980995127572,4.754887502163468,False,False
2609,55346730249000913,6,71,69,68,2000,43,43,4.218331239345514,4.218331239345514,6.149747119504682,6.087462841250339,True,False
2610,1942864177618355282,194,2680,2616,2129,2000,176,174,4.415867368344779,4.41428149743318,11.388017285345136,11.055960234452295,True,False
2611,7881498258328408,1,1992,405,397,405,405,397,8.661778097771988,8.617333653327544,10.960001932068081,8.632995197142957,False,False
2612,20050125313283208,2,869,522,508,2000,390,381,6.5035197894024215,6.478501025329368,9.7632123668144,8.988684686772165,True,False
2613,12967247545436670787,1297,9609,8015,6517,2000,1227,1182,4.7023197940640635,4.692675278930511,13.23017058349584,12.669992279616398,True,False
2614,477825398865514249,48,5009,3912,3405,2000,1015,975,4.517882730560763,4.504368503695933,12.290306896257901,11.733439082899434,True,False
2615,181644750000000000000,18164,9875,8292,6801,0,0,0,0.0,0.0,13.26956503283919,12.731531176461942,False,True
2616,11957331750000000000,1196,4979,4856,3984,2000,432,430,4.732442870910323,4.7318546010120945,12.28164030006605,11.960001932068081,True,False
2617,56334658507471763,6,159,152,144,2000,70,69,4.437420435477578,4.435252835370547,7.312882955284356,7.169925001442312,True,False
2618,2367356956545000,0,517,0,0,0,0,0,0.0,0.0,9.014020470314934,0,False,True
2619,17150000000000000000,1715,8889,7617,6302,2000,1016,991,5.162728917478097,5.158937669788369,13.117805411682438,12.62159403901754,True,False
2620,14195210893889349708,1420,8788,7503,6222,2000,1023,997,5.082666385411087,5.080293481352806,13.101319154423276,12.603162679534382,True,False
2621,3408612045004427726,341,3588,3539,2856,2000,205,205,4.778172416290149,4.778172416290149,11.80896417491926,11.479780264029099,True,False
2622,2799370895576222568,280,4738,4467,3770,2000,671,667,4.520657173036199,4.51959043508889,12.21006248324023,11.880348808156027,True,False
2623,1390727480670998739,139,6402,5321,4558,2000,972,959,4.693391907226507,4.690852615014808,12.644306961545581,12.154185209265297,True,False
2624,9975000000000000,1,44,19,19,19,19,19,4.247927513443585,4.247927513443585,5.459431618637297,4.247927513443585,False,False
2625,1994901627794131604,199,6297,5216,4357,2000,1003,963,4.3747162769744925,4.362989969126216,12.62044895201331,12.089119397915168,True,False
2626,21913788145082545,2,650,402,392,2000,296,291,6.461603051201049,6.444067981060769,9.344295907915816,8.614709844115207,True,False
2627,21436909380445832175,2144,7697,6618,5342,2000,1028,987,5.6525992082143395,5.649006367202164,12.910080531966354,12.38316426063511,True,False
2628,389873935332675826,39,568,561,532,2000,74,72,4.3366421345970405,4.267414394659475,9.149747119504681,9.055282435501189,True,False
2629,22341370804716222,2,3183,1596,1526,2000,1207,1166,6.570127069974943,6.532145961562746,11.636171441635922,10.57553924683453,True,False
2630,2156742758210265,0,208,0,0,0,0,0,0.0,0.0,7.700439718141092,0,False,True
2631,7980000000000000,1,2051,417,407,417,417,407,8.703903573444663,8.651145779679673,11.002111776479852,8.668884984266247,False,False
2632,498325604353625743,50,6381,4749,4125,2000,1222,1177,4.472561302671293,4.464840917606203,12.639566818681828,12.010178404020541,True,False
2633,369075000000000000,37,5375,3901,3437,2000,972,944,4.3850925867177155,4.376639495742769,12.392049039364185,11.746934136372298,True,False
2634,1296750000000000000,130,7091,5529,4704,2000,957,928,4.4691696294927095,4.462566842864888,12.791773380858743,12.199672344836364,True,False
2635,3990000000000000000,399,8262,6649,5584,2000,1016,987,4.590424115420844,4.585458954164777,13.01227534485612,12.447083226209653,True,False
2636,2309011843782408915,231,7845,6248,5272,2000,1077,1046,4.669753329993235,4.663905925733061,12.93755773185546,12.364134655008051,True,False
2637,329175000000000000,33,5321,3921,3445,2000,1065,1034,4.421216814667256,4.409650649040632,12.377481688182957,11.750288267591653,True,False
2638,9981462145168348738,998,9503,7949,6544,2000,1253,1210,5.43905901149043,5.4357333729019075,13.21416731409353,12.67595703294175,True,False
2639,4986766379694556785,499,9035,7486,6231,2000,1238,1197,4.923233985360973,4.919568682694388,13.141308885751961,12.605248001565803,True,False
2640,7766267264945669050,777,9223,7655,6300,2000,1232,1192,5.049025252256221,5.045860084531514,13.171020382511934,12.621136113274641,True,False
2641,6998261669403135855,700,9188,7556,6201,2000,1225,1180,4.629918805041122,4.622629443668858,13.165535141377925,12.598285174146604,True,False
2642,14208457517429910339,1421,9648,8050,6542,2000,1236,1193,5.278255692886608,5.275474559195931,13.236014191900084,12.675516044082778,True,False
2643,9081587261317006283,908,9344,7799,6368,2000,1245,1202,5.278295919060737,5.274199278422914,13.189824558880018,12.63662462054365,True,False
2644,7451464815123886081,745,9203,7671,6281,2000,1243,1202,4.74333160594411,4.738784448328399,13.16788851318065,12.61677855400014,True,False
2645,7614375901746987709,761,9214,7701,6302,2000,1238,1199,4.6694664243487525,4.664109091369026,13.169611882604212,12.62159403901754,True,False
2646,11920488881712877257,1192,9461,7958,6461,2000,1283,1239,5.842364158040728,5.83958016376959,13.207776964928014,12.657541759703378,True,False
2647,3455887226993119020,346,8517,7055,5817,2000,1245,1202,4.604010972055033,4.596901572073294,13.056129634445547,12.506059588827949,True,False
2648,1230918816963896654,123,1683,1658,1354,2000,135,134,4.483680255759067,4.48339390511217,10.71681946132995,10.403012023574997,True,False
2649,35401923933308059,4,3313,2019,1880,2000,1173,1130,5.289278838231505,5.261185558227501,11.693922488081014,10.876516946565,True,False
2650,2287499914852083010,229,1976,1951,1603,2000,134,133,4.640920400434088,4.640687985327535,10.948367231584678,10.646558710154547,True,False
2651,20584664779711955,2,2397,1319,1263,2000,990,952,6.51172430354567,6.470521438124658,11.227014193649133,10.302638923787553,True,False
2652,1995000000000000,0,519,0,0,0,0,0,0.0,0.0,9.019590728357882,0,False,True
2653,34815423837105392,3,2051,1283,1259,2000,788,782,5.288507984254871,5.2833655254261584,11.002111776479852,10.298062567719017,True,False
2654,399994940322261689384,39999,5881,5827,4701,0,0,0,0.0,0.0,12.521845775161932,12.198751965193736,False,True
2655,249381345264085084663,24938,9188,8094,6770,0,0,0,0.0,0.0,13.165535141377925,12.724940118462358,False,True
2656,692178128393787235285,69218,9771,8254,6770,0,0,0,0.0,0.0,13.25429050511706,12.724940118462358,False,True
2657,94761567052110343126,9476,10305,8670,7008,2000,1277,1232,6.243996994226964,6.2425959168760095,13.33105688442662,12.774787059601174,True,False
2658,222517125829480805306,22252,10306,8811,7116,0,0,0,0.0,0.0,13.33119687715303,12.79685079526716,False,True
2659,2061383498882914850,206,3104,3037,2484,2000,192,191,4.419522023667854,4.417658564409851,11.599912842187127,11.278449458220482,True,False
2660,2424146937423931789,242,1337,1324,1132,2000,83,82,4.49139272390264,4.490570288059169,10.384783750093353,10.144658242831882,True,False
2661,46786450645446442813,4679,7531,6766,5566,2000,810,804,5.277078264564552,5.276564010110773,12.878625729805357,12.442425193331607,True,False
2662,40601438644667304,4,809,704,694,2000,408,406,4.733928254848497,4.731426691371322,9.659995892429977,9.43879185257826,True,False
2663,11960831242097340435,1196,2171,2159,1795,2000,71,70,4.278943737055632,4.277128849536182,11.084144010615145,10.809768128710413,True,False
2664,18777911727824863,2,1007,544,527,2000,461,450,6.5225566371155885,6.494703148762339,9.975847968006784,9.041659151637214,True,False
2665,8934931132970796383,893,8767,7482,6066,2000,1188,1143,5.166103020064959,5.160782177431722,13.097867532627768,12.56652978262417,True,False
2666,416916350314891,0,0,0,0,0,0,0,0.0,0.0,0,0,False,True
2667,93387159718475821,9,2790,1976,1885,2000,825,815,4.784450360907943,4.777735833348928,11.44604940671655,10.880348808156027,True,False
2668,19807628236131379875,1981,4722,4655,3742,2000,198,196,4.819262990872817,4.818438081367728,12.205182326228643,11.869593843240784,True,False
2669,49875000000000000,5,126,119,113,2000,67,66,4.579061919742154,4.576584969082227,6.977279923499917,6.820178962415188,True,False
2670,99750000000000000,10,2485,1755,1603,2000,710,686,5.3103990574647995,5.287930573733284,11.279030136449649,10.646558710154547,True,False
2671,29072681704260651,3,3317,1905,1798,2000,1226,1183,5.300882253487781,5.273213375409722,11.695663296788021,10.812177305514448,True,False
2672,1250573605312500000,125,7466,6058,5074,2000,1234,1191,4.474356479003161,4.465513285668672,12.86611979330307,12.308907804063939,True,False
2673,1715700000000000000,172,7711,6315,5277,2000,1227,1184,4.513490269051758,4.506573049532243,12.91270225264792,12.365502268193117,True,False
2674,668325000000000000,67,6556,5200,4458,2000,1219,1174,4.472050112715079,4.46340914487007,12.678600139099458,12.122180901259753,True,False
2675,1057350000000000000,106,7105,5808,4870,2000,1184,1140,4.570990999838399,4.562977583381739,12.794618934130142,12.249706056969705,True,False
2676,2214450000000000000,221,7666,6388,5302,2000,1169,1125,4.570702189325548,4.559500666279488,12.904258282800518,12.37232095486726,True,False
2677,2473800000000000000,247,7646,6380,5285,2000,1161,1117,4.570260737366494,4.5617710706130215,12.90048948483465,12.367687756270046,True,False
2678,6703409475000000,1,962,202,199,202,202,199,7.658211482751797,7.618607522355756,9.909893083770042,7.636624620543649,False,False
2679,21854111885799025,2,649,402,392,2000,296,291,6.461603051201049,6.444067981060769,9.342074667999139,8.614709844115207,True,False
2680,27302770258873756581,2730,9142,7857,6495,2000,1030,1004,5.338118624244625,5.336163926955728,13.158294103604035,12.665113810335244,True,False
2681,45242641574768861973,4524,1763,1759,1534,2000,79,76,5.029677535787935,4.9446040602756085,10.783816759320182,10.583082767502933,True,False
2682,3294508756493498,0,899,0,0,0,0,0,0.0,0.0,9.812177305514448,0,False,True
2683,1707539046255764,0,823,0,0,0,0,0,0.0,0.0,9.684748620421626,0,False,True
2684,11933092500000000000,1193,4484,4429,3565,2000,240,240,4.536349114825569,4.536349114825569,12.130570562805426,11.79968636133125,True,False
2685,89775000000000000,9,287,215,210,2000,103,103,4.359193929147707,4.3591939291477075,8.164906926675688,7.714245517666122,True,False
2686,15275895083462261,2,1498,762,733,2000,711,685,6.510135609194696,6.470507460239972,10.54882190845875,9.517669388133811,True,False
2687,4029900000000000000,403,3649,3582,2901,2000,201,200,4.727947007074561,4.727296388987378,11.833285435584482,11.502334580197997,True,False
2688,1295880739256731898,130,960,949,835,2000,58,58,4.222611692543363,4.222611692543363,9.906890595608518,9.705632387361415,True,False
2689,4987500000000000,0,1516,0,0,0,0,0,0.0,0.0,10.566054038171092,0,False,True
2690,976036048094918103,98,6750,5133,4434,2000,1068,1038,4.669446019080672,4.663720120464949,12.720671786825555,12.114393054867307,True,False
2691,67349825643223806551,6735,3193,2835,2341,2000,439,428,5.863833490462452,5.860756670896044,11.640696837570093,11.192909219112012,True,False
2692,3207076473887144992,321,3479,3410,2772,2000,196,195,4.444987950167663,4.443987631884574,11.76445696361989,11.436711542137214,True,False
2693,4322792360828073,0,1402,0,0,0,0,0,0.0,0.0,10.453270634010623,0,False,True
2694,7391592887224977596,739,3739,3675,2944,2000,186,184,4.778385972231311,4.777503397472542,11.868436755858168,11.523561956057012,True,False
2695,319134737835529572326,31913,2880,2869,2354,0,0,0,0.0,0.0,11.491853096329674,11.200898605038445,False,True
2696,5086917311798907719,509,8361,6903,5739,2000,1009,980,4.413092132808599,4.402107671347922,13.029459787824965,12.486583659067268,True,False
2697,1251862500000000,0,152,0,0,0,0,0,0.0,0.0,7.247927513443585,0,False,True
2698,1995000000000000,0,526,0,0,0,0,0,0.0,0.0,9.038918989292302,0,False,True
2699,4256990407708024,0,1558,0,0,0,0,0,0.0,0.0,10.605479518061669,0,False,True
2700,19389135495218566330,1939,9865,8380,6868,2000,1196,1154,4.787492782054611,4.781855246305014,13.26810333561092,12.745674324002135,True,False
2701,448837979629141145688,44884,5622,5556,4516,0,0,0,0.0,0.0,12.456867738380343,12.140829770773001,False,True
2702,299247224877426209571,29925,5582,5518,4487,0,0,0,0.0,0.0,12.446566409066067,12.131535468676345,False,True
2703,99750798000000000000,9975,7584,6558,5292,2000,1001,961,6.005749657127537,6.0030773097030234,12.888743248898258,12.369597346278677,True,False
2704,5592641637376776,1,1828,206,201,206,206,201,7.6865005271832185,7.628248099998752,10.83605035505807,7.651051691178929,False,False
2705,42892500000000000,4,3776,2153,2003,2000,1213,1170,5.298923163119609,5.272147011246629,11.88264304936184,10.967946705812707,True,False
2706,5012531328320802,1,64,8,8,8,8,8,3.0,3.0,6.0,3.0,False,False
2707,1655615649344297,0,872,0,0,0,0,0,0.0,0.0,9.768184324776927,0,False,True
2708,18258940623837944,2,2053,1058,1043,2000,970,959,6.534620371092693,6.5234066828496236,11.003517912108602,10.026523442519766,True,False
2709,49875000000000000,5,3796,2297,2127,2000,1231,1192,4.787608968712483,4.769316631659028,11.89026427702111,11.054604317960672,True,False
2710,686745117857378772,69,5163,4228,3717,2000,938,927,4.471410663847842,4.469371347959129,12.33399388276136,11.859922972861758,True,False
2711,300454398644803650,30,1052,849,767,2000,251,247,4.505068681737661,4.499689268329489,10.038918989292302,9.583082767502933,True,False
2712,148697801631977591,15,1227,1155,1066,2000,271,271,4.406227111783553,4.406227111783554,10.260919533662905,10.057991722759176,True,False
2713,25546204611989933800,2555,5392,4685,3778,2000,723,698,5.761675600074309,5.758364465756829,12.396604781181859,11.88340698638837,True,False
2714,717414962471020,0,202,0,0,0,0,0,0.0,0.0,7.658211482751795,0,False,True
2715,10032115707244910645,1003,8382,7210,6013,2000,1008,990,5.202014324470483,5.200593296280973,13.03307880613062,12.553869243196068,True,False
2716,948622500000000000,95,3369,3147,2716,2000,627,624,4.832721607210492,4.831371516889609,11.718104713121757,11.407267764244732,True,False
2717,9817916935400790568,982,1827,1820,1575,2000,72,71,4.683929439572401,4.683128333899941,10.835260918627489,10.621136113274641,True,False
2718,12967500000000000,1,1923,926,917,926,926,917,9.854868383260232,9.835429938335826,10.909143047339898,9.840777923595054,False,False
2719,6052160200565472689,605,2640,2615,2149,2000,138,137,4.73713452718708,4.73692668698687,11.366322214245816,11.069449767427784,True,False
2720,6999362418239904615,700,1953,1940,1614,2000,82,81,4.676981045623215,4.676372771609841,10.93147623388679,10.656424863277781,True,False
2721,119447810099566305000,11945,1633,1464,1263,0,0,0,0.0,0.0,10.673309075561695,10.302638923787553,False,True
2722,7130017042295456,1,349,101,101,101,101,101,6.658211482751794,6.658211482751794,8.447083226209653,6.658211482751795,False,False
2723,99334689393825911187,9933,2923,2912,2431,2000,91,90,5.527091569482858,5.496003987760906,11.513234113806053,11.247334178028728,True,False
2724,3677184000000000000,368,4626,3934,3260,2000,679,656,4.604522606119793,4.594120878027692,12.175549550636191,11.67065624911844,True,False
2725,19874128761402784,2,2631,1170,1128,2000,1016,986,6.4885915211014495,6.4532471677815915,11.36139553316589,10.139551352398794,True,False
2726,2029493071889624,0,1058,0,0,0,0,0,0.0,0.0,10.047123912114026,0,False,True
2727,2841292031826930,0,42,0,0,0,0,0,0.0,0.0,5.392317422778761,0,False,True
2728,6586184004668324,1,1919,294,288,294,294,288,8.199672344836365,8.152053297217318,10.90613899619538,8.169925001442312,False,False
2729,164158106427845104,16,4627,3089,2780,2000,962,933,4.392161029331785,4.381785221773779,12.175861383565296,11.44086916761087,True,False
2730,3866489490291695,0,1241,0,0,0,0,0,0.0,0.0,10.277287400130357,0,False,True
2731,7206025752491172,1,1716,323,320,323,323,320,8.335390354693924,8.316814503300733,10.744833837499545,8.321928094887362,False,False
2732,2460115472279383,0,1064,0,0,0,0,0,0.0,0.0,10.055282435501189,0,False,True
2733,635827232022724126,64,4381,3616,3158,2000,790,784,4.43251878830908,4.430975896371272,12.097044499322951,11.624795455860237,True,False
2734,5121388206930351701,512,6217,5445,4568,2000,799,791,4.800330608296975,4.796765321028069,12.602002863537445,12.157346935362844,True,False
2735,131949842081759599,13,3467,2583,2414,2000,916,905,4.393155887266763,4.388600528441769,11.759472121202833,11.237209960755022,True,False
2736,1997500000000000,0,56,0,0,0,0,0,0.0,0.0,5.807354922057604,0,False,True
2737,19031549206501794,2,2869,1363,1314,2000,1195,1156,6.563456812798251,6.525150529844602,11.486332252768664,10.35974956032233,True,False
2738,53974484145075917,5,3938,2396,2219,2000,1205,1166,5.195116884248308,5.17246276929807,11.943247395901553,11.115693952197011,True,False
2739,29495410439076146996,2950,9490,8072,6636,2000,1080,1049,4.786876697852482,4.7828681362375605,13.212192371908472,12.696098170955864,True,False
2740,206370663980160253965,20637,2603,2595,2123,0,0,0,0.0,0.0,11.345959596404112,11.051888655905378,False,True
2741,8397044554907531180,840,2031,2023,1733,2000,93,92,4.3348929171766315,4.334144564848196,10.987974524296153,10.75905593916017,True,False
2742,166955252841249085534,16696,2628,2620,2139,0,0,0,0.0,0.0,11.35974956032233,11.062720767165045,False,True
2743,107730000000000000000,10773,2680,2672,2179,0,0,0,0.0,0.0,11.388017285345136,11.089450481115907,False,True
2744,1253851612572486482,125,1048,1041,912,2000,88,87,4.297977685765739,4.296717576832345,10.03342300153745,9.832890014164741,True,False
2745,6384000000000000,1,1881,236,234,236,236,234,7.882643049361841,7.865693896819468,10.877284133523196,7.870364719583405,False,False
2746,9924812030075187969,992,9403,7792,6360,2000,1231,1185,4.967986579780782,4.963072212901597,13.198905402581904,12.634811050171718,True,False
2747,645886687481780298,65,6761,5147,4442,2000,1216,1172,4.43555864608631,4.427077076560695,12.723020931812032,12.116993677546981,True,False
1832,2033394287038337,0,701,0,0,0,0,0,0.0,0.0,9.453270634010623,0,False,True
1833,94842363356391624,9,1373,1208,1159,2000,494,492,4.4222332134612135,4.420899324340747,10.4231159101471,10.178664851006472,True,False
1834,26932500000000000,3,2456,1384,1345,2000,961,948,5.281154329183206,5.2682336418207925,11.262094845370179,10.393390457443987,True,False
1835,44787750000000000,4,2263,1443,1346,2000,772,744,5.284939817917233,5.258446482992417,11.144020869266893,10.394462694610317,True,False
1836,7817017512256241114,782,6051,5677,4718,2000,752,747,4.784778119830305,4.783976598914409,12.562957869334118,12.203959703239462,True,False
1837,481991778263373383,48,5925,4521,3961,2000,1135,1101,4.598357594226958,4.593085543809917,12.532599438672984,11.951648985904619,True,False
1838,3259945879568908810,326,1825,1810,1492,2000,105,103,4.822964146798164,4.810651990797273,10.833680748654741,10.543031820255237,True,False
1839,5243807225658744,1,1289,184,180,184,184,180,7.523561956057014,7.469214129970057,10.332036548361652,7.491853096329675,False,False
1840,100842008521507796879,10084,7495,6726,5581,0,0,0,0.0,0.0,12.871712762835221,12.446307931050345,False,True
1841,321053156641183473,32,5665,4327,3801,2000,1211,1168,4.391874985292377,4.381419376055259,12.467860240707878,11.892163309861965,True,False
1842,1650496617723361579,165,7826,6319,5294,2000,1257,1213,5.129424176174689,5.12554346789259,12.934059394900794,12.3701424794954,True,False
1843,5047350000000000000,505,1804,1792,1504,2000,83,82,5.017454453465511,4.989205253854368,10.81698362325538,10.554588851677638,True,False
1844,4953815064500664,0,1350,0,0,0,0,0,0.0,0.0,10.398743691938193,0,False,True
1845,1021170076796369137,102,2565,2506,2064,2000,201,200,4.400250714715865,4.398824920807893,11.324743110494417,11.011227255423254,True,False
1846,54862500000000000,5,2887,1898,1762,2000,910,874,5.102027355018919,5.07805678490655,11.495355392235982,10.782998208920414,True,False
1847,7976010000000000000,798,4125,4083,3269,2000,222,222,4.827442048889383,4.827442048889384,12.010178404020541,11.674633661767267,True,False
1848,8477645957318230437,848,3255,3211,2592,2000,144,144,4.948464462510881,4.948464462510881,11.668441828052998,11.339850002884624,True,False
1849,4279910186047747569,428,8183,6722,5607,2000,1024,994,5.008964083236077,5.005310230758215,12.998414136589261,12.453013354466314,True,False
1850,3423994430325000000,342,8064,6787,5584,2000,1165,1122,4.403210567038109,4.392828083270495,12.977279923499916,12.447083226209653,True,False
1851,218382923459569426,22,1380,1336,1192,2000,211,211,4.51161074120236,4.51161074120236,10.430452551665532,10.219168520462162,True,False
1852,15439338044062800000,1544,1904,1899,1634,2000,76,75,4.635759505465847,4.6348925645282675,10.894817763307943,10.674192268145683,True,False
1853,3911328037618297238,391,1573,1562,1307,2000,66,66,4.600292333262357,4.600292333262358,10.619302955415687,10.352043425795433,True,False
1854,997500000000000000,100,835,822,730,2000,73,72,4.243441849140634,4.241977955141985,9.705632387361415,9.51175265376738,True,False
1855,1296750000000000000,130,977,965,844,2000,72,71,4.349336355209957,4.347890522473234,9.932214751968385,9.721099188707186,True,False
1856,53652224630278790303,5365,165,151,147,2000,70,70,5.712723477338201,5.7127234773382005,7.366322214245816,7.199672344836364,True,False
1857,1855673215828643748,186,7377,5839,4949,2000,975,946,4.59158875029315,4.584579276974603,12.848818520317238,12.272921326867003,True,False
1858,991120331895729406,99,2369,2312,1900,2000,201,200,4.390843437076714,4.3890088807058,11.21006248324023,10.89178370321831,True,False
1859,982203344635008112,98,2377,2322,1902,2000,201,200,4.421833710027677,4.420373759135116,11.214926187942435,10.893301530860564,True,False
1860,977079802396493904,98,2369,2313,1888,2000,202,201,4.582052269604445,4.581266049891772,11.21006248324023,10.88264304936184,True,False
1861,1003714476856147116,100,2642,2587,2133,2000,204,202,4.487330714403076,4.482723203987909,11.367414751246828,11.058668250340572,True,False
1862,2984399503561362591,298,3391,3352,2729,2000,212,212,4.447143329398034,4.447143329398035,11.72749506902543,11.414156679274141,True,False
1863,101693337928173243465,10169,8425,7534,6320,0,0,0,0.0,0.0,13.040460970956584,12.625708843064466,False,True
1864,46131618920617497,5,2541,1615,1500,2000,860,826,5.086700285281223,5.063617950331743,11.311180660053354,10.550746785383243,True,False
1865,2257502049463745765,226,2023,1764,1518,2000,330,323,4.553636735936746,4.548510825569914,10.982280604558284,10.567956075415466,True,False
1866,1380370757061421,0,682,0,0,0,0,0,0.0,0.0,9.413627929024173,0,False,True
1867,24937500000000000,2,375,317,315,2000,199,198,6.434249162149237,6.4292454093346265,8.550746785383243,8.29920801838728,True,False
1868,17955000000000000,2,272,218,217,2000,191,190,6.41652736770345,6.411284647742342,8.087462841250339,7.7615512324444795,True,False
1869,494485423742537712,49,6283,4817,4190,2000,1239,1196,4.798882385293207,4.780051785149439,12.617237864746105,12.032734528586714,True,False
1870,10599374714784477176,1060,4451,4386,3533,2000,206,205,4.676296419579629,4.675608812140965,12.119913785452269,11.786678033890652,True,False
1871,7482342117165564004,748,8915,7578,6163,2000,1222,1179,5.006692709654672,5.002631857441256,13.122019082512358,12.58941707576861,True,False
1872,228723223725101112,23,5500,4001,3557,2000,1247,1205,4.514625026177699,4.508047458404051,12.425215903299383,11.79644525906185,True,False
1873,118702500000000000,12,4314,2831,2594,2000,963,934,4.434211783048758,4.414503558788504,12.074810461160453,11.3409627642517,True,False
1874,36083870717477395512,3608,2564,2552,2130,2000,76,76,4.652855847140889,4.652855847140889,11.324180546618742,11.056637715113201,True,False
1875,2793000000000000000,279,4722,4454,3762,2000,668,664,4.422550982859707,4.420242426053349,12.205182326228643,11.877284133523196,True,False
1876,74812500000000000,7,1833,1555,1504,2000,702,698,6.007783407161433,6.003171570113009,10.839991070539886,10.554588851677638,True,False
1877,24937500000000000,2,2466,1339,1300,2000,963,947,6.543426544082974,6.52397984181853,11.26795708440284,10.344295907915816,True,False
1878,13949800130907928176,1395,6280,5417,4391,2000,844,810,5.167259059384167,5.1617656074778235,12.61654884377899,12.100333819126542,True,False
1879,365892613558711992,37,1667,1612,1380,2000,197,196,4.49134512285307,4.489142920650867,10.703038388986418,10.430452551665532,True,False
1880,133281048862501072,13,1090,1034,939,2000,191,190,4.711739917627753,4.7089875092704405,10.090112419664289,9.874981347653774,True,False
1881,1500840717438139314,150,7036,5681,4829,2000,1013,987,4.456074833048104,4.4507449066405504,12.78053976747196,12.237508748172656,True,False
1882,39324909362450489,4,3142,1921,1783,2000,1097,1056,5.268777610929185,5.2406843309251805,11.617467465294196,10.800090987624994,True,False
1883,8467925026260000,1,799,232,230,232,232,230,7.857980995127573,7.840739615817228,9.642051692927977,7.845490050944375,False,False
1884,1136399233382558119,114,998,991,869,2000,83,82,4.53214181828084,4.530763582942893,9.96289600533726,9.7632123668144,True,False
1885,3554707931851069,0,1323,0,0,0,0,0,0.0,0.0,10.369597346278677,0,False,True
1886,5235541235957490193,524,2663,2635,2153,2000,123,123,4.584999589087553,4.584999589087553,11.378836713210614,11.072132604167233,True,False
1887,8544704812587950590,854,4215,4171,3349,2000,215,215,5.2311903062876155,5.231190306287619,12.041316915829444,11.709514660706716,True,False
1888,7073116502353459,1,967,224,221,224,224,221,7.807354922057605,7.771640636343317,9.917372079476841,7.787902559391432,False,False
1889,886673616827379182,89,2312,2263,1863,2000,194,194,4.494393999895952,4.494393999895952,11.174925682500678,10.863411958941638,True,False
1890,9907708208574480876,991,8080,6986,5849,2000,982,968,5.2406635118026,5.239015369182168,12.980139577639157,12.513974273740658,True,False
1891,5635875000000000000,564,9179,7637,6327,2000,1217,1175,4.922287759589456,4.917113917474035,13.1641212734183,12.627305880514848,True,False
1892,1126305349754321617,113,7470,5969,5030,2000,1245,1203,4.473542565693388,4.466310710430429,12.8668925276766,12.29634268469289,True,False
1893,634586466165413533,63,6256,4978,4272,2000,1165,1122,4.403210567038109,4.392828083270496,12.611024797307353,12.060695931687555,True,False
1894,9974534313517820770,997,8021,6834,5543,2000,1094,1052,5.309720442567692,5.30492876134527,12.96956639729051,12.436451292286975,True,False
1895,53817053360389824,5,1880,1526,1490,2000,734,729,4.686530958749914,4.683415231185689,10.876516946565,10.541096615349524,True,False
1896,2495065670291684712,250,3205,3137,2553,2000,193,192,4.3553017571430175,4.353926155317219,11.646108641506103,11.31797782240712,True,False
1897,298165941499919842125,29817,2622,2614,2136,0,0,0,0.0,0.0,11.356451970221755,11.060695931687555,False,True
1898,12030075187969924,1,2620,1100,1063,1100,1100,1063,10.103287808412022,10.02841096479693,11.355351096424812,10.053925881531105,False,False
1899,12964743773914225,1,2659,1156,1114,1156,1156,1114,10.174925682500682,10.095678588664663,11.376668061857668,10.121533517340032,False,False
1900,4892996350567130690,489,3848,3793,3048,2000,208,207,4.677630040732619,4.676942304323228,11.909893083770042,11.573647187493322,True,False
1901,237310835102250000,24,426,413,394,2000,72,71,4.274668832061905,4.272891463689394,8.734709620225837,8.622051819456376,True,False
1902,3489599137500000000,349,1505,1496,1297,2000,85,83,4.719371134072146,4.717960446321445,10.555547771647065,10.3409627642517,True,False
1903,56041295774675596,6,856,608,573,2000,297,292,4.728112900319189,4.719355237364104,9.741466986401146,9.162391328756906,True,False
1904,6304200000000000000,630,5030,4823,4037,2000,613,610,4.401890938228891,4.4010235432258655,12.29634268469289,11.97906787148051,True,False
1905,723165051734586,0,217,0,0,0,0,0,0.0,0.0,7.7615512324444795,0,False,True
1906,9975000000000000000,998,9426,7789,6359,2000,1236,1188,4.923004871279276,4.91624816112989,13.202429966015352,12.6345841934937,True,False
1907,20000000000000000,2,327,258,254,2000,181,180,6.416159555157657,6.410153549151651,8.353146825498083,7.9886846867721655,True,False
1908,1078615640554975627,108,56,55,53,2000,34,33,4.440345945315902,4.438290079915064,5.807354922057604,5.727920454563199,True,False
1909,6771709282211420268,677,9139,7557,6226,2000,1220,1179,4.602791583824946,4.596607069464584,13.157820597213627,12.604089861469179,True,False
1910,9924812030075187969,992,9308,7716,6321,2000,1219,1175,4.649205252583638,4.642976201885308,13.184255495405349,12.625937099538463,True,False
1911,9266979588105303,1,2159,530,518,530,530,518,9.04984854945056,8.997018360771314,11.076147528022505,9.016808287686555,False,False
1912,28170426065162907268,2817,4457,4395,3574,2000,180,179,5.074383401497809,5.073375504914786,12.121857245612654,11.80332391904149,True,False
1913,30812746630619146,3,184,159,157,2000,119,118,5.032969819145281,5.031721762552203,7.523561956057013,7.294620748891627,True,False
1914,59175242756207810,6,4069,2580,2379,2000,1241,1202,4.445062647914547,4.432694906007956,11.99045856507371,11.216139556425135,True,False
1915,18670562737843182073,1867,7805,6698,5406,2000,1050,1009,5.618923314190696,5.615163903260778,12.930182916865272,12.400345796534694,True,False
1916,24937500000000000,2,360,304,301,2000,190,189,6.423842515938199,6.418335632333694,8.491853096329674,8.233619676759702,True,False
1917,79800000000000000,8,164,160,154,2000,61,59,4.299299589233298,4.294187668730062,7.357552004618084,7.266786540694901,True,False
1918,1351384038760468272,135,6496,5369,4600,2000,975,959,4.7861152401324984,4.7839549756152735,12.665335917185176,12.167418145831737,True,False
1919,2992500000000000000,299,7868,6508,5476,2000,1097,1065,4.681362688365677,4.67606955864383,12.94178124227853,12.4189067312579,True,False
1920,997500000000000000,100,3209,3024,2591,2000,540,538,4.613346299651284,4.612394315359024,11.647908074281807,11.339293300180094,True,False
1921,37746446054062551770,3775,10222,8682,7083,2000,1246,1204,5.937862221083888,5.935794453100038,13.31938987600021,12.790144826949799,True,False
1922,10529388392124486,1,315,150,149,150,150,149,7.228818690495879,7.215485357162546,8.29920801838728,7.219168520462161,False,False
1923,9040324803133336,1,878,267,265,267,267,265,8.060695931687555,8.045714658279316,9.778077129535358,8.049848549450562,False,False
1924,929219089440986025,93,1648,1610,1314,2000,126,126,4.421983383599586,4.421983383599584,10.686500527183219,10.35974956032233,True,False
1925,466369037244127500,47,995,819,740,2000,220,216,4.388981108118164,4.384482429604978,9.958552715431011,9.531381460516313,True,False
1926,1995000000000000000,200,7002,5798,4924,2000,1007,984,4.6884127422542345,4.682382699900035,12.773551346428505,12.265615046484458,True,False
1927,80818707062498993064,8082,8648,7691,6454,2000,973,962,5.841893850283676,5.841436139381695,13.07815080773465,12.655977862486942,True,False
1928,129715581341858250,13,1882,1678,1582,2000,593,591,4.384976280894087,4.384170142817313,10.878050912728536,10.627533884472792,True,False
1929,94641700506669830,9,3823,2602,2372,2000,1099,1058,5.060522909563521,5.038675692245642,11.90048948483465,11.211888294546004,True,False
1930,787277064026250000,79,798,787,712,2000,80,79,4.368603926103932,4.367938048439914,9.640244936222345,9.475733430966399,True,False
1931,23153818788932187,2,2535,1359,1319,2000,996,977,6.497786537162819,6.476630408397096,11.307770031890703,10.365228849251544,True,False
1932,5653834796344358960,565,5054,4832,4044,2000,632,629,4.876206105732386,4.875142915499053,12.303209948944776,11.981567281903015,True,False
1933,9975000000000000,1,130,71,71,71,71,71,6.1497471195046804,6.1497471195046804,7.022367813028454,6.149747119504682,False,False
1934,523257497700000,0,42,0,0,0,0,0,0.0,0.0,5.392317422778761,0,False,True
1935,371369250000000000,37,5836,4488,3934,2000,1214,1171,4.549718354611313,4.53299084376361,12.510764167917891,11.94178124227853,True,False
1936,3581862567326996105,358,8086,6723,5646,2000,1096,1064,4.68980581854144,4.685381863202595,12.981210488271694,12.463013413449692,True,False
1937,1261837500000000000,126,4958,4100,3462,2000,825,791,4.574179295904078,4.566170542482462,12.275542556086723,11.757390009366638,True,False
1938,100250626566416040,10,4750,3259,2957,2000,1242,1199,4.553332269035996,4.535626033039319,12.213711798105672,11.529918528120325,True,False
1939,595749933355156125000,59575,1626,1621,1396,0,0,0,0.0,0.0,10.667111542075027,10.447083226209653,False,True
1940,1694594806705188106,169,422,379,351,2000,88,88,4.429359297243364,4.429359297243366,8.721099188707186,8.45532722030456,True,False
1941,10885076420368883883,1089,2113,2105,1790,2000,92,90,4.627333637654625,4.626370600874744,11.04507705193494,10.805743872151618,True,False
1942,2406115288220551378,241,2379,2342,1896,2000,131,131,4.563700309606518,4.563700309606518,11.216139556425135,10.888743248898258,True,False
1943,500942169335935754,50,1430,1387,1150,2000,130,130,4.3297484633838295,4.3297484633838295,10.481799431665753,10.167418145831737,True,False
1944,10631896429960062,1,1835,801,772,801,801,772,9.64565843240871,9.56825518646614,10.841564347730575,9.59245703726808,False,False
1945,821440686964385324,82,6390,4919,4272,2000,980,950,4.55230431083681,4.546736870094386,12.641600215834357,12.060695931687555,True,False
1946,1630210750883764046,163,7575,6156,5215,2000,1151,1114,4.831099414747785,4.82646867480765,12.887030173247675,12.348451537407128,True,False
1947,197896177713907707,20,5224,3682,3288,2000,1206,1166,4.3975250867500275,4.386461240107914,12.350939181546432,11.682994583681683,True,False
1948,734744505719241837,73,2282,2210,1869,2000,277,277,4.366920915768565,4.3669209157685644,11.156083076288681,10.868050853745158,True,False
1949,8788168330257242324,879,8640,7144,5912,2000,986,955,5.387022977513701,5.382185999877555,13.076815597050832,12.52943055414615,True,False
1950,10467482841160142727,1047,8866,7332,6044,2000,993,962,5.240047494656288,5.201491702367347,13.114067647165264,12.561287945164828,True,False
1951,2109099489720625183,211,243,214,205,2000,54,54,4.481157315800295,4.481157315800296,7.924812503605781,7.679480099505446,True,False
1952,598500000000000000,60,1205,1181,983,2000,129,128,4.3216697243076645,4.321057201452228,10.234817431117325,9.94104760634058,True,False
1953,110026163508816103,11,1049,982,886,2000,189,188,4.388516632644672,4.386513795291755,10.034798962577268,9.791162888555018,True,False
1954,29925000000000000,3,2310,1375,1294,2000,870,836,6.50203248468555,6.463580132226718,11.17367713630342,10.337621901992508,True,False
1955,3271712189085528,0,622,0,0,0,0,0,0.0,0.0,9.280770770130603,0,False,True
1956,1745899990031925000,175,1059,1050,936,2000,82,80,4.567965080005354,4.566470911468183,10.048486873992337,9.870364719583405,True,False
1957,418950000000000000,42,1799,1751,1485,2000,200,200,4.39729026439002,4.39729026439002,10.812979471251483,10.536247215688128,True,False
1958,4034674692554578,0,1527,0,0,0,0,0,0.0,0.0,10.576484346796851,0,False,True
1959,61058470400780370,6,1431,997,929,2000,444,433,4.755521532872979,4.741346436407268,10.482807956726667,9.859534786382653,True,False
1960,9333121573936902,1,1366,434,433,434,434,433,8.761551232444479,8.756942937513603,10.41574176829009,8.758223214726724,False,False
1961,2989170918468452816,299,8362,6872,5762,2000,1183,1142,4.613149315610525,4.6063623142649845,13.029632328044137,12.49235394515987,True,False
1962,2591946808659596380,259,8231,6643,5546,2000,1215,1174,4.4072991554195,4.398862660534674,13.006852001748774,12.437231901039478,True,False
1963,35765025594448992160,3577,5284,5234,4196,2000,216,215,5.267412170619992,5.267062743334584,12.367414751246828,12.034798962577268,True,False
1964,51354105838474435,5,153,141,141,2000,62,62,4.487224693481184,4.487224693481184,7.257387842692652,7.139551352398794,True,False
1965,29438880059439043,3,3393,1807,1716,2000,1211,1171,5.297962235901406,5.272510837620343,11.728345714710978,10.744833837499545,True,False
1966,1995000000000000,0,938,0,0,0,0,0,0.0,0.0,9.873444112515376,0,False,True
1967,246598067168905500,25,1434,1391,1231,2000,210,210,4.3775841374253455,4.3775841374253455,10.485829308701904,10.265615046484458,True,False
1968,34912500000000000,3,3125,1895,1764,2000,1113,1073,6.533939110188851,6.493001958698387,11.609640474436812,10.784634845557521,True,False
1969,788025000000000000,79,5959,4724,4115,2000,994,974,4.424919745080442,4.420517569970821,12.540854532113636,12.006676715308988,True,False
1970,568575000000000000,57,6002,4565,3989,2000,1034,1005,4.686275290350002,4.682116427749954,12.551227603598289,11.961811408087163,True,False
1971,1845375000000000000,185,3293,3197,2686,2000,370,369,4.554711447536621,4.554243447068622,11.685186796595348,11.391243589427443,True,False
1972,3544366695172806,0,749,0,0,0,0,0,0.0,0.0,9.54882190845875,0,False,True
1973,19945012500000000000,1995,8553,7449,6224,2000,992,977,5.539974361969281,5.538623220644784,13.062214824659108,12.603626344986193,True,False
1974,34912500000000000,3,227,199,197,2000,97,97,5.076742262620461,5.07674226262046,7.826548487290915,7.622051819456376,True,False
1975,19580925000000000,2,297,166,163,2000,141,138,6.368993676492847,6.346221029011529,8.214319120800766,7.348728154231077,True,False
1976,28927500000000000,3,2113,1264,1191,2000,803,772,6.403772882985565,6.365966896696401,11.04507705193494,10.217957697864113,True,False
1977,280201171413114738,28,1520,1453,1258,2000,185,184,4.386889986604871,4.384888485479027,10.569855608330949,10.296916206879288,True,False
1978,26374802823503497,3,2586,1415,1371,2000,989,972,5.259903318572129,5.247561411584746,11.336506559810255,10.421012855779226,True,False
1979,10000000000000000,1,679,289,286,289,289,286,8.174925682500678,8.154164436825937,9.407267764244732,8.159871336778389,False,False
1980,9975000000000000,1,225,76,75,76,76,75,6.247927513443587,6.221611723969903,7.813781191217037,6.22881869049588,False,False
1981,1327236517687500000,133,1067,1056,921,2000,79,78,4.359504776997646,4.358101023702567,10.059344460824425,9.847057346091336,True,False
1982,349125000000000000,35,2525,2321,2076,2000,600,598,4.466870309235811,4.466324829895842,11.302067672526519,11.019590728357882,True,False
1983,22163489703482190000,2216,4397,3859,3130,2000,593,574,5.814794878219007,5.811515176749936,12.102303817212647,11.61194694181998,True,False
1984,8299874384407300720,830,9322,7728,6319,2000,1232,1187,5.089516546044752,5.083485061864009,13.186423797538945,12.62548055047108,True,False
1985,19750500000000000000,1975,4837,4770,3829,2000,198,196,4.908954099378079,4.9058349542427555,12.239896822445862,11.902751944850161,True,False
1986,204813742441254,0,72,0,0,0,0,0,0.0,0.0,6.169925001442312,0,False,True
1987,88891768904134052890,8889,6415,6213,5156,2000,640,638,6.268017835812681,6.267908525454793,12.647233549977045,12.332036548361652,True,False
1988,4322445372044536189,432,473,430,393,2000,90,90,4.5420429248934635,4.542042924893463,8.885696373339394,8.618385502258606,True,False
1989,45112781954887218,5,536,486,468,2000,189,188,4.705935195439248,4.703185195439248,9.066089190457772,8.870364719583405,True,False
1990,24060150375939849,2,3033,1418,1357,2000,1057,1027,6.506928952012088,6.4728942106402325,11.56652978262417,10.406205005418855,True,False
1991,385522771330359617,39,1737,1679,1435,2000,200,199,4.434101789902277,4.432969345366322,10.762382038710392,10.486835021563051,True,False
1992,12526742079681410767,1253,4591,4525,3659,2000,207,206,4.994809018124702,4.994330705264608,12.164592716712367,11.837233700339088,True,False
1993,6369756947035081394,637,3317,3259,2634,2000,156,155,4.573252297438728,4.570521241689935,11.695663296788021,11.363039630256514,True,False
1994,69825000000000000,7,721,675,644,2000,195,195,4.710923438455478,4.7109234384554775,9.493855449240822,9.330916878114618,True,False
1995,26992350000000000000,2699,4936,4891,3918,2000,221,221,4.909988944044682,4.909988944044682,12.269126679149418,11.935901682267588,True,False
1996,194472600000000000000,19447,5634,5579,4495,0,0,0,0.0,0.0,12.45994384837493,12.13410540040181,False,True
1997,623887204231305442,62,5033,4127,3644,2000,917,906,4.5498802455007485,4.545194770203521,12.297202882496903,11.831307243802051,True,False
1998,80478300000000000000,8048,9809,8450,6789,2000,1255,1210,5.882789673639188,5.880858311660219,13.259890349895821,12.728983369988049,True,False
1999,2025088023389953869,203,3289,3211,2673,2000,298,298,4.827219151860163,4.827219151860163,11.683433292835403,11.384244122243079,True,False
2000,331974611484548,0,110,0,0,0,0,0,0.0,0.0,6.78135971352466,0,False,True
2001,11199459290787540028,1120,4624,4569,3679,2000,206,205,4.637508334541698,4.636765618225569,12.174925682500678,11.845097960972975,True,False
2002,2392060886094600000,239,1248,1236,1058,2000,72,72,4.500159635542172,4.500159635542172,10.285402218862249,10.047123912114026,True,False
2003,9973264462731425825,997,8926,7628,6175,2000,1198,1153,5.312515826052446,5.307870539913548,13.123798091251855,12.592223421359403,True,False
2004,86899120622829261,9,827,761,703,2000,194,193,4.418560882378667,4.416698054266899,9.691743519171276,9.457380879072534,True,False
2005,3373219736383121,0,1390,0,0,0,0,0,0.0,0.0,10.44086916761087,0,False,True
2006,99750000000000000,10,3945,2715,2474,2000,1114,1074,5.719151641856598,5.690816530944354,11.945809584900822,11.27262978497637,True,False
2007,9711288805795462243,971,4393,4313,3524,2000,305,305,4.451475721584217,4.451475721584217,12.100990784092762,11.782998208920414,True,False
2008,984847504426097482,98,2344,2277,1867,2000,189,188,4.354371330603862,4.352656064737654,11.194756854422248,10.866506212226202,True,False
2009,194425265752502484,19,2884,2160,1938,2000,707,683,4.523954207934371,4.509031477056926,11.493855449240822,10.92035285541508,True,False
2010,173307513005296544,17,180,177,175,2000,54,54,4.279570453020964,4.2795704530209635,7.491853096329675,7.451211111832329,True,False
2011,1289334766878375762,129,7662,6114,5181,2000,1227,1186,4.801885962645924,4.79712937135437,12.90350531042388,12.33901486825008,True,False
2012,492765000000000000,49,6130,4782,4156,2000,1215,1172,4.471678388464536,4.464075734784254,12.581671358578143,12.020979938904212,True,False
2013,18832009123989538,2,1958,1028,1013,2000,930,919,6.56377144367196,6.552557755428891,10.935165049603695,9.984418458801137,True,False
2014,59845842414412148026,5985,10184,8573,6929,2000,1230,1185,5.0077658049928555,5.004034791080754,13.314016703901357,12.758431440900267,True,False
2015,47183046704110075,5,750,662,652,2000,341,340,4.505137340241533,4.503936980133501,9.550746785383243,9.348728154231077,True,False
2016,489360978272408448,49,1823,1759,1498,2000,193,192,4.708778629237345,4.706026909412453,10.832098846039134,10.54882190845875,True,False
2017,1712468095079371959,171,2840,2782,2292,2000,204,202,4.563607243392412,4.562157204094985,11.471675214392045,11.162391328756906,True,False
2018,3940125000000000000,394,6064,5299,4426,2000,789,783,4.495670887249762,4.49379362070241,12.566054038171092,12.11178773580101,True,False
2019,1995000000000000000,200,7403,5945,5028,2000,1016,986,4.590844145193692,4.585331959906275,12.853894313247615,12.295768934420508,True,False
2020,1002506265664160401,100,513,447,411,2000,105,105,4.436648526799327,4.436648526799326,9.002815015607053,8.682994583681683,True,False
2021,7880250000000000000,788,4109,4040,3210,2000,202,201,4.763533638950781,4.762776039279075,12.004571615167656,11.648357582009666,True,False
2022,869390607372000000,87,748,741,687,2000,79,77,4.518997075557426,4.509968225154307,9.546894459887637,9.4241662888181,True,False
2023,1313650176839247879,131,2721,2650,2130,2000,189,188,4.386614644538165,4.384612642536162,11.409921241249679,11.056637715113201,True,False
2024,7438723222443809112,744,3741,3677,2946,2000,185,183,4.779605290336842,4.778718677310071,11.869208250550827,11.524541715035848,True,False
2025,20050125313283208,2,332,264,260,2000,179,178,6.419859436096541,6.41360100541988,8.375039431346925,8.022367813028454,True,False
2026,836335244666406347664,83634,1542,1377,1194,0,0,0,0.0,0.0,10.590587049915035,10.221587121264806,False,True
2027,13570575123426439532,1357,6782,6140,5055,2000,792,786,5.508915676304435,5.5081260530316865,12.72749506902543,12.303495376790377,True,False
2028,34063465952056886082,3406,8616,7619,6376,2000,995,984,5.445997910639489,5.445120132497657,13.072802534544207,12.638435913990472,True,False
2029,109026750000000000,11,3893,2755,2501,2000,1037,997,5.251060012030344,5.222798557393798,11.926666629347283,11.28828934218097,True,False
2030,5286750000000000000,529,8423,6881,5716,2000,975,946,4.831716347166686,4.827893681224264,13.04011845076483,12.480790201095816,True,False
2031,99750000000000000,10,4002,2457,2256,2000,977,947,4.534435008239874,4.519819650155323,11.966505451905741,11.139551352398794,True,False
2032,8778000000000000000,878,8757,7186,5942,2000,976,947,4.963934098702329,4.960694133140896,13.096220996223424,12.536732889835415,True,False
2033,9181714170015706253,918,8912,7298,6053,2000,1018,987,4.778873872800409,4.77332250281246,13.121533517340032,12.563434635710198,True,False
2034,5087250000000000000,509,8663,7022,5848,2000,1057,1028,5.0430146780868865,5.0401442577045605,13.080651001949818,12.513727595952437,True,False
2035,9075308239128525438,908,8828,7465,6184,2000,1104,1070,4.961166485478085,4.956957566700462,13.107870914279614,12.594324603924848,True,False
2036,199500000000000000,20,4937,3522,3143,2000,1140,1104,4.432047843716316,4.419188125196123,12.269418929741096,11.617926556798752,True,False
2037,428925000000000000,43,4766,3711,3242,2000,984,944,4.427314100541454,4.411683806279377,12.21856323619027,11.662668375517542,True,False
2038,337546011550662125,34,5540,3943,3462,2000,1072,1041,4.503280664825903,4.496105932079649,12.43567026093655,11.757390009366638,True,False
2039,1775550000000000000,178,2915,2871,2359,2000,206,206,4.817535813803462,4.817535813803463,11.509280168087859,11.203959703239462,True,False
2040,4912280701754385964,491,2353,2332,1899,2000,121,120,4.541661244878866,4.541378907273476,11.200285605224298,10.891024190149498,True,False
2041,4010025062656641604,401,2405,2380,1938,2000,131,130,4.314380732233329,4.313959054053779,11.231821178657404,10.92035285541508,True,False
2042,498750000000000000,50,4471,3505,3056,2000,899,863,4.4551418501693885,4.4427886683930495,12.126381830542641,11.57742882803575,True,False
2043,538650000000000000,54,4546,3606,3127,2000,885,849,4.472589236418149,4.46174986173951,12.150381968817848,11.610563503925041,True,False
2044,10000000000000000,1,1324,521,510,521,521,510,9.025139562278508,8.977625382811784,10.370687406807217,8.994353436858859,False,False
2045,10025062656641604,1,1907,811,784,811,811,784,9.663558104217273,9.59357673861658,10.897089128312755,9.614709844115207,False,False
2046,990812475612157661,99,5940,4813,4187,2000,970,954,4.509486460394261,4.506245208264242,12.536247215688128,12.031701202740303,True,False
2047,8977500000000000000,898,5079,4889,4057,2000,561,559,4.396978614981253,4.39615098028198,12.310328758616798,11.986197587206274,True,False
2048,5427840611935195,1,1779,193,188,193,193,188,7.592457037268081,7.530280871464971,10.79685079526716,7.554588851677638,False,False
2049,473720850204491828,47,582,569,534,2000,71,70,4.25893230464957,4.257172595563955,9.184875342908283,9.060695931687555,True,False
2050,397096628822544324,40,3772,3074,2741,2000,782,776,4.464457688445649,4.462852843289492,11.881113960675096,11.420486612825774,True,False
2051,418650750000000000000,41865,5705,5636,4547,0,0,0,0.0,0.0,12.478011171176044,12.15069928874454,False,True
2052,22293652560060000000,2229,7036,6428,5275,2000,788,782,5.655883466740805,5.6551764262393736,12.78053976747196,12.364955378481909,True,False
2053,74613000000000000000,7461,5607,5523,4511,2000,358,357,5.596297841472802,5.595581582978343,12.453013354466314,12.139231570719353,True,False
2054,4885755000000000000,489,786,698,626,2000,118,118,4.505955799032144,4.5059557990321455,9.618385502258606,9.290018846932618,True,False
2055,14948535000000000000,1495,5087,4963,4076,2000,436,434,4.957782163985034,4.957327608199677,12.312599378862629,11.992938336165814,True,False
2056,3391500000000000,0,1366,0,0,0,0,0,0.0,0.0,10.41574176829009,0,False,True
2057,126652020367845153,13,4181,2988,2699,2000,1078,1038,4.758233977083062,4.73719886443521,12.029632328044137,11.398209261466851,True,False
2058,29716459263529365075,2972,10015,8374,6778,2000,1241,1195,5.121691812607509,5.118008679197606,13.28987480070007,12.726643921483994,True,False
2059,7330052380898860,1,1179,267,262,267,267,262,8.060695931687555,8.015752111462835,10.203348002979762,8.03342300153745,False,False
2060,36121857226694321482,3612,5161,5093,4079,2000,207,206,5.155375514290891,5.154893890105949,12.33343491528405,11.993999791792524,True,False
2061,5153662539253016,1,264,53,53,53,53,53,5.727920454563199,5.727920454563199,8.044394119358454,5.727920454563199,False,False
2062,19855854329812850473,1986,6437,6127,5047,2000,748,742,5.411654635756815,5.411093008572674,12.65217275350971,12.301210371298426,True,False
2063,985321395214085811,99,2363,2296,1894,2000,196,195,4.408862131829001,4.4076008808973945,11.206403913973848,10.887220615468385,True,False
2064,32917500000000000,3,1012,669,638,2000,388,380,5.756801439212035,5.74060782999065,9.98299357469431,9.31741261376487,True,False
2065,779318690263746,0,243,0,0,0,0,0,0.0,0.0,7.924812503605781,0,False,True
2066,9975000000000000,1,609,334,334,334,334,334,8.38370429247405,8.38370429247405,9.250298417906333,8.383704292474052,False,False
2067,49296164722141158,5,3369,1837,1719,2000,971,942,5.13010563082875,5.1100254216130585,11.718104713121757,10.747353829478062,True,False
2068,99750000000000000,10,4475,2976,2715,2000,1242,1200,5.2158746684042825,5.192531209156728,12.127671967038982,11.406736482691723,True,False
2069,949121250000000000,95,2323,2268,1870,2000,196,195,4.491183605699009,4.488981623915402,11.181773438808808,10.868822554774999,True,False
2070,3406462500000000000,341,3806,3712,3084,2000,377,376,5.122248015489774,5.12201717967175,11.894059846274022,11.590587049915035,True,False
2071,48040162622017121,5,3356,1845,1738,2000,969,940,4.76945727205647,4.751547370092215,11.712527000439824,10.7632123668144,True,False
2072,1390057897057590,0,762,0,0,0,0,0,0.0,0.0,9.573647187493322,0,False,True
2073,35504715750000000000,3550,9652,8303,6680,2000,1257,1213,5.9380074727784455,5.936218139856811,13.23661220021575,12.705632387361415,True,False
2074,897750000000000000,90,5199,4178,3589,2000,951,911,4.615734563394645,4.604901926660772,12.344018439881326,11.809366207816078,True,False
2075,501253132832080200,50,6526,4981,4310,2000,1234,1192,4.649994518412608,4.6447068585048195,12.671983272091865,12.07347215397646,True,False
2076,5012531328320802005,501,2579,2277,1912,2000,377,370,4.692564087457454,4.688872914027158,11.332596057789214,10.900866807980748,True,False
2077,5012531328320802005,501,633,567,513,2000,109,109,4.639805551666193,4.6398055516661945,9.306061689428342,9.002815015607053,True,False
2078,401002506265664160,40,54,48,48,2000,26,26,4.123766310683692,4.123766310683692,5.754887502163468,5.584962500721156,True,False
2079,1901058924073050000,190,1093,1084,959,2000,82,80,4.611479939851268,4.609771314310649,10.094077685671905,9.905387005018131,True,False
2080,15002757936643274,2,260,194,192,2000,186,185,6.4156319046827495,6.41013190468275,8.022367813028454,7.584962500721156,True,False
2081,1724310776942355889,172,5318,4397,3698,2000,853,820,4.610015014660684,4.597891405619855,12.376668061857668,11.852529509404196,True,False
2082,7442650578211242,1,1216,333,333,333,333,333,8.379378367071261,8.379378367071261,10.247927513443585,8.379378367071261,False,False
2083,5762557500000000000,576,1893,1885,1621,2000,94,92,4.577174768711426,4.576217188404392,10.886458695703706,10.662668375517542,True,False
2084,27072910189393813076,2707,6946,6476,5315,2000,785,779,5.765227819204187,5.764541943620772,12.761966695382092,12.375853976418467,True,False
2085,3790198916586041,0,1341,0,0,0,0,0,0.0,0.0,10.389093521904474,0,False,True
2086,11179235557153294787,1118,4218,3689,2997,2000,578,559,5.411852032312053,5.407120508933453,12.042343379793692,11.549303368513575,True,False
2087,5928202504058645,1,370,86,86,86,86,86,6.426264754702099,6.426264754702099,8.531381460516313,6.426264754702098,False,False
2088,47073197939616141,5,916,640,605,2000,335,329,4.85332929017064,4.843938394122643,9.839203788096944,9.240791332161956,True,False
2089,6191687484118995215,619,3657,3593,2884,2000,179,177,4.446097105892076,4.444667940443684,11.836444911341369,11.493855449240822,True,False
2090,3978421614819751058,398,5454,5102,4263,2000,742,737,4.7833436731425385,4.7819050791057105,12.413098984915264,12.057653339963936,True,False
2091,4189500000000000000,419,2304,2279,1841,2000,124,123,4.685962486337218,4.68574078343176,11.169925001442312,10.846273911349906,True,False
2092,54840752959667617814,5484,4248,4210,3428,2000,153,151,5.615135872458355,5.614988661949171,12.052568050804153,11.7431513941125,True,False
2093,18952500000000000000,1895,4979,4921,3944,2000,223,221,5.33812851980239,5.336304328076379,12.28164030006605,11.945443836377912,True,False
2094,63840000000000000000,6384,5566,5512,4435,2000,216,214,5.120953047738675,5.119274113737765,12.442425193331607,12.114718389188425,True,False
2095,15800400000000000000,1580,9097,7654,6319,2000,1048,1019,5.566684649493927,5.564978769365389,13.151175137808572,12.62548055047108,True,False
2096,64837500000000000000,6484,10292,8779,7167,2000,1220,1177,5.684744107646775,5.682328777941004,13.3292357417338,12.80715363917749,True,False
2097,19950000000000000000,1995,9788,8216,6702,2000,1244,1203,5.668933118239248,5.6658926324289,13.25679838607939,12.71037597120447,True,False
2098,40897500000000000000,4090,10016,8473,6850,2000,1250,1207,5.447637578380283,5.444118491940701,13.290018846932618,12.74188827273525,True,False
2099,14962500000000000000,1496,9594,8067,6550,2000,1241,1199,5.004938518452673,5.001007803934501,13.227916724201489,12.677279191312175,True,False
2100,21945000000000000000,2195,9679,8221,6623,2000,1245,1202,4.879393325438502,4.875211656830916,13.24064228571925,12.693269142893206,True,False
2101,29925000000000000000,2993,9396,8102,6511,2000,1222,1176,6.027736343795002,6.025084493267784,13.197830998012197,12.668663423175296,True,False
2102,24937500000000000000,2494,6045,5234,4243,2000,806,776,5.682989779088964,5.679224369987638,12.561526624136485,12.050868963290736,True,False
2103,17456250000000000000,1746,5724,4956,4015,2000,769,741,5.476967219669146,5.472631104834774,12.482807956726667,11.971184272404678,True,False
2104,26932500000000000000,2693,5393,4688,3782,2000,729,704,5.887157861664137,5.8841805432695695,12.39687231851056,11.884933647949762,True,False
2105,15960000000000000000,1596,4909,4273,3466,2000,652,632,5.413421231179286,5.409197277938187,12.261213451366048,11.75905593916017,True,False
2106,19950000000000000000,1995,4380,3836,3113,2000,591,572,5.737024954690081,5.733530030472485,12.096715154488535,11.604089861469179,True,False
2107,23940000000000000000,2394,865,778,694,2000,162,162,6.220875626826663,6.220875626826663,9.756556322524087,9.43879185257826,True,False
2108,20448750000000000000,2045,485,446,414,2000,104,104,5.541705264084538,5.541705264084538,8.92184093707449,8.693486957499326,True,False
2109,18952500000000000000,1895,357,324,304,2000,79,79,5.493978109266146,5.493978109266148,8.479780264029099,8.247927513443585,True,False
2110,6374388723814081,1,1533,273,269,273,273,269,8.09275714091985,8.056127104289814,10.582141981658777,8.071462362556623,False,False
2111,9695432913956279,1,1755,506,495,506,506,495,8.982993574694309,8.934070872120863,10.777255315191923,8.951284714966972,False,False
2112,36907500000000000000,3691,5165,5098,4130,2000,207,206,4.993052871711758,4.99253084887326,12.334552633752422,12.011926066306808,True,False
2113,7693467205673393066,769,5386,5149,4302,2000,651,648,4.551476408922109,4.550707089385239,12.394998514501673,12.070791809423062,True,False
2114,12744401701589351,1,227,106,106,106,106,106,6.7279204545632,6.7279204545632,7.826548487290915,6.727920454563199,False,False
2115,99750000000000000,10,904,837,769,2000,185,184,4.4869124400128415,4.484509075302247,9.820178962415188,9.586839787961827,True,False
2116,3905975997480539,0,1352,0,0,0,0,0,0.0,0.0,10.400879436282183,0,False,True
2117,2176397749214642235,218,7289,6063,5028,2000,1118,1075,4.4648687314174875,4.45267447074049,12.831505185085327,12.295768934420508,True,False
2118,11566095754809583,1,2189,967,931,967,967,931,9.917372079476845,9.837113919730786,11.096056239180946,9.862637357558794,False,False
2119,595818110256695380320,59582,1629,1624,1399,0,0,0,0.0,0.0,10.669770888525518,10.450180247164754,False,True
2120,1002506265664160401,100,3724,3497,2987,2000,626,623,4.432222175791937,4.430921870220127,11.862637357558794,11.544481522310791,True,False
2121,1126393795655625000,113,1085,1071,929,2000,78,77,4.34532234156366,4.342658261909898,10.083479327331842,9.859534786382653,True,False
2122,50547525201991822,5,3439,2103,1954,2000,1072,1040,4.757344505140971,4.73948856072188,11.74777340052679,10.932214751968385,True,False
2123,73376583923411538,7,226,219,209,2000,82,81,4.604593623299168,4.602726860773336,7.820178962415188,7.7073591320808825,True,False
2124,217704375000000000000,21770,5647,5587,4508,0,0,0,0.0,0.0,12.46326891598129,12.138271800172221,False,True
2125,453653845895080886,45,5696,4440,3859,2000,1144,1101,4.390896378703573,4.377542956936516,12.475733430966399,11.914011328541255,True,False
2126,448726982418372226,45,4751,3710,3239,2000,978,938,4.388537669021954,4.375005744262016,12.214015491410844,11.661332752795186,True,False
2127,167867022036525000,17,291,287,281,2000,66,64,4.233787934364575,4.230739032772429,8.184875342908283,8.134426320220927,True,False
2128,249543230407532316,25,5605,3993,3540,2000,1218,1176,4.407587963942517,4.399039401880398,12.45249865769279,11.78953364497036,True,False
2129,13555144291461535,1,2429,988,961,988,988,961,9.94836723158468,9.885842497261986,11.246146774635864,9.90839262077375,False,False
2130,967588775286269276,97,2277,2209,1770,2000,183,182,4.388708991869082,4.386540156366912,11.152918576136623,10.78953364497036,True,False
2131,11093941624229295226,1109,9451,7945,6440,2000,1270,1225,5.20593612082755,5.202567316145378,13.206251272060687,12.65284497300198,True,False
2132,1429520471925000000,143,3120,3024,2555,2000,366,365,4.372652220193329,4.371902126431609,11.60733031374961,11.319107575824983,True,False
2133,64896060704188655,6,3537,2328,2135,2000,1084,1043,4.7593345490450405,4.737957662126713,11.788310503700918,11.060020354507852,True,False
2134,2733150000000000000,273,1758,1742,1460,2000,106,105,4.471441081046579,4.4709062016067245,10.779719355143405,10.51175265376738,True,False
2135,20447626385227125000,2045,2363,2108,1776,2000,345,339,5.56669669305813,5.565072678328518,11.206403913973848,10.794415866350105,True,False
2136,7980000000000000,1,1602,380,373,380,380,373,8.56985560833095,8.527750345173057,10.64565843240871,8.543031820255237,False,False
2137,492070975382245510,49,1860,1793,1511,2000,186,185,4.3515340178826465,4.350032704233203,10.861086905995395,10.561287945164828,True,False
2138,1563856269216860,0,523,0,0,0,0,0,0.0,0.0,9.030667136246942,0,False,True
2139,20686364546769194,2,1715,972,931,2000,717,691,6.516284064361786,6.476636091420592,10.743992861060175,9.862637357558794,True,False
2140,631224228071755888,63,2077,2008,1639,2000,188,187,4.771048217146619,4.7679771998721465,11.020285500844647,10.678600139099458,True,False
2141,2170560000000000000,217,1529,1327,1163,2000,255,251,4.510628780161597,4.507611621249772,10.578372691360805,10.183635381473218,True,False
2142,10361130031511079912,1036,9044,7740,6253,2000,1201,1156,5.31257730090692,5.307932167780978,13.14274527675153,12.610332801911134,True,False
2143,399000000000000,0,66,0,0,0,0,0,0.0,0.0,6.044394119358453,0,False,True
2144,73000000000000000,7,3765,2226,2064,2000,974,945,4.733881481448559,4.7180957548993305,11.87843414955929,11.011227255423254,True,False
2145,40100250626566416,4,680,462,440,2000,260,256,5.2253113637088875,5.214628673006166,9.409390936137703,8.78135971352466,True,False
2146,13939977961575750000,1394,1538,1533,1353,2000,75,74,4.894864116935859,4.879356600908578,10.586839787961827,10.401946123976536,True,False
2147,99750000000000000,10,4429,2883,2645,2000,1223,1183,4.792382655491579,4.7753065677027475,12.112765281885316,11.369052007001388,True,False
2148,26460385951474103,3,77,65,64,2000,61,60,4.970774049337426,4.942863407370473,6.266786540694901,6.0,True,False
2149,4987500000000000000,499,8282,6842,5719,2000,1035,1006,4.825647736693973,4.822146101123932,13.01576348736988,12.481547190203287,True,False
2150,1837793997678825,0,381,0,0,0,0,0,0.0,0.0,8.573647187493322,0,False,True
2151,104960483213004134254,10496,5636,5591,4498,0,0,0,0.0,0.0,12.460455896309636,12.135067945777816,False,True
2152,464312801678395686,46,3217,2937,2589,2000,710,706,4.48358623022388,4.4824594167584575,11.65150022065274,11.338179249900112,True,False
2153,23284767193556042,2,560,354,345,2000,249,245,6.469593829583249,6.452837971436211,9.129283016944967,8.430452551665532,True,False
2154,684516364140000,0,173,0,0,0,0,0,0.0,0.0,7.434628227636725,0,False,True
2155,10806440317734686,1,2019,838,826,838,838,826,9.710806433699354,9.681265995152618,10.979425195331473,9.689997971419446,False,False
2156,2577876836258712,0,1134,0,0,0,0,0,0.0,0.0,10.147204924942228,0,False,True
2157,941412071250000,0,52,0,0,0,0,0,0.0,0.0,5.700439718141092,0,False,True
2158,25536000000000000,3,383,317,313,2000,192,191,5.201523213658388,5.1978522642173735,8.581200581924957,8.290018846932618,True,False
2159,3827307986136516224,383,8642,7156,5975,2000,1199,1158,5.088485807580207,5.084851018637825,13.077149515589733,12.544722997755473,True,False
2160,10279614335929050000,1028,1,1,1,0,0,0,0.0,0.0,0.0,0.0,False,False
2161,207702228469878062,21,3420,2655,2432,2000,789,783,4.532181001870748,4.52992173900392,11.73978060977326,11.247927513443585,True,False
2162,80423232892800000,8,233,223,215,2000,78,77,4.383698330483887,4.382397783137482,7.864186144654281,7.7481928495894605,True,False
2163,399000000000000000,40,1734,1692,1453,2000,208,208,4.402873028678432,4.402873028678432,10.759888183221834,10.504818987632841,True,False
2164,1296750000000000000,130,7363,6026,5049,2000,1215,1172,4.650842999484783,4.643985618443982,12.846077986172599,12.301781962051106,True,False
2165,82388208241806792,8,204,191,187,2000,76,75,4.56237376096184,4.560313814140016,7.672425341971495,7.546894459887636,True,False
2166,59850000000000000,6,2937,1942,1798,2000,912,876,4.78670742701107,4.765449544900664,11.520127550324851,10.812177305514448,True,False
2167,9936867835220137875,994,5014,4322,3522,2000,690,667,5.237146736948774,5.232106066780316,12.291746280833939,11.782179193831208,True,False
2168,206400943653846145,21,1353,1299,1155,2000,199,198,4.459308762815569,4.457702200583808,10.401946123976536,10.17367713630342,True,False
2169,199500000000000000,20,4956,3533,3151,2000,1144,1108,4.4324967003543225,4.419741812852159,12.274960472140602,11.62159403901754,True,False
2170,10428862500000000000,1043,4435,4368,3530,2000,195,194,4.722671807910182,4.721965738656557,12.114718389188425,11.785452468158542,True,False
2171,48770802309410771,5,572,517,495,2000,199,197,4.490787740273102,4.488303051242974,9.159871336778389,8.951284714966972,True,False
2172,987332795403240634,99,7133,5598,4813,2000,1211,1171,4.87859541263684,4.873602215238545,12.800293258223418,12.232720707964873,True,False
2173,27190053645994068,3,1185,727,698,2000,460,449,5.872924859311871,5.851034109078671,10.210671343785622,9.447083226209653,True,False
2174,1250443521147944565,125,5559,4552,3837,2000,932,893,4.574440560141455,4.565821521966993,12.440609666748422,11.905763049602793,True,False
2175,11551050000000000000,1155,2997,2972,2447,2000,138,137,4.833679453398095,4.83349340925213,11.549303368513575,11.25679838607939,True,False
2176,7007437500000000000,701,2718,2694,2203,2000,139,138,4.551940895458149,4.551674977872489,11.40832974076739,11.105253779700883,True,False
2177,31000000000000000000,3100,7772,6696,5399,2000,1001,960,4.659658379430342,4.647508254167649,12.924070185585345,12.398476501449256,True,False
2178,900000000000000000,90,3852,3139,2713,2000,703,678,4.605048732004453,4.594470018839016,11.911391987843459,11.405673332281866,True,False
2179,4320689191098737569,432,8392,6767,5665,2000,1028,999,4.825316325178851,4.821710262857912,13.034798962577268,12.467860240707878,True,False
2180,1018175161890422206,102,6662,5432,4563,2000,1123,1080,4.568223577330927,4.556686098622382,12.70173963867435,12.155766938445653,True,False
2181,135161250000000000,14,4970,3470,3132,2000,1246,1203,4.5546219258462335,4.538553555767782,12.279030136449649,11.612868497291041,True,False
2182,989895374927874791,99,6541,5102,4414,2000,1028,999,4.68582261598734,4.681664273277609,12.67529549909406,12.107870914279614,True,False
2183,15194757432152070677,1519,8718,7518,6240,2000,1008,988,4.701000080057982,4.69710900941662,13.089781488353998,12.60733031374961,True,False
2184,9362479679533155,1,2056,539,528,539,539,528,9.074141462752504,9.029614561082745,11.005624549193879,9.044394119358454,False,False
2185,30259791054258230,3,3203,1912,1797,2000,1169,1127,6.556286027199594,6.514660153833589,11.645208082774683,10.811374693509942,True,False
2186,331955360029462,0,64,0,0,0,0,0,0.0,0.0,6.0,0,False,True
2187,10000000000000000,1,168,104,104,104,104,104,6.700439718141093,6.700439718141093,7.392317422778761,6.700439718141092,False,False
2188,70507445124265166,7,73,71,70,2000,44,43,4.23059380164128,4.229794766731724,6.189824558880018,6.129283016944966,True,False
2189,5830230583649207432,583,8699,7393,6024,2000,1191,1146,4.752674417114776,4.744086519381847,13.08663384907624,12.556506054671928,True,False
2190,35248657500000000000,3525,5285,5236,4202,2000,211,210,5.2681931602338645,5.267826493567197,12.367687756270046,12.036860446673046,True,False
2191,12884034821037242565,1288,6071,5231,4244,2000,814,782,5.312565679239781,5.307413941462101,12.567718457850754,12.051208940914766,True,False
2192,2992500000000000,0,566,0,0,0,0,0,0.0,0.0,9.144658242831882,0,False,True
2193,22676243310000000,2,63,51,50,428,51,50,5.023361371153567,5.015836777579123,5.977279923499917,5.643856189774724,False,False
2194,303885910585940939,30,1182,1140,964,2000,134,134,4.352086400383745,4.352086400383745,10.207014320177532,9.912889336229961,True,False
2195,214442550000000000000,21444,5657,5593,4520,0,0,0,0.0,0.0,12.465821455643775,12.14210705730255,False,True
2196,62260894873335320340,6226,7028,6717,5529,2000,755,751,5.626496140814095,5.626217420915411,12.778898476008376,12.43280285635187,True,False
2197,20558487200487351,2,225,134,133,2000,102,102,6.25225466095996,6.252254660959963,7.813781191217037,7.05528243550119,True,False
2198,49875000000000000000,4988,8977,7873,6576,2000,989,974,5.275624169062871,5.274407778792954,13.132017679713385,12.682994583681683,True,False
2199,63500850000000000000,6350,9083,7956,6647,2000,995,979,5.653064225860376,5.652116871618571,13.148953164809123,12.698487638557692,True,False
2200,258103125000000000000,25810,9819,8364,6859,0,0,0,0.0,0.0,13.261360387765919,12.743782540330756,False,True
2201,2969844739552307696,297,8027,6411,5400,2000,1066,1036,4.54788256966262,4.542550677720961,12.970645182266665,12.398743691938193,True,False
2202,16711637063433968,2,2753,1353,1299,2000,1225,1182,6.573879629149938,6.5325650339083925,11.42678889459556,10.34318571544788,True,False
2203,42902616453013115,4,2921,1748,1682,2000,982,965,4.761311302449556,4.751883062203904,11.51224664282918,10.715961990255144,True,False
2204,65418393259608900,7,1447,1013,941,2000,446,435,4.526464051088394,4.515123690300449,10.498849206531725,9.878050912728536,True,False
2205,10024191012872789815,1002,8119,7032,5885,2000,975,961,4.84206383778941,4.8394082600584385,12.987086329328193,12.522826699925806,True,False
2206,10054972061352619054,1005,8571,7316,6071,2000,1013,990,5.12428061266876,5.119994734426961,13.065247821657529,12.567718457850754,True,False
2207,2025828553370276275,203,7583,6222,5258,2000,1097,1064,4.689830348637909,4.6847367151981585,12.888553007579214,12.360298426618046,True,False
2208,29925000000000000,3,1934,1166,1144,2000,787,781,5.289237110283098,5.284092936729869,10.917372079476841,10.159871336778389,True,False
2209,410426221049827477,41,4862,3775,3293,2000,1007,967,4.375205383785923,4.361828900214974,12.247334178028728,11.685186796595348,True,False
2210,304365351074742656,30,4502,3436,3027,2000,990,950,4.961746419335754,4.941119627103076,12.136350341454156,11.563672959827514,True,False
2211,634047102974330622,63,5346,4296,3777,2000,975,961,4.466737335208062,4.4622654864215,12.384244122243079,11.883025068440173,True,False
2212,9596659084393977,1,2084,544,531,544,544,531,9.087462841250339,9.03460459216548,11.025139562278508,9.052568050804153,False,False
2213,65317068351242662,7,1445,1011,940,2000,445,434,4.526129322434672,4.514788961646727,10.496853777388042,9.876516946565,True,False
2214,2284946024655926417,228,3203,3160,2586,2000,211,211,4.408114667743884,4.4081146677438845,11.645208082774683,11.336506559810255,True,False
2215,83660325000000000000,8366,9650,8179,6704,2000,1018,988,6.009268715112498,6.007967030796058,13.236313227042805,12.710806433699352,True,False
2216,658350000000000000,66,212,210,201,2000,48,47,4.30856625363432,4.303369199131716,7.727920454563199,7.651051691178929,True,False
2217,598500000000000000,60,652,646,610,2000,65,64,4.209323171035358,4.2074823569937525,9.348728154231077,9.252665432450248,True,False
2218,997500000000000,0,20,0,0,0,0,0,0.0,0.0,4.321928094887363,0,False,True
2219,3690750000000000,0,112,0,0,0,0,0,0.0,0.0,6.807354922057604,0,False,True
2220,2501661543084643712,250,8250,6637,5540,2000,1218,1177,4.435698049744256,4.428142992794919,13.010178404020541,12.43567026093655,True,False
2221,8133083316450728102,813,9409,7871,6487,2000,1215,1175,4.833650921708503,4.829047756872678,13.199825684374256,12.663335723478353,True,False
2222,593919851348541948,59,2007,1938,1579,2000,191,190,4.449397616467729,4.44829765771618,10.970824901362617,10.624795455860237,True,False
2223,1946893955788233014,195,2942,2875,2323,2000,188,187,4.3898364769549145,4.387835309607295,11.522581531254831,11.181773438808808,True,False
2224,30583350000000000000,3058,10070,8565,6998,2000,1212,1173,5.230910409462789,5.228002604995222,13.297776062894147,12.77272694923985,True,False
2225,1995000000000000,0,324,0,0,0,0,0,0.0,0.0,8.339850002884624,0,False,True
2226,993908548428229143,99,2380,2311,1864,2000,200,199,4.579882682432826,4.5790244054239215,11.216745858195306,10.86418614465428,True,False
2227,3191447295379592964,319,3426,3359,2716,2000,191,190,4.457217133365705,4.456108229794111,11.742309436084,11.407267764244732,True,False
2228,11067379757722034716,1107,4451,4408,3528,2000,215,215,4.631000623903325,4.631000623903326,12.119913785452269,11.784634845557521,True,False
2229,77657111791350966835,7766,5448,5379,4336,2000,201,200,4.90723962574594,4.906668006634807,12.411510988012072,12.08214904135387,True,False
2230,1102491116083251726,110,1000,992,878,2000,88,86,4.301416098926969,4.29979655024788,9.965784284662087,9.778077129535358,True,False
2231,261411707862760223,26,1068,854,774,2000,262,258,4.3673175181203305,4.362743148882964,10.060695931687555,9.59618975614441,True,False
2232,9919509768541800000,992,1890,1882,1621,2000,83,82,4.619497055324481,4.619054362278183,10.884170519108435,10.662668375517542,True,False
2233,2092755000000000000,209,5110,4277,3586,2000,794,763,4.531696657406217,4.5185980586810945,12.319107575824983,11.808159772868375,True,False
2234,3533793249045675000,353,1463,1456,1274,2000,72,71,4.507015627744879,4.506111569983645,10.514714054138487,10.3151495622563,True,False
2235,927675000000000000,93,4492,3841,3312,2000,783,777,4.7398939754188705,4.738927488598481,12.133142212400601,11.693486957499326,True,False
2236,1655850000000000000,166,1091,1079,949,2000,66,66,4.340295977974549,4.340295977974548,10.091435386323607,9.89026427702111,True,False
2237,490126412089494342,49,5711,4266,3742,2000,1026,997,4.389714250331597,4.38239046227025,12.479527669256347,11.869593843240784,True,False
2238,10165566824484250331,1017,4544,4489,3603,2000,206,205,4.59568575797755,4.594883687176571,12.149747119504681,11.81498293642679,True,False
2239,15563808774383019,2,246,127,127,2000,118,118,6.320998335922267,6.320998335922266,7.94251450533924,6.9886846867721655,True,False
2240,1463768652363350,0,804,0,0,0,0,0,0.0,0.0,9.651051691178928,0,False,True
2241,27291600000000000000,2729,2479,2468,2016,2000,88,87,4.726363937842659,4.725955547154131,11.275542556086723,10.977279923499916,True,False
2242,4900242203173440881,490,8654,7304,5979,2000,1220,1177,4.557117441539954,4.550684426887408,13.079151405421891,12.545688495560213,True,False
2243,36958929440216408,4,2828,1730,1612,2000,1010,971,5.241864672349866,5.213941374007858,11.4655664048094,10.654636028527968,True,False
2244,862155388471177944,86,3771,3069,2651,2000,689,665,4.687509389017869,4.678026090187414,11.880731435141664,11.37232095486726,True,False
2245,1203007518796992481,120,3861,3223,2732,2000,641,621,4.5672650198003035,4.556540822852432,11.914758838941857,11.41574176829009,True,False
2246,1146340493542405225,115,3691,3082,2608,2000,613,595,4.526366785366904,4.519627138559663,11.84979602224561,11.348728154231077,True,False
2247,1905227246982191781,191,3249,2751,2325,2000,517,501,4.369762570016178,4.359232004869357,11.665780028329483,11.183015000882756,True,False
2248,99724636024042137421,9972,5425,5357,4350,2000,199,198,4.774584761573463,4.773943502229681,12.405407422219204,12.086799685623452,True,False
2249,4982512500000000000,498,8556,6909,5763,2000,1068,1038,5.04358579046831,5.040253408514554,13.062720767165045,12.492604304386683,True,False
2250,10773000000000000000,1077,3727,3243,2643,2000,503,489,5.309405607229449,5.304352132729017,11.86379910372885,11.36796070964157,True,False
2251,11442897243107769,1,2283,1007,971,1007,1007,971,9.975847968006786,9.898777818578347,11.156715144224702,9.923327485419192,False,False
2252,58676471175000000,6,3696,2431,2236,2000,1152,1110,4.773527066038117,4.752617154678424,11.851749041416058,11.12670447284319,True,False
2253,146691172950000000,15,4524,3275,2949,2000,1142,1100,4.538949484246102,4.522221973398398,12.14338321398982,11.526010107061737,True,False
2254,1596000000000000,0,323,0,0,0,0,0,0.0,0.0,8.335390354693924,0,False,True
2255,430526072091480885106,43053,425,391,369,0,0,0,0.0,0.0,8.731319031025064,8.527477006060396,False,True
2256,173693540159600787,17,1385,1304,1195,2000,302,302,4.412803313840612,4.412803313840612,10.43567026093655,10.222794902868111,True,False
2257,4946630820310403,0,934,0,0,0,0,0,0.0,0.0,9.867278739709661,0,False,True
2258,11970000000000000,1,1679,757,726,757,757,726,9.564149489985736,9.473839677599209,10.71338651493703,9.50382573799575,False,False
2259,3266009782678655366,327,2378,2350,1912,2000,111,111,4.264997927185024,4.264997927185024,11.215532999745657,10.900866807980748,True,False
2260,192519706948487479,19,5112,3742,3349,2000,1220,1176,4.458945627049461,4.447859144646925,12.319672120946995,11.709514660706716,True,False
2261,83291250000000000,8,4271,2812,2570,2000,1233,1190,4.788723474928128,4.7679640315783285,12.060358182642142,11.32755264408124,True,False
2262,82173553326435173,8,4109,2773,2535,2000,1204,1161,4.549133416700894,4.532407578604276,12.004571615167656,11.307770031890703,True,False
2263,28752215788330819,3,2434,1433,1349,2000,917,880,6.546281010081521,6.504564567205253,11.249113452713729,10.397674632948268,True,False
2264,90225563909774436,9,3868,2634,2402,2000,1121,1080,5.075624578112032,5.053916739737323,11.917372079476841,11.230020435705635,True,False
2265,9003418303469717,1,1552,425,417,425,425,417,8.731319031025066,8.688966089848595,10.599912842187127,8.703903573444663,False,False
2266,2987922467976359505,299,3353,3294,2685,2000,202,201,4.499073930152326,4.498142594956322,11.711236767793784,11.390706372872774,True,False
2267,81230993200959947592,8123,5451,5391,4361,2000,264,264,5.0397559255536555,5.039755925553655,12.412305204955272,12.090443275081606,True,False
2268,1829392041600001,0,102,0,0,0,0,0,0.0,0.0,6.672425341971495,0,False,True
2269,695473870951571237774,69547,1628,1623,1398,0,0,0,0.0,0.0,10.668884984266247,10.449148645375436,False,True
2270,3308270676691729323,331,3446,3378,2688,2000,185,184,5.196423220803922,5.192413865641878,11.750706986224948,11.39231742277876,True,False
2271,3159490883945284227,316,3407,3340,2678,2000,189,188,4.5287098898817435,4.527649866031208,11.734286232096347,11.386940245324311,True,False
2272,1990708484224521612,199,2950,2881,2311,2000,192,191,4.486511811848212,4.485511228174404,11.526499239136566,11.174301544467632,True,False
2273,2972108142897736051,297,3309,3242,2621,2000,191,190,4.402887738858238,4.401687198615127,11.692179576312538,11.355901638328417,True,False
2274,1995000000000000000,200,2996,2928,2399,2000,203,202,4.874357237966161,4.8737432387848285,11.54882190845875,11.228217442293435,True,False
2275,1988174841788870883,199,3053,2998,2442,2000,200,199,4.41664516616365,4.415006920575745,11.57601187420678,11.253847484987404,True,False
2276,1993645113600991216,199,3018,2973,2427,2000,208,208,4.9551394070432835,4.955139407043284,11.559377090526683,11.244958393151133,True,False
2277,490212310938452668,49,2357,2229,1948,2000,443,441,4.689068667925416,4.688328036907787,11.202736043250168,10.927777962082342,True,False
2278,182916983713142877,18,2175,1950,1805,2000,624,621,4.404380495414388,4.403269260832769,11.086799685623452,10.817783121774534,True,False
2279,444648800709122064,44,2947,2708,2401,2000,646,643,4.386938404297723,4.385509832869151,11.525031345124,11.229419688230417,True,False
2280,577980605273394205,58,4096,3456,3013,2000,764,758,4.401066846466736,4.397975691428791,12.0,11.556984957594462,True,False
2281,1477501473179442361,148,5244,4478,3799,2000,789,783,4.436436390110217,4.43386516069586,12.356451970221755,11.891403996665023,True,False
2282,1997948753489011328,200,5597,4782,4067,2000,836,826,4.602879509545831,4.600961175881121,12.450438032395652,11.989749275462133,True,False
2283,498094364498152316,50,4721,3786,3350,2000,937,926,4.471190693010468,4.4691518406026365,12.204876767603993,11.709945380232497,True,False
2284,1990000000000000000,199,6657,5575,4758,2000,977,963,4.998504858482073,4.995303385434902,12.700656452918167,12.216139556425135,True,False
2285,1291862382400820998,129,6611,5435,4633,2000,1011,992,5.084814982970773,5.08260079655761,12.690652799348483,12.177730967033272,True,False
2286,999451923499846587,100,6344,5066,4356,2000,1013,987,4.663825836977997,4.65829250123017,12.63117705570398,12.088788238716907,True,False
2287,691088856175823941,69,5971,4629,4048,2000,1013,986,4.454714790537712,4.4474671857336325,12.543756853375895,11.98299357469431,True,False
2288,1494815765627693936,149,7167,5727,4874,2000,1027,998,4.389971727157362,4.382577525988927,12.80715363917749,12.250890535723341,True,False
2289,997196555264330124,100,6592,5118,4408,2000,974,946,4.465837560313029,4.458732398256748,12.686500527183219,12.105908508571158,True,False
0,1895250000000000000,190,6952,5735,4780,2000,1092,1050,4.447686710434292,4.4349810245170485,12.7632123668144,12.222794902868111,True,False
1,206761800000000000000,20676,4961,4901,3989,0,0,0,0.0,0.0,12.276415241892678,11.961811408087163,False,True
2,66633000000000000000,6663,5149,5086,4113,2000,211,209,5.533269977961098,5.532857654039276,12.330076554797458,12.005975356500382,True,False
3,28428750000000000000,2843,4854,4787,3869,2000,189,187,4.579866838363559,4.578752252705361,12.244958393151133,11.917745013443216,True,False
4,2921484518722565,0,688,0,0,0,0,0,0.0,0.0,9.426264754702098,0,False,True
5,5099995370371364,1,99,15,15,15,15,15,3.906890595608518,3.906890595608518,6.6293566200796095,3.9068905956085187,False,False
6,79800000000000000,8,3792,2552,2328,2000,1130,1089,4.575381564079711,4.558489567381024,11.888743248898258,11.184875342908283,True,False
7,4488750000000000,0,321,0,0,0,0,0,0.0,0.0,8.326429487122303,0,False,True
8,531328320802005012,53,6562,5049,4368,2000,1235,1196,4.393804484356241,4.3845804962983985,12.67991987851842,12.092757140919852,True,False
9,18438787500000000000,1844,2313,2301,1926,2000,82,82,4.935162564600565,4.9351625646005655,11.175549550636191,10.911391987843459,True,False
10,90974891990889138233,9097,7575,6807,5625,2000,836,829,6.091928961908493,6.070556178201033,12.887030173247675,12.45763738099176,True,False
11,1214649093934447632,121,5095,4327,3687,2000,793,787,4.4043410174704345,4.40262686452753,12.314866431053176,11.848231701093818,True,False
12,13479823136765725,1,2620,1136,1095,1136,1136,1095,10.149747119504685,10.065007099692632,11.355351096424812,10.096715154488535,False,False
13,4964426302788578,0,1490,0,0,0,0,0,0.0,0.0,10.541096615349524,0,False,True
14,879213218679091,0,515,0,0,0,0,0,0.0,0.0,9.00842862207058,0,False,True
15,5642890854876770,1,84,17,17,17,17,17,4.087462841250339,4.087462841250339,6.392317422778761,4.087462841250339,False,False
16,1909132801834510023,191,4090,3868,3277,2000,621,618,4.599173373975085,4.5974697715929835,11.997885127829111,11.67815995754276,True,False
17,399000000000000000,40,395,390,386,2000,57,57,4.224622312502205,4.224622312502205,8.625708843064466,8.59245703726808,True,False
18,3261614896222883,0,395,0,0,0,0,0,0.0,0.0,8.625708843064466,0,False,True
19,523753164546144,0,123,0,0,0,0,0,0.0,0.0,6.94251450533924,0,False,True
20,880194515692593,0,239,0,0,0,0,0,0.0,0.0,7.900866807980749,0,False,True
21,2664054832676145790,266,8269,6780,5690,2000,1184,1143,4.656351245359834,4.650030690908247,13.013497154291704,12.474212937193943,True,False
22,1169447072666072542,117,7549,5996,5086,2000,1223,1183,4.472315340089061,4.465407949737347,12.882069831008142,12.312315746690107,True,False
23,1081587490595165379,108,7491,5957,5040,2000,1238,1196,4.6501004518025635,4.642121309531367,12.870942606649368,12.29920801838728,True,False
24,647630123881151,0,20,0,0,0,0,0,0.0,0.0,4.321928094887363,0,False,True
25,2080117939685815356,208,4152,3945,3343,2000,616,612,4.6459510800630675,4.644141166535498,12.019590728357882,11.706927639617403,True,False
26,324185619079462523911,32419,8767,7829,6581,0,0,0,0.0,0.0,13.097867532627768,12.684091106529095,False,True
27,1213106166967773426,121,7008,5509,4686,2000,975,946,4.646952168709492,4.642082733060484,12.774787059601174,12.194141238863136,True,False
28,995961751567019448,100,7071,5558,4782,2000,1192,1151,4.647954639185352,4.642517266375792,12.787698543971324,12.223398414711628,True,False
29,3512520947380239,0,527,0,0,0,0,0,0.0,0.0,9.041659151637214,0,False,True
30,2540754864112478,0,423,0,0,0,0,0,0.0,0.0,8.72451385311995,0,False,True
31,22323645662088225000,2232,5839,5067,4105,2000,784,755,5.737630311045926,5.7341174608374725,12.511505595792482,12.003166506665167,True,False
32,33915000000000000,3,3558,2065,1931,2000,1244,1201,6.582558487651206,6.542285091668756,11.79685079526716,10.91513244895065,True,False
33,50700474254807862,5,2874,1877,1741,2000,916,880,5.103149511506478,5.079158644552354,11.488844346457336,10.7657004876511,True,False
34,7691856379967958,1,983,247,243,247,247,243,7.948367231584679,7.907881401625164,9.94104760634058,7.924812503605781,False,False
35,99750000000000000,10,171,167,165,2000,61,60,4.588566719121378,4.535851966157774,7.417852514885898,7.366322214245816,True,False
36,5323822761289244603,532,3838,3770,3035,2000,190,189,4.372887479788101,4.371553627734526,11.90613899619538,11.567480801143045,True,False
37,947618404280625000,95,860,848,759,2000,77,76,4.309739260185608,4.3080579472378835,9.74819284958946,9.567956075415466,True,False
38,849397328698627313,85,819,806,723,2000,77,76,4.3286844169063095,4.327483857403383,9.677719641641009,9.497851836951117,True,False
39,455908751442973196,46,597,584,548,2000,72,71,4.280341518371622,4.279089556915067,9.221587121264806,9.098032082960527,True,False
40,616059330564716725,62,1008,992,846,2000,101,100,4.377773030537164,4.376344816146199,9.977279923499916,9.72451385311995,True,False
41,376684942910489433,38,2720,2493,2216,2000,626,623,4.391147942653596,4.389718860838663,11.409390936137703,11.113742166049189,True,False
42,27874893687107994015,2787,3318,3294,2705,2000,127,126,4.784552916616518,4.784355185501459,11.696098170955864,11.401412878714178,True,False
43,527275694482900739,53,1124,1099,920,2000,126,125,4.285044535937617,4.284579413892382,10.134426320220927,9.845490050944376,True,False
44,4373716983523007557,437,2494,2466,2007,2000,135,134,4.729517145226842,4.72931040256946,11.28424574982967,10.970824901362617,True,False
45,2994407873391555473,299,3463,3408,2759,2000,208,207,4.580936349753205,4.580150438989801,11.757806672197228,11.429929741353273,True,False
46,31920000000000000,3,906,734,725,2000,495,493,5.257330523775115,5.254661633032831,9.823367240046235,9.501837184902296,True,False
47,8933024090940602838,893,6669,5866,4914,2000,833,824,4.5130352694526445,4.511047290539167,12.703254733748146,12.262682142362165,True,False
48,4636574827834951882,464,6931,6047,5107,2000,925,915,4.834512234175243,4.833339336190853,12.75884780310832,12.318260343712415,True,False
49,675623108914613701,68,1548,1506,1234,2000,132,132,4.351533894836178,4.3515338948361775,10.59618975614441,10.269126679149418,True,False
50,2892750000000000000,289,1249,1244,1119,2000,77,76,4.804877966992515,4.8040705858985975,10.286557761607957,10.127994320976393,True,False
51,1000000000000000000,100,4002,3722,3181,2000,709,705,4.571333234425915,4.569937804459057,11.966505451905741,11.635264656539514,True,False
52,885636508010956885,89,2228,2161,1746,2000,193,191,4.517457298124445,4.51588443645311,11.121533517340032,10.76983784362944,True,False
53,7004149515671228,1,323,90,90,90,90,90,6.491853096329675,6.491853096329675,8.335390354693924,6.491853096329675,False,False
54,342006116654670535,34,4924,3706,3288,2000,994,974,4.377667546340894,4.372165102589811,12.265615046484458,11.682994583681683,True,False
55,6876100791754211677,688,1949,1938,1605,2000,82,81,4.394954713048161,4.394261768950553,10.92851837525789,10.648357582009666,True,False
56,39956572560103592,4,823,700,692,2000,424,422,4.889082795176875,4.886443576385636,9.684748620421626,9.434628227636725,True,False
57,518049391879027147,52,2935,2721,2398,2000,620,618,4.599278978220532,4.5988503455587235,11.519144787997414,11.227615943414223,True,False
58,296364291473974190,30,3629,2864,2582,2000,789,783,4.404061620934063,4.402346991705261,11.825356341479335,11.33427328530719,True,False
59,3255360100327117,0,1339,0,0,0,0,0,0.0,0.0,10.386940245324311,0,False,True
60,428925000000000000,43,5609,4240,3706,2000,1079,1047,4.548431189528011,4.542939113084953,12.453527867681785,11.855647166027266,True,False
61,44696621253696216,4,3320,1800,1701,2000,972,943,4.7691213585132655,4.751206977393837,11.696967526234287,10.732167425663386,True,False
62,26979452888883187,3,2960,1423,1357,2000,962,933,5.2805680064883145,5.252909839010231,11.531381460516313,10.406205005418855,True,False
63,535313496589898595,54,5960,4427,3856,2000,978,947,4.5986984198833065,4.532440044799089,12.541096615349524,11.912889336229961,True,False
64,2489626440986635835,249,5731,4943,4176,2000,821,812,4.391533971057818,4.388551940559377,12.484571180915806,12.027905996569885,True,False
65,6267216064892056,1,1857,228,226,228,228,226,7.83289001416474,7.815346154515618,10.858758099935422,7.820178962415188,False,False
66,10977506265664160,1,2610,1006,969,1006,1006,969,9.974414589805527,9.891790916367391,11.349834091457247,9.92035285541508,False,False
67,90225563909774436,9,4405,2859,2610,2000,1226,1183,4.393829091614479,4.383607839219842,12.104926303807776,11.349834091457247,True,False
68,115360333810398309790,11536,9307,8134,6775,0,0,0,0.0,0.0,13.184100491908998,12.726005231128596,False,True
69,279300000000000000,28,1535,1466,1245,2000,192,191,4.3534658713372405,4.351750114974644,10.584022940257542,10.281930026955443,True,False
70,19940025000000000000,1994,4901,4832,3873,2000,202,201,4.817148764323401,4.816517019127296,12.258860431409756,11.919235786028347,True,False
71,99750000000000000,10,851,802,745,2000,190,189,5.191011972088264,5.187517116758297,9.733015321685963,9.541096615349524,True,False
72,226695972788548905,23,1861,1445,1285,2000,442,431,4.525064035136318,4.513723674348374,10.861862340059151,10.32755264408124,True,False
73,2195782279902454,0,1121,0,0,0,0,0,0.0,0.0,10.130570562805426,0,False,True
74,97664402901838453026,9766,7044,6103,4923,2000,929,892,6.002472968774904,5.999656961597774,12.782179193831208,12.26532202423487,True,False
75,13752709289088205,1,2434,989,962,989,989,962,9.949826710759112,9.887365196592462,11.249113452713729,9.909893083770042,False,False
76,38874349888138800000,3887,2653,2640,2179,2000,91,90,4.921821194214247,4.921354844423279,11.373408960228696,11.089450481115907,True,False
77,49875000000000000000,4988,2718,2705,2230,2000,83,82,4.904541713624175,4.904056962629886,11.40832974076739,11.122827994807666,True,False
78,49864340080814943968,4986,2716,2703,2232,2000,87,86,4.90590046528185,4.905430530992107,11.407267764244732,11.124121311829187,True,False
79,100528852075375027268,10053,2862,2850,2339,0,0,0,0.0,0.0,11.482807956726667,11.191676146352428,False,True
80,9072681704260651628,907,6695,5931,4908,2000,797,791,4.740762998938786,4.739855399427893,12.708868340211673,12.260919533662905,True,False
81,39561760766865485,4,2442,1545,1495,2000,909,898,4.786295338989717,4.780080873938518,11.253847484987404,10.545929769085467,True,False
82,1947436495328625000,195,1216,1208,1047,2000,85,84,4.3169308105426145,4.316103949725494,10.247927513443585,10.032045726930809,True,False
83,1595926091091278718,160,6266,5163,4322,2000,1025,985,5.004755766589588,4.988352813986483,12.613329054371054,12.077483356859508,True,False
84,1495228688783849447,150,3967,3321,2810,2000,647,627,4.567284419515989,4.556671848425225,11.953832682145281,11.456354415108288,True,False
85,7092582256824649345,709,3170,3125,2517,2000,142,141,4.571217228886898,4.570799636676516,11.63026712502677,11.29748950116098,True,False
86,33049881770906357906,3305,5117,5050,4096,2000,193,192,4.626819514781331,4.626019274709309,12.32108251801004,12.0,True,False
87,374062500000000000,37,5673,4264,3742,2000,1137,1102,4.390090078294233,4.378233620579585,12.469896148670918,11.869593843240784,True,False
88,85269768240486035,9,845,774,709,2000,188,187,4.387529789615653,4.385527620599219,9.722807531169547,9.469641817239516,True,False
89,193714500000000000000,19371,2799,2788,2255,0,0,0,0.0,0.0,11.450695771572915,11.138911718142744,False,True
90,111041300905514456,11,305,294,282,2000,83,81,4.364066764423083,4.361362748759071,8.252665432450248,8.139551352398794,True,False
91,79880233213585913647,7988,4961,4898,3984,2000,196,194,5.302167512555455,5.299868043676494,12.276415241892678,11.960001932068081,True,False
92,91006921139896732392,9101,6203,6029,5000,2000,596,591,6.964656097755689,6.952623108450462,12.598750409571753,12.287712379549449,True,False
93,944277469081800000,94,839,827,729,2000,73,72,4.266118173378369,4.2572828909548655,9.712527000439824,9.509775004326936,True,False
94,981118010591768500,98,888,876,769,2000,82,80,4.3314562849100335,4.32992226737981,9.794415866350105,9.586839787961827,True,False
95,1166383022240679287,117,833,828,766,2000,72,71,4.61655002332782,4.615481393129938,9.702172685365548,9.581200581924957,True,False
96,600000000000000,0,219,0,0,0,0,0,0.0,0.0,7.774787059601174,0,False,True
97,2071050667696354739,207,3580,3476,2915,2000,410,408,4.369324532545205,4.367895654928572,11.805743872151618,11.509280168087859,True,False
98,8710553118706465,1,671,194,193,194,194,193,7.599912842187127,7.5896035638366115,9.390168956200183,7.592457037268081,False,False
99,92124112500000000000,9212,7135,6824,5627,2000,788,781,6.34082086475011,6.322752210013632,12.800697714363126,12.458150248057557,True,False
100,1668326299892647427,167,1675,1654,1365,2000,120,119,4.450776270828882,4.450443917350679,10.709945380232497,10.414685235807214,True,False
101,11521125000000000000,1152,4636,4582,3676,2000,217,215,5.116837949723674,5.114609302139332,12.178664851006472,11.843921051289035,True,False
102,8977500000000000,1,102,57,57,57,57,57,5.832890014164743,5.832890014164743,6.672425341971495,5.832890014164741,False,False
103,2234400000000000000,223,4208,4001,3391,2000,616,613,4.756644317496866,4.753895664452564,12.038918989292302,11.72749506902543,True,False
104,214126677705407444,21,4376,3257,2904,2000,1029,990,4.416025286503225,4.402063637332219,12.095397022792557,11.50382573799575,True,False
105,23937597370907447,2,1445,854,816,2000,587,570,6.544199307626464,6.5118599136763695,10.496853777388042,9.672425341971495,True,False
106,3107769423558897243,311,3474,3426,2784,2000,214,214,4.58337136415682,4.58337136415682,11.762382038710392,11.442943495848729,True,False
107,915753763013683890,92,845,834,744,2000,76,75,4.240979680118726,4.239529962802353,9.722807531169547,9.539158811108031,True,False
108,2569674954999426909,257,1379,1370,1170,2000,80,79,4.417468802815014,4.416859424310834,10.429406741513981,10.192292814470767,True,False
109,122143361784279118627,12214,9511,8252,6813,0,0,0,0.0,0.0,13.215381320721084,12.734074491428045,False,True
110,10997753707500000000,1100,4615,4561,3660,2000,234,232,5.622236703900242,5.620812931872642,12.172114932533136,11.837627933171404,True,False
111,14038815000000000000,1404,5061,4937,4051,2000,434,432,4.870114940718372,4.86961492821806,12.305206759008723,11.984062369686436,True,False
112,29263484824622444194,2926,5011,4943,3968,2000,194,192,4.682423866636405,4.681571697966582,12.290882822429577,11.954196310386875,True,False
113,3910200000000000000,391,8333,6689,5606,2000,1054,1025,4.780828098074658,4.777000817739339,13.024620264759832,12.452756029032495,True,False
114,399447155107773241,40,421,416,412,2000,63,63,4.294160871650615,4.2941608716506146,8.717676423066395,8.686500527183219,True,False
115,19905343171127671,2,840,476,461,2000,395,386,6.497812583407397,6.472793819334342,9.714245517666123,8.848622940429339,True,False
116,114717188250000000,11,4524,2908,2641,2000,1070,1039,4.3819677299547175,4.369736207076059,12.14338321398982,11.366868586167094,True,False
117,8087671425797622459,809,4285,4204,3436,2000,316,316,5.041205671869463,5.041205671869464,12.065079488999862,11.746514321138463,True,False
118,156807000000000000000,15681,9777,8326,6828,0,0,0,0.0,0.0,13.25517613745972,12.737247343027738,False,True
119,74803282208595846167,7480,5462,5391,4346,2000,212,211,5.203627143137658,5.2031847549789125,12.415213598765286,12.085472459181283,True,False
120,119731746005468732,12,3647,2651,2485,2000,975,964,4.477514295934634,4.474071874371146,11.832494484336113,11.279030136449649,True,False
121,4787186491508408,0,1147,0,0,0,0,0,0.0,0.0,10.163649676015824,0,False,True
122,236161658101686986,24,1588,1510,1361,2000,292,292,4.465621061828531,4.465621061828532,10.632995197142957,10.410451351503994,True,False
123,66281108798260012,7,85,82,81,2000,49,49,4.471158722226237,4.471158722226237,6.409390936137702,6.339850002884624,True,False
124,597702548782403420,60,328,325,316,2000,51,51,4.1608238277300496,4.1608238277300496,8.357552004618084,8.303780748177102,True,False
125,187530000000000000,19,5213,3743,3347,2000,1244,1201,4.445384086550421,4.431634610012113,12.347898144596012,11.70865283568653,True,False
126,9975000000000000,1,39,11,11,11,11,11,3.4594316186372978,3.4594316186372978,5.285402218862249,3.4594316186372973,False,False
127,11626624709432452,1,2093,932,897,932,932,897,9.86418614465428,9.783059920969261,11.031356596255709,9.80896417491926,False,False
128,446759515793313652,45,6277,4745,4142,2000,1235,1194,4.552413569590127,4.53702872244693,12.61585949358308,12.016111838220512,True,False
129,425258172036275594,43,2461,2299,2028,2000,494,492,4.462113606247933,4.461386135119444,11.26502894245816,10.985841937003341,True,False
130,2484159628208052481,248,3743,3625,3043,2000,422,420,4.373866650134696,4.372437874595333,11.869979332899963,11.571278618514595,True,False
131,190476190476190476,19,1361,1064,965,2000,356,350,4.51380955249874,4.506712570775253,10.410451351503994,9.914385132155443,True,False
132,18154500000000000000,1815,4458,4394,3541,2000,202,199,5.437084021956634,5.435077731393651,12.122180901259753,11.789941128390916,True,False
133,1321961028053561596,132,6575,5384,4502,2000,1080,1039,4.489824763235601,4.479936794264592,12.682775179067027,12.136350341454156,True,False
134,157538771988297563,16,4276,3112,2801,2000,1063,1023,4.4211405446170104,4.407117136185109,12.06204613772049,11.451726268074506,True,False
135,174407806635760046,17,433,426,407,2000,88,87,4.3927530949814155,4.391230337626925,8.758223214726724,8.668884984266247,True,False
136,360097500000000000,36,5896,4495,3940,2000,1230,1187,4.408415205984525,4.399192246625173,12.52552080909507,11.943979914343739,True,False
137,2988511163468304294,299,6490,5610,4762,2000,910,900,4.399435698879246,4.396252537528044,12.6640027628865,12.217351905270334,True,False
138,206647927144858,0,12,0,0,0,0,0,0.0,0.0,3.584962500721156,0,False,True
139,6720742916880043578,672,3137,3092,2492,2000,144,142,4.665928999772618,4.665194846070363,11.615169813843602,11.283088353024002,True,False
140,212852384018894267,21,257,253,250,2000,54,54,4.286445395846682,4.286445395846683,8.005624549193879,7.965784284662087,True,False
141,131340452963162,0,94,0,0,0,0,0,0.0,0.0,6.554588851677638,0,False,True
142,48963198167304242,5,3291,2071,1907,2000,1096,1055,5.135601157532348,5.111201578403472,11.68431031112435,10.897089128312755,True,False
143,11379023282168886,1,2576,1062,1029,1062,1062,1029,10.052568050804151,9.984428193952363,11.330916878114618,10.007027266893969,False,False
144,59850000000000000,6,3572,2180,2060,2000,1011,985,4.742009827198094,4.727352529577322,11.802516365121223,11.00842862207058,True,False
145,8796423825000000000,880,9309,7775,6351,2000,1247,1205,4.964519812530543,4.958906797210416,13.184410482249875,12.632768054728745,True,False
146,19465282026237401,2,592,345,337,2000,291,286,6.45835952496242,6.4408463901112825,9.20945336562895,8.396604781181859,True,False
147,99750000000000000,10,919,850,775,2000,192,191,4.390053845359157,4.388051843357155,9.843921051289035,9.5980525001616,True,False
148,28448259908316370,3,2771,1493,1432,2000,1004,978,5.2389885815448425,5.219445518050479,11.436190995481416,10.483815777264256,True,False
149,49875000000000000,5,152,145,138,2000,82,81,4.918111851411684,4.915937101023078,7.247927513443585,7.108524456778169,True,False
150,14478712500000000000,1448,6832,6064,5022,2000,803,797,4.887233176829133,4.886430253102364,12.73809225962049,12.2940463132715,True,False
151,38318966319700305,4,3236,1659,1553,2000,973,943,4.766768618488921,4.747037137403239,11.659995892429977,10.600842114387302,True,False
152,349025131356349659,35,4789,3674,3233,2000,1024,984,4.4148393814341045,4.399282103164266,12.225508720236002,11.658657792126085,True,False
153,22709950225515000,2,1254,747,718,2000,526,510,6.499433517721164,6.464689308837527,10.29232163280204,9.487840033823051,True,False
154,9462641826743537,1,461,163,163,163,163,163,7.348728154231078,7.348728154231078,8.848622940429339,7.348728154231077,False,False
155,90225563909774436,9,3658,2399,2247,2000,999,975,4.74649569433053,4.733002152217772,11.836839359748716,11.133784409179908,True,False
156,125000000000000000,13,1076,1018,933,2000,195,194,4.706525436658387,4.70377337261035,10.071462362556623,9.86573327085176,True,False
157,171330600000000000000,17133,5760,5708,4586,0,0,0,0.0,0.0,12.491853096329674,12.163020639580793,False,True
158,672680378801895868,67,3333,2713,2343,2000,621,601,4.5138553369663965,4.500953429857368,11.702605602110248,11.194141238863136,True,False
159,18356238397565005488,1836,9750,8205,6654,2000,1248,1206,5.242287673151761,5.239553085332418,13.251186503524336,12.700006150882865,True,False
160,4866113740484581,0,1502,0,0,0,0,0,0.0,0.0,10.552669097514272,0,False,True
161,29974609098217859730,2997,9391,7954,6562,2000,1050,1021,5.474784531998542,5.472683186877848,13.197063076004984,12.67991987851842,True,False
162,6250702901547069940,625,6332,5560,4658,2000,803,795,4.470035447036278,4.4680875037193575,12.62844554013718,12.185494924210866,True,False
163,1670078872872697823,167,2225,2180,1778,2000,137,136,4.3881772122912075,4.387609826599366,11.119589620741122,10.79603960882977,True,False
164,13721882715441384,1,2299,1065,1025,1065,1065,1025,10.056637715113201,9.975544261614045,11.16679075071818,10.001408194392809,False,False
165,19950000000000000,2,2553,1327,1272,2000,1110,1070,6.531457816694998,6.4905104283574495,11.31797782240712,10.312882955284355,True,False
166,2102941870146187588,210,7833,6190,5229,2000,1050,1021,4.592886601836827,4.587964855774924,12.935349243033999,12.352319354846841,True,False
167,10051486619315517678,1005,865,862,752,2000,51,51,4.278844723495196,4.278844723495196,9.756556322524087,9.554588851677638,True,False
168,10074750000000000000,1007,8228,7019,5677,2000,1110,1067,5.344874396247131,5.340186423099059,13.006326078524934,12.470913026274877,True,False
169,2960986769707050000,296,1450,1438,1221,2000,91,89,4.721884195249393,4.671801155398205,10.501837184902296,10.253847484987404,True,False
170,4987500000000000,0,1523,0,0,0,0,0,0.0,0.0,10.572700226487292,0,False,True
171,100174181605211706,10,976,908,831,2000,183,181,4.708312458828845,4.704805884001045,9.930737337562887,9.698704666770345,True,False
172,996026793195630000,100,1200,1017,909,2000,229,225,4.4909490323401995,4.487657714062782,10.228818690495881,9.828136484194108,True,False
173,754775775234742884,75,2580,2478,2122,2000,392,390,4.87213291460914,4.870863900557863,11.333155350310616,11.051208940914766,True,False
174,164722070797244261,16,762,734,651,2000,103,101,4.6040409564237725,4.602082124159335,9.573647187493322,9.346513733165635,True,False
175,32062924896921128470,3206,5112,5044,4039,2000,203,202,4.99686207500447,4.996315086079562,12.319672120946995,11.979782430703086,True,False
176,4309988481947273479,431,2956,2905,2352,2000,150,150,4.7713549121448064,4.771354912144806,11.52943055414615,11.199672344836364,True,False
177,99750000000000000,10,2881,2054,1950,2000,837,827,5.299384216105147,5.290432631781056,11.49235394515987,10.929258408636972,True,False
178,5481262500000000000,548,3874,3806,3057,2000,193,192,4.370121954009614,4.36873078163071,11.919608238603253,11.57790083688697,True,False
179,426930000000000000,43,3931,3160,2817,2000,794,786,4.469303450919947,4.4652546428406135,11.940680648424093,11.45994384837493,True,False
180,1418105987507637942,142,4497,4186,3546,2000,720,716,4.382486231138771,4.380853632169396,12.134747168669016,11.79197682089869,True,False
181,2492114895250230372,249,7397,6121,5154,2000,1010,984,4.734227587825641,4.727840455415046,12.852724560447674,12.331476821859619,True,False
182,1097250000000000000,110,6660,5383,4593,2000,1013,987,4.733409691558876,4.728708737679375,12.701306461958625,12.165221068220944,True,False
183,397070847586059113,40,5479,3943,3462,2000,968,939,4.628142436752183,4.612486519647517,12.41969688830598,11.757390009366638,True,False
184,174542550000000000000,17454,5644,5582,4509,0,0,0,0.0,0.0,12.462502272597265,12.13859179463752,False,True
185,3729914512996178,0,1355,0,0,0,0,0,0.0,0.0,10.404077136241234,0,False,True
186,1702576033692500631,170,1818,1793,1480,2000,136,135,4.4373210615136305,4.4370106683538975,10.828136484194108,10.531381460516313,True,False
187,969162561089307593,97,4628,3765,3237,2000,831,797,4.5343991174735265,4.525814567974679,12.17617314910749,11.660441650209172,True,False
188,500000000000000000,50,2296,1866,1624,2000,448,436,4.411513603939154,4.40192226368932,11.164906926675688,10.665335917185176,True,False
189,110722500000000000,11,1045,990,904,2000,197,196,4.707482278547327,4.704729870190015,10.029287226968245,9.820178962415188,True,False
190,139650000000000000,14,3937,2803,2601,2000,977,960,4.383604090598124,4.378576205056449,11.94288099715904,11.34485068394299,True,False
191,20920979758817898534,2092,6554,6243,5136,2000,751,747,5.538048498650351,5.537747766345494,12.67815995754276,12.326429487122303,True,False
192,3759853519959771782,376,260,258,240,2000,40,40,4.4646084076366295,4.4646084076366295,8.022367813028454,7.906890595608519,True,False
193,5531836591019833036,553,441,439,406,2000,48,47,4.316618874688746,4.316253537813127,8.784634845557521,8.665335917185176,True,False
194,4471451010171429290,447,700,697,616,2000,51,51,4.1997219407629025,4.1997219407629025,9.451211111832329,9.266786540694902,True,False
195,9725625000000000000,973,4260,4193,3374,2000,200,199,4.775083025343234,4.774409643563822,12.056637715113201,11.720244258287567,True,False
196,44947214173094459051,4495,5263,5196,4206,2000,206,205,5.035279752937262,5.034779648748887,12.361669679492774,12.03823313473178,True,False
197,1503759398496240601,150,6465,5396,4610,2000,967,955,4.46791266215712,4.465600977399982,12.658434654697617,12.1705510353167,True,False
198,40100250626566416,4,3026,1767,1687,2000,997,973,5.2504590499009005,5.232461661287683,11.563196272216738,10.720244258287567,True,False
199,2558237521546185715,256,7764,6293,5294,2000,1018,987,4.543982645427636,4.5377332481377195,12.922584402713664,12.3701424794954,True,False
200,521211203914015066,52,6593,4995,4323,2000,1220,1177,4.53425651624884,4.526934210687357,12.686719366021846,12.077817120895904,True,False
201,219885441596981969,22,5513,3958,3506,2000,1220,1177,4.595356030465265,4.5789328415092045,12.428621886091111,11.775610280759539,True,False
202,5446350000000000,1,307,67,67,67,67,67,6.066089190457772,6.066089190457772,8.262094845370179,6.066089190457772,False,False
203,4762038137781656498,476,927,923,818,2000,54,54,4.370385847562362,4.370385847562363,9.85642552862553,9.67595703294175,True,False
204,199500000000000000,20,231,227,224,2000,52,52,4.234701282789929,4.234701282789929,7.851749041416057,7.807354922057604,True,False
205,1682226756932429,0,379,0,0,0,0,0,0.0,0.0,8.566054038171092,0,False,True
206,19948499062026472032,1995,9034,7688,6374,2000,1034,1008,5.409837583534883,5.408113170220481,13.141149198437516,12.637983303777853,True,False
207,44388750000000000000,4439,9466,8053,6649,2000,1034,1006,5.654254664151184,5.652327831087319,13.208539206738363,12.698921662339812,True,False
208,3889537894305528074,389,8642,7062,5868,2000,1241,1199,5.549196482189033,5.546668608552338,13.077149515589733,12.51865315567339,True,False
209,3635898199494774240,364,8636,7100,5888,2000,1237,1196,4.743094362272517,4.738510583700988,13.076147528022505,12.523561956057012,True,False
210,899180795190601842,90,6985,5494,4696,2000,1251,1206,4.789614177384069,4.781429771012114,12.770044400296825,12.197216693110052,True,False
211,538650000000000000,54,5217,4126,3562,2000,1013,972,4.454789499066286,4.443701610750354,12.349004718027743,11.798471801101618,True,False
212,99324393171994703,10,3423,2357,2153,2000,987,948,5.579574670137726,5.551676311432449,11.741045577009837,11.072132604167233,True,False
213,99354997575989851,10,3327,2293,2100,2000,965,926,5.574494655216255,5.54657008819165,11.700006150882865,11.036173612553485,True,False
214,13342099515318794,1,2682,1179,1136,1179,1179,1136,10.203348002979762,10.122585254083345,11.389093521904474,10.149747119504681,False,False
215,1221303345913062,0,343,0,0,0,0,0,0.0,0.0,8.422064766172813,0,False,True
216,33316500000000000000,3332,7479,6659,5552,2000,848,838,5.089394888516483,5.088320526499668,12.868629668212657,12.43879185257826,True,False
217,3030122460955539380,303,1959,1941,1594,2000,109,108,4.449027103058611,4.448410332967894,10.935901682267588,10.638435913990472,True,False
218,42892500000000000,4,1061,717,678,2000,391,382,5.255043867454099,5.238207448383833,10.051208940914766,9.405141463136344,True,False
219,197430501589824035,20,1270,1215,1084,2000,203,202,4.450916831580824,4.449193436492499,10.310612781659529,10.08214904135387,True,False
220,94365217085907414,9,834,786,734,2000,192,192,5.307306924887703,5.307306924887703,9.703903573444663,9.519636252843213,True,False
221,997500000000000,0,165,0,0,0,0,0,0.0,0.0,7.366322214245816,0,False,True
222,2513700000000000000,251,1734,1718,1439,2000,107,106,4.4242015370284795,4.423619425281337,10.759888183221834,10.490850876740298,True,False
223,6324685822906076,1,1863,232,230,232,232,230,7.857980995127573,7.840739615817228,10.863411958941638,7.845490050944375,False,False
224,800763080114454818,80,380,329,307,2000,99,99,4.490023317287931,4.490023317287931,8.569855608330949,8.262094845370179,True,False
225,596971751181535892,60,2027,1959,1641,2000,191,190,4.391589351598012,4.389588017375198,10.985130373466898,10.680359523513713,True,False
226,3814440000000000000,381,8688,7136,5940,2000,1227,1187,4.788736214511615,4.784515287390819,13.084808387804362,12.536247215688128,True,False
227,40412335982811447,4,497,452,438,2000,190,190,4.709735100003163,4.709735100003163,8.957102041562287,8.774787059601174,True,False
228,1281005135351951,0,22,0,0,0,0,0,0.0,0.0,4.459431618637297,0,False,True
229,54194773226535200,5,2919,1915,1775,2000,921,884,5.103944616739954,5.079371917511466,11.511258495502268,10.793603309279407,True,False
230,87935610000000000000,8794,9627,8155,6677,2000,1013,982,6.088154303028899,6.046615477592042,13.232870575002964,12.70498432489298,True,False
231,598500000000000000,60,2292,2209,1907,2000,322,322,4.498955147153909,4.498955147153909,11.162391328756906,10.897089128312755,True,False
232,25428349341830464575,2543,9964,8327,6742,2000,1232,1184,4.789174588900054,4.781595253929015,13.282509306240836,12.71896091198421,True,False
233,9975000000000000000,998,1938,1930,1653,2000,90,88,4.868591325084835,4.86751294008503,10.92035285541508,10.690871009292314,True,False
234,24937500000000000000,2494,2320,2312,1923,2000,89,87,4.290171902153111,4.288569828901124,11.179909090014934,10.909143047339898,True,False
235,10451160071226741309,1045,2143,2135,1815,2000,93,92,4.525221102432087,4.524694025095695,11.065416134676548,10.825753832883112,True,False
236,13961953952084174820,1396,2221,2213,1862,2000,87,86,4.325145205259052,4.324148552944258,11.116993677546981,10.862637357558794,True,False
237,30384796969465813689,3038,2506,2499,2060,2000,97,96,4.5276196107382916,4.527089776128985,11.29117069932186,11.00842862207058,True,False
238,29916248509647281986,2992,2483,2476,2042,2000,88,87,4.393719747212787,4.393049962700724,11.27786854617684,10.995767150877802,True,False
239,35431016368054637022,3543,2544,2537,2088,2000,91,90,4.7743679597415,4.773814466833996,11.312882955284355,11.027905996569885,True,False
240,31904973555560592952,3190,2519,2512,2072,2000,96,95,4.733706534166046,4.733286256461674,11.298635406734242,11.016808287686555,True,False
241,51852215050010803923,5185,2632,2626,2159,2000,89,88,4.640726513070639,4.6402669619948,11.361943773735241,11.076147528022505,True,False
242,74769797562357739398,7477,2717,2710,2215,2000,88,87,4.6727946582141175,4.672204506272507,11.407798850221974,11.113090983442381,True,False
243,69256436277261466188,6926,2706,2699,2209,2000,99,98,4.870046859531014,4.869695042621243,11.401946123976536,11.109177703355275,True,False
244,41212362468489010,4,2818,1696,1632,2000,962,946,4.7735992422073,4.763874675200235,11.460455896309636,10.672425341971495,True,False
245,451867500000000000,45,2818,2256,1961,2000,563,545,4.385767047705702,4.37386492338329,11.460455896309636,10.93737382019215,True,False
246,99232653363721934,10,890,835,767,2000,202,201,4.445758093387794,4.443863501586209,9.79766152585376,9.583082767502933,True,False
247,4499666926069035000,450,4716,4028,3317,2000,673,651,4.593654913495767,4.587578570860233,12.203348002979762,11.695663296788021,True,False
248,5117175000000000000,512,4595,3959,3249,2000,635,615,4.552860290394703,4.542275955214633,12.165849146176397,11.665780028329483,True,False
249,2015205575949940345,202,3867,3270,2747,2000,599,581,4.430134942767577,4.4222690944543395,11.916999049082808,11.423641195075856,True,False
250,235214098122063,0,76,0,0,0,0,0,0.0,0.0,6.247927513443585,0,False,True
251,95871782582896466,10,898,827,755,2000,188,187,4.3698872125214905,4.368150221857815,9.810571634741146,9.560332834212442,True,False
252,29916675811033604500,2992,4978,4918,3959,2000,261,261,5.038797020793227,5.038797020793226,12.281350514981035,11.950920352030098,True,False
253,199500000000000000,20,1524,1438,1310,2000,340,339,4.638026665681398,4.636520625560735,10.573647187493322,10.355351096424812,True,False
254,302802737799665120029,30280,1682,1510,1293,0,0,0,0.0,0.0,10.715961990255144,10.336506559810255,False,True
255,327951424112654972,33,433,355,334,2000,106,106,4.404760664245653,4.404760664245654,8.758223214726724,8.383704292474052,True,False
256,995053016047883295,100,2444,2386,1955,2000,208,206,4.6292915335559375,4.625574019236017,11.25502856981873,10.932952892194715,True,False
257,797820899359502793,80,6320,4824,4186,2000,968,938,4.693650678699948,4.684810271170376,12.625708843064466,12.031356596255709,True,False
258,515967912632930905,52,6548,5004,4343,2000,1213,1174,4.856410686763739,4.849541178875417,12.676838606474153,12.084476237453893,True,False
259,28907550000000000000,2891,5698,5524,4567,2000,541,537,6.004221546578329,5.981289199265019,12.476239906323851,12.157031074378354,True,False
260,1986950082678307060,199,2938,2870,2302,2000,190,189,4.419607878641341,4.418386380270006,11.52061868055628,11.16867211813223,True,False
261,30659766422223196212,3066,5101,5033,4028,2000,194,193,4.723542312413081,4.722777314031347,12.316564385396942,11.975847968006784,True,False
262,25316558173147437038,2532,1881,1679,1438,2000,282,278,5.679747180213671,5.678922034932743,10.877284133523196,10.489847960439297,True,False
263,2709999999999999999,271,8298,6780,5649,2000,1231,1190,4.710928083434045,4.703033811755767,13.01854794187165,12.463779785335385,True,False
264,69509200696950000,7,1648,1156,1069,2000,504,489,4.517736205301393,4.504286969417264,10.686500527183219,10.06204613772049,True,False
265,581542500000000000,58,6691,5143,4471,2000,1234,1193,4.473038760522733,4.466039485750727,12.708006128896072,12.126381830542641,True,False
266,2864392780575238,0,42,0,0,0,0,0,0.0,0.0,5.392317422778761,0,False,True
267,3526769230251499260,353,1610,1599,1317,2000,81,80,4.2880631038672075,4.287243752474991,10.65284497300198,10.363039630256514,True,False
268,2490516542839833243,249,5619,4851,4098,2000,794,788,4.503727583071262,4.502052515048881,12.456097684964202,12.000704269011246,True,False
269,9902893559895000,1,393,144,143,144,144,143,7.16992500144231,7.156036112553421,8.618385502258606,7.159871336778389,False,False
270,186051650246418063,19,1716,1585,1455,2000,447,445,4.477574529180195,4.4764105274244095,10.744833837499545,10.506803437795647,True,False
271,32237074062978414,3,1709,1072,1009,2000,626,608,6.131479849060726,6.104070464986629,10.73893668167614,9.978710459106358,True,False
272,111020745972512867916,11102,7577,6804,5648,0,0,0,0.0,0.0,12.887411032553185,12.46352437327118,False,True
273,3827068926470344896,383,8372,7043,5783,2000,1198,1156,4.547606903399007,4.53115326332459,13.031356596255709,12.49760238678349,True,False
274,90474393869105166,9,852,785,726,2000,188,186,4.488851215788368,4.485725238576649,9.734709620225837,9.50382573799575,True,False
275,10927447124813106800,1093,4471,4403,3514,2000,196,194,4.69019829988822,4.689228548666707,12.126381830542641,11.778898476008376,True,False
276,980072493359688048,98,2689,2591,2206,2000,368,367,4.390433693885573,4.389766990179811,11.392854039872873,11.107217075591382,True,False
277,987475774455991585,99,2927,2789,2393,2000,457,455,4.735805479719684,4.735249018409726,11.515207030408751,11.2246046815385,True,False
278,2248813625625000000,225,3236,3187,2592,2000,200,200,4.725090663383519,4.725090663383519,11.659995892429977,11.339850002884624,True,False
279,125585274381574,0,5,0,0,0,0,0,0.0,0.0,2.321928094887362,0,False,True
280,6030314713313367233,603,3648,3584,2878,2000,185,183,4.677381633663157,4.6764015126272485,11.832890014164741,11.490850876740298,True,False
281,4501102339054653,0,1356,0,0,0,0,0,0.0,0.0,10.405141463136344,0,False,True
282,2992500000000000000,299,8429,6807,5658,2000,1220,1177,4.513173728798161,4.506481085595505,13.04114576747633,12.466076461396252,True,False
283,4987500000000000000,499,8943,7340,6057,2000,1225,1181,4.834293456514253,4.829829695752601,13.126543160712325,12.564387696052629,True,False
284,1496250000000000000,150,5489,4514,3800,2000,911,873,4.575795254415396,4.564167031375163,12.422327623974558,11.89178370321831,True,False
285,1995000000000000000,200,5537,4598,3866,2000,883,848,4.454452911215886,4.443700483740688,12.434888806530395,11.916625922211235,True,False
286,2992500000000000000,299,4224,3596,2991,2000,628,608,4.611327840923794,4.601130124372357,12.044394119358454,11.546412195119352,True,False
287,420139462740800427,42,3933,3165,2820,2000,790,784,4.43658652476334,4.434015295348983,11.941414470942911,11.461479447286155,True,False
288,2473506520293914862,247,8175,6704,5562,2000,1257,1213,5.00872077454742,5.003260472335574,12.997003015272806,12.441388029346687,True,False
289,15861139386934291844,1586,3260,3232,2644,2000,126,125,4.427183012151092,4.426871771270601,11.67065624911844,11.368506461507693,True,False
290,17579454885381,0,48,0,0,0,0,0,0.0,0.0,5.584962500721156,0,False,True
291,10025062656641604,1,354,172,171,172,172,171,7.4262647547021,7.4146368477253555,8.467605550082997,7.417852514885898,False,False
292,32909579041012472288,3291,5129,5061,4047,2000,198,197,4.67606602464844,4.675315672921068,12.324461855977317,11.982637133669424,True,False
293,424056019591214397589,42406,5644,5577,4503,0,0,0,0.0,0.0,12.462502272597265,12.136670762341845,False,True
294,12885593115181839,1,220,153,152,153,153,152,7.257387842692654,7.244315947267817,7.78135971352466,7.247927513443585,False,False
295,996313356094870409,100,6899,5555,4734,2000,1218,1175,4.512971939449719,4.506002840242796,12.752171545162444,12.208843990734614,True,False
296,37592603499783882164,3759,9029,7869,6552,2000,999,982,4.91845649541341,4.916660469078399,13.140350496628438,12.677719641641009,True,False
297,6000000000000000000,600,8285,6947,5804,2000,1019,993,4.560815078871772,4.556123242245405,13.016285982108814,12.502831804066744,True,False
298,4010025062656641604,401,8122,6677,5577,2000,1032,1003,4.694180904077835,4.689926384113722,12.987619311924325,12.445273555640638,True,False
299,8272601861559036523,827,8711,7240,6006,2000,1021,989,5.123099912585702,5.119501757204636,13.088622630607802,12.552188759557149,True,False
300,63447594614786381061,6345,9610,8142,6680,2000,1002,972,5.445707525524254,5.443623328037944,13.230320715661113,12.705632387361415,True,False
301,63249719225354708,6,1439,1005,935,2000,444,433,4.755521532872979,4.741346436407268,10.490850876740298,9.868822554774999,True,False
302,2480116357353907236,248,4311,4097,3467,2000,618,616,4.430782517767077,4.4301823377130605,12.073806847178492,11.759472121202833,True,False
303,2488814702645618533,249,4658,4389,3709,2000,669,665,4.502475466075282,4.50054425242393,12.185494924210866,11.85681455250301,True,False
304,544201168305257857,54,3486,3180,2778,2000,719,715,4.423923392919154,4.4227232128921505,11.767356854125685,11.439830883981392,True,False
305,99750000000000000,10,3812,2482,2319,2000,1011,985,4.418524655050729,4.412659389896359,11.896332403909941,11.179287104646004,True,False
306,8563188980673149,1,1347,355,348,355,355,348,8.471675214392043,8.426604791856832,10.395534135462302,8.442943495848729,False,False
307,99750000000000000,10,224,212,207,2000,69,68,4.303483325338605,4.301141212829184,7.807354922057604,7.693486957499325,True,False
308,3478144613896172428,348,7067,6074,5149,2000,977,967,4.998673197207163,4.997036669918069,12.786882193664699,12.330076554797458,True,False
309,11927913989860739629,1193,4467,4421,3551,2000,218,218,4.962783797018917,4.962783797018917,12.125090539303256,11.79400964502097,True,False
310,11755108346020849376,1176,2079,2072,1762,2000,93,91,4.574925667340721,4.573937285970195,11.02167404285837,10.782998208920414,True,False
311,11000000000000000,1,2047,837,823,837,837,823,9.709083812550343,9.674729108246682,10.99929538702341,9.684748620421626,False,False
312,9975000000000000,1,2215,598,581,598,598,581,9.224001674198103,9.156502463534892,11.113090983442381,9.18239435340453,False,False
313,14882533435779442,1,242,188,187,188,188,187,7.554588851677638,7.543950553805297,7.918863237274595,7.546894459887636,False,False
314,27803871826484725,3,1854,1118,1057,2000,714,688,6.235508217541987,6.200875795471003,10.85642552862553,10.045759661382682,True,False
315,2992500000000000000,299,2303,2012,1714,2000,359,352,4.596560485216604,4.592037914040624,11.169298695792845,10.7431513941125,True,False
316,233115750000000000000,23312,5404,5338,4326,0,0,0,0.0,0.0,12.399811959325685,12.078817949961978,False,True
317,498750000000000000,50,654,643,597,2000,79,78,4.373094004078487,4.372108545393022,9.353146825498083,9.221587121264806,True,False
318,4887750000000000000,489,5497,4681,3855,2000,780,751,4.553703873619918,4.546442042233509,12.424428764037762,11.912515144802397,True,False
319,11085250417500000000,1109,4624,4570,3665,2000,212,211,4.907867534746971,4.907343675331789,12.174925682500678,11.839597483021175,True,False
320,9975000000000000,1,1229,415,414,415,415,414,8.696967526234292,8.692148249125857,10.263269200372662,8.693486957499326,False,False
321,1345627500000000000,135,6589,5430,4642,2000,984,967,4.426580868906468,4.420294327652489,12.685843811426082,12.180530807344482,True,False
322,538650000000000000,54,5765,4420,3874,2000,1017,991,4.620731160762156,4.616220008491691,12.493104892539135,11.919608238603253,True,False
323,564505200000000000,56,5999,4563,3985,2000,1024,995,4.3721104458844655,4.363794280257842,12.550506316170104,11.960364008877834,True,False
324,450870000000000000,45,5643,4184,3672,2000,1012,983,4.371588009439598,4.363347088056156,12.462246634244352,11.842350343413807,True,False
325,377055000000000000,38,5451,3981,3511,2000,1020,990,4.414716321427909,4.4029329059276066,12.412305204955272,11.777666280880755,True,False
326,802987500000000000,80,6385,4917,4270,2000,987,957,4.427084637860934,4.419846797855854,12.640470904590087,12.060020354507852,True,False
327,685282500000000000,69,6184,4715,4108,2000,985,955,4.507277266502661,4.501244073871193,12.594324603924848,12.004220466318195,True,False
328,514804544719969954,51,5923,4441,3875,2000,965,936,4.450703686599423,4.43640305308524,12.532112370794998,11.919980595048962,True,False
329,3059021371406711816,306,6703,5806,4929,2000,913,902,4.723885343935949,4.719551174935571,12.710591218506757,12.26707926567123,True,False
330,1995000000000000000,200,7393,5957,5049,2000,1029,1000,4.821696794981386,4.814994938930919,12.851944197999499,12.301781962051106,True,False
331,22912489422113319,2,1447,1036,1020,2000,745,740,6.534037723571877,6.527108614808548,10.498849206531725,9.994353436858859,True,False
332,99750000000000000,10,4329,2816,2577,2000,1190,1149,4.439721438205318,4.426229080561296,12.079818085212354,11.331476821859619,True,False
333,77805000000000000,8,4237,2652,2446,2000,1207,1165,4.8016447695382585,4.783774476959929,12.04882741336389,11.256208688527387,True,False
334,4976481392677200000,498,1738,1725,1430,2000,78,77,4.412968563910117,4.412124429251482,10.7632123668144,10.481799431665753,True,False
335,3575121193953996,0,1346,0,0,0,0,0,0.0,0.0,10.394462694610317,0,False,True
336,136100200226795571,14,1105,1039,947,2000,195,194,4.355889040943475,4.354513008919456,10.109830654278793,9.887220615468385,True,False
337,16658250000000000,2,2372,1185,1136,2000,1067,1028,6.511492218368112,6.470121232504269,11.211888294546004,10.149747119504681,True,False
338,54436300672366871,5,2922,1918,1778,2000,921,884,5.103944616739954,5.079371917511466,11.512740462803498,10.79603960882977,True,False
339,3075376869348000000,308,1593,1586,1337,2000,87,86,4.304266462529876,4.303003458126442,10.63753055152531,10.384783750093353,True,False
340,443871274497173,0,131,0,0,0,0,0,0.0,0.0,7.03342300153745,0,False,True
341,8458575349517243907,846,9264,7737,6316,2000,1242,1200,5.083318575623911,5.079726295033986,13.177419537989236,12.624795455860237,True,False
342,8565898870782917296,857,8891,7267,6028,2000,1029,1000,4.908279563413292,4.904241024448171,13.118129977497281,12.557463701597824,True,False
343,23399112032710575,2,699,443,431,2000,312,306,6.486460993789205,6.466199552768653,9.449148645375436,8.751544059089099,True,False
344,15220096576295625000,1522,2305,2294,1887,2000,84,83,4.684975671963832,4.684548074244991,11.1705510353167,10.881878707600446,True,False
345,8494180995359985554,849,8565,7169,5955,2000,1015,988,4.637644640059701,4.630948195279114,13.064237530971361,12.539885792751477,True,False
346,30075187969924812,3,413,365,358,2000,190,190,5.4224043216417925,5.422404321641792,8.689997971419446,8.483815777264256,True,False
347,100250626566416040,10,965,916,856,2000,198,198,4.392016212900359,4.392016212900359,9.914385132155443,9.741466986401146,True,False
348,34488562500000000000,3449,4448,3919,3177,2000,567,548,4.8736017746412434,4.865896803592773,12.118941072723507,11.633449374713493,True,False
349,29885100000000000000,2989,4371,3847,3121,2000,599,580,6.191534254901146,6.188946137046171,12.093747662785669,11.607792641919211,True,False
350,41715450000000000000,4172,4338,3820,3100,2000,562,543,5.162741366811426,5.15663379865871,12.082814337672273,11.5980525001616,True,False
351,34220326221877935,3,2270,1414,1380,2000,869,859,5.302654801081856,5.294559408696989,11.148476582178278,10.430452551665532,True,False
352,12431077694235588972,1243,9622,8114,6673,2000,1205,1162,5.277349194876618,5.273452817794596,13.232121084082221,12.704119788513017,True,False
353,12500000000000000000,1250,9659,8153,6689,2000,1212,1173,5.347419617985953,5.344976658091998,13.237658118679688,12.707574829926973,True,False
354,7450000000000000000,745,9197,7682,6290,2000,1247,1206,4.6584006379865,4.649716820069717,13.166947625077155,12.618844301766652,True,False
355,226024647950635533864,22602,4006,3981,3262,0,0,0,0.0,0.0,11.967946705812707,11.671541066711884,False,True
356,199500000000000000,20,1254,1209,1079,2000,196,196,4.4059384924838305,4.4059384924838305,10.29232163280204,10.075479149488016,True,False
357,99907517330488427,10,854,811,766,2000,207,207,4.395484680602657,4.395484680602657,9.73809225962049,9.581200581924957,True,False
358,9975000000000000,1,1909,587,573,587,587,573,9.19721669311005,9.144823358353385,10.898601387403938,9.162391328756906,False,False
359,1495896689855959050,150,3589,3415,2904,2000,518,516,5.08397148583508,5.08365146023303,11.809366207816078,11.50382573799575,True,False
360,2689759456783994,0,732,0,0,0,0,0,0.0,0.0,9.515699838284043,0,False,True
361,1863701752010775725,186,4046,3831,3252,2000,622,619,4.647604684188465,4.645915386510959,11.982280604558284,11.667111542075027,True,False
362,49875000000000000,5,3384,1873,1765,2000,969,940,4.76945727205647,4.751547370092215,11.72451385311995,10.785452468158542,True,False
363,410772076344662726,41,433,428,424,2000,62,62,4.336267136227489,4.336267136227488,8.758223214726724,8.727920454563199,True,False
364,248722626829040396,25,349,345,339,2000,65,64,4.222175142900955,4.215079582179837,8.447083226209653,8.405141463136344,True,False
365,29826148769534316933,2983,2854,2839,2387,2000,97,96,4.5743117100570005,4.573639544119743,11.478769619475763,11.220982851081777,True,False
366,7451608707159792637,745,1973,1961,1622,2000,91,88,4.769698964514396,4.719596389302158,10.946175240723559,10.663558104217273,True,False
367,4481973723250486833,448,1717,1705,1406,2000,86,85,4.570896318022537,4.570223781431949,10.745674324002135,10.457380879072534,True,False
368,4573782580628351294,457,1735,1723,1425,2000,82,81,4.638921539856339,4.638098548339943,10.760719947465624,10.476746203939467,True,False
369,5398836465000825457,540,1872,1860,1536,2000,81,80,4.379817837006934,4.37902030793244,10.870364719583405,10.584962500721156,True,False
370,37107360494881313329,3711,9443,7908,6479,2000,980,951,4.465529298087815,4.459050692405406,13.205029555005872,12.661555442467758,True,False
371,747740699058919040,75,1540,1290,1137,2000,306,300,4.502744201859526,4.49723035334525,10.588714635582264,10.151016538892248,True,False
372,120402484792683607,12,3555,2546,2318,2000,932,894,5.330172660192641,5.302078850759494,11.795633844506778,11.178664851006472,True,False
373,15432336822743253,2,1487,759,732,2000,703,679,6.505008619705059,6.46799377328765,10.53818893205242,9.515699838284043,True,False
374,34912500000000000,3,3150,1640,1561,2000,966,937,5.925845217231531,5.897392127695866,11.621136113274641,10.608254821977908,True,False
375,6969203383348837451,697,5086,4879,4077,2000,628,624,5.311770059143884,5.310279439387051,12.312315746690107,11.993292241488547,True,False
376,10906068372697974,1,2564,1020,985,1020,1020,985,9.99435343685886,9.918746166781641,11.324180546618742,9.943979914343739,False,False
377,117161134662072454442,11716,5534,5463,4406,0,0,0,0.0,0.0,12.434106928609955,12.105253779700883,False,True
378,673363308078139666,67,5075,4169,3681,2000,919,908,4.696535339859468,4.6949819177987,12.309192106959902,11.845882034384061,True,False
379,3488721804511278195,349,6974,5860,4830,2000,1028,988,4.457421763952359,4.4488605274372075,12.767770648776704,12.237807473723135,True,False
380,3122175000000000000,312,1912,1896,1561,2000,102,101,4.314095618108958,4.313273320834957,10.900866807980748,10.608254821977908,True,False
381,5012531328320802,1,1709,160,156,160,160,156,7.321928094887362,7.259428094887363,10.73893668167614,7.285402218862249,False,False
382,100250626566416040,10,4714,3154,2888,2000,1214,1174,4.4412135068614145,4.428552835962586,12.202736043250168,11.49585502688717,True,False
383,2331738242259050362,233,2192,2164,1768,2000,104,104,4.378712202622678,4.378712202622678,11.098032082960527,10.787902559391432,True,False
384,4071960102210000000,407,1776,1769,1500,2000,87,86,4.2931618466889025,4.291431680896643,10.794415866350105,10.550746785383243,True,False
385,10109069435371911394,1011,9388,7889,6411,2000,1269,1224,5.090308228111187,5.086537381635873,13.196602126523171,12.646333693380967,True,False
386,67502892168221144228,6750,3384,2998,2464,2000,461,449,5.978494207203303,5.975512116034549,11.72451385311995,11.266786540694902,True,False
387,8739805889961065557,874,1829,1822,1586,2000,76,75,4.425015388595882,4.424052993699087,10.836839359748716,10.63117705570398,True,False
388,9935129647788144136,994,9435,7804,6372,2000,1246,1198,5.447539437590633,5.443450360892027,13.203806802487808,12.63753055152531,True,False
389,476918111432700000,48,635,628,580,2000,75,74,4.23747086112471,4.236424161870077,9.310612781659529,9.179909090014934,True,False
390,698250000000000000,70,744,735,666,2000,81,80,4.426934525547225,4.426082611660963,9.539158811108031,9.379378367071261,True,False
391,406319261761079430,41,554,541,510,2000,73,72,4.2360494894830865,4.234547683278365,9.113742166049189,8.994353436858859,True,False
392,318622859723670848,32,494,481,455,2000,70,69,4.257195815551195,4.254989822346752,8.948367231584678,8.829722735086058,True,False
393,230164398444802234,23,373,361,347,2000,65,65,4.241238946817248,4.241238946817248,8.543031820255237,8.43879185257826,True,False
394,6662921261624370732,666,3519,3456,2779,2000,170,169,4.4372494617718505,4.4359760978171465,11.780949798749665,11.440350119200563,True,False
395,14207892100896657193,1421,4418,4355,3508,2000,188,185,4.678108010097821,4.676759352172007,12.109177703355275,11.776433032444734,True,False
396,61707032023604410,6,3009,2000,1848,2000,933,895,4.783003800964031,4.761316290107448,11.555068391333338,10.851749041416058,True,False
397,63769576602323432728,6377,9420,8142,6730,2000,1032,1005,5.47503696164036,5.471730274198658,13.201511344500146,12.71639078949768,True,False
398,29316996264613355670,2932,2148,2141,1800,2000,91,89,5.159286004823063,5.11952940284891,11.068778277985412,10.813781191217037,True,False
399,141164149686689909850,14116,2318,2311,1920,0,0,0,0.0,0.0,11.178664851006472,10.906890595608518,False,True
400,235423616222579019,24,5545,4018,3567,2000,1227,1186,4.408189373031644,4.3996002975353035,12.436971745049073,11.800495500466813,True,False
401,35990503941750865,4,3547,2002,1879,2000,1224,1183,4.786693246303413,4.76578904454035,11.792383614935188,10.875749351420055,True,False
402,8020050125313283,1,1137,300,295,300,300,295,8.228818690495883,8.188818690495884,10.151016538892248,8.204571144249204,False,False
403,9423558897243107,1,1177,354,349,354,354,349,8.467605550082995,8.43370724499825,10.200898605038445,8.447083226209653,False,False
404,199500000000000000,20,617,598,529,2000,113,112,4.307484088915698,4.307062119362142,9.269126679149418,9.047123912114026,True,False
405,223813769810702,0,75,0,0,0,0,0,0.0,0.0,6.22881869049588,0,False,True
406,1148672252045875719,115,5196,4387,3758,2000,832,822,4.471870920121881,4.468388693098377,12.34318571544788,11.875749351420055,True,False
407,927878521765056834,93,4884,4055,3530,2000,852,842,4.840024816665248,4.8385794974880305,12.253847484987404,11.785452468158542,True,False
408,3770599291231687111,377,6426,5573,4704,2000,877,867,4.558311487672334,4.55644341601342,12.649705265471413,12.199672344836364,True,False
409,427205433896826100,43,4403,3533,3146,2000,893,883,4.443277364505217,4.439492446847792,12.104271128936894,11.619302955415687,True,False
410,944060202459141107,94,5323,4439,3878,2000,918,908,4.436360200043772,4.434131652815847,12.378023850925485,11.921097088106793,True,False
411,2992500000000000000,299,3036,2972,2406,2000,172,170,4.347296647549996,4.345067316938808,11.567956075415466,11.232420927176076,True,False
412,7574292260269537099,757,5258,4520,3688,2000,734,706,5.164421785102329,5.15858791505645,12.360298426618046,11.848622940429339,True,False
413,4932261510561026985,493,1655,1648,1433,2000,78,77,4.3671376351784,4.366497687786079,10.69261550169458,10.484822894262146,True,False
414,5594568986537269406,559,7625,6565,5528,2000,990,976,5.202920678273495,5.200581544415106,12.896521622224974,12.432541900388259,True,False
415,9375097877395271958,938,8015,6927,5797,2000,973,959,4.87687287643637,4.8744916468132145,12.96848680504191,12.501090770274512,True,False
416,5315123781503992372,532,9151,7609,6302,2000,1219,1177,5.048643561826173,5.044108656048986,13.159713691032628,12.62159403901754,True,False
417,1091354383344725443,109,7469,5956,5036,2000,1234,1195,4.597269595334984,4.583681972639752,12.866699382882029,12.298062567719017,True,False
418,10000000000000,0,28,0,0,0,0,0,0.0,0.0,4.807354922057604,0,False,True
419,200501253132832080,20,4857,3331,2971,2000,977,948,4.429741611045338,4.417800183537455,12.245849771023723,11.536732889835415,True,False
420,845880000000000000,85,6385,4955,4308,2000,1028,1000,4.685810450471161,4.6817773676578485,12.640470904590087,12.072802534544207,True,False
421,4761571271586570000,476,1169,1020,905,2000,184,181,4.626162381197832,4.623561254042732,10.191059214531656,9.821773981970567,True,False
422,19457114634026194412,1946,6673,6267,5157,2000,767,761,5.275422302237535,5.274418529937982,12.704119788513017,12.332316330199218,True,False
423,99750000000000,0,32,0,0,0,0,0,0.0,0.0,5.0,0,False,True
424,1611197681358556641,161,1734,1707,1402,2000,126,125,4.394967782105866,4.394627315490229,10.759888183221834,10.453270634010623,True,False
425,59568945483172733353,5957,4789,4726,3846,2000,187,186,5.33680007632864,5.336360474482312,12.225508720236002,11.909143047339898,True,False
426,2509082601856104621,251,1569,1366,1189,2000,260,256,4.592775709755713,4.590293902618502,10.615629636968098,10.215532999745657,True,False
427,94379698147593836548,9438,4841,4250,3442,2000,634,615,6.005101282997756,6.002470221954139,12.241089378860856,11.749031382040204,True,False
428,60062678078835695,6,2994,1985,1836,2000,932,894,4.7832291600678,4.761434765008108,11.547858506058416,10.842350343413807,True,False
429,4758152240785393,0,1607,0,0,0,0,0,0.0,0.0,10.650154213675094,0,False,True
430,1453065524658623,0,771,0,0,0,0,0,0.0,0.0,9.590587049915035,0,False,True
431,2172630194123686,0,890,0,0,0,0,0,0.0,0.0,9.79766152585376,0,False,True
432,102303629456852617787,10230,7571,6803,5629,0,0,0,0.0,0.0,12.88626815287296,12.458662932867817,False,True
433,4868850117457464390,487,8984,7440,6181,2000,1232,1190,4.573100022046766,4.565357405489946,13.133142212400601,12.59362454970607,True,False
434,133286432932568492584,13329,4997,4934,4010,0,0,0,0.0,0.0,12.286846502735887,11.969386521342283,False,True
435,1402784250000000000000,140278,5788,5730,4652,0,0,0,0.0,0.0,12.498849206531725,12.183635381473218,False,True
436,17775717332459116,2,2917,1383,1330,2000,1230,1189,6.575550614654848,6.536899774921316,11.510269670898177,10.377210530388552,True,False
437,99349308135413048296,9935,7163,6202,4999,2000,939,902,5.984102514449966,5.9813951790749496,12.80634822671225,12.287423811683523,True,False
438,49575750000000000000,4958,5345,5306,4241,2000,215,215,4.58336118470956,4.583361184709559,12.383974232607853,12.050188767596435,True,False
439,1363169934000000,0,839,0,0,0,0,0,0.0,0.0,9.712527000439824,0,False,True
440,663545062450329,0,501,0,0,0,0,0,0.0,0.0,8.968666793195208,0,False,True
441,2189000287287036463,219,8254,6708,5640,2000,1230,1190,4.834264069685206,4.830318179307641,13.010877723007034,12.461479447286155,True,False
442,651670518629718017,65,1676,1622,1328,2000,154,153,4.54267201408741,4.537913016518766,10.710806433699352,10.375039431346925,True,False
443,973139066398784011,97,6812,5481,4670,2000,1197,1155,5.1907901597237505,5.166616244446157,12.733862719678543,12.189206834597025,True,False
444,149744534392922314,15,5030,3448,3127,2000,1215,1174,4.39210130052315,4.38135241775708,12.29634268469289,11.610563503925041,True,False
445,671986818546778661,67,6153,4656,4050,2000,958,929,4.4354026487185365,4.423059712981718,12.587074277201008,11.98370619265935,True,False
446,616050764460087390,62,2685,2194,1899,2000,506,490,4.419184165169076,4.4094160595037515,11.390706372872774,10.891024190149498,True,False
447,86635369293236715,9,2878,2025,1930,2000,868,858,4.3938421609740805,4.390753472731013,11.490850876740298,10.914385132155443,True,False
448,47906972400000,0,50,0,0,0,0,0,0.0,0.0,5.643856189774724,0,False,True
449,11230756955607184966,1123,7875,6922,5814,2000,959,948,5.520425897910251,5.519821027731543,12.943064208162003,12.505315356136236,True,False
450,49687907098071790800,4969,2351,2344,1952,2000,103,100,5.20298763853077,5.164167269675218,11.199058823653022,10.930737337562887,True,False
451,372674025320239440,37,129,103,99,2000,40,40,4.143904835605071,4.1439048356050705,7.011227255423254,6.6293566200796095,True,False
452,4200157289421645,0,7,0,0,0,0,0,0.0,0.0,2.807354922057604,0,False,True
453,9975000000000000000,998,4308,4241,3419,2000,194,193,4.4424199501854815,4.441328346437642,12.072802534544207,11.739358707433395,True,False
454,9975000000000000000,998,4299,4232,3418,2000,200,199,4.993272146084617,4.992750350237241,12.069785394983302,11.73893668167614,True,False
455,1463321024182674174,146,2756,2689,2199,2000,186,185,4.390413985251651,4.388654712417757,11.428360172704291,11.102631888854969,True,False
456,10953547500000000000,1095,4924,4806,3943,2000,434,432,5.23520617670549,5.234861349119283,12.265615046484458,11.945077995107816,True,False
457,1742720819098875000,174,871,867,801,2000,64,62,4.26049964350336,4.257549803886187,9.766528908598865,9.64565843240871,True,False
916,22558204471049402,2,654,406,396,2000,296,291,6.461603051201049,6.444067981060769,9.353146825498083,8.62935662007961,True,False
917,7910175000000000000,791,4110,4039,3217,2000,199,198,4.675196964095624,4.674446682740119,12.004922678569045,11.65150022065274,True,False
918,9899146129447550,1,1914,489,479,489,489,479,8.933690654952233,8.885409181589377,10.902375114486025,8.90388184573618,False,False
919,7247617644750000000,725,8402,7065,5891,2000,1023,997,4.870161576037246,4.867229823337821,13.036517070486518,12.524296837662625,True,False
920,19998048245879856878,2000,9093,7708,6388,2000,1019,993,4.620497992429452,4.615985624963654,13.150540637505486,12.641148597411233,True,False
921,15475081148764315000,1548,4794,4178,3387,2000,641,621,5.446020451361173,5.441899076087915,12.227014193649133,11.725792271494157,True,False
922,993216132288104081,99,2358,2287,1841,2000,191,190,4.350290913500276,4.348789693759236,11.203348002979762,10.846273911349906,True,False
923,917896455354931,0,508,0,0,0,0,0,0.0,0.0,8.988684686772165,0,False,True
924,2990672909609710493,299,5685,4766,3957,2000,855,820,4.617394101548359,4.607245207416366,12.47294463377961,11.950191349972702,True,False
925,29979229948362405,3,340,217,212,2000,140,139,5.302508640744838,5.296760316248136,8.409390936137703,7.727920454563199,True,False
926,3829768071770392988,383,8027,6588,5524,2000,1027,998,4.544659778154064,4.539541940928557,12.970645182266665,12.43149760425805,True,False
927,194218037902862748,19,3392,2583,2388,2000,827,817,4.722447051447343,4.714262492961763,11.727920454563199,11.221587121264806,True,False
928,18908851975442507,2,2594,1231,1190,2000,1084,1052,6.519083535248664,6.483696316493255,11.3409627642517,10.216745858195306,True,False
929,1993944753680247228,199,7425,5967,5051,2000,1022,993,4.4992095880225635,4.493665246590591,12.85817531057549,12.302353326431202,True,False
930,613585703073367846,61,5837,4561,3976,2000,1011,985,4.455893408132362,4.45056348172481,12.511011352882239,11.957102041562287,True,False
931,668665500000000000000,66867,8764,7837,6585,0,0,0,0.0,0.0,13.097373768990222,12.684967725143876,False,True
932,121700000000000000000,12170,8639,7711,6473,0,0,0,0.0,0.0,13.076648608794276,12.660218788535618,False,True
933,251000000000000000000,25100,8738,7806,6552,0,0,0,0.0,0.0,13.093087390444218,12.677719641641009,False,True
934,108404895416790000,11,481,359,343,2000,139,139,5.154000574416891,5.154000574416892,8.909893083770042,8.422064766172813,True,False
935,99838278750000000000,9984,9785,8450,6787,2000,1235,1193,5.6850134862793595,5.683091877198358,13.256356135514165,12.728558297786716,True,False
936,3086532178161334742,309,6267,5414,4568,2000,872,862,4.696880294180497,4.695335950058963,12.613559277788264,12.157346935362844,True,False
937,39369206722740606,4,3128,1744,1661,2000,1012,986,5.0864525250794275,5.069674963058226,11.611024797307353,10.697836357962377,True,False
938,110335720591535428,11,3431,2515,2363,2000,925,913,5.105088253820971,5.095953855578067,11.744413410557655,11.206403913973848,True,False
939,12771661502080108,1,2388,946,922,946,946,922,9.885696373339396,9.83044831572154,11.221587121264806,9.848622940429339,False,False
940,1047375000000000000,105,2618,2562,2099,2000,198,197,4.406317504021809,4.405217008798958,11.354249381945241,11.035486451292154,True,False
941,11910877854982151183,1191,5213,5039,4167,2000,528,526,5.54015429092041,5.539938168162682,12.347898144596012,12.024793384702548,True,False
942,504457552776432474,50,1945,1878,1540,2000,188,187,4.353720466229479,4.351934900380362,10.925554439873554,10.588714635582264,True,False
943,973491196001345236,97,2314,2247,1849,2000,186,185,4.350857862011853,4.349357299300836,11.17617314910749,10.852529509404196,True,False
944,44650148505029009,4,1546,1028,959,2000,539,522,5.258048338929495,5.234306672476103,10.594324603924848,9.905387005018131,True,False
945,1228083721534655,0,60,0,0,0,0,0,0.0,0.0,5.906890595608519,0,False,True
946,48451750791913372,5,2228,1463,1429,2000,784,778,4.7767083420230865,4.772851015735766,11.121533517340032,10.480790201095816,True,False
947,2525099183154594,0,1200,0,0,0,0,0,0.0,0.0,10.228818690495881,0,False,True
948,79865655887342198595,7987,8814,7822,6560,2000,995,984,5.474952250952928,5.474065635232158,13.105581181277437,12.679480099505446,True,False
949,29725693847498238,3,2255,1358,1323,2000,909,898,5.300014330126169,5.291870513994768,11.138911718142744,10.369597346278677,True,False
950,4937625000000000000,494,7493,6424,5415,2000,970,958,4.613373326331352,4.611492742314923,12.871327736134008,12.40274562249569,True,False
951,2593500000000000000,259,7807,6225,5236,2000,999,970,4.689683895619297,4.685291942467033,12.930552554336135,12.354249381945241,True,False
952,3990000000000000,0,1466,0,0,0,0,0,0.0,0.0,10.517669388133811,0,False,True
953,189525000000000000,19,318,305,295,2000,64,64,4.273172370153169,4.273172370153169,8.312882955284355,8.204571144249204,True,False
954,88777500000000000,9,4327,2742,2521,2000,1209,1168,4.440724890969804,4.427182584971083,12.079151405421891,11.29978040285854,True,False
955,2939728934376398515,294,3351,3300,2695,2000,214,214,4.536154849427879,4.53615484942788,11.71037597120447,11.396069557639867,True,False
956,3511200000000000000,351,7409,6274,5297,2000,986,969,4.66862941551521,4.665791706472602,12.855063118367624,12.370959793297386,True,False
957,6417096441644063158,642,7974,6822,5717,2000,990,973,4.505547977958498,4.502347313601103,12.96108788999733,12.481042574933754,True,False
958,289275000000000000,29,3497,2675,2379,2000,779,750,4.435519039626289,4.422097266637689,11.771902080697716,11.216139556425135,True,False
959,1123793903925000000,112,2621,2553,2101,2000,192,191,4.354618676512457,4.353118019975222,11.355901638328417,11.036860446673046,True,False
960,199500000000000,0,19,0,0,0,0,0,0.0,0.0,4.247927513443585,0,False,True
961,4905255472164475290,491,3770,3724,3015,2000,209,209,4.3935343774121325,4.3935343774121325,11.880348808156027,11.557942286787448,True,False
962,16496156250000000000,1650,9701,8114,6623,2000,1226,1186,5.1285896728246705,5.125653462472975,13.243917755743324,12.693269142893206,True,False
963,196001121566351170,20,1803,1648,1516,2000,461,459,4.425307723508465,4.423730294415705,10.816183681432342,10.566054038171092,True,False
964,727258137700500000,73,782,771,701,2000,78,77,4.3726351154952035,4.371131418772188,9.611024797307353,9.453270634010623,True,False
965,4241266459500000000,424,1574,1380,1201,2000,248,244,4.671455489096884,4.668900938804173,10.620219825507487,10.230020435705635,True,False
966,18673239900000000,2,1099,601,579,2000,510,495,6.4803322349308,6.447257758742149,10.101975670949232,9.177419537989236,True,False
967,160401002506265664,16,3354,2531,2352,2000,835,825,4.78878954700963,4.782075858766562,11.711666973564347,11.199672344836364,True,False
968,10971545843748778647,1097,9025,7564,6253,2000,1092,1060,5.342124651523887,5.339017534564037,13.139711216661896,12.610332801911134,True,False
969,237166669182782751,24,5640,4004,3555,2000,1224,1177,4.473665542359172,4.460239407864368,12.461479447286155,11.795633844506778,True,False
970,99645150848105837987,9965,7597,6569,5299,2000,1004,964,5.976498333820475,5.973694421649595,12.89121410590583,12.371504412043336,True,False
971,2808682398900442,0,921,0,0,0,0,0,0.0,0.0,9.847057346091336,0,False,True
972,300333915548107683,30,32,28,28,2000,26,26,4.216523909026951,4.216523909026951,5.0,4.807354922057604,True,False
973,1134971959782847728,113,7538,5966,5044,2000,1221,1179,4.5572468052592665,4.550404924135766,12.879966079664356,12.30035256032822,True,False
974,1995000000000000,0,950,0,0,0,0,0,0.0,0.0,9.89178370321831,0,False,True
975,9556710214391492,1,500,175,175,175,175,175,7.451211111832327,7.451211111832327,8.965784284662087,7.451211111832329,False,False
976,1625526000000000000,163,7845,6313,5306,2000,1242,1201,4.783878797937204,4.777596406985351,12.93755773185546,12.373408960228696,True,False
977,5022735146171983792,502,2580,2555,2090,2000,129,128,4.476030649150614,4.475743732922098,11.333155350310616,11.029287226968245,True,False
978,7067257314537934,1,1873,356,350,356,356,350,8.4757334309664,8.436407588269772,10.871135184243045,8.451211111832329,False,False
979,971772126386250000,97,899,891,807,2000,89,88,4.401743912996689,4.401039458962538,9.812177305514448,9.656424863277781,True,False
980,889806190956267,0,323,0,0,0,0,0,0.0,0.0,8.335390354693924,0,False,True
981,3900225000000000000,390,3300,2835,2357,2000,476,464,4.519531807050963,4.513239417370262,11.688250309133178,11.202736043250168,True,False
982,99750000000000000,10,243,232,226,2000,79,77,4.3512534103159535,4.348214466895124,7.924812503605781,7.820178962415188,True,False
983,5187000000000000,1,1020,148,145,148,148,145,7.209453365628952,7.155399311574898,9.994353436858859,7.1799090900149345,False,False
984,19348715531628800,2,2748,1412,1354,2000,1201,1158,6.565595576423479,6.523780981181933,11.4241662888181,10.403012023574997,True,False
985,526386883883974441,53,2964,2746,2415,2000,619,617,4.43166740959545,4.4308875304767135,11.533329732305834,11.237807473723135,True,False
986,99386861739101151442,9939,3652,3633,2983,2000,132,131,5.133490536890917,5.133350193914032,11.834471049984222,11.542548262335213,True,False
987,24907575000000000000,2491,5603,5443,4496,2000,526,524,5.8872008428128275,5.887033407388108,12.45198377723019,12.134426320220927,True,False
988,30913422750000000000,3091,10035,8401,6801,2000,1237,1191,5.04918321740001,5.045565847378075,13.292752996249979,12.731531176461942,True,False
989,997500000000000,0,386,0,0,0,0,0,0.0,0.0,8.59245703726808,0,False,True
990,19937792768205115335,1994,9670,8171,6601,2000,1256,1213,4.697435412898596,4.692354057931904,13.239300174364203,12.688468882732701,True,False
991,299250000000000000,30,5189,3816,3375,2000,1106,1073,4.596410298299611,4.5912560402532545,12.341240820538749,11.720671786825555,True,False
992,185056364219957316,19,1814,1657,1526,2000,476,474,4.42525632143275,4.423846112686414,10.824958740528523,10.57553924683453,True,False
993,109725000000000000,11,1841,1634,1555,2000,608,605,4.8222387183188875,4.820463685287908,10.846273911349906,10.602698865017965,True,False
994,26251021622062842,3,48,45,45,2000,42,42,4.804628064784498,4.804628064784499,5.584962500721156,5.491853096329675,True,False
995,48314178716914229,5,2103,1368,1271,2000,713,688,4.999774846349623,4.978918436578294,11.03823313473178,10.311748315004959,True,False
996,897750000000000000000,89775,5858,5777,4692,0,0,0,0.0,0.0,12.516192477879367,12.19598729802851,False,True
997,27680625000000000000,2768,9746,8329,6837,2000,1156,1120,5.12464063853044,5.120942993321542,13.250594507192316,12.739147709986453,True,False
998,20682282728461360631,2068,9510,8151,6571,2000,1231,1187,4.965772455959064,4.961924975031484,13.215229625747925,12.681897226786235,True,False
999,402121129947817561,40,5517,4046,3564,2000,1000,969,4.548298847082637,4.538342891009804,12.429668265133094,11.799281621521923,True,False
1000,19895528062660140,2,1959,1030,984,2000,860,827,6.577810951946895,6.537265892240285,10.935901682267588,9.94251450533924,True,False
1001,59850000000000000,6,2115,1437,1332,2000,660,639,4.755612450874868,4.738107113763196,11.046441948007311,10.379378367071261,True,False
1002,10648457340797958,1,1213,539,526,539,539,526,9.074141462752504,9.022193410804455,10.24436383512051,9.038918989292302,False,False
1003,397313635708387134607,39731,7118,6842,5643,0,0,0,0.0,0.0,12.797256217509785,12.462246634244352,False,True
1004,59109223516949874,6,764,693,678,2000,279,279,4.983583580977697,4.9835835809776965,9.57742882803575,9.405141463136344,True,False
1005,110000000000000000,11,1033,974,896,2000,198,197,4.442831165203237,4.440936573401651,10.01262453886506,9.807354922057604,True,False
1006,954546439808145880,95,4705,3940,3393,2000,790,784,4.554787048755392,4.553412059763758,12.1999790076159,11.728345714710978,True,False
1007,6076368737331441,1,1385,261,261,261,261,261,8.027905996569883,8.027905996569883,10.43567026093655,8.027905996569885,False,False
1008,23720121653676948,2,2421,1326,1290,2000,965,950,6.5397045772379645,6.516928916718875,11.241387363998937,10.333155350310616,True,False
1009,1988054864926492818,199,2940,2877,2366,2000,204,203,4.628900380146878,4.62816692457095,11.521600439723727,11.208234358339789,True,False
1010,19321237604427499,2,2034,1063,1046,2000,949,938,6.554585413482021,6.543368921115861,10.9901039638575,10.030667136246942,True,False
1011,76721293586689582846,7672,9294,8113,6730,2000,1031,1011,5.410445617747032,5.408400646753415,13.182083929510725,12.71639078949768,True,False
1012,85734806404494975000,8573,2945,2933,2449,2000,79,78,4.946376344546129,4.898985065178957,11.524051918717824,11.257977058563979,True,False
1013,896936521624949829,90,6448,4916,4257,2000,975,946,4.549583843207534,4.539496842145044,12.654636028527968,12.055621374781708,True,False
1014,2116331246506423012,212,7771,6145,5190,2000,1033,1003,4.825797420800852,4.821621069567704,12.923884546385334,12.341518823245243,True,False
1015,4222064719596142,0,131,0,0,0,0,0,0.0,0.0,7.03342300153745,0,False,True
1016,94762500000000000,9,3228,2217,2034,2000,941,902,5.036933356184578,5.0141056034421405,11.656424863277781,10.9901039638575,True,False
1017,57113966197172010000,5711,1665,1489,1282,2000,265,261,6.0668134542056515,6.066135436390734,10.701306461958625,10.324180546618742,True,False
1018,5996491458438524828,600,9119,7505,6166,2000,1228,1183,5.048955737179285,5.0449650862090945,13.154659910133047,12.590119174107175,True,False
1019,633594753156768158,63,6699,5196,4470,2000,1265,1220,4.967135148437345,4.960990676292672,12.709730036543629,12.12605911607068,True,False
1020,550000000000000000,55,6580,5062,4380,2000,1232,1192,4.408938515382901,4.399674592209546,12.683871868622603,12.096715154488535,True,False
1021,97442769800301964,10,4428,2930,2681,2000,1234,1195,4.400274332750452,4.389821568719905,12.112439506781552,11.38855550398256,True,False
1022,3963525336818183964,396,8636,7138,5888,2000,1263,1220,5.479659331299254,5.476878019960955,13.076147528022505,12.523561956057012,True,False
1023,18054750000000000000,1805,5296,5145,4231,2000,470,468,5.0460018109247775,5.045600144692509,12.370687406807217,12.04678297035635,True,False
1024,16558500000000000000,1656,5367,5208,4297,2000,498,496,5.201668118367967,5.201365964957275,12.389900172773064,12.069114061773938,True,False
1025,7431375000000000000,743,5054,4854,4042,2000,588,586,4.738514194574522,4.738076059370044,12.303209948944776,11.980853606379736,True,False
1026,4418925000000000000,442,4724,4521,3798,2000,619,616,5.087203355519123,5.086166029700889,12.205793249397157,11.891024190149498,True,False
1027,50872500000000000000,5087,6372,6150,5096,2000,637,634,5.12686071724834,5.125861871143865,12.63753055152531,12.3151495622563,True,False
1028,5835375000000000000,584,5218,4973,4169,2000,663,660,4.487855691271799,4.48700037071994,12.349281228817452,12.025485656808389,True,False
1029,2992500000000000000,299,4876,4599,3873,2000,715,710,5.001538180657061,5.000341633423137,12.251482410620213,11.919235786028347,True,False
1030,5187000000000000000,519,5554,5248,4377,2000,727,722,4.693321940177035,4.691509640984546,12.439311461818846,12.095726668639047,True,False
1031,4728150000000000000,473,5650,5277,4407,2000,748,743,4.610022847566922,4.608964462467253,12.464035152189913,12.105581181277437,True,False
1032,3092250000000000000,309,5716,5076,4244,2000,768,762,4.5086699693575,4.506312354538353,12.480790201095816,12.051208940914766,True,False
1033,6443850000000000000,644,6470,5713,4747,2000,802,795,5.204930255626899,5.2033494718425075,12.65954999687987,12.212800334429431,True,False
1034,2493750000000000000,249,5696,4931,4151,2000,798,792,4.689438998751515,4.688425240275624,12.475733430966399,12.019243216603607,True,False
1035,6483750000000000000,648,6418,5650,4713,2000,795,789,4.658831625211708,4.657775642701278,12.647908074281807,12.202429966015352,True,False
1036,3341625000000000000,334,5874,5106,4289,2000,807,801,4.961952974453041,4.961197711608885,12.520127550324851,12.066425600635556,True,False
1037,8329125000000000000,833,6610,5813,4863,2000,825,816,4.512632486467455,4.5106445075539785,12.690434556395054,12.247630876238699,True,False
1038,2443875000000000000,244,5758,4953,4195,2000,831,822,4.512939391073083,4.5109514121596055,12.491352073563435,12.034455095327186,True,False
1039,1496250000000000000,150,5612,4760,4056,2000,866,856,4.393804325671272,4.390715637428203,12.454299293619899,11.985841937003341,True,False
1040,7481250000000000000,748,7015,6160,5164,2000,890,880,5.071228909247452,5.07022266722112,12.776227388507262,12.33427328530719,True,False
1041,1576050000000000000,158,5958,5083,4347,2000,908,898,4.872417603657828,4.871063227278252,12.54061240824953,12.085804380278086,True,False
1042,15261750000000000000,1526,7858,6952,5851,2000,929,918,5.129076850362304,5.128120898324907,12.939946452458686,12.514467502819269,True,False
1043,9855300000000000000,986,8034,6952,5818,2000,975,961,4.876610232433325,4.87420325040573,12.971902746045467,12.506307581100307,True,False
1044,18403875000000000000,1840,8831,7600,6299,2000,999,979,4.73651774441148,4.733928359116853,13.108361098906638,12.620907095885338,True,False
1045,2718187500000000000,272,7567,6222,5246,2000,1028,1001,5.160879440174576,5.158300347838465,12.885505729792254,12.357002092264985,True,False
1046,4089750000000000000,409,8142,6710,5617,2000,1040,1011,5.042403440846039,5.039257267182862,12.99116750614001,12.455584087578611,True,False
1047,97586992809726315,10,1642,1172,1075,2000,471,460,5.111824886801996,5.096222463064752,10.681238411777805,10.070120944476823,True,False
1048,96974411081892885,10,272,257,252,2000,83,82,4.35968168472669,4.357630268048938,8.087462841250339,7.977279923499917,True,False
1049,3368272282243661055,337,1936,1689,1453,2000,302,296,4.399259278893746,4.392002320266074,10.918863237274595,10.504818987632841,True,False
1050,2903594341657691903,290,268,238,227,2000,58,57,4.508857579595339,4.5084126358936025,8.066089190457772,7.826548487290915,True,False
1051,1007475000000000000,101,7338,5748,4876,2000,1216,1175,4.952517908794901,4.943666351148037,12.841171189248543,12.251482410620213,True,False
1052,50125313283208020,5,3577,1992,1859,2000,979,950,4.534844628494492,4.520784666011952,11.804534402995225,10.860311054919482,True,False
1053,12356685074475000000,1236,4514,4470,3586,2000,217,217,4.744737655985888,4.744737655985887,12.140190703191836,11.808159772868375,True,False
1054,19600875000000000,2,297,166,163,2000,141,138,6.368993676492847,6.346221029011529,8.214319120800766,7.348728154231077,True,False
1055,1686772500000000000,169,2876,2806,2256,2000,198,197,4.6851751317615795,4.684412500684363,11.489847960439297,11.139551352398794,True,False
1056,1402485000000000000,140,2766,2698,2212,2000,199,198,4.386200406582886,4.384728907628718,11.433585441150495,11.111135670234708,True,False
1057,1641105397582100,0,385,0,0,0,0,0,0.0,0.0,8.588714635582264,0,False,True
1058,469927531018250,0,131,0,0,0,0,0,0.0,0.0,7.03342300153745,0,False,True
1059,3281775000000000000,328,5333,4511,3748,2000,779,750,4.435056102365685,4.419660278998013,12.380731612682995,11.871905237659186,True,False
1060,4688250000000000,0,1506,0,0,0,0,0,0.0,0.0,10.556506054671928,0,False,True
1061,47331283447187539,5,549,482,461,2000,184,183,4.595643033733081,4.593108982418541,9.100662339005199,8.848622940429339,True,False
1062,2566187924792021819,257,8403,6862,5749,2000,1214,1173,4.7882060646900655,4.783273559115029,13.036688768795663,12.489095315413504,True,False
1063,566061071242053707,57,6019,4549,3965,2000,981,951,4.528993643160243,4.5227078775624,12.555308101401328,11.953105150591341,True,False
1064,733226480428400380,73,4538,3736,3276,2000,835,826,4.760334403110125,4.758256462955746,12.147840893672337,11.677719641641009,True,False
1065,6275272500000000000,628,8395,7004,5836,2000,1023,996,4.779139814145719,4.775282360755503,13.035314609824393,12.510764167917891,True,False
1066,1556100000000000000,156,7218,5780,4909,2000,1027,998,4.638413391734113,4.633977955552041,12.817383427897232,12.261213451366048,True,False
1067,3990000000000000000,399,8065,6616,5541,2000,1031,1002,4.591474032146041,4.586766069522707,12.977458818043004,12.435930651703595,True,False
1068,11462071428698776615,1146,8921,7466,6162,2000,1025,996,4.638604738855702,4.634210954271433,13.12298972285457,12.589182967039351,True,False
1069,1959281667247130918,196,7389,5921,5017,2000,993,963,4.654243853057737,4.649255834434072,12.851163413220117,12.292609222764296,True,False
1070,1989500160731984664,199,7365,5874,4977,2000,961,932,4.432048830399363,4.42464455018362,12.846469809923212,12.28106067167702,True,False
1071,6186584922451485344,619,8471,6969,5776,2000,988,958,5.412483654989992,5.408278664240079,13.048316574158473,12.49585502688717,True,False
1072,14777798783026590098,1478,2124,2117,1787,2000,88,86,4.326570684681331,4.325084301770504,11.052568050804153,10.80332391904149,True,False
1073,6978609750000000000,698,4038,3996,3202,2000,218,218,4.818645142857378,4.818645142857378,11.979425195331473,11.644757592516257,True,False
1074,139785293880380385975,13979,9576,8299,6690,0,0,0,0.0,0.0,13.225207436943501,12.707790495528823,False,True
1075,51555787500000000000,5156,5306,5239,4255,2000,202,201,4.993624016345158,4.993102209152915,12.373408960228696,12.054943416573325,True,False
1076,881275368888475,0,267,0,0,0,0,0,0.0,0.0,8.060695931687555,0,False,True
1077,3305534911428077,0,703,0,0,0,0,0,0.0,0.0,9.457380879072534,0,False,True
1078,99750000000000000,10,201,189,185,2000,65,65,4.2868671060574135,4.286867106057414,7.651051691178929,7.531381460516312,True,False
1079,5158769614764399,1,1808,177,173,177,177,173,7.4676055500829985,7.411108374941756,10.820178962415188,7.434628227636725,False,False
1080,69074268060645843,7,885,637,596,2000,298,293,4.505890767211552,4.498885162727965,9.78953364497036,9.219168520462162,True,False
1081,10972500000000000,1,1717,748,722,748,748,722,9.546894459887636,9.472028149727208,10.745674324002135,9.49585502688717,False,False
1082,12298766643923404,1,1728,849,843,849,849,843,9.729620743553038,9.715486467934664,10.754887502163468,9.719388820942083,False,False
1083,2583525000000000000,258,6080,5229,4420,2000,866,855,4.743261149090155,4.740386604143322,12.569855608330949,12.109830654278793,True,False
1084,997500000000000000,100,898,886,776,2000,82,80,4.31069114777196,4.308765594301236,9.810571634741146,9.599912842187127,True,False
1085,2438943586683483,0,1040,0,0,0,0,0,0.0,0.0,10.022367813028454,0,False,True
1086,94683246477691047,9,2560,1792,1641,2000,744,717,4.920124384969222,4.9022239718255225,11.321928094887362,10.680359523513713,True,False
1087,997885888639918890,100,3833,3139,2701,2000,677,654,4.499912636521942,4.488127079376221,11.904258282800518,11.399277924508967,True,False
1088,995773237610264191,100,2164,1823,1584,2000,394,384,4.502214752523333,4.491947312609797,11.079484783826816,10.62935662007961,True,False
1089,32362403453129176151,3236,2534,2522,2090,2000,83,82,4.942382762236368,4.941686108814358,11.30720080914081,11.029287226968245,True,False
1090,49711536447898436,5,2120,1385,1288,2000,713,688,4.999774846349623,4.978918436578294,11.049848549450562,10.330916878114618,True,False
1091,3388823359511221,0,1326,0,0,0,0,0,0.0,0.0,10.372865060112588,0,False,True
1092,140050125313283208,14,3522,2623,2451,2000,910,899,4.550908632795523,4.546022668901908,11.782179193831208,11.25915476886684,True,False
1093,9975000000000000,1,2087,580,563,580,580,563,9.179909090014936,9.111616606438321,11.027214885159834,9.13699111208023,False,False
1094,6450682023555663378,645,9174,7661,6340,2000,1197,1155,4.601961379545368,4.595421156380549,13.163335192081961,12.63026712502677,True,False
1095,32103632946519051,3,1104,897,886,2000,606,603,6.105173091825486,6.101917013295149,10.108524456778168,9.791162888555018,True,False
1096,337866576969137617789,33787,5876,5820,4706,0,0,0,0.0,0.0,12.52061868055628,12.200285605224298,False,True
1097,38224593265500624,4,3401,1756,1645,2000,1044,1015,4.749974235634934,4.732908070008312,11.731743290707842,10.683871868622603,True,False
1098,24886904575959964,2,139,113,112,1490,113,112,5.900021945479001,5.8975624654978365,7.118941072723508,6.807354922057604,False,False
1099,3282396768397923,0,1064,0,0,0,0,0,0.0,0.0,10.055282435501189,0,False,True
1100,9930827088038285690,993,8188,7055,5906,2000,983,966,5.047012804820101,5.0445634376772786,12.99929538702341,12.527965641133955,True,False
1101,14381554684848765471,1438,6653,6129,5044,2000,780,773,5.568766564595385,5.538021580700727,12.699789318382136,12.30035256032822,True,False
1102,393513750000000000,39,1453,1194,1058,2000,322,315,4.4141252381687845,4.403540134439825,10.504818987632841,10.047123912114026,True,False
1103,423937500000000000,42,1444,1189,1055,2000,316,310,4.448216538498325,4.440342283248855,10.49585502688717,10.043027283594547,True,False
1104,670320000000000000,67,1430,1197,1055,2000,291,285,4.477707537432917,4.471562591432521,10.481799431665753,10.043027283594547,True,False
1105,1831555549408518246,183,7876,6377,5335,2000,1253,1210,4.697313804421448,4.691709451748006,12.943247395901553,12.381272555711787,True,False
1106,103809479267022816,10,4841,3212,2921,2000,1216,1173,4.392271377335122,4.382232412531138,12.241089378860856,11.51224664282918,True,False
1107,49801687668936130,5,3896,2262,2090,2000,1220,1174,4.5505457628465855,4.5331817355495785,11.927777962082342,11.029287226968245,True,False
1108,298776453041190377,30,5811,4200,3710,2000,1219,1174,4.4357481110930825,4.427166965645943,12.50457073932441,11.857203471508166,True,False
1109,249107246554426701,25,5559,4060,3604,2000,1254,1209,4.461754728414838,4.450612689085611,12.440609666748422,11.815383295813538,True,False
1110,97872897293809632,10,286,214,209,2000,100,100,4.6391806242864995,4.639180624286499,8.159871336778389,7.7073591320808825,True,False
1111,97037602689591032886,9704,7731,6966,5738,2000,840,832,6.1127799006615975,6.091444126078708,12.916439322580777,12.486332252768664,True,False
1112,10000000000000000000,1000,9423,7879,6431,2000,1245,1202,5.268020462047124,5.263672664474775,13.201970728373121,12.650827374138768,True,False
1113,3990000000000000000,399,8672,7158,5915,2000,1241,1201,4.743538195769613,4.738564711094002,13.08214904135387,12.53016245322715,True,False
1114,2992500000000000000,299,8124,6800,5613,2000,1206,1164,4.512295366412167,4.505439911608699,12.987974524296153,12.45455634396194,True,False
1115,8977500000000000000,898,5710,4900,4005,2000,792,762,5.276466423744412,5.27123477124596,12.479275030250205,11.967586527296072,True,False
1116,7980000000000000000,798,2908,2557,2125,2000,409,399,4.780802304530073,4.776707473403361,11.505811553919594,11.053247125912426,True,False
1117,18303209444230223283,1830,2349,2338,1917,2000,82,81,4.536796280214204,4.53627381663639,11.197830998012197,10.904634621668151,True,False
1118,77551598011685031,8,2370,1638,1503,2000,712,688,4.51973900873654,4.5066257583092515,11.210671343785622,10.553629293916364,True,False
1119,144004438736877084928,14400,5540,5472,4395,0,0,0,0.0,0.0,12.43567026093655,12.101647450030766,False,True
1120,32869095953406262620,3287,9432,7974,6540,2000,1036,1006,5.442475471945869,5.440257532015216,13.203348002979762,12.675074920385445,True,False
1121,63171886680329946,6,2302,1570,1452,2000,710,686,4.754239436603603,4.735729699099136,11.16867211813223,10.50382573799575,True,False
1122,299250000000000000,30,5323,3698,3269,2000,1022,993,4.456885391680032,4.45065694720489,12.378023850925485,11.674633661767267,True,False
1123,590336816257125000,59,1572,1316,1156,2000,321,314,4.4688225977531975,4.462654394208155,10.618385502258606,10.174925682500678,True,False
1124,627798705548624,0,498,0,0,0,0,0,0.0,0.0,8.960001932068081,0,False,True
1125,5863415384081325503,586,1903,1892,1569,2000,85,84,4.44307767488541,4.442474001562711,10.894059846274022,10.615629636968098,True,False
1126,694958250000000000,69,5284,4210,3613,2000,996,955,4.462235740337735,4.449955529560384,12.367414751246828,11.818981539432443,True,False
1127,9501510413039723496,950,7362,6491,5451,2000,916,906,5.205608848604368,5.2047976934262365,12.845882034384061,12.412305204955272,True,False
1128,1447471703027324,0,524,0,0,0,0,0,0.0,0.0,9.03342300153745,0,False,True
1129,14729028071411496,1,1908,904,868,904,904,868,9.820178962415188,9.733492537662311,10.897845456005511,9.761551232444479,False,False
1130,80831617053600000,8,245,237,226,2000,87,86,4.380891229236023,4.379377263994481,7.936637939002571,7.820178962415188,True,False
1131,58599557832604047,6,185,173,170,2000,76,75,4.706771684572096,4.704987480903403,7.531381460516312,7.409390936137702,True,False
1132,779362293114316321,78,6791,5378,4601,2000,1239,1195,4.6967341538613745,4.688882665946068,12.729408316984019,12.167731741103244,True,False
1133,2005012531328320,0,31,0,0,0,0,0,0.0,0.0,4.954196310386875,0,False,True
1134,66502896991956877351,6650,10056,8565,6910,2000,1288,1248,6.244005569985782,6.2427324120362435,13.295768934420508,12.75446999527562,True,False
1135,6252413072159100000,625,1550,1546,1388,2000,73,71,4.449361465981105,4.447702651755866,10.5980525001616,10.43879185257826,True,False
1136,13153508687371251,1,514,267,262,267,267,262,8.060695931687555,8.023242748166954,9.005624549193879,8.03342300153745,False,False
1137,96466821415688762,10,3662,2501,2282,2000,1059,1020,5.645726264374344,5.61762574757092,11.838416075797337,11.156083076288681,True,False
1138,34912500000000000,3,565,492,485,2000,277,277,5.236147931368571,5.236147931368571,9.14210705730255,8.92184093707449,True,False
1139,20574712290191033317,2057,2606,2591,2178,2000,108,106,5.195033201303393,5.19449211464787,11.347621368568134,11.088788238716907,True,False
1140,1865166641392407432,187,2964,2917,2391,2000,214,214,4.631189999779757,4.631189999779757,11.533329732305834,11.223398414711628,True,False
1141,2000631922850300460,200,5567,4786,4050,2000,824,814,4.742044040479878,4.739709611676654,12.442684367865834,11.98370619265935,True,False
1142,13003390286924775,1,34,27,27,27,27,27,4.754887502163469,4.754887502163469,5.087462841250339,4.754887502163468,False,False
1143,1908973439814000000,191,1041,1034,922,2000,74,72,4.386831655568074,4.344016187182945,10.023754353299417,9.848622940429339,True,False
1144,45139107807280645,5,542,483,463,2000,197,196,4.7113631727651475,4.708609730962893,9.08214904135387,8.854868383260236,True,False
1145,49862307138404074957,4986,8723,7514,6035,2000,1122,1079,5.710217135912966,5.7067934635219775,13.090608674341276,12.559138055642384,True,False
1146,3901794772570132,0,3,0,0,0,0,0,0.0,0.0,1.584962500721156,0,False,True
1147,44777775000000000000,4478,9408,8053,6667,2000,1058,1032,6.2110807331579485,6.210192405360267,13.199672344836364,12.702822011777029,True,False
1148,3810133956655505334,381,3645,3592,2906,2000,199,197,4.5862474089323415,4.585277660228648,11.8317030992143,11.504818987632841,True,False
1149,199467268994134256248,19947,2893,2880,2351,0,0,0,0.0,0.0,11.4983506079296,11.199058823653022,False,True
1150,20376489238706202348,2038,7934,7050,5902,2000,934,923,5.1676198668789555,5.166216076613226,12.953832682145281,12.526988205432007,True,False
1151,4000000000000000000,400,8154,6613,5527,2000,975,946,5.006143857592593,5.002985934467913,12.993292241488547,12.432280897214161,True,False
1152,7754816891343808096,775,2337,2322,1926,2000,109,108,4.680061963141969,4.679642786399032,11.190442018782825,10.911391987843459,True,False
1153,436404037918728794,44,4078,3266,2909,2000,831,821,4.534077301962142,4.530736198662449,11.993646060016596,11.506307581100307,True,False
1154,7963988000631916,1,1160,330,330,330,330,330,8.366322214245814,8.366322214245814,10.179909090014934,8.366322214245816,False,False
1155,98036494500000000000,9804,7119,6809,5622,2000,763,758,5.888803958100993,5.888292956107057,12.797458885915104,12.456867738380343,True,False
1156,1385352710212762632,139,7613,6142,5144,2000,1247,1203,4.473647003637901,4.46247311561757,12.894249362864231,12.328674927327947,True,False
1157,2341083317463705758,234,8167,6667,5543,2000,1262,1217,4.835806828982474,4.830687563544125,12.9955905123663,12.436451292286975,True,False
1158,3253418773698896,0,1362,0,0,0,0,0,0.0,0.0,10.411510988012072,0,False,True
1159,9330000000000000000,933,2475,2196,1852,2000,367,360,5.197194870835127,5.194898014625743,11.273212809854334,10.854868383260236,True,False
1160,1748210757538964,0,892,0,0,0,0,0,0.0,0.0,9.800899899920305,0,False,True
1161,156854326982236006,16,3407,2490,2249,2000,847,814,4.442941387071426,4.4293342856515086,11.734286232096347,11.135067945777816,True,False
1162,148555995604206063,15,3072,2250,2036,2000,775,747,4.54144882521676,4.525673213615134,11.584962500721156,10.991521846075695,True,False
1163,128139052047471222,13,2717,1989,1801,2000,708,684,4.7535734942741925,4.7350614418951,11.407798850221974,10.814582465906277,True,False
1164,317692901725492281,32,2366,1867,1641,2000,515,499,4.7187464273379724,4.700515737077796,11.208234358339789,10.680359523513713,True,False
1165,489429345558628054,49,973,804,725,2000,214,210,4.360632762516654,4.35491439225218,9.926295994781112,9.501837184902296,True,False
1166,1760033327793783921,176,4610,4303,3635,2000,723,718,4.52428962321245,4.522109160234998,12.1705510353167,11.827739648806956,True,False
1167,1526598898768731138,153,4070,3839,3262,2000,639,636,4.697261120376609,4.696610756172654,11.99081307915361,11.671541066711884,True,False
1168,3704596576660707,0,1373,0,0,0,0,0,0.0,0.0,10.4231159101471,0,False,True
1169,85194862284463020678,8519,2808,2796,2305,2000,89,89,5.296555184412785,5.296555184412784,11.45532722030456,11.1705510353167,True,False
1170,199500000000000000,20,410,398,382,2000,77,76,4.287071930925052,4.285348957901681,8.679480099505446,8.57742882803575,True,False
1171,34142826954253811,3,90,78,78,2000,54,54,4.866721145424879,4.86672114542488,6.491853096329675,6.285402218862249,True,False
1172,89775000000000000,9,3339,2273,2157,2000,971,959,4.478757904793052,4.474856205163446,11.705200378063116,11.074810461160453,True,False
1173,4388491779435750000,439,2352,2326,1889,2000,124,123,4.3558181514402925,4.355442184384767,11.199672344836364,10.88340698638837,True,False
1174,986059631049834697,99,2363,2294,1895,2000,193,191,4.414923044233128,4.409136035453525,11.206403913973848,10.887982133058454,True,False
1175,24928946989169774580,2493,5047,4980,4026,2000,205,204,4.863939165362323,4.863389096603728,12.301210371298426,11.97513145692134,True,False
1176,2716340683651341439,272,3310,3251,2651,2000,206,205,4.48650410875591,4.4855870982102894,11.69261550169458,11.37232095486726,True,False
1177,6987487074480599862,699,4127,4078,3264,2000,204,204,4.6337118507401955,4.633711850740195,12.010877723007034,11.672425341971495,True,False
1178,3961526089868111612,396,3612,3560,2891,2000,222,222,4.726686635031382,4.726686635031382,11.818582177480858,11.49735289347705,True,False
1179,10972500000000000,1,184,138,138,138,138,138,7.108524456778168,7.108524456778168,7.523561956057013,7.108524456778169,False,False
1180,39900000000000000,4,487,438,427,2000,206,206,4.718271769640589,4.718271769640589,8.927777962082342,8.73809225962049,True,False
1181,53416125000000000,5,4007,2517,2324,2000,1241,1202,5.304690900597285,5.280171216661662,11.968306794430799,11.18239435340453,True,False
1182,977550000000000000,98,2911,2769,2378,2000,459,457,4.425162314588415,4.424216188442567,11.507299124122765,11.215532999745657,True,False
1183,4455130735316730000,446,885,774,691,2000,131,131,4.61331777880892,4.61331777880892,9.78953364497036,9.432541900388259,True,False
1184,24958211196439392526,2496,5483,4762,3847,2000,730,704,5.567218460538923,5.563318926756123,12.420749758296799,11.909518114296615,True,False
1185,5532326345532900377,553,2818,2790,2272,2000,119,117,4.8013312382699995,4.78910220631832,11.460455896309636,11.149747119504681,True,False
1186,20031680489857768,2,3084,1498,1439,2000,1207,1166,6.56891699182091,6.530945381060229,11.590587049915035,10.490850876740298,True,False
1187,100747500000000000,10,4660,3123,2845,2000,1200,1160,4.439567549948441,4.426402548338709,12.186114239541643,11.474212937193943,True,False
1188,17917965456793484850,1792,6163,5886,4860,2000,712,707,4.832355544924729,4.830939925567019,12.58941707576861,12.246740598493144,True,False
1189,5985000000000000000,599,3927,3886,3126,2000,216,216,4.631151030584859,4.63115103058486,11.939211882666397,11.610102062999664,True,False
1190,70504650176100000,7,177,165,162,2000,65,65,4.452566110044028,4.452566110044027,7.467605550082998,7.339850002884624,True,False
1191,24899036511996343954,2490,5830,5628,4654,2000,600,598,5.202637123059937,5.20237109814874,12.509280168087859,12.184255495405349,True,False
1192,1762636422996698695,176,2529,2467,2008,2000,173,172,4.722487146429188,4.721630958230627,11.304351321663239,10.971543553950772,True,False
1193,2693750000000000000,269,6474,5411,4483,2000,993,952,4.550064396487864,4.539603758530552,12.660441650209172,12.13024878405069,True,False
1194,2992500000000000000,299,6492,5438,4504,2000,990,949,4.6104850746187696,4.599749931214173,12.664447284547972,12.13699111208023,True,False
1195,149625000000000000,15,2743,2022,1823,2000,699,675,4.521442493957458,4.506521255800917,11.421538906848276,10.832098846039134,True,False
1196,129675000000000000,13,648,490,457,2000,182,178,4.70735439674614,4.695334865007064,9.339850002884624,8.83605035505807,True,False
1197,309225000000000000,31,550,438,410,2000,125,125,4.651266856459918,4.651266856459918,9.103287808412022,8.679480099505446,True,False
1198,2443875000000000000,244,19,16,16,74,16,16,3.955987401523511,3.9559874015235104,4.247927513443585,4.0,False,False
1199,37905000000000000000,3791,5405,5349,4299,2000,221,219,5.406917272614455,5.405190687403155,12.400078902622013,12.069785394983302,True,False
1200,29163513425382753,3,1360,853,806,2000,527,511,5.9503501219412005,5.922319058202251,10.409390936137703,9.654636028527968,True,False
1201,4987500000000000,0,448,0,0,0,0,0,0.0,0.0,8.807354922057604,0,False,True
1202,44608200000000000000,4461,5242,5175,4198,2000,215,214,5.5322135853635706,5.531897775112895,12.355901638328417,12.035486451292154,True,False
1203,697629752501255346,70,5308,4230,3628,2000,1001,960,4.524490312816886,4.512000599722791,12.373952655370193,11.824958740528523,True,False
1204,217543859649122807,22,1748,1359,1216,2000,418,408,4.513086471396179,4.504881015641842,10.7714894695006,10.247927513443585,True,False
1205,6284250000000000,1,404,97,97,97,97,97,6.599912842187128,6.599912842187128,8.658211482751796,6.599912842187128,False,False
1206,1683670120235880000,168,2735,2327,1977,2000,437,425,4.517001514071402,4.508661763902246,11.417325117679919,10.949097155729207,True,False
1207,4627182122777512,0,714,0,0,0,0,0,0.0,0.0,9.479780264029099,0,False,True
1208,42076899959685543652,4208,9442,8058,6669,2000,1049,1023,5.958422707232968,5.957336951323395,13.204876767603993,12.703254733748146,True,False
1209,19798553959132193499,1980,8454,7380,6165,2000,979,965,5.047239826840782,5.044703522193254,13.045418397030792,12.589885179290201,True,False
1210,3994985389694096,0,1103,0,0,0,0,0,0.0,0.0,10.107217075591382,0,False,True
1211,997500000000000,0,3,0,0,0,0,0,0.0,0.0,1.584962500721156,0,False,True
1212,48613688921419799,5,282,198,194,2000,106,106,4.640306269875998,4.640306269875999,8.139551352398794,7.599912842187128,True,False
1213,90225563909774,0,76,0,0,0,0,0,0.0,0.0,6.247927513443585,0,False,True
1214,8847882295788254,1,1066,306,301,306,306,301,8.257387842692651,8.218172156418142,10.057991722759176,8.233619676759702,False,False
1215,20853426536583254,2,638,391,382,2000,294,289,6.460386150610279,6.442859861176126,9.31741261376487,8.57742882803575,True,False
1216,5832183516511463828,583,7215,6127,5004,2000,1017,976,4.747257649170201,4.738788020878998,12.81678367937856,12.28886607416582,True,False
1217,829329634550273006,83,3460,3215,2794,2000,654,651,4.52874260151658,4.526852941821355,11.756556322524087,11.448116305409464,True,False
1218,1631768512553557691,163,2101,2067,1688,2000,114,112,4.448432083668592,4.447201187455188,11.036860446673046,10.721099188707186,True,False
1219,420670294229836104,42,2036,1952,1706,2000,326,326,4.42450278406123,4.42450278406123,10.991521846075695,10.73640193131829,True,False
1220,1439000000000000000,144,7374,6062,5062,2000,1193,1149,4.532473483455089,4.523819556488773,12.848231701093818,12.305491792110685,True,False
1221,2478618832150732168,248,136,134,126,2000,52,52,4.83586896129653,4.83586896129653,7.087462841250339,6.977279923499917,True,False
1222,10323542116207042262,1032,6514,5977,4931,2000,765,759,4.879956477756374,4.878467927618386,12.669328004395904,12.267664537501119,True,False
1223,3826293178578502,0,614,0,0,0,0,0,0.0,0.0,9.262094845370179,0,False,True
1224,4846727399943425,0,464,0,0,0,0,0,0.0,0.0,8.857980995127573,0,False,True
1225,128585037155921778,13,931,712,661,2000,262,258,4.727751273178979,4.719742263042576,9.862637357558794,9.368506461507693,True,False
1226,701933764832252667,70,510,437,406,2000,109,109,4.4509926573621446,4.4509926573621446,8.994353436858859,8.665335917185176,True,False
1227,10025062656641604,1,1009,444,435,444,444,435,8.794415866350107,8.75217512873262,9.978710459106358,8.76487159073609,False,False
1228,3739618431843274441,374,3761,3240,2690,2000,554,535,4.618349741109836,4.60705651349414,11.876900591040306,11.393390457443987,True,False
1229,869574944279753397,87,2571,2113,1827,2000,470,457,4.75573830327199,4.745118114097922,11.328113894833656,10.835260918627489,True,False
1230,27930000000000000,3,1026,648,620,2000,406,396,5.7539640278149875,5.732789821847712,10.002815015607053,9.276124405274238,True,False
1231,1855350000000000000,186,2507,2148,1830,2000,399,389,4.374664903897467,4.36568757286534,11.291746280833939,10.837627933171404,True,False
1232,41895000000000000,4,1033,698,661,2000,384,376,5.256513671413233,5.241738452982949,10.01262453886506,9.368506461507693,True,False
1233,68328750000000000,7,1064,773,721,2000,350,344,4.510180234919762,4.50308396317844,10.055282435501189,9.493855449240822,True,False
1234,33905821764133063385,3391,2553,2544,2080,2000,85,84,4.738204955229675,4.73776385415515,11.31797782240712,11.022367813028454,True,False
1235,3362491871652525823,336,4984,4707,3948,2000,707,703,4.733997304630271,4.733291422277331,12.283088353024002,11.946906274456397,True,False
1236,2163944579103683273,216,7701,6196,5235,2000,1078,1047,4.5946418535973805,4.589684748432215,12.910830081296574,12.35397382181817,True,False
1237,210645277337254885,21,4928,3342,2969,2000,978,947,5.2364436107507135,5.217370422109845,12.266786540694902,11.535761377986656,True,False
1238,7972021379362102822,797,2021,2009,1669,2000,80,79,4.366154454332102,4.365237268433327,10.980853606379736,10.704768239362599,True,False
1239,2985793668882454986,299,1459,1446,1237,2000,83,82,4.47181550402909,4.471031616252663,10.510764167917891,10.27262978497637,True,False
1240,10291618470000000000,1029,4582,4527,3622,2000,217,215,5.155838523259833,5.155339119559492,12.161761743304675,11.822570830950168,True,False
1241,535709351414351726,54,701,690,635,2000,80,79,4.279779759169424,4.278916673561248,9.453270634010623,9.310612781659529,True,False
1242,4968557218993620000,497,4645,3989,3277,2000,655,634,4.700479722020455,4.691635062194385,12.181462881270015,11.67815995754276,True,False
1243,12710145000000000000,1271,4594,4526,3652,2000,201,200,4.680977569648132,4.6802860284542795,12.165535141377925,11.834471049984222,True,False
1244,33246675000000000,3,3526,2057,1926,2000,1238,1194,5.304658625946068,5.272669136008757,11.783816759320182,10.911391987843459,True,False
1245,99290657335428308550,9929,5491,5422,4371,2000,201,200,4.956606127436257,4.95604976051227,12.422853195944265,12.093747662785669,True,False
1246,100304027740336202092,10030,5534,5465,4400,0,0,0,0.0,0.0,12.434106928609955,12.103287808412022,False,True
1247,3881992961005195,0,1262,0,0,0,0,0,0.0,0.0,10.30149619498255,0,False,True
1248,28927500000000000,3,2639,1464,1416,2000,996,977,6.5097517102164355,6.48866413321391,11.365775635326269,10.467605550082997,True,False
1249,2414211667497384,0,1129,0,0,0,0,0,0.0,0.0,10.140829770773001,0,False,True
1250,48472113903255000,5,2086,1358,1262,2000,707,683,4.9952426655511655,4.9749517305514095,11.026523442519766,10.30149619498255,True,False
1251,42548077949516805750,4255,3053,3038,2554,2000,98,97,4.625410855153368,4.624780995732807,11.57601187420678,11.318542809702723,True,False
1252,44815757223325269428,4482,3080,3065,2573,2000,105,104,4.9579339968001905,4.957496661087768,11.588714635582264,11.3292357417338,True,False
1253,25768215956248870935,2577,3177,3158,2600,2000,115,114,4.324936874209475,4.3245174574335525,11.633449374713493,11.344295907915816,True,False
1254,38902500000000000000,3890,3451,3430,2825,2000,130,129,4.876221742938308,4.87604134307437,11.752798758435516,11.464035152189913,True,False
1255,199500000000000000,20,639,617,543,2000,115,114,4.269211538554886,4.2686728917242105,9.319672120946995,9.084808387804362,True,False
1256,26733000000000000000,2673,3308,3284,2697,2000,133,132,4.966261310184419,4.966097168440203,11.691743519171276,11.397139806235604,True,False
1257,7980000000000000000,798,2861,2833,2315,2000,117,117,4.4863681980735794,4.486368198073582,11.482303782323182,11.1767964781476,True,False
1258,2992500000000000000,299,2793,2734,2216,2000,152,151,4.414455185912152,4.407971643782318,11.44759985827995,11.113742166049189,True,False
1259,2992500000000000,0,759,0,0,0,0,0,0.0,0.0,9.567956075415466,0,False,True
1260,484868029942144905000,48487,2079,1861,1576,0,0,0,0.0,0.0,11.02167404285837,10.622051819456376,False,True
1261,18106555090026657,2,2620,1059,1023,2000,950,921,6.553889415192525,6.517565007637618,11.355351096424812,9.99859042974533,True,False
1262,260861242632047325,26,1512,1457,1285,2000,218,218,4.721439508587111,4.721439508587112,10.562242424221072,10.32755264408124,True,False
1263,9135097095028925,1,1865,520,512,520,520,512,9.022367813028453,8.987752428413069,10.8649599151426,9.0,False,False
1264,7080620187365734696,708,8004,6795,5518,2000,1099,1056,4.890901463979944,4.883221602839103,12.966505451905741,12.429929741353273,True,False
1265,19295640688432536,2,1929,1023,1007,2000,913,902,6.570181910199657,6.558468221956587,10.913637428049103,9.975847968006784,True,False
1266,997500000000000000,100,2154,2091,1700,2000,174,172,4.469725521466037,4.468253744678144,11.072802534544207,10.731319031025064,True,False
1267,9598954116528668759,960,3231,2830,2333,2000,447,434,5.0425335770832485,5.035963969089764,11.657765035265363,11.187970591984199,True,False
1268,333589227463909861,33,2174,2023,1799,2000,454,452,4.52869354469536,4.526801197772121,11.086136225027309,10.812979471251483,True,False
1269,13465948596506274902,1347,9622,8010,6521,2000,1228,1186,4.922872215894087,4.918756558855805,13.232121084082221,12.67087750439698,True,False
1270,8613342250054821,1,2005,499,489,499,499,489,8.96289600533726,8.918807828984555,10.969386521342283,8.933690654952233,False,False
1271,29483968956343187596,2948,2863,2848,2392,2000,110,109,5.161708221634191,5.161337620000212,11.483311954999353,11.224001674198105,True,False
1272,26893642060215781082,2689,2861,2846,2381,2000,103,102,4.68110584397833,4.680694132593256,11.482303782323182,11.217351905270334,True,False
1273,5974860698793587650,597,2354,2336,1930,2000,107,106,4.38759867081796,4.386961497553052,11.200898605038445,10.914385132155443,True,False
1274,11946550203679189647,1195,2906,2884,2363,2000,122,121,4.64368269904144,4.643446763631684,11.504818987632841,11.206403913973848,True,False
1275,14933628588855160669,1493,3074,3049,2501,2000,139,138,4.910694604845003,4.910489787064558,11.585901449690772,11.28828934218097,True,False
1276,15660593765691824317,1566,4663,4616,3708,2000,219,219,4.819758760175768,4.819758760175768,12.187042714339894,11.85642552862553,True,False
1277,7980000000000000,1,96,41,41,41,41,41,5.357552004618084,5.357552004618084,6.584962500721156,5.357552004618084,False,False
1278,22255748085391569525,2226,259,231,223,2000,76,76,5.723471985935458,5.723471985935455,8.016808287686555,7.800899899920305,True,False
1279,332167500000000000,33,2892,2271,1995,2000,617,598,4.539777839348309,4.523772692215316,11.497851836951117,10.962173031109709,True,False
1280,931730790712051761,93,1042,1027,881,2000,98,97,4.3283386299370274,4.327643554850563,10.025139562278508,9.782998208920414,True,False
1281,4010025062656641604,401,1261,1096,967,2000,195,191,4.532403122278728,4.528749217958939,10.30035256032822,9.917372079476841,True,False
1282,701754385964912280,70,456,390,365,2000,105,105,4.4388959734341045,4.438895973434105,8.832890014164741,8.51175265376738,True,False
1283,200501253132832080,20,48,42,42,2000,25,25,4.078125303205871,4.078125303205871,5.584962500721156,5.392317422778761,True,False
1284,38073019153142030351,3807,5233,5166,4152,2000,195,194,4.485412833831955,4.484412250158146,12.353422543614714,12.019590728357882,True,False
1285,7365567890141016,1,1103,257,252,257,257,252,8.005624549193877,7.958931942189986,10.107217075591382,7.977279923499917,False,False
1286,71221500000000000000,7122,5433,5363,4321,2000,222,221,5.621257868371779,5.620965117612453,12.407533331671324,12.077149515589733,True,False
1287,10157802773722455951,1016,9493,8005,6586,2000,1184,1144,4.51092885161857,4.503506563955712,13.212648367816252,12.685186796595348,True,False
1288,1980000000000000000,198,7997,6400,5375,2000,1216,1172,4.5128553730627905,4.505787751856841,12.965243172556892,12.392049039364185,True,False
1289,1945205220788466781,195,7985,6398,5375,2000,1225,1182,4.788636690563712,4.7835275691806,12.963076692298594,12.392049039364185,True,False
1290,9975000000000000000,998,9350,7836,6379,2000,1241,1202,4.650208528928125,4.64528906863061,13.19075064966236,12.639114563179414,True,False
1291,1785845437006502374,179,4967,4134,3481,2000,790,760,4.394784944141463,4.382995785931106,12.278159031437237,11.765286098723683,True,False
1292,2473245820920000000,247,1372,1360,1164,2000,78,77,4.282704054990708,4.281578500625125,10.422064766172813,10.184875342908283,True,False
1293,252866250000000000,25,5662,4118,3646,2000,1226,1183,4.39950611609833,4.382812606048948,12.467096033905747,11.832098846039134,True,False
1294,13884698361204638432,1388,4596,4528,3620,2000,198,197,4.820848469966653,4.820157953938715,12.166163082646113,11.821773981970567,True,False
1295,7182000000000000000,718,3731,3667,2936,2000,183,181,4.628952819215587,4.627906914274828,11.86534664481678,11.519636252843213,True,False
1296,962012081978128,0,561,0,0,0,0,0,0.0,0.0,9.131856960608793,0,False,True
1297,3998253172895760969,400,6748,5686,4676,2000,996,955,4.683599804877277,4.673592386423217,12.720244258287567,12.191059214531656,True,False
1298,45439517587521539,5,2239,1433,1335,2000,764,737,5.035520039080698,5.013905274746265,11.128638812852598,10.382624026574916,True,False
1299,988190339109462204,99,2345,2277,1871,2000,187,186,4.390398700880277,4.388638912054936,11.19537220740274,10.869593843240784,True,False
1300,1489120354884927795,149,4224,3955,3362,2000,669,665,4.483607118543775,4.481143935130005,12.044394119358454,11.715104009236168,True,False
1301,1491495459875401378,149,5018,4415,3724,2000,765,760,4.401192216274795,4.399700285554113,12.292896755409172,11.862637357558794,True,False
1302,470428445140427871,47,1029,849,768,2000,224,220,4.389438789127286,4.384939098481019,10.007027266893969,9.584962500721156,True,False
1303,1076366323941643526,108,29,26,26,2000,25,25,4.249562406028966,4.249562406028966,4.857980995127572,4.700439718141092,True,False
1304,8460310869845607757,846,4340,4260,3482,2000,324,324,4.685265281884286,4.685265281884286,12.083479327331842,11.7657004876511,True,False
1305,24012004509015976,2,2836,1347,1291,2000,955,926,6.548426797024297,6.511693558772574,11.469641817239516,10.33427328530719,True,False
1306,5666582825166676135,567,8491,7019,5841,2000,1025,993,5.273174039376037,5.269583105623694,13.051718757178115,12.511999669441451,True,False
1307,106804510356708279,11,3805,2653,2490,2000,985,968,4.385548428000062,4.380061411505087,11.893680738390907,11.281930026955443,True,False
1308,1000860893567100599,100,2807,2334,2000,2000,477,464,4.505182099090013,4.493020639459344,11.454813348512525,10.965784284662087,True,False
1309,44887500000000000,4,2297,1482,1440,2000,828,818,5.072373449252817,5.064886760384049,11.165535141377925,10.491853096329674,True,False
1310,9948902885644742,1,4,2,2,2,2,2,1.0,1.0,2.0,1.0,False,False
1311,8730206742940842,1,1958,497,489,497,497,489,8.957102041562287,8.92088473773935,10.935165049603695,8.933690654952233,False,False
1312,2476038605817105000,248,2626,2262,1919,2000,407,396,4.567527162302177,4.556940895671077,11.358651200892886,10.90613899619538,True,False
1313,28069533953392123,3,393,332,327,2000,191,190,5.193784629776753,5.1901161288596285,8.618385502258606,8.353146825498083,True,False
1314,18260907612999573,2,262,216,215,2000,187,187,6.420322097158001,6.420322097158003,8.03342300153745,7.7481928495894605,True,False
1315,14962500000000000,1,1035,722,718,722,722,718,9.49585502688717,9.484774694477197,10.015415052386688,9.487840033823051,False,False
1316,204487500000000000,20,3353,2521,2252,2000,786,757,4.5444504020600816,4.530035284465013,11.711236767793784,11.13699111208023,True,False
1317,713212500000000000,71,938,776,698,2000,194,190,4.492547018572566,4.488559085962519,9.873444112515376,9.447083226209653,True,False
1318,27473879048164815,3,2895,1673,1579,2000,1099,1059,6.527993221092709,6.486556069602244,11.4993476328766,10.624795455860237,True,False
1319,16979402070037137337,1698,9667,8176,6623,2000,1265,1220,5.406755070961061,5.402493910128848,13.238852526315656,12.693269142893206,True,False
1320,4605058500000000000,461,3688,3624,2930,2000,198,197,4.382111894252082,4.380703804134313,11.848622940429339,11.51668494930961,True,False
1321,15507534316426183100,1551,3672,3631,2943,2000,146,145,5.223412844595917,5.223205164658742,11.842350343413807,11.523071826940395,True,False
1322,7465392690513395016,747,4478,4376,3602,2000,412,410,5.570760386174528,5.570459031024651,12.128638812852598,11.814582465906277,True,False
1323,1049471751951770987,105,6177,5089,4373,2000,968,954,4.646829304737229,4.643666563037961,12.59269061535341,12.094407633081207,True,False
1324,498750000000000,0,418,0,0,0,0,0,0.0,0.0,8.707359132080883,0,False,True
1325,199500000000000000,20,4273,3149,2827,2000,1031,992,4.549504473540037,4.534241196090355,12.061033601681112,11.465056167831175,True,False
1326,4847850000000000000,485,22,21,21,1404,21,21,4.284132874098284,4.284132874098285,4.459431618637297,4.392317422778761,False,False
1327,28774520421684555,3,2592,1440,1395,2000,981,964,5.26776479416901,5.254960536140484,11.339850002884624,10.44604940671655,True,False
1328,41882890805024818814,4188,3376,3357,2768,2000,126,125,4.928036627049303,4.9278655422164865,11.721099188707186,11.434628227636725,True,False
1329,59833572389108123,6,1418,984,918,2000,444,433,4.755521532872979,4.741346436407268,10.469641817239516,9.842350343413807,True,False
1330,1753550436295774695,175,2945,2889,2350,2000,204,203,4.539873588347515,4.539020809062299,11.524051918717824,11.198445041452363,True,False
1331,87122925145620630,9,954,873,839,2000,299,299,4.396152691333027,4.396152691333027,9.897845456005511,9.712527000439824,True,False
1332,260466082469533832,26,1394,1331,1127,2000,174,172,4.478238358941225,4.475115198207119,10.445014845868423,10.138271800172221,True,False
1333,4788000000000000,0,1248,0,0,0,0,0,0.0,0.0,10.285402218862249,0,False,True
1334,18206662017325437,2,315,256,255,2000,234,234,6.446041831268788,6.446041831268788,8.29920801838728,7.994353436858858,True,False
1335,144479893648034098,14,1165,1105,1023,2000,251,251,4.367350167761463,4.3673501677614635,10.186114239541643,9.99859042974533,True,False
1336,695637361275165097,70,2244,2173,1845,2000,279,278,4.370435349770942,4.365948890379812,11.131856960608793,10.849405100947758,True,False
1337,9343123808292463899,934,4384,4330,3480,2000,219,217,5.232069352551842,5.231602888814297,12.098032082960527,11.76487159073609,True,False
1338,4987500000000000,0,1072,0,0,0,0,0,0.0,0.0,10.066089190457772,0,False,True
1339,3076830730932630,0,138,0,0,0,0,0,0.0,0.0,7.108524456778169,0,False,True
1340,10920000000000000000,1092,9459,7945,6455,2000,1248,1208,5.242293352309816,5.239368560194338,13.207471955404491,12.656201380194553,True,False
1341,24929016134919402392,2493,9371,8024,6592,2000,1099,1066,5.124658227176656,5.121489357082076,13.193987293919182,12.686500527183219,True,False
1342,1301980370217065,0,788,0,0,0,0,0,0.0,0.0,9.622051819456376,0,False,True
1343,22027828699371777450,2203,9889,8256,6696,2000,1227,1181,4.6210862419771965,4.610559510963112,13.271608924151744,12.709083812550343,True,False
1344,9975000000000000,1,1194,384,375,384,384,375,8.584962500721156,8.530913314517605,10.221587121264806,8.550746785383243,False,False
1345,84297312937814692,8,2482,1719,1574,2000,736,710,4.528745371412733,4.514748758944107,11.277287400130357,10.620219825507487,True,False
1346,10141944336013561,1,151,68,68,68,68,68,6.087462841250342,6.087462841250342,7.2384047393250786,6.087462841250339,False,False
1347,617269865787621896,62,5613,4444,3892,2000,997,978,4.6424861525244765,4.637999729841606,12.45455634396194,11.926295994781112,True,False
1348,3107769423558897243,311,1398,1222,1073,2000,226,222,4.629990953595787,4.627323486689047,10.449148645375436,10.067434360756522,True,False
1349,99750000000000000,10,3216,2221,2036,2000,916,880,5.5440048523351155,5.516479061655563,11.651051691178928,10.991521846075695,True,False
1350,18966855414478015,2,48,36,36,386,36,36,4.872330723800696,4.872330723800696,5.584962500721156,5.169925001442312,False,False
1351,195569359738025753,20,577,451,423,2000,148,146,4.390318983183193,4.384920872521925,9.172427508645482,8.72451385311995,True,False
1352,189255420016026933,19,5350,3736,3332,2000,1215,1171,4.499504792037766,4.491347491424955,12.385323176175872,11.702172685365548,True,False
1353,284725641481346056564,28473,6205,6074,4989,0,0,0,0.0,0.0,12.599215495017718,12.284534954008425,False,True
1354,509423250000000000,51,5120,4041,3490,2000,1002,962,4.374896430681828,4.363170867205396,12.321928094887362,11.769011321097015,True,False
1355,1596000000000000000,160,1114,1108,961,2000,85,84,4.400050706063462,4.399322325749134,10.121533517340032,9.90839262077375,True,False
1356,2428038454142778110,243,5774,4963,4202,2000,833,823,4.6027615879249595,4.600018078102066,12.495355392235982,12.036860446673046,True,False
1357,119674541175100849,12,339,328,315,2000,72,71,4.567576335912169,4.564983422695525,8.405141463136344,8.29920801838728,True,False
1358,2992500000000000000,299,8337,6869,5755,2000,1192,1151,5.268643621522548,5.264197046230787,13.025312619921719,12.490600213019592,True,False
1359,48273367005310079,5,3404,1934,1831,2000,1019,989,4.517815776731369,4.503674499199992,11.733015321685963,10.838416075797337,True,False
1360,14332387847852226,1,2292,1070,1030,1070,1070,1030,10.06339508128851,9.982680569160848,11.162391328756906,10.00842862207058,False,False
1361,9025445776818259,1,1868,448,439,448,448,439,8.807354922057604,8.762712064914744,10.867278739709661,8.778077129535358,False,False
1362,109645014085660117,11,4874,3245,2948,2000,1217,1173,4.458931363978158,4.449200128710611,12.250890535723341,11.52552080909507,True,False
1363,367896307903254391,37,6077,4520,3962,2000,1220,1178,4.501369803672532,4.488963408261538,12.56914357654506,11.952013164889486,True,False
1364,66844872103282203,7,4151,2649,2432,2000,1250,1206,4.555336391413205,4.532200498280612,12.019243216603607,11.247927513443585,True,False
1365,35149004287213205,4,3199,1950,1814,2000,1141,1099,5.280991823377667,5.253106131319282,11.643405277115674,10.824958740528523,True,False
1366,39097744360902255,4,2709,1674,1559,2000,967,928,5.281162534400979,5.252856077033476,11.403544678202014,10.606405212697785,True,False
1367,44501198717238088,4,2609,1653,1540,2000,893,858,5.303884195562844,5.276056637822819,11.349281228817452,10.588714635582264,True,False
1368,199379183711790079,20,2860,2140,1919,2000,697,674,4.513273929463975,4.50056871651212,11.481799431665753,10.90613899619538,True,False
1369,853594403026358248,85,2905,2398,2072,2000,536,518,4.639167190268235,4.628337081678893,11.50432244829189,11.016808287686555,True,False
1370,35710322607645098,4,950,641,609,2000,368,362,5.251138829272117,5.239640191686421,9.89178370321831,9.250298417906333,True,False
1371,1564853173707967091,156,1030,881,795,2000,183,180,4.539264384761869,4.536225699966982,10.00842862207058,9.634811050171718,True,False
1372,8791226410991973823,879,4313,4259,3415,2000,213,209,5.0772644646333545,5.074611380628164,12.074476000734501,11.737669863177453,True,False
1373,5985000000000000,1,1068,237,237,237,237,237,7.888743248898258,7.888743248898258,10.060695931687555,7.888743248898259,False,False
5496,60398984099999992,6,4078,2612,2404,2000,1240,1196,4.790917517689479,4.769754929421639,11.993646060016596,11.231221180711186,True,False
5497,40199489399999995,4,3610,2202,2045,2000,1228,1185,4.78797612095468,4.76721667760488,11.817783121774534,10.997885127829111,True,False
5498,9394217088195623,1,1043,319,315,319,319,315,8.31741261376487,8.289967825356833,10.026523442519766,8.29920801838728,False,False
5499,616047219276156604,62,4429,3625,3186,2000,835,826,4.845973520062416,4.844511831767546,12.112765281885316,11.63753055152531,True,False
5500,4229138290550326,0,1455,0,0,0,0,0,0.0,0.0,10.506803437795647,0,False,True
5501,151175477979323784,15,92,90,89,2000,38,38,4.186920515512959,4.186920515512959,6.523561956057013,6.475733430966398,True,False
5502,658233637521486930,66,157,155,149,2000,43,42,4.382731183377025,4.360608568880808,7.294620748891627,7.219168520462161,True,False
5503,2493750000000000,0,835,0,0,0,0,0,0.0,0.0,9.705632387361415,0,False,True
5504,110254723902896934,11,4857,3311,2997,2000,1225,1183,4.688023571954577,4.6751739115045945,12.245849771023723,11.549303368513575,True,False
5505,100348892039066090899,10035,10314,8725,7089,0,0,0,0.0,0.0,13.332316330199218,12.791366414695004,False,True
5506,11710840484588428,1,499,252,247,252,252,247,7.977279923499916,7.937597383817376,8.96289600533726,7.948367231584678,False,False
5507,16914435126494246458,1691,4190,3672,2986,2000,569,550,5.477972216657468,5.473265726706865,12.032734528586714,11.543998450134541,True,False
5508,19950000000000000,2,295,241,239,2000,192,191,6.420954595430832,6.415954595430833,8.204571144249204,7.900866807980749,True,False
5509,9975000000000000,1,130,72,72,72,72,72,6.169925001442312,6.169925001442312,7.022367813028454,6.169925001442312,False,False
5510,29925000000000000,3,406,351,347,2000,198,197,5.446443217998383,5.442878155609792,8.665335917185176,8.43879185257826,True,False
5511,8738100000000000000,874,2045,2033,1709,2000,87,85,5.031786522250085,4.98592157971207,10.997885127829111,10.73893668167614,True,False
5512,16073974350000000000,1607,6846,5876,4755,2000,919,882,5.167829141373642,5.162724421139686,12.741045577009837,12.215229625747925,True,False
5513,8295210000000000,1,369,119,119,119,119,119,6.894817763307943,6.894817763307943,8.527477006060396,6.894817763307944,False,False
5514,14962500000000000,1,129,66,66,66,66,66,6.044394119358453,6.044394119358453,7.011227255423254,6.044394119358453,False,False
5515,9905985469276943141,991,4642,4540,3728,2000,401,399,5.002064496414935,5.00156592397306,12.180530807344482,11.86418614465428,True,False
5516,956602500000000000,96,6790,5367,4622,2000,1148,1112,4.654066898173742,4.6441434898473695,12.729195859132094,12.174301544467632,True,False
5517,10897544674122161741,1090,4463,4420,3532,2000,229,229,5.1584914800864965,5.158491480086497,12.123798091251855,11.786269627648466,True,False
5518,52173345135258592032,5217,9866,8222,6747,2000,1077,1046,5.343884086579798,5.341088754117475,13.268249571994492,12.720030446498972,True,False
5519,914599896521815877,91,2566,2483,2109,2000,326,326,4.762331855615625,4.762331855615624,11.325305455089682,11.042343379793692,True,False
5520,114425266901760671,11,4321,2914,2645,2000,1064,1033,4.381184760441652,4.371180538408696,12.077149515589733,11.369052007001388,True,False
5521,25546143965153047852,2555,3906,3421,2776,2000,519,504,5.763696187868217,5.760193986438498,11.93147623388679,11.43879185257826,True,False
5522,4250480117147836569,425,3402,2928,2422,2000,477,465,4.42623699460049,4.418859399503713,11.732167425663386,11.24198314969433,True,False
5523,425023900387239719,43,5569,4230,3698,2000,1075,1043,4.460959083271175,4.453417014527737,12.443202577297011,11.852529509404196,True,False
5524,249375000000000000,25,163,161,159,2000,45,45,4.372448811219092,4.372448811219092,7.348728154231077,7.312882955284356,True,False
5525,249375000000000000,25,189,187,185,2000,49,49,4.162270491304273,4.162270491304273,7.562242424221073,7.531381460516312,True,False
5526,199500000000000000,20,194,191,189,2000,47,47,4.15884406145639,4.15884406145639,7.599912842187128,7.562242424221073,True,False
5527,3751883380117621,0,105,0,0,0,0,0,0.0,0.0,6.714245517666122,0,False,True
5528,4655246823266069,0,1053,0,0,0,0,0,0.0,0.0,10.040289721025717,0,False,True
5529,14650511079079383474,1465,6658,6141,5055,2000,762,757,4.701030482951065,4.700143750385397,12.700873155140263,12.303495376790377,True,False
5530,8070132539085434,1,1765,374,370,374,374,370,8.546894459887639,8.525504085556086,10.785452468158542,8.531381460516313,False,False
5531,1336650000000000000,134,1068,907,813,2000,191,187,4.455905225762086,4.45147002132688,10.060695931687555,9.667111542075027,True,False
5532,376479276592086,0,177,0,0,0,0,0,0.0,0.0,7.467605550082998,0,False,True
5533,18879374553428097,2,2488,1269,1217,2000,1092,1052,6.523745589725513,6.482298076356706,11.280770770130603,10.249113452713729,True,False
5534,988096249208940,0,115,0,0,0,0,0,0.0,0.0,6.845490050944375,0,False,True
5535,14584035520530000,1,1276,628,609,628,628,609,9.294620748891628,9.227161309438443,10.31741261376487,9.250298417906333,False,False
5536,10619378015555443575,1062,9454,7868,6433,2000,1228,1186,5.277882025816625,5.274768412474829,13.20670914935865,12.651275973346639,True,False
5537,792942887419767426,79,1203,1008,901,2000,246,242,4.490394277292886,4.4873931518708545,10.232420927176076,9.815383295813538,True,False
5538,1097250000000000000,110,7430,5932,5057,2000,1192,1151,4.647905246053365,4.641889974830811,12.859146495425959,12.304066063127284,True,False
5539,3130107092680584,0,788,0,0,0,0,0,0.0,0.0,9.622051819456376,0,False,True
5540,1297423593525659162,130,6693,5485,4666,2000,1008,984,4.687450195045727,4.681274356769782,12.708437298965297,12.187970591984199,True,False
5541,8121764756717138,1,1253,369,369,369,369,369,8.527477006060394,8.527477006060394,10.29117069932186,8.527477006060396,False,False
5542,1257075822831556226,126,6217,5209,4469,2000,972,961,4.430496710628034,4.4282536365183045,12.602002863537445,12.12573632939501,True,False
5543,548625000000000000,55,3766,3022,2620,2000,727,699,4.490827077763065,4.475006924892631,11.878817284614229,11.355351096424812,True,False
5544,81599128642073151,8,1426,1022,941,2000,432,421,4.47850306313769,4.468610379709461,10.477758266443889,9.878050912728536,True,False
5545,729542322741252783,73,2172,2125,1776,2000,206,206,4.418561340495431,4.418561340495432,11.084808387804362,10.794415866350105,True,False
5546,2937660943836404,0,27,0,0,0,0,0,0.0,0.0,4.754887502163468,0,False,True
5547,192517500000000000,19,5278,3776,3374,2000,1242,1199,4.444357373222262,4.429609381900748,12.365775635326269,11.720244258287567,True,False
5548,2204376347363858800,220,8187,6584,5504,2000,1221,1177,4.649620790164695,4.643966693199938,12.999119179995297,12.426264754702098,True,False
5549,2721454228937005704,272,8115,6759,5597,2000,1226,1182,4.557485309267133,4.550974369854677,12.986375379435334,12.450438032395652,True,False
5550,25359504923044425738,2536,8903,7728,6409,2000,1007,988,4.892402698367839,4.889113582301568,13.120075840497751,12.645883554519004,True,False
5551,1235768910313216,0,823,0,0,0,0,0,0.0,0.0,9.684748620421626,0,False,True
5552,4488750000000000,0,1549,0,0,0,0,0,0.0,0.0,10.597121428789569,0,False,True
5553,4987454650107515584,499,7278,6159,5042,2000,1036,996,4.591828003061354,4.585086861159105,12.829326335841666,12.29978040285854,True,False
5554,25935000000000000000,2594,5013,4946,3975,2000,200,198,4.86455803773597,4.8636071834112835,12.291458518782344,11.95673914505908,True,False
5555,389025000000000000,39,451,447,436,2000,68,66,4.228659157252613,4.225668697267316,8.81698362325538,8.768184324776927,True,False
5556,3102225000000000000,310,1259,1255,1117,2000,65,63,4.286189758597831,4.28357033127999,10.298062567719017,10.125413470483315,True,False
5557,3339110654527257400,334,78,73,73,2000,26,26,4.138726977445616,4.138726977445615,6.285402218862249,6.189824558880018,True,False
5558,6163805910665463561,616,3657,3593,2884,2000,187,185,4.841571687380465,4.8407100514378865,11.836444911341369,11.493855449240822,True,False
5559,112717500000000000,11,4809,3347,3034,2000,1239,1196,4.4091433714637756,4.398057523392127,12.231521210875703,11.567005370247033,True,False
5560,35905924417946678754,3591,9442,7907,6478,2000,994,963,5.240039480249359,5.201482547554482,13.204876767603993,12.661332752795186,True,False
5561,18601052871323918637,1860,9690,8172,6624,2000,1241,1200,5.167535452727581,5.1631375076998705,13.242280950302444,12.693486957499326,True,False
5562,2992211222100936442,299,6489,5436,4502,2000,990,949,4.6104850746187696,4.599749931214173,12.663780450683134,12.136350341454156,True,False
5563,22139095206629120,2,2776,1413,1355,2000,1084,1052,6.519083535248664,6.483696316493255,11.43879185257826,10.404077136241234,True,False
5564,8107602106798938567,811,9239,7639,6257,2000,1230,1186,5.241863925761779,5.238104992043584,13.173520992026965,12.611255388699337,True,False
5565,278843942386395956,28,5782,4144,3671,2000,1223,1177,4.3993393513439925,4.3869359430754695,12.49735289347705,11.841957399099547,True,False
5566,2057640441371786,0,553,0,0,0,0,0,0.0,0.0,9.111135670234708,0,False,True
5567,236990631438788150,24,791,766,662,2000,130,129,4.3217055433738665,4.321092919216378,9.627533884472792,9.370687406807217,True,False
5568,45266646586160509,5,3295,1870,1778,2000,1017,989,5.9226755203686405,5.89678612216885,11.686062749895415,10.79603960882977,True,False
5569,59111231173956613176,5911,7546,6830,5616,2000,791,785,4.876755615621038,4.87596283833356,12.88149638481011,12.45532722030456,True,False
5570,19950000000000000,2,2562,1332,1277,2000,1115,1075,6.533558162327599,6.49261077399005,11.323054760341646,10.318542809702723,True,False
5571,119700000000000000,12,4277,3051,2759,2000,1111,1071,5.273413852043978,5.246122417717002,12.062383491876334,11.429929741353273,True,False
5572,9975000000000000,1,1757,535,521,535,535,521,9.063395081288508,9.005909310256428,10.778898476008376,9.025139562278508,False,False
5573,66991478975484032,7,2315,1583,1462,2000,710,686,4.524852559720511,4.510045880634463,11.1767964781476,10.513727595952437,True,False
5574,56733327967568555351,5673,2658,2651,2172,2000,99,98,4.776676413764794,4.776139701419799,11.376125389276174,11.084808387804362,True,False
5575,1496250000000000,0,182,0,0,0,0,0,0.0,0.0,7.507794640198696,0,False,True
5576,6982500000000000,1,436,115,115,115,115,115,6.8454900509443775,6.8454900509443775,8.768184324776927,6.845490050944375,False,False
5577,22900321478524689832,2290,2437,2430,2011,2000,89,88,4.440291319018025,4.439678868017183,11.250890535723341,10.973697366305352,True,False
5578,243008629591345383,24,2361,1834,1629,2000,549,532,4.500602609794266,4.488481722079282,11.205182326228643,10.669770888525518,True,False
5579,7276295328021338,1,382,197,197,197,197,197,7.622051819456377,7.622051819456377,8.57742882803575,7.622051819456376,False,False
5580,4986897196080295792,499,7379,6383,5388,2000,986,975,5.345764312047124,5.344994379111349,12.849209600569264,12.395534135462302,True,False
5581,19949464993211288939,1995,8459,7388,6175,2000,979,966,5.064771095930676,5.062846208538959,13.046271406599123,12.592223421359403,True,False
5582,244286921563393642911,24429,796,794,701,0,0,0,0.0,0.0,9.63662462054365,9.453270634010623,False,True
5583,818669037836836,0,234,0,0,0,0,0,0.0,0.0,7.870364719583405,0,False,True
5584,41641769038507673744,4164,6255,6040,5015,2000,630,627,4.967126547633187,4.965939038913195,12.610794169053182,12.292033985499543,True,False
5585,2294250000000000,0,639,0,0,0,0,0,0.0,0.0,9.319672120946995,0,False,True
5586,46244523443720235,5,249,176,173,2000,101,101,4.619765307052772,4.61976530705277,7.960001932068081,7.434628227636725,True,False
5587,13018154292403464,1,934,448,435,448,448,435,8.807354922057604,8.74126197457002,9.867278739709661,8.76487159073609,False,False
5588,15002159660875861891,1500,2333,2320,1928,2000,82,81,4.567392495990207,4.566719297531061,11.187970591984199,10.912889336229961,True,False
5589,2046375236816687087,205,6719,5584,4641,2000,1043,1001,4.521286009735751,4.507736532754567,12.714030814928783,12.180219982170192,True,False
5590,933431145330640,0,243,0,0,0,0,0,0.0,0.0,7.924812503605781,0,False,True
5591,68240611665223790,7,168,157,156,2000,57,57,4.2613901945911055,4.2613901945911055,7.392317422778761,7.285402218862249,True,False
5592,103651060161882087614,10365,9827,8244,6767,0,0,0,0.0,0.0,13.262535340526282,12.724300673209568,False,True
5593,75962313880838845,8,154,150,146,2000,62,61,4.2598250496374215,4.251120326246538,7.266786540694901,7.189824558880018,True,False
5594,149625000000000000,15,630,606,547,2000,121,120,4.3497415195879086,4.348991902676393,9.29920801838728,9.095397022792557,True,False
5595,34565698729462448703,3457,5272,5222,4189,2000,217,215,5.407726477265475,5.394879268374037,12.364134655008051,12.032390168866524,True,False
5596,421457886332045605,42,1754,1686,1399,2000,183,182,5.195439837474474,5.19143182144241,10.776433032444734,10.450180247164754,True,False
5597,46104084674444752,5,561,503,483,2000,197,196,4.490132240902018,4.488035048031709,9.131856960608793,8.915879378835774,True,False
5598,99750000000000000,10,2798,1954,1787,2000,793,762,5.417113488965496,5.390820428204178,11.450180247164754,10.80332391904149,True,False
5599,74812500000000000,7,2570,1754,1614,2000,771,743,4.540613346002212,4.5247231753300925,11.32755264408124,10.656424863277781,True,False
5600,89775000000000000,9,2587,1796,1645,2000,758,730,4.9324564182556445,4.9141989322296205,11.33706433868474,10.683871868622603,True,False
5601,73815000000000000,7,2196,1513,1392,2000,661,640,4.526252652985453,4.512249433931533,11.100662339005199,10.442943495848729,True,False
5602,40897500000000000,4,1733,1123,1049,2000,610,592,5.282547518438224,5.26017846987638,10.75905593916017,10.034798962577268,True,False
5603,89775000000000000,9,1926,1364,1248,2000,563,545,4.794834468101959,4.780858930122166,10.911391987843459,10.285402218862249,True,False
5604,179550000000000000,18,953,742,683,2000,257,253,4.478051596254765,4.473134571055011,9.896332403909941,9.41574176829009,True,False
5605,69825000000000000,7,487,344,332,2000,157,154,4.470417557289526,4.461508463365848,8.927777962082342,8.375039431346925,True,False
5606,64837500000000000,6,323,232,228,2000,110,110,4.625294309511089,4.625294309511088,8.335390354693924,7.832890014164741,True,False
5607,66832500000000000,7,171,131,129,2000,78,78,4.351392145021257,4.351392145021258,7.417852514885898,7.011227255423254,True,False
5608,6416953687018766,1,911,187,185,187,187,185,7.546894459887637,7.521467253993714,9.831307243802051,7.531381460516312,False,False
5609,579191937568425541825,57919,2852,2845,2306,0,0,0,0.0,0.0,11.477758266443889,11.171176797651771,False,True
5610,886488392623413,0,552,0,0,0,0,0,0.0,0.0,9.108524456778168,0,False,True
5611,13032581453634085,1,220,166,165,166,166,165,7.3750394313469245,7.36299123857584,7.78135971352466,7.366322214245816,False,False
5612,14378129609239983,1,223,178,178,178,178,178,7.475733430966398,7.475733430966398,7.800899899920305,7.475733430966398,False,False
5613,1415388070490047741,142,6434,5287,4417,2000,1054,1013,4.422301421880823,4.412857267537672,12.65150022065274,12.108851117040153,True,False
5614,8360956488677,0,22,0,0,0,0,0,0.0,0.0,4.459431618637297,0,False,True
5615,47718943663506703128,4772,5287,5219,4195,2000,214,212,5.503026609489371,5.471415817653026,12.368233611380942,12.034455095327186,True,False
5616,20050125313283208,2,2069,1180,1157,2000,911,900,6.572256010528026,6.559825526420864,11.014717929860009,10.17617314910749,True,False
5617,99661703184759485,10,3538,2429,2220,2000,1019,981,5.59243862152245,5.564841192145135,11.788718332690458,11.116343961237469,True,False
5618,1175921125608796341,118,1100,935,835,2000,198,194,4.444925858651637,4.440880175091287,10.103287808412022,9.705632387361415,True,False
5619,10000000000000000000,1000,6887,5880,4789,2000,954,914,5.312651804296702,5.307666077062293,12.74965996169181,12.225508720236002,True,False
5620,5328646602083456243,533,3837,3769,3031,2000,192,191,4.354788144272008,4.353287300047132,11.905763049602793,11.565578136784328,True,False
5621,4987500000000000000,499,1761,1750,1436,2000,79,78,4.379426335710922,4.378450910156318,10.782179193831208,10.487840033823051,True,False
5622,442072281853850827,44,6254,4726,4127,2000,1229,1188,4.43643393071587,4.428703762769164,12.610563503925041,12.010877723007034,True,False
5623,3779833463320064164,378,6259,5430,4584,2000,847,837,5.03273002525207,5.027482651857938,12.61171646094388,12.162391328756906,True,False
5624,1814739129470319576,181,2884,2818,2313,2000,195,194,4.418074253680715,4.416211267822471,11.493855449240822,11.175549550636191,True,False
5625,53115052787315,0,68,0,0,0,0,0,0.0,0.0,6.087462841250339,0,False,True
5626,997500000000000,0,349,0,0,0,0,0,0.0,0.0,8.447083226209653,0,False,True
5627,574014378169486747,57,2000,1941,1632,2000,201,200,4.529685441778148,4.528723524940231,10.965784284662087,10.672425341971495,True,False
5628,798000000000000000,80,355,310,288,2000,92,92,4.483920743651642,4.483920743651642,8.471675214392045,8.169925001442312,True,False
5629,8973011250000000000,897,4202,4159,3336,2000,222,222,4.9959709295250025,4.9959709295250025,12.036860446673046,11.703903573444663,True,False
5630,6702974853048210404,670,4055,4011,3220,2000,209,209,4.818292104541484,4.8182921045414835,11.985486199104635,11.65284497300198,True,False
5631,23322227647275362,2,3053,1568,1493,2000,1180,1139,6.5603906191967045,6.516900983005902,11.57601187420678,10.543998450134541,True,False
5632,12086813859256516802,1209,8070,7079,5950,2000,986,976,5.3806624100872,5.380043398678529,12.978352958165143,12.538673953082668,True,False
5633,24301644145325250,2,1339,810,773,2000,550,533,6.522807401073048,6.488635160885748,10.386940245324311,9.594324603924848,True,False
5634,1082484742057851239,108,6860,5604,4701,2000,1150,1106,4.5905639791958786,4.579190592353918,12.743992861060175,12.198751965193736,True,False
5635,33474470120126923598,3347,100,94,94,2000,32,32,4.565554660023421,4.565554660023422,6.643856189774724,6.554588851677638,True,False
5636,3391500000000000,0,49,0,0,0,0,0,0.0,0.0,5.614709844115208,0,False,True
5637,4987500000000000,0,991,0,0,0,0,0,0.0,0.0,9.952741247186488,0,False,True
5638,2875008382746931686,288,3530,3449,2869,2000,303,303,4.635153697666695,4.635153697666695,11.785452468158542,11.486332252768664,True,False
5639,6952570385208372845,695,4059,4014,3222,2000,208,208,4.994470350453925,4.994470350453924,11.986908624697694,11.653740778706569,True,False
5640,17694235588972431077,1769,7265,6235,5042,2000,986,946,5.443510125739646,5.439101710262717,12.826747082520203,12.29978040285854,True,False
5641,38975262432673350000,3898,2148,2141,1799,2000,79,78,4.956851580631547,4.956248497187096,11.068778277985412,10.812979471251483,True,False
5642,8985480000000000000,899,9408,7862,6473,2000,1241,1198,5.5409278506064705,5.5381650210040405,13.199672344836364,12.660218788535618,True,False
5643,3276285108646200000,328,1625,1618,1365,2000,91,90,4.333142009945999,4.33211760217628,10.66622400280318,10.414685235807214,True,False
5644,18045112781954886,2,130,71,71,1781,71,71,5.929589370523389,5.929589370523389,7.022367813028454,6.149747119504682,False,False
5645,158255887787989726771,15826,3470,3080,2532,0,0,0,0.0,0.0,11.760719947465624,11.306061689428342,False,True
5646,2582527500000000000,258,5045,4254,3555,2000,767,738,4.6275616004751,4.6163282923443685,12.30063855399372,11.795633844506778,True,False
5647,649048351725205215,65,2052,1986,1655,2000,198,197,4.374507029078539,4.373284331362761,11.002815015607053,10.69261550169458,True,False
5648,748026170609455248,75,149,147,142,2000,37,37,4.184579252069931,4.184579252069931,7.219168520462161,7.149747119504682,True,False
5649,1936994655331088840,194,411,409,381,2000,47,47,4.190620658008225,4.190620658008225,8.682994583681683,8.573647187493322,True,False
5650,1496250000000000000,150,397,395,374,2000,49,49,4.223859869159169,4.223859869159169,8.632995197142957,8.546894459887637,True,False
5651,13897831498677733271,1390,8657,7463,6203,2000,1037,1017,5.53507354425075,5.533942957750489,13.079651444144783,12.598750409571753,True,False
5652,810650513832219048,81,4555,3783,3306,2000,804,796,4.647831934552716,4.6464034427869745,12.153235338689413,11.690871009292314,True,False
5653,5124467603740526683,512,1679,1672,1461,2000,73,72,4.456045880955554,4.455270057181577,10.71338651493703,10.512740462803498,True,False
5654,2982538203659458621,298,1470,1464,1263,2000,92,91,4.524868660930461,4.524141211977614,10.521600439723727,10.302638923787553,True,False
5655,4959786627652015177,496,1783,1770,1467,2000,80,79,4.415220146849033,4.4143792883869475,10.800090987624994,10.51865315567339,True,False
5656,100583627279422663235,10058,9446,8204,6785,0,0,0,0.0,0.0,13.205487820150566,12.728133100306216,False,True
5657,12137022886168684,1,2349,915,894,915,915,894,9.837627933171404,9.787890474150284,11.197830998012197,9.804131021183318,False,False
5658,494958751524033022,49,3507,2785,2422,2000,703,678,4.378715522511685,4.366071887418243,11.776021715252812,11.24198314969433,True,False
5659,9875250000000000000,988,2118,2111,1788,2000,94,93,4.427099223699835,4.426479658130728,11.048486873992337,10.804131021183318,True,False
5660,732585849635969542,73,4496,3717,3253,2000,817,807,4.556273913684676,4.5542699956312855,12.134426320220927,11.667555107041132,True,False
5661,104004605646929130,10,3020,2223,2103,2000,819,810,4.5537023528329374,4.549435336828596,11.560332834212442,11.03823313473178,True,False
5662,1037400000000000000,104,6678,5338,4567,2000,1014,988,4.418444856145875,4.412581350747025,12.705200378063116,12.157031074378354,True,False
5663,6192257305219117,1,121,59,59,59,59,59,5.882643049361841,5.882643049361841,6.918863237274595,5.882643049361842,False,False
5664,54007198813515770,5,768,692,677,2000,282,282,4.736641972024498,4.736641972024499,9.584962500721156,9.403012023574997,True,False
5665,3070330245073464546,307,6517,5651,4783,2000,892,881,4.696979392535448,4.694512098715369,12.669992279616398,12.223700075986306,True,False
5666,374736751589537619,37,3361,2633,2310,2000,711,686,4.4272739579526466,4.415760711786623,11.714674827308002,11.17367713630342,True,False
5667,46115288220551378,5,1782,1172,1089,2000,610,592,4.982543897252897,4.964399306455167,10.799281621521923,10.088788238716907,True,False
5668,988015985699400000,99,792,781,696,2000,76,75,4.425642881811665,4.4239845225075145,9.62935662007961,9.442943495848729,True,False
5669,10025062656641604,1,2425,927,896,927,927,896,9.856425528625527,9.781863052380906,11.243769031961852,9.807354922057604,False,False
5670,19958754219542548,2,292,249,248,2000,204,204,6.425642649010852,6.425642649010853,8.189824558880018,7.954196310386875,True,False
5671,1135209950147685,0,332,0,0,0,0,0,0.0,0.0,8.375039431346925,0,False,True
5672,1004503645279856605,100,2107,2053,1674,2000,159,158,4.620783043376633,4.616675498132256,11.040974598817305,10.709083812550343,True,False
5673,156607500000000000,16,4314,3029,2770,2000,1013,987,4.456074833048104,4.450744906640551,12.074810461160453,11.43567026093655,True,False
5674,211470000000000000,21,4683,3309,2983,2000,1011,985,4.388044485722188,4.381530131224066,12.193217322699065,11.542548262335213,True,False
5675,3127523034615467746,313,2221,1945,1664,2000,347,340,4.6854053967129685,4.681440590108439,11.116993677546981,10.700439718141093,True,False
5676,458818326006572203,46,4577,3671,3270,2000,918,907,4.507260898965047,4.504830294982463,12.160186576600662,11.675074920385445,True,False
5677,4145363408521303258,415,6450,5441,4483,2000,941,901,4.556595545011561,4.5459089033181534,12.65508344519798,12.13024878405069,True,False
5678,1066165352152836,0,697,0,0,0,0,0,0.0,0.0,9.445014845868423,0,False,True
5679,265173829405791372,27,1486,1420,1245,2000,199,198,4.456231156248563,4.455076664225053,10.537218400538595,10.281930026955443,True,False
5680,21272620498275605217,2127,5271,4575,3703,2000,704,681,5.625503224286654,5.621913715808017,12.363860976729532,11.85447883417163,True,False
5681,182576301319953206,18,3263,2495,2310,2000,790,784,4.777880056698558,4.774023212577024,11.671983272091865,11.17367713630342,True,False
5682,48830735682975776415,4883,9349,8074,6667,2000,1044,1018,6.004041717481469,6.001922038691703,13.190596342475638,12.702822011777029,True,False
5683,99600449243624904591,9960,9950,8535,6856,2000,1286,1240,6.197127771177239,6.177092594400336,13.280480810318373,12.7431513941125,True,False
5684,3369762430524000000,337,1649,1641,1399,2000,85,84,4.351271247335821,4.350530587360178,10.687375683437468,10.450180247164754,True,False
5685,9975000000000000,1,1030,330,323,330,330,323,8.366322214245814,8.321610433936229,10.00842862207058,8.335390354693924,False,False
5686,20000062656641604,2,2209,1216,1194,2000,964,954,6.540659260941521,6.530659260941519,11.109177703355275,10.221587121264806,True,False
5687,166492138736595020,17,4125,2956,2713,2000,996,978,4.869426796050334,4.8630883516305,12.010178404020541,11.405673332281866,True,False
5688,250626566416040100,25,4577,3394,3056,2000,1006,987,4.501069347332213,4.497650909063232,12.160186576600662,11.57742882803575,True,False
5689,149625000000000000,15,4740,3098,2795,2000,1044,1015,4.39180650431032,4.384149816663836,12.210671343785622,11.448632567730552,True,False
5690,21587143785699139242,2159,5007,4958,3973,2000,213,213,5.194194293321006,5.194194293321004,12.289730740083755,11.956013078088098,True,False
5691,9975000000000000000,998,4302,4235,3403,2000,192,191,4.485604038154657,4.484603704710177,12.070791809423062,11.73259143596501,True,False
5692,10962525000000000000,1096,9459,7965,6477,2000,1250,1211,5.086726731245708,5.08372626588797,13.207471955404491,12.66111002874366,True,False
5693,12084622306574199507,1208,3081,3056,2511,2000,139,138,4.6357446653388035,4.635512235648884,11.589182967039351,11.2940463132715,True,False
5694,219450000000000000,22,3944,3009,2751,2000,934,923,4.453858367868103,4.450882335956462,11.945443836377912,11.42574042431621,True,False
5695,9957045000000000000,996,4769,4651,3828,2000,430,428,4.731999686349445,4.731411399147632,12.219471067394357,11.902375114486025,True,False
5696,489721393685404,0,3,0,0,0,0,0,0.0,0.0,1.584962500721156,0,False,True
5697,1553056870685888678,155,5915,4875,4086,2000,983,942,4.569517433775726,4.560977184916281,12.53016245322715,11.996473488733228,True,False
5698,937911927579387224,94,7008,5501,4736,2000,1197,1156,4.4705093483073295,4.463186646725713,12.774787059601174,12.20945336562895,True,False
5699,2463913961466870354,246,8310,6781,5687,2000,1203,1163,4.4709160014573115,4.4630049745273235,13.020632761657707,12.473452088952232,True,False
5700,5147192904452232447,515,9131,7591,6285,2000,1214,1174,4.878304929697555,4.874355330474656,13.156557153199971,12.61769702930787,True,False
5701,2757914159314666817,276,8322,6804,5664,2000,1236,1197,4.408862320870083,4.400732393290769,13.022714573044759,12.467605550082997,True,False
5702,10157928549909883590,1016,8875,7405,6121,2000,998,968,4.918769522436233,4.915322866300466,13.115531404166768,12.579551652806565,True,False
5703,2194500000000000000,219,6999,5864,4973,2000,975,958,4.384134074276638,4.37900658075675,12.772933092705355,12.279900715802762,True,False
5704,185086256429642396,19,1227,1185,1066,2000,205,205,4.400686426733463,4.400686426733462,10.260919533662905,10.057991722759176,True,False
5705,154341402163200000,15,273,268,264,2000,61,60,4.316413053177739,4.245206276863354,8.092757140919852,8.044394119358454,True,False
5706,445947829052372277,45,5040,3898,3459,2000,985,968,4.506455910998382,4.5031975957541714,12.29920801838728,11.756139298372927,True,False
5707,499365047638442220,50,5143,4006,3539,2000,983,966,4.551732262577971,4.548638134538075,12.328394438352458,11.789126046425231,True,False
5708,9899195926357073833,990,4518,4426,3646,2000,369,367,5.197873800315531,5.1967937067407055,12.141468555393084,11.832098846039134,True,False
5709,18952741961318921,2,2043,1057,1043,2000,955,945,6.548426797024297,6.538213108781228,10.996473488733228,10.026523442519766,True,False
5710,83288632560000000,8,188,182,173,2000,63,62,4.306369324472693,4.303811361548016,7.554588851677638,7.434628227636725,True,False
5711,9975000000000000,1,2115,603,587,603,603,587,9.236014191900084,9.177125676138349,11.046441948007311,9.197216693110052,False,False
5712,9133086172268656,1,1755,489,481,489,489,481,8.933690654952233,8.896880839001314,10.777255315191923,8.909893083770042,False,False
5713,2203964247944745296,220,8200,6569,5488,2000,1222,1176,4.392706019168994,4.381686465114077,13.001408194392809,12.422064766172813,True,False
5714,4203896956174379861,420,1527,1521,1333,2000,66,65,4.218219374347412,4.21640081824602,10.576484346796851,10.380461065088973,True,False
5715,1316700000000000000,132,1627,1601,1312,2000,124,123,4.351600277124812,4.35119381402688,10.667998535672528,10.357552004618084,True,False
5716,10606914781532820,1,62,39,39,39,39,39,5.285402218862248,5.285402218862248,5.954196310386875,5.285402218862249,False,False
5717,1830470534591698890,183,1321,1306,1129,2000,90,89,4.4325224131676855,4.431689675935365,10.367414751246828,10.140829770773001,True,False
5718,263322596468849983,26,563,548,500,2000,90,89,4.354129900679646,4.3530620740069805,9.13699111208023,8.965784284662087,True,False
5719,445962689364150000,45,538,533,508,2000,69,68,4.37599340558143,4.374410282002507,9.071462362556623,8.988684686772165,True,False
5720,788025000000000000,79,6322,4877,4246,2000,1026,997,4.467062085639032,4.456906177053769,12.626165319904498,12.051888655905378,True,False
5721,1366575000000000000,137,7598,6007,5066,2000,1213,1172,4.407212320595711,4.398775356964643,12.891403996665023,12.306631361712501,True,False
5722,3894738750000000000,389,646,574,523,2000,107,107,4.397711666287422,4.397711666287422,9.335390354693924,9.030667136246942,True,False
5723,4099451635597112637,410,8758,7268,5987,2000,1258,1213,5.167964841488831,5.162463208979482,13.096385734452651,12.547617554902802,True,False
5724,16898389760570403,2,2001,1015,1002,2000,955,945,6.548426797024297,6.538213108781228,10.966505451905741,9.968666793195208,True,False
5725,1531320349685395759,153,4080,3847,3270,2000,646,643,4.608954424186794,4.608206481030473,11.994353436858859,11.675074920385445,True,False
5726,428925000000000000,43,1793,1744,1497,2000,207,207,4.359330631193307,4.359330631193307,10.808159772868375,10.547858506058416,True,False
5727,37407834632953200,4,3351,1721,1617,2000,1032,1002,5.248113278983424,5.224817539398288,11.71037597120447,10.659103963473662,True,False
5728,17801039198875485000,1780,76,72,72,2000,52,52,5.4117321742671205,5.41173217426712,6.247927513443585,6.169925001442312,True,False
5729,9871454415977893677,987,3727,3666,2964,2000,169,168,4.683612477122,4.681235819702664,11.86379910372885,11.533329732305834,True,False
5730,9987980211684136645,999,3873,3810,3082,2000,174,172,4.383542884943694,4.380859100019464,11.919235786028347,11.589651146514786,True,False
5731,36579015726328437211,3658,4824,4760,3858,2000,201,198,5.302568401998396,5.300306414910625,12.236014191900084,11.913637428049103,True,False
5732,4948343028161725127,495,3477,3413,2748,2000,184,182,4.530691599474659,4.529490920085328,11.763627351727628,11.4241662888181,True,False
5733,2804282890034054213,280,6721,5614,4648,2000,1022,982,4.419230578661274,4.409823867225345,12.714460188456027,12.18239435340453,True,False
5734,10699553978801658674,1070,4585,4531,3640,2000,214,212,5.036172147300112,5.03561028952198,12.162706018482417,11.829722735086058,True,False
5735,15771349810018503194,1577,4772,4702,3773,2000,198,197,4.532631365539836,4.531707862384534,12.220378327695228,11.88149638481011,True,False
5736,57636206563932675755,5764,7366,6359,5132,2000,986,946,6.268293544281092,6.266036465103363,12.846665681899738,12.325305455089682,True,False
5737,90168460869425169,9,4363,2785,2567,2000,1220,1180,4.5505457628465855,4.535475962037695,12.091104758376499,11.325867580575418,True,False
5738,323177629393684298858,32318,6134,6030,4935,0,0,0,0.0,0.0,12.58261245126702,12.26883436934376,False,True
5739,100250626566416040,10,1028,961,871,2000,185,184,4.706647885655429,4.703645258356543,10.005624549193879,9.766528908598865,True,False
5740,4310776942355889723,431,3646,3579,2899,2000,188,187,4.439654797440196,4.438410758460307,11.832098846039134,11.501339618061397,True,False
5741,1503759398496240601,150,2800,2734,2236,2000,207,206,4.680995604941492,4.680303650484678,11.451211111832329,11.12670447284319,True,False
5742,4309781460542897686,431,3645,3581,2907,2000,209,208,4.754288068991362,4.753591249024302,11.8317030992143,11.505315356136236,True,False
5743,21553884711779448621,2155,4879,4816,3888,2000,279,279,5.121189914032078,5.121189914032078,12.252369767926027,11.92481250360578,True,False
5744,2897973716893930,0,631,0,0,0,0,0,0.0,0.0,9.30149619498255,0,False,True
5745,1503759398496240,0,91,0,0,0,0,0,0.0,0.0,6.507794640198696,0,False,True
5746,3129040089388181603,313,7947,6407,5376,2000,978,949,4.692881330624498,4.68834106351779,12.956194629090778,12.39231742277876,True,False
5747,259980967548851140906,25998,10067,8438,6938,0,0,0,0.0,0.0,13.297346198946718,12.760304125286382,False,True
5748,9555494035395000,1,1109,341,336,341,341,336,8.413627929024173,8.378437313188396,10.11504365016171,8.39231742277876,False,False
5749,871457235798349816,87,831,824,755,2000,85,83,4.333327934519205,4.331695654607041,9.698704666770345,9.560332834212442,True,False
5750,15537608811332031404,1554,6093,5256,4257,2000,815,783,5.478156925634302,5.473663989933231,12.572937025017309,12.055621374781708,True,False
5751,6414325180617388,1,1292,243,239,243,243,239,7.924812503605784,7.883660240231297,10.335390354693924,7.900866807980749,False,False
5752,2294250000000000000,229,4975,4647,3904,2000,739,735,4.783024726016853,4.782389695370221,12.280480810318373,11.930737337562887,True,False
5753,10025062656641604,1,2334,903,873,903,903,873,9.81858217748086,9.745631675840851,11.188588845707349,9.76983784362944,False,False
5754,996270467568301957,100,2451,2397,1970,2000,203,201,4.580946046550207,4.579982810179296,11.25915476886684,10.943979914343739,True,False
5755,997346499712500000,100,7120,5629,4794,2000,1254,1209,4.9226989205916025,4.915223534788579,12.79766152585376,12.227014193649133,True,False
5756,1971649157190287,0,388,0,0,0,0,0,0.0,0.0,8.599912842187127,0,False,True
5757,1546125000000000000,155,5162,4500,3797,2000,785,779,4.831801519849903,4.830936534120176,12.33371442609397,11.890644283619089,True,False
5758,1440319907884431099,144,5331,4528,3866,2000,829,820,4.435509643843175,4.433124049266219,12.380190466749834,11.916625922211235,True,False
5759,1116932373258396,0,332,0,0,0,0,0,0.0,0.0,8.375039431346925,0,False,True
5760,9342585000000000000,934,4112,4044,3237,2000,195,193,4.7708228117430185,4.769955860163944,12.005624549193879,11.660441650209172,True,False
5761,159600000000000000,16,1180,1112,1005,2000,192,191,4.356368094191991,4.354795879513224,10.204571144249204,9.972979786066292,True,False
5762,349125000000000000,35,1667,1600,1381,2000,193,192,4.571518861250315,4.569232909463117,10.703038388986418,10.43149760425805,True,False
5763,279300000000000000,28,1536,1469,1288,2000,190,189,4.711427993330779,4.70867627350589,10.584962500721156,10.330916878114618,True,False
5764,349125000000000000,35,1643,1577,1361,2000,195,194,4.418074253680715,4.416211267822471,10.682116764950074,10.410451351503994,True,False
5765,49875000000000000,5,578,512,490,2000,191,190,4.838544826867821,4.835659959309467,9.174925682500678,8.936637939002571,True,False
5766,3091521826418822425,309,3413,3349,2726,2000,203,202,4.677447539525105,4.6767599320864415,11.736824699098866,11.41256984680521,True,False
5767,4378518214269189192,438,8828,7197,5946,2000,1224,1179,4.557330786412574,4.550798152895959,13.107870914279614,12.537703747907644,True,False
5768,27095783023316333970,2710,2470,2463,2035,2000,87,86,4.632538869165442,4.631629784275009,11.27029532647204,10.99081307915361,True,False
5769,1396500000000000000,140,7761,6219,5256,2000,1210,1170,4.392268363770504,4.382519612563206,12.922026839405897,12.35974956032233,True,False
5770,9975000000000000,1,1440,444,431,444,444,431,8.794415866350107,8.729652606210099,10.491853096329674,8.751544059089099,False,False
5771,55710540725420464,6,1120,963,943,2000,464,462,4.52999196158844,4.528099993134585,10.129283016944967,9.881113960675096,True,False
5772,76070143184029941,8,1549,1335,1293,2000,612,610,5.250023707160175,5.248256141981209,10.597121428789569,10.336506559810255,True,False
5773,45719413017049016,5,547,479,459,2000,188,187,4.770690312519505,4.767618509114923,9.095397022792557,8.842350343413807,True,False
5774,41788912370589208,4,2665,1668,1555,2000,917,881,5.3006049043096315,5.2722527890266235,11.379919817646538,10.602698865017965,True,False
5775,6121900949659930999,612,8496,7040,5841,2000,1026,996,4.732757829170074,4.728247569115446,13.052568050804153,12.511999669441451,True,False
5776,962736906945293811,96,2372,2318,1920,2000,205,203,4.72485795439345,4.724064725912682,11.211888294546004,10.906890595608518,True,False
5777,5789917107179054,1,183,36,36,36,36,36,5.169925001442311,5.169925001442311,7.515699838284043,5.169925001442312,False,False
5778,1507845929359452,0,61,0,0,0,0,0,0.0,0.0,5.930737337562887,0,False,True
5779,1157036002643359,0,37,0,0,0,0,0,0.0,0.0,5.20945336562895,0,False,True
5780,7431375000000000000,743,2046,2033,1697,2000,94,92,4.771391071737314,4.770603691243566,10.99859042974533,10.728770849542663,True,False
5781,11232076122548847324,1123,9482,7965,6474,2000,1252,1213,5.270833418895473,5.268290697592519,13.210975677726395,12.660441650209172,True,False
5782,6925642500000000000,693,3995,3929,3154,2000,200,199,4.494399845976547,4.493475864456179,11.963979787815338,11.62296694479051,True,False
5783,153650135600820484155,15365,5636,5576,4509,0,0,0,0.0,0.0,12.460455896309636,12.13859179463752,False,True
5784,15326814912731278883,1533,4787,4728,3819,2000,213,211,4.780270510206353,4.779316960757239,12.224906090719767,11.898979204622513,True,False
5785,6191244783647834560,619,7674,6620,5569,2000,977,963,4.598930279711008,4.595378379650414,12.905763049602793,12.443202577297011,True,False
5786,13167243487833951549,1317,8357,7246,6057,2000,975,959,4.9058331764250855,4.90137412711312,13.028769420523412,12.564387696052629,True,False
5787,4843860000000000000,484,3117,3058,2485,2000,155,154,4.478639710219577,4.475458488458508,11.605942439625368,11.279030136449649,True,False
5788,237562736820536958,24,5644,4005,3554,2000,1224,1177,4.3994994032950245,4.3867497158049265,12.462502272597265,11.795227966028678,True,False
5789,395215729772771574,40,4045,3218,2876,2000,844,833,4.578804485464002,4.5753996122424585,11.981923987317339,11.489847960439297,True,False
5790,2583383426757391165,258,7475,6242,5165,2000,1128,1085,4.626840966055906,4.61638327540462,12.86785786397283,12.334552633752422,True,False
5791,1810698128730590,0,392,0,0,0,0,0,0.0,0.0,8.614709844115207,0,False,True
5792,4841034523622159314,484,5226,4950,4150,2000,697,693,4.520782891525406,4.518382891525405,12.35149140932002,12.018895621121649,True,False
5793,1847419338538508,0,26,0,0,0,0,0,0.0,0.0,4.700439718141092,0,False,True
5794,56119350000000000000,5612,6921,6615,5452,2000,759,753,5.981559995491997,5.980762305607415,12.756764789404139,12.41256984680521,True,False
5795,1995000000000000000,200,4137,3482,2934,2000,648,628,4.435021786634554,4.425869357032082,12.014369242235137,11.51865315567339,True,False
5796,24623642228238795000,2462,5414,4701,3800,2000,723,698,5.560041991510489,5.556137900187576,12.402479172214964,11.89178370321831,True,False
5797,2843589877755517,0,651,0,0,0,0,0,0.0,0.0,9.346513733165635,0,False,True
5798,59446773235321714344,5945,4676,4617,3760,2000,177,175,5.228191492368385,5.224751867988219,12.191059214531656,11.876516946565,True,False
5799,4396892406857648550,440,1820,1813,1546,2000,87,86,4.417081118085433,4.416386655125939,10.829722735086058,10.594324603924848,True,False
5800,3325338130170234787,333,8518,7031,5799,2000,1256,1211,4.574651197585967,4.566994949238838,13.056299014550337,12.501588422932391,True,False
5801,3307848453804165807,331,8490,7025,5789,2000,1253,1210,5.089900238947112,5.086555071327789,13.0515488384404,12.49909844122888,True,False
5802,74655671632343923,7,778,722,673,2000,192,191,5.19742053116681,5.193750806396167,9.603626344986193,9.394462694610317,True,False
5803,14762012885107482,1,997,500,485,500,500,485,8.965784284662087,8.898565003713212,9.961449694398196,8.92184093707449,False,False
5804,14955989727445869650,1496,6812,6170,5084,2000,792,786,5.508920300905161,5.508130717342202,12.733862719678543,12.311748315004959,True,False
5805,634940528195400000,63,730,724,663,2000,87,86,4.645183847848213,4.644540018236514,9.51175265376738,9.372865060112588,True,False
5806,1054198424499516131,105,4213,3913,3334,2000,715,710,4.423270845801747,4.4206118928266775,12.040632200562253,11.703038388986418,True,False
5807,1948164943837350,0,400,0,0,0,0,0,0.0,0.0,8.643856189774725,0,False,True
5808,484763035800120000,48,38,34,34,2000,27,27,4.264525552385192,4.264525552385191,5.247927513443585,5.087462841250339,True,False
5809,9975000000000000,1,1305,439,438,439,439,438,8.778077129535355,8.773521320879318,10.349834091457247,8.774787059601174,False,False
5810,20072165764099593570,2007,4926,4858,3920,2000,206,205,4.952101436517157,4.951579362936624,12.266200912498961,11.936637939002571,True,False
5811,4026033026140129737826,402603,10632,9090,7409,0,0,0,0.0,0.0,13.376125389276174,12.855063118367624,False,True
5812,215917318814990914,22,5534,3938,3490,2000,1214,1172,4.549568127298802,4.533458768905822,12.434106928609955,11.769011321097015,True,False
5813,163090656992257942,16,1185,1116,1012,2000,188,187,4.528646471880955,4.526405004738825,10.210671343785622,9.98299357469431,True,False
5814,151643526674908590,15,1163,1096,996,2000,190,189,4.490785935453094,4.48858483490282,10.183635381473218,9.960001932068081,True,False
5815,99379095957019423242,9938,9383,8117,6527,2000,1199,1154,5.96027198600177,5.957398168969185,13.195833549955587,12.672204323964033,True,False
5816,70721755440412504743,7072,4372,4328,3519,2000,142,141,4.724853638825518,4.724793175677805,12.094077685671905,11.780949798749665,True,False
5817,44787750000000000000,4479,4245,4200,3416,2000,154,152,5.262174100987775,5.2617715591241865,12.0515488384404,11.73809225962049,True,False
5818,44388750000000000000,4439,5274,5207,4212,2000,202,201,4.866886551468082,4.8662811329725475,12.36468185586456,12.040289721025717,True,False
5819,210346030612874801,21,2352,2123,1951,2000,631,628,4.4331024233974,4.43143450579253,11.199672344836364,10.929998062609027,True,False
5820,4480958140209856547,448,2156,2138,1754,2000,110,109,4.439221369878468,4.438502042540593,11.074141462752506,10.776433032444734,True,False
5821,900208723124676,0,241,0,0,0,0,0,0.0,0.0,7.912889336229962,0,False,True
5822,2124675000000000000,212,4561,4293,3633,2000,670,666,4.502140596914643,4.500209186720451,12.155134454857755,11.826945650415485,True,False
5823,8294212500000000000,829,4296,4241,3398,2000,211,210,4.7244922305248656,4.7238448861082105,12.068778277985412,11.73047013718422,True,False
5824,5162467209499697,1,860,132,130,132,132,130,7.0443941193584525,7.008372244342063,9.74819284958946,7.022367813028454,False,False
5825,69912426797420033,7,3692,2276,2140,2000,1015,987,4.545311266411464,4.527406512198199,11.850186837645774,11.06339508128851,True,False
5826,45440429171606064822,4544,2549,2541,2092,2000,107,106,5.045143236132862,5.044848074523498,11.315715658022201,11.030667136246942,True,False
5827,369013983866872,0,11,0,0,0,0,0,0.0,0.0,3.4594316186372973,0,False,True
5828,5498057996591228260,550,8080,6845,5714,2000,995,975,4.42439059839368,4.419988643392815,12.980139577639157,12.480285320936371,True,False
5829,6981602832696487601,698,8445,7184,5845,2000,1169,1125,5.106969671386403,5.09972922992783,13.043881707688747,12.51298730941902,True,False
5830,8857800000000000000,886,7692,6724,5652,2000,961,950,4.94423290247632,4.9428505444581905,12.909143047339898,12.46454575033394,True,False
5831,56884124827102020,6,1408,974,909,2000,445,434,4.7559297791168555,4.74188977274261,10.459431618637296,9.828136484194108,True,False
5832,10869750738094526161,1087,8077,7033,5897,2000,985,971,5.087396043276081,5.075872227677113,12.97960382407446,12.525765478821915,True,False
5833,6019469369553519,1,763,146,146,146,146,146,7.189824558880018,7.189824558880018,9.57553924683453,7.189824558880018,False,False
5834,997500000000000000,100,897,889,805,2000,85,83,4.270700751188781,4.268967753735117,9.80896417491926,9.65284497300198,True,False
5835,29974875000000000000,2997,7367,6604,5422,2000,799,793,4.881748947024099,4.880962217301969,12.846861527286707,12.404609397837712,True,False
5836,121376563798214324005,12138,9630,8342,6720,0,0,0,0.0,0.0,13.233320082730822,12.714245517666123,False,True
5837,2141638435134975000,214,743,649,591,2000,117,117,4.411630804034168,4.411630804034168,9.537218400538595,9.207014320177532,True,False
5838,108758084735667838,11,295,288,278,2000,63,62,4.537820518614028,4.5354144344055936,8.204571144249204,8.118941072723507,True,False
5839,3007518796992481203,301,3430,3359,2697,2000,193,192,4.412061366913946,4.410850224402845,11.743992861060175,11.397139806235604,True,False
5840,1995000000000000000,200,2982,2913,2345,2000,195,194,4.493006681796166,4.491998955897611,11.542064542283443,11.19537220740274,True,False
5841,10025062656641604010,1003,4404,4338,3491,2000,203,202,4.648869803288385,4.648112879152825,12.10459875356437,11.769424641552753,True,False
5842,39846507373056024,4,2155,1351,1264,2000,763,736,5.2817068802246006,5.255614874845578,11.07347215397646,10.303780748177102,True,False
5843,40622506572043003,4,1618,1051,980,2000,567,550,5.272863181399606,5.2509772210552805,10.659995892429977,9.936637939002571,True,False
5844,9092744153447821,1,2021,438,429,438,438,429,8.774787059601174,8.729124959144553,10.980853606379736,8.744833837499545,False,False
5845,4987500000000000,0,1590,0,0,0,0,0,0.0,0.0,10.634811050171718,0,False,True
5846,23099317950616407,2,341,302,301,2000,204,204,6.441309961648063,6.441309961648064,8.413627929024173,8.233619676759702,True,False
5847,498750000000000000,50,5114,3999,3481,2000,1026,986,4.437465687681764,4.4249649726634885,12.32023644524165,11.765286098723683,True,False
5848,320609813377739,0,63,0,0,0,0,0,0.0,0.0,5.977279923499917,0,False,True
5849,3420604870292209570,342,8691,7151,5965,2000,1207,1167,4.556415602801408,4.55033921450506,13.08530646999156,12.542306422582591,True,False
5850,27003705096334360341,2700,2485,2472,2038,2000,79,78,4.561940631845182,4.56107619552159,11.279030136449649,10.992938336165814,True,False
5851,514598748504935507,51,3779,3338,2926,2000,755,750,4.428731795093926,4.427346181235313,11.88378880325996,11.514714054138487,True,False
5852,6122105284568410278,612,9151,7563,6209,2000,1217,1175,4.435609135305882,4.427492200484501,13.159713691032628,12.600145216358667,True,False
5853,10972500000000000000,1097,1705,1701,1504,2000,69,66,4.553364427045974,4.5269509252124,10.735556023911535,10.554588851677638,True,False
5854,19950000000000000000,1995,8596,7470,6242,2000,985,969,5.2034370292075165,5.2020483263083115,13.069449767427784,12.607792641919211,True,False
5855,58852500000000000000,5885,9410,8133,6714,2000,1033,1006,5.596803112181865,5.593754865866095,13.1999790076159,12.71295682169755,True,False
5856,74399975728341583499,7440,9277,8016,6446,2000,1203,1159,6.153240681441276,6.150870996017322,13.179442626129568,12.654188473059545,True,False
5857,25935000000000000,3,3380,1751,1658,2000,1214,1169,5.298157129897574,5.261212150292694,11.722807531169547,10.69522829149575,True,False
5858,1953634177465089,0,1014,0,0,0,0,0,0.0,0.0,9.985841937003341,0,False,True
5859,3034690935210485,0,1392,0,0,0,0,0,0.0,0.0,10.442943495848729,0,False,True
5860,3361579142097927,0,628,0,0,0,0,0,0.0,0.0,9.294620748891626,0,False,True
5861,58984895821441954,6,862,614,577,2000,297,292,4.728112900319189,4.719355237364104,9.751544059089099,9.172427508645482,True,False
5862,14626475420565830,1,2091,994,956,994,994,956,9.957102041562285,9.874240343396691,11.029977346589579,9.900866807980748,False,False
5863,6869212378000113623,687,2835,2807,2293,2000,118,117,4.926402074460793,4.916841072056498,11.469133019829592,11.163020639580793,True,False
5864,257230378785628456,26,1485,1439,1257,2000,197,197,4.392403984681132,4.392403984681131,10.536247215688128,10.295768934420508,True,False
5865,1002506265664160,0,78,0,0,0,0,0,0.0,0.0,6.285402218862249,0,False,True
5866,337701271623043249217,33770,6684,6480,5358,0,0,0,0.0,0.0,12.706496018061188,12.387478865842379,False,True
5867,604357688805655266,60,5575,4428,3807,2000,1053,1013,4.442982903073526,4.430596100735249,12.44475608969503,11.894438854562262,True,False
5868,1002506265664160401,100,2507,2439,1959,2000,187,186,4.403552925884371,4.402252080334764,11.291746280833939,10.935901682267588,True,False
5869,149625000000000000,15,3634,2696,2509,2000,934,923,4.406835755915426,4.404343548282786,11.827342704234116,11.292896755409172,True,False
5870,3192000000000000000,319,1473,1461,1205,2000,66,66,4.201584495892077,4.201584495892076,10.524541715035848,10.234817431117325,True,False
5871,217919246366071435,22,2250,1739,1551,2000,537,521,4.563697551027822,4.552509971761182,11.1357092861044,10.59898297103609,True,False
5872,149625000000000000,15,198,194,192,2000,52,52,4.495668736492568,4.495668736492567,7.6293566200796095,7.584962500721156,True,False
5873,748628118071455533,75,4437,3577,3085,2000,825,792,4.533548312919722,4.525084669424204,12.115368837820224,11.591054774036781,True,False
5874,5333583271877504,1,1042,215,215,215,215,215,7.748192849589463,7.748192849589463,10.025139562278508,7.7481928495894605,False,False
5875,518450625000000,0,160,0,0,0,0,0,0.0,0.0,7.321928094887363,0,False,True
5876,34563375000000,0,15,0,0,0,0,0,0.0,0.0,3.9068905956085187,0,False,True
5877,7979225254519094258,798,8742,7290,6045,2000,1075,1043,4.82760740293639,4.822461168524406,13.093747662785669,12.561526624136485,True,False
5878,1430518970609772703,143,1103,1092,950,2000,80,79,4.325871984255385,4.325135977880681,10.107217075591382,9.89178370321831,True,False
5879,2193751465021410315,219,1277,1264,1081,2000,75,74,4.449059598199987,4.447676522521656,10.318542809702723,10.07815080773465,True,False
5880,12981786588033469437,1298,8175,6990,5646,2000,1092,1050,5.163322111114175,5.157834342617004,12.997003015272806,12.463013413449692,True,False
5881,496684605195677808,50,5590,4197,3686,2000,1010,984,4.742418826411107,4.727756030241771,12.448632567730552,11.847840355630714,True,False
5882,40100250626566416,4,906,627,596,2000,346,340,5.230245373103904,5.21823536476362,9.823367240046235,9.219168520462162,True,False
5883,1408259244679743686,141,6977,5627,4793,2000,1009,983,4.387822744158503,4.381308389660383,12.768391118304248,12.226713224618962,True,False
5884,73991446195357721790,7399,10395,8855,7214,2000,1224,1184,5.128535178996435,5.1255355632403425,13.343602137745732,12.81658370778757,True,False
5885,50837791384031271280,5084,4188,4153,3384,2000,134,132,5.071350824413285,5.071102839638824,12.032045726930809,11.72451385311995,True,False
5886,54840752959667617814,5484,4246,4208,3427,2000,150,148,5.463232937991138,5.463065479774078,12.051888655905378,11.742730476519174,True,False
5887,29890124103189069234,2989,3969,3932,3200,2000,137,137,4.942812280221012,4.942812280221012,11.954559846999834,11.643856189774725,True,False
5888,56149144302833244647,5615,5067,5003,4055,2000,188,186,4.681365664232816,4.680380311509498,12.306916113522542,11.985486199104635,True,False
5889,21643749846042899955,2164,9896,8399,6877,2000,1215,1172,5.683735685347555,5.680487126364323,13.27262978497637,12.747563630255119,True,False
5890,1898242500000000000,190,7869,6407,5356,2000,1241,1198,4.409428045285308,4.400203035923875,12.94196459298614,12.386940245324311,True,False
5891,433906132737354,0,282,0,0,0,0,0,0.0,0.0,8.139551352398794,0,False,True
5892,34048467722096961094,3405,5091,5031,4060,2000,257,257,4.682300631200468,4.6823006312004685,12.313733350263819,11.987264012072538,True,False
5893,2761270524226148,0,197,0,0,0,0,0,0.0,0.0,7.622051819456376,0,False,True
5894,399000000000000,0,130,0,0,0,0,0,0.0,0.0,7.022367813028454,0,False,True
5895,2034900000000000000,203,1652,1636,1378,2000,112,111,4.490301049672721,4.489750627815316,10.689997971419446,10.428360172704291,True,False
5896,1000000000000000,0,655,0,0,0,0,0,0.0,0.0,9.355351096424812,0,False,True
5897,788025000000000000,79,4302,3695,3201,2000,766,760,4.508313540851586,4.50595642592819,12.070791809423062,11.644306961545581,True,False
5898,57990123817553792,6,4047,2574,2368,2000,1241,1198,4.553886332938389,4.537380358702726,11.982637133669424,11.20945336562895,True,False
5899,3218045112781954887,322,4986,4230,3510,2000,740,713,4.5250612863879764,4.516979931621663,12.283667167491501,11.777255315191923,True,False
5900,294261728249061879,29,1553,1485,1245,2000,189,188,4.41195234920349,4.410640410561852,10.600842114387302,10.281930026955443,True,False
5901,42888830902548123,4,3719,2204,2048,2000,1232,1193,4.788296504141751,4.769843914878751,11.860699032611988,11.0,True,False
5902,26932500000000000,3,1766,1055,1000,2000,688,665,6.180934358116184,6.149715391639862,10.786269627648466,9.965784284662087,True,False
5903,180528456528000000,18,438,430,411,2000,85,84,4.4638510139956775,4.4627439844824535,8.774787059601174,8.682994583681683,True,False
5904,448497759860010000,45,1260,1033,922,2000,275,269,4.367981801612224,4.358313005669763,10.29920801838728,9.848622940429339,True,False
5905,26036545500000000000,2604,9929,8348,6793,2000,1246,1204,5.712571321141024,5.710337705088909,13.277432708590055,12.729833138848363,True,False
5906,309225000000000000000,30923,3551,3535,2931,0,0,0,0.0,0.0,11.79400964502097,11.51717725268954,False,True
5907,306671400000000000000,30667,3724,3705,3044,0,0,0,0.0,0.0,11.862637357558794,11.571752643503546,False,True
5908,91371000000000000,9,855,789,730,2000,193,192,4.529393538763692,4.527150929181632,9.73978060977326,9.51175265376738,True,False
5909,276731177745903796,28,1512,1445,1253,2000,182,181,4.702729830955517,4.6997275792667494,10.562242424221072,10.29117069932186,True,False
5910,518678253402337593,52,4267,3462,3058,2000,827,818,4.407179171224314,4.40452849585654,12.059006395201111,11.578372691360805,True,False
5911,228658483130797319451,22866,7813,7048,5801,0,0,0,0.0,0.0,12.931660898852277,12.502085903985904,False,True
5912,9823289759294525147,982,7371,6291,5107,2000,1018,977,5.236624759545492,5.231438744846733,12.84764464308332,12.318260343712415,True,False
5913,1662503325000000,0,15,0,0,0,0,0,0.0,0.0,3.9068905956085187,0,False,True
5914,19950000000000000,2,595,472,469,2000,421,419,6.489393885900437,6.484393885900436,9.216745858195306,8.873444112515376,True,False
5915,244317675000000000000,24432,5790,5710,4642,0,0,0,0.0,0.0,12.4993476328766,12.180530807344482,False,True
5916,40859234867977724445,4086,7379,6613,5454,2000,805,799,5.007075053700874,5.006404298201478,12.849209600569264,12.413098984915264,True,False
5917,43228291623610632,4,545,491,471,2000,198,196,4.774800286350537,4.764159600250242,9.090112419664289,8.879583249612784,True,False
5918,595304220727580700000,59530,1627,1622,1397,0,0,0,0.0,0.0,10.667998535672528,10.448116305409464,False,True
5919,1654320543457363078,165,1152,1139,991,2000,79,78,4.308711871079011,4.30756547044484,10.169925001442312,9.952741247186488,True,False
5920,4987500000000000000,499,2535,2509,2050,2000,142,141,4.777077612210514,4.77688209179837,11.307770031890703,11.001408194392809,True,False
5921,4867706178501600000,487,1818,1812,1537,2000,85,84,4.394707464759686,4.394036787421363,10.828136484194108,10.585901449690772,True,False
5922,5249607228401455480,525,528,526,479,2000,55,55,4.747452808993901,4.7474528089939,9.044394119358454,8.90388184573618,True,False
5923,18528726251026797,2,18,11,11,31,11,11,3.218034987747844,3.218034987747844,4.169925001442312,3.4594316186372973,False,False
5924,99750000000000000,10,3929,2706,2465,2000,1110,1070,5.713807212320762,5.685511272116537,11.939946452458686,11.267371931265274,True,False
5925,19950000000000000,2,2755,1157,1115,2000,1003,974,6.481039121235531,6.446284233733367,11.42783660345852,10.122827994807666,True,False
5926,19950000000000000,2,2848,1205,1162,2000,1046,1017,6.502967319536422,6.4693016054871375,11.475733430966399,10.18239435340453,True,False
5927,28927500000000000,3,3166,1551,1476,2000,1058,1028,5.2576232587794856,5.234922080609165,11.62844554013718,10.527477006060396,True,False
5928,69825000000000000,7,3867,2273,2100,2000,1067,1036,4.421521032658442,4.4098511076569995,11.916999049082808,11.036173612553485,True,False
5929,100896589271616881,10,4561,3076,2803,2000,1182,1141,4.43747001030614,4.422471408130972,12.155134454857755,11.452756029032495,True,False
5930,255083821154213276,26,1298,1041,935,2000,318,312,4.37348942922554,4.367704789986128,10.342074667999139,9.868822554774999,True,False
5931,25672514546678190,3,2869,1461,1400,2000,1009,982,5.240645634979922,5.218511008038114,11.486332252768664,10.451211111832329,True,False
5932,299250000000000,0,0,0,0,0,0,0,0.0,0.0,0,0,False,True
5933,1496250000000000,0,576,0,0,0,0,0,0.0,0.0,9.169925001442312,0,False,True
5934,9975000000000000,1,1967,597,583,597,597,583,9.221587121264804,9.170071396805568,10.94178124227853,9.187352073200497,False,False
5935,18639878084495218,2,2313,1191,1142,2000,1025,987,6.492972497467397,6.451779935338565,11.175549550636191,10.157346935362844,True,False
5936,2755871099101014,0,1204,0,0,0,0,0,0.0,0.0,10.233619676759702,0,False,True
5937,14194462579675350000,1419,2417,2402,2014,2000,92,91,4.768354814279434,4.7676719337523075,11.239001757765582,10.975847968006784,True,False
5938,2769881856528245701,277,4060,3897,3280,2000,495,492,4.394855570480633,4.3919246972536365,11.987264012072538,11.679480099505446,True,False
5939,3892111005349988743,389,5083,4806,4031,2000,710,705,4.886442393315551,4.8849536325557406,12.311464515448444,11.97692206785108,True,False
5940,5107200000000000000,511,3824,3756,3031,2000,198,197,4.816965638404194,4.816333959718085,11.900866807980748,11.565578136784328,True,False
5941,99612575973043261,10,3783,2590,2360,2000,1078,1039,5.671074537641818,5.6427915187637865,11.885315061049376,11.204571144249204,True,False
5942,5981660517173592037,598,9151,7527,6187,2000,1238,1192,5.381843658532142,5.37886657921229,13.159713691032628,12.595024318613637,True,False
5943,372066424782700200,37,581,575,540,2000,87,86,4.26384132240992,4.262365368459017,9.18239435340453,9.076815597050832,True,False
5944,1044766443548418818,104,2614,2570,2119,2000,205,205,4.494258179771784,4.494258179771785,11.352043425795433,11.04916787237217,True,False
5945,977647134476809851,98,2422,2365,1965,2000,246,246,4.597001908858977,4.597001908858978,11.24198314969433,10.940313597145968,True,False
5946,3955955494047363,0,745,0,0,0,0,0,0.0,0.0,9.541096615349524,0,False,True
5947,462753978865606,0,190,0,0,0,0,0,0.0,0.0,7.569855608330948,0,False,True
5948,3944788740702005632,394,2205,2185,1775,2000,114,113,4.312648831494204,4.3120071266431745,11.106562940444883,10.793603309279407,True,False
5949,3874026717736066,0,1117,0,0,0,0,0,0.0,0.0,10.125413470483315,0,False,True
5950,7860234800440530208,786,6796,5787,4722,2000,950,910,5.009207912783239,5.002525715360253,12.73047013718422,12.205182326228643,True,False
5951,19200340562944084196,1920,6968,5981,4836,2000,941,903,5.6294024001880185,5.625744017104189,12.766528908598865,12.239598529249124,True,False
5952,1872294482727540575,187,4455,4178,3534,2000,709,705,4.734365639116552,4.733659216558124,12.121209716409284,11.787086324551616,True,False
5953,987525000000000000,99,7053,5469,4692,2000,1221,1180,4.6028461629478326,4.5967056926916765,12.784021324374178,12.19598729802851,True,False
4580,109725000000000000,11,2020,1773,1687,2000,659,656,4.788311407962807,4.786902370832672,10.980139577639157,10.720244258287567,True,False
4581,3843008400000000000,384,8310,6912,5798,2000,1129,1095,4.5073112312407915,4.501162849083043,13.020632761657707,12.501339618061397,True,False
4582,7955756679455242,1,1369,372,372,372,372,372,8.539158811108033,8.539158811108033,10.4189067312579,8.539158811108031,False,False
4583,3039023951860765845,304,1231,1227,1099,2000,68,66,4.2180166755924295,4.21540870776011,10.265615046484458,10.101975670949232,True,False
4584,3480362434809746358,348,1408,1402,1231,2000,76,75,4.852918011160635,4.852165650928158,10.459431618637296,10.265615046484458,True,False
4585,1598971570509628,0,802,0,0,0,0,0,0.0,0.0,9.64745842645492,0,False,True
4586,11222788769850000,1,1133,523,509,523,523,509,9.03066713624694,8.9733057595739,10.145932145820515,8.991521846075695,False,False
4587,121695000000000000,12,4959,3364,3042,2000,1213,1171,5.298923163119609,5.27206527983688,12.27583351001347,11.570804437724497,True,False
4588,54165412377128855,5,3081,2022,1871,2000,982,943,5.099081862615731,5.075101991329742,11.589182967039351,10.869593843240784,True,False
4589,8990199372821979,1,327,108,108,108,108,108,6.754887502163468,6.754887502163468,8.353146825498083,6.754887502163468,False,False
4590,842793784461152882,84,4679,3897,3395,2000,825,816,4.705760734586475,4.704194425299427,12.19198451336031,11.729195859132094,True,False
4591,350513399938104727,35,4899,3716,3300,2000,1004,985,4.7402699211114285,4.7300150336092655,12.258271576282851,11.688250309133178,True,False
4592,7172007652366781901,717,8576,7106,5900,2000,988,958,4.919912854722854,4.9164656239802245,13.066089190457772,12.526499239136566,True,False
4593,2320934533364663889,232,3199,3139,2558,2000,204,203,4.444596966938318,4.443596512186158,11.643405277115674,11.320800548881637,True,False
4594,7265951101042442209,727,3735,3671,2940,2000,186,184,4.7687971141385,4.7679303070874886,11.8668925276766,11.521600439723727,True,False
4595,298974012920940003,30,3233,2490,2204,2000,721,694,4.831248272195537,4.81345326000439,11.658657792126085,11.105908508571158,True,False
4596,35650246958227891645,3565,3862,3834,3136,2000,125,123,5.215067817659022,5.207019784108908,11.91513244895065,11.614709844115207,True,False
4597,171321734501675585,17,3377,2556,2372,2000,835,825,5.301083690020109,5.2921261339919985,11.721526464007477,11.211888294546004,True,False
4598,61083128194824469,6,3327,2199,2022,2000,1036,996,4.748303864010049,4.727115722560448,11.700006150882865,10.981567281903015,True,False
4599,7373607077444008,1,1891,388,381,388,388,381,8.599912842187129,8.558675728785067,10.884933647949762,8.573647187493322,False,False
4600,233841005541767083,23,5134,3537,3135,2000,1073,1042,4.548107152702617,4.541479012161632,12.325867580575418,11.614249727689401,True,False
4601,528675000000000000,53,2740,2233,1940,2000,532,515,4.444563160891326,4.43553295513019,11.419960177847889,10.92184093707449,True,False
4602,135338345864661654135,13534,9332,8157,6774,0,0,0,0.0,0.0,13.187970591984199,12.725792271494157,False,True
4603,41960521620123109,4,3541,2056,1915,2000,1185,1144,6.563446569179755,6.522972870180585,11.789941128390916,10.903128676812319,True,False
4604,100597875000000000000,10060,4357,4322,3519,0,0,0,0.0,0.0,12.089119397915168,11.780949798749665,False,True
4605,4096818228416635270,410,3765,3707,2986,2000,207,205,4.6294807351172125,4.625763928165956,11.87843414955929,11.543998450134541,True,False
4606,1754304400901611,0,377,0,0,0,0,0,0.0,0.0,8.558420713268664,0,False,True
4607,33245959532475161316,3325,4084,3588,2908,2000,521,504,4.738128734725127,4.732778235324342,11.995767150877802,11.505811553919594,True,False
4608,442391250000000000,44,4273,3420,3038,2000,866,856,4.436936565576158,4.434465614981702,12.061033601681112,11.568906154502084,True,False
4609,56658000000000000,6,685,619,589,2000,193,192,4.614629255052942,4.612298499676314,9.419960177847889,9.20212382383046,True,False
4610,9917288310915665249,992,2946,2920,2398,2000,145,144,4.848029841647335,4.847844958217012,11.524541715035848,11.227615943414223,True,False
4611,141645000000000000,14,5077,3469,3129,2000,1213,1167,4.549579396342729,4.530575296327681,12.309760544729622,11.611485943240922,True,False
4612,117231708340111098,12,1022,974,899,2000,190,190,5.196630804434901,5.196630804434902,9.997179480937621,9.812177305514448,True,False
4613,472470955674212040,47,1815,1748,1476,2000,188,187,4.386502476346278,4.384500474344277,10.825753832883112,10.527477006060396,True,False
4614,58459197583594220,6,3882,2393,2212,2000,1179,1138,5.183522371505902,5.157550993859261,11.922584402713664,11.111135670234708,True,False
4615,29925000000000000,3,1529,1117,1097,2000,745,740,6.298386262139736,6.2922476919260575,10.578372691360805,10.099347810403193,True,False
4616,3001826693914036190,300,5258,4905,4110,2000,737,731,4.54978864818756,4.546654546930966,12.360298426618046,12.004922678569045,True,False
4617,4456893860414734,0,330,0,0,0,0,0,0.0,0.0,8.366322214245816,0,False,True
4618,124139656068664813,12,3880,2773,2515,2000,1016,978,5.24451662522021,5.217061782561344,11.92184093707449,11.29634268469289,True,False
4619,50125313283208020,5,2351,1597,1556,2000,777,771,5.285863957929728,5.280719784376499,11.199058823653022,10.603626344986193,True,False
4620,9089265404975786,1,1054,318,313,318,318,313,8.312882955284355,8.275147106227752,10.041659151637214,8.290018846932618,False,False
4621,17343611601750000000,1734,7387,6549,5460,2000,884,872,5.5725010517192715,5.541395064634889,12.850772862313322,12.414685235807214,True,False
4622,11220529433264094,1,582,425,423,425,425,423,8.731319031025066,8.721907266319182,9.184875342908283,8.72451385311995,False,False
4623,21207111733269707925,2121,7016,6410,5263,2000,798,792,5.93595426264149,5.935388691777062,12.776433032444734,12.361669679492774,True,False
4624,23122050000000000000,2312,9293,7825,6428,2000,993,963,4.596383302888368,4.5912133802387425,13.181928692512578,12.650154213675094,True,False
4625,16731604261733304,2,2200,1113,1066,2000,1001,963,6.487870478196827,6.446667612775817,11.103287808412022,10.057991722759176,True,False
4626,30607288805787334565,3061,5278,5220,4182,2000,220,218,5.27331353406339,5.271334831192311,12.365775635326269,12.029977346589579,True,False
4627,1992243666116606823,199,3076,3022,2476,2000,212,210,4.817849054771217,4.817139316333473,11.586839787961827,11.273795599214264,True,False
4628,86283750000000000000,8628,3619,3600,2956,2000,141,140,5.539965666624706,5.539867553376647,11.82137539237254,11.52943055414615,True,False
4629,596265431187604757880,59627,1626,1621,1396,0,0,0,0.0,0.0,10.667111542075027,10.447083226209653,False,True
4630,282501705655026,0,79,0,0,0,0,0,0.0,0.0,6.303780748177103,0,False,True
4631,45130416985607612,5,3313,1765,1653,2000,977,948,5.270129866571832,5.246374979069669,11.693922488081014,10.690871009292314,True,False
4632,237553040196239859107,23755,9380,8208,6839,0,0,0,0.0,0.0,13.19537220740274,12.73956967402599,False,True
4633,488775000000000000,49,5632,4402,3819,2000,1120,1078,4.3881416717499,4.3748408529267255,12.459431618637296,11.898979204622513,True,False
4634,7094383079179937029,709,6782,5771,4711,2000,952,913,4.741754470111883,4.736078839571056,12.72749506902543,12.20181761666792,True,False
4635,44815708794949560391,4482,6392,5547,4477,2000,819,786,5.31266112599238,5.307459586090227,12.642051692927977,12.128316602903544,True,False
4636,2322206149936486640,232,7985,6626,5499,2000,1219,1175,4.4357481110930825,4.427285192044773,12.963076692298594,12.424953571261042,True,False
4637,34625521781655000,3,769,518,495,2000,302,297,5.6094115700678735,5.596653528454791,9.586839787961827,8.951284714966972,True,False
4638,29868532795233203,3,639,419,403,2000,264,259,5.548326884678959,5.533919608314045,9.319672120946995,8.654636028527968,True,False
4639,19451250000000000,2,294,164,162,2000,140,138,6.36514813293054,6.349884872182638,8.199672344836364,7.339850002884624,True,False
4640,16398592348178423,2,49,21,21,173,21,21,4.280583503268171,4.280583503268171,5.614709844115208,4.392317422778761,False,False
4641,3670730175000000000,367,8621,7129,5890,2000,1249,1205,4.650637294969501,4.641555460788463,13.07363951028323,12.524051918717824,True,False
4642,2700940742469199924,270,7724,6289,5297,2000,1032,1003,4.63873976241715,4.634304326235078,12.91513244895065,12.370959793297386,True,False
4643,53592250915762761,5,655,465,443,2000,227,223,4.7982246507646185,4.788716736476884,9.355351096424812,8.791162888555018,True,False
4644,30515661776198453,3,1380,881,831,2000,516,501,5.924715606627826,5.898358148787733,10.430452551665532,9.698704666770345,True,False
4645,3990000000000000000,399,3592,3522,2819,2000,198,197,4.486697865138277,4.485697239747408,11.810571634741146,11.460967762570421,True,False
4646,2727681710266800000,273,1418,1405,1199,2000,79,78,4.321166792767377,4.320156049883975,10.469641817239516,10.227615943414223,True,False
4647,2992500000000000,0,1161,0,0,0,0,0,0.0,0.0,10.181152256865566,0,False,True
4648,63583904700743227,6,2301,1569,1451,2000,710,686,4.754239436603603,4.735729699099136,11.16804526822409,10.502831804066744,True,False
4649,27780375000000000000,2778,7920,6819,5497,2000,1054,1013,5.759674663249961,5.75640238933525,12.951284714966972,12.424428764037762,True,False
4650,7630875000000000000,763,6812,5801,4734,2000,960,920,5.206129419259808,5.200494514410368,12.733862719678543,12.208843990734614,True,False
4651,9845325000000000000,985,6153,5282,4302,2000,849,815,5.314736210550187,5.309755781277399,12.587074277201008,12.070791809423062,True,False
4652,3017346080658007526,302,3447,3379,2735,2000,198,197,4.385921931054122,4.384450714863009,11.75112558336727,11.417325117679919,True,False
4653,191425090051050685226,19143,5536,5468,4436,0,0,0,0.0,0.0,12.434628227636725,12.11504365016171,False,True
4654,13007261260720710,1,2447,910,883,910,910,883,9.82972273508606,9.759485210953208,11.25679838607939,9.786269627648466,False,False
4655,3979949874686716791,398,3601,3556,2887,2000,213,213,4.588446112880893,4.5884461128808915,11.81418188419028,11.495355392235982,True,False
4656,4028089823135378804,403,3888,3802,3145,2000,334,333,4.658657230037093,4.656772932727725,11.92481250360578,11.618844301766652,True,False
4657,93650070620943192,9,3261,2270,2156,2000,964,954,4.392141860277559,4.389284309198834,11.671098725748465,11.074141462752506,True,False
4658,8500000000000000000,850,4146,4079,3242,2000,194,192,4.552210256575858,4.550807046747845,12.017504401109415,11.662668375517542,True,False
4659,50000000000000000,5,128,92,90,2000,62,62,4.523786410201619,4.523786410201619,7.0,6.491853096329675,True,False
4660,1819018933586329,0,381,0,0,0,0,0,0.0,0.0,8.573647187493322,0,False,True
4661,23541000000000000000,2354,4910,4869,3891,2000,213,213,4.490546203333676,4.490546203333677,12.261507309202056,11.925925264972856,True,False
4662,1276800000000000000,128,2825,2754,2298,2000,278,278,4.651988567812655,4.651988567812655,11.464035152189913,11.166163082646113,True,False
4663,17027441246489186718,1703,4707,4650,3742,2000,267,267,5.862644014328042,5.862644014328041,12.200592137689254,11.869593843240784,True,False
4664,6944700782298292,1,1346,268,264,268,268,264,8.066089190457772,8.02877575762195,10.394462694610317,8.044394119358454,False,False
4665,4611165413671574,0,636,0,0,0,0,0,0.0,0.0,9.312882955284355,0,False,True
4666,1108781439764803423,111,975,968,850,2000,78,77,4.275313706747618,4.274075992385266,9.929258408636972,9.731319031025064,True,False
4667,910937454671999347,91,5354,4457,3899,2000,924,912,5.089773921573107,5.087965288208603,12.386401423640777,11.928888439397635,True,False
4668,20019457525072864947,2002,9223,7685,6321,2000,983,953,4.963264946345431,4.959467631377358,13.171020382511934,12.625937099538463,True,False
4669,38447715139963819965,3845,9509,8073,6656,2000,1044,1015,5.083031910172181,5.080370364555273,13.215077914822828,12.700439718141093,True,False
4670,2881951210697788446,288,1938,1687,1455,2000,312,306,4.549617080266013,4.544840864077453,10.92035285541508,10.506803437795647,True,False
4671,1085881213798500000,109,946,933,818,2000,77,76,4.364059724795326,4.363137494599767,9.885696373339394,9.67595703294175,True,False
4672,7341600000000000000,734,5902,5056,4131,2000,815,782,4.877838483199897,4.870091177125918,12.526988205432007,12.01227534485612,True,False
4673,7238095238095238095,724,8356,7069,5886,2000,1019,993,4.732339288805591,4.72889041145725,13.028596777067108,12.523071826940395,True,False
4674,42117944608606906,4,3042,1893,1755,2000,1049,1009,5.254380797443057,5.226331642565176,11.570804437724497,10.777255315191923,True,False
4675,39900000000000000,4,2174,1364,1275,2000,770,742,5.2842400102352025,5.257746675310387,11.086136225027309,10.31628153174622,True,False
4676,11755933898234616,1,1412,648,623,648,648,623,9.339850002884624,9.25286770662444,10.46352437327118,9.283088353024002,False,False
4677,3990000000000000,0,624,0,0,0,0,0,0.0,0.0,9.285402218862249,0,False,True
4678,996471161465562286,100,1082,916,824,2000,210,206,4.488720791534941,4.485095863973585,10.079484783826816,9.686500527183219,True,False
4679,228213303163176268453,22821,6286,6130,5051,0,0,0,0.0,0.0,12.617926556798752,12.302353326431202,False,True
4680,9463002350575795859,946,8903,7303,6056,2000,1014,984,4.590289185232299,4.584564828596779,13.120075840497751,12.564149489985732,True,False
4681,599552660861805222,60,706,699,640,2000,80,79,4.25891830368661,4.257996270576441,9.46352437327118,9.321928094887362,True,False
4682,15254941442656741,2,2859,1269,1224,2000,1205,1165,6.567006406094817,6.52883567152279,11.481294904631097,10.257387842692651,True,False
4683,4666106036865542216,467,8201,6691,5586,2000,983,954,5.0472550761162465,5.0442104482575045,13.00158412208535,12.44759985827995,True,False
4684,921270087542175000,92,3639,2985,2578,2000,649,629,4.399080100390984,4.390237028986971,11.829326335841666,11.332036548361652,True,False
4685,1222314765299218877,122,2647,2583,2137,2000,195,194,4.39043848147046,4.388604383929818,11.3701424794954,11.061371192659811,True,False
4686,14947189373593388965,1495,4481,3914,3175,2000,598,579,5.376442991668657,5.371915569490177,12.129605011152504,11.63254087654689,True,False
4687,2687216745637331771,269,3259,3191,2602,2000,190,189,4.372820617344401,4.371486839418427,11.670213636738564,11.345405246717796,True,False
4688,2331559039187662574,233,8147,6558,5482,2000,1222,1180,4.934435139080297,4.929638678802112,12.992053192852639,12.420486612825774,True,False
4689,404985000000000000,40,3349,2636,2305,2000,696,672,4.444875930915566,4.432024866094984,11.709514660706716,11.1705510353167,True,False
4690,299250000000000000,30,2780,2165,1914,2000,616,597,4.771952887405411,4.757278854812685,11.44086916761087,10.902375114486025,True,False
4691,37600368490904837,4,3597,2127,1981,2000,1244,1200,4.790791815649625,4.769552672913779,11.81257844413538,10.952013164889486,True,False
4692,63312280701754385964,6331,5931,5163,4170,2000,776,748,5.6832975588803665,5.679656801399045,12.534059656450363,12.025831668332026,True,False
4693,402990000000000000,40,3438,2709,2367,2000,713,688,4.450265992009532,4.437071688921238,11.747353829478062,11.208843990734614,True,False
4694,544531505708567164,54,1243,1215,1010,2000,115,115,4.277838191880749,4.277838191880749,10.279610581052484,9.980139577639157,True,False
4695,1154292449440226611,115,1848,1820,1480,2000,110,108,4.326281315293137,4.325411522283861,10.851749041416058,10.531381460516313,True,False
4696,3093686471536576709,309,3401,3333,2658,2000,190,189,4.442963458339586,4.441780887612756,11.731743290707842,11.376125389276174,True,False
4697,1270723433748256,0,40,0,0,0,0,0,0.0,0.0,5.321928094887363,0,False,True
4698,1808169632191433,0,712,0,0,0,0,0,0.0,0.0,9.475733430966399,0,False,True
4699,9217420235455368,1,1833,516,508,516,516,508,9.011227255423252,8.97634353449302,10.839991070539886,8.988684686772165,False,False
4700,1509577300452783294,151,5973,4921,4123,2000,989,948,4.614465304361865,4.602776140645577,12.544240006441658,12.009478745888066,True,False
4701,39541307564860593147,3954,5246,5201,4174,2000,221,219,5.470650470017815,5.438429241977604,12.357002092264985,12.027214885159834,True,False
4702,19168021876611174,2,1007,549,531,2000,457,446,6.521356588097083,6.493503099743833,9.975847968006784,9.052568050804153,True,False
4703,38964841846228747333,3896,9955,8460,6836,2000,1262,1223,5.510774932000526,5.508797355324795,13.281205600607866,12.73893668167614,True,False
4704,64414480287400184,6,727,671,635,2000,193,192,4.5685844351700045,4.566298245831959,9.505811553919594,9.310612781659529,True,False
4705,69226500000000000,7,466,332,320,2000,153,150,4.471257739936847,4.462246024707049,8.86418614465428,8.321928094887362,True,False
4706,10498217477078652502,1050,4446,4379,3541,2000,186,185,4.352305307329449,4.350590286606282,12.11829223302699,11.789941128390916,True,False
4707,25573343591636176500,2557,5076,4433,3586,2000,675,655,5.790205749312481,5.7871851884581735,12.309476353841106,11.808159772868375,True,False
4708,14351056376723815,1,1325,644,623,644,644,623,9.330916878114618,9.258922269455299,10.371776644337924,9.283088353024002,False,False
4709,3656451403520096161,366,6504,5648,4769,2000,879,869,4.558258711847659,4.556390783892092,12.667111542075027,12.219471067394357,True,False
4710,9901802797084445835,990,2030,2019,1704,2000,70,70,4.788092041901974,4.788092041901975,10.987264012072538,10.734709620225837,True,False
4711,6142468583076456133,614,6432,5651,4730,2000,825,815,4.695570768985964,4.693094190841627,12.651051691178928,12.207624468226758,True,False
4712,69348813164397234,7,1056,769,718,2000,349,343,4.5094759524202,4.502273071267738,10.044394119358454,9.487840033823051,True,False
4713,704730187442053,0,216,0,0,0,0,0,0.0,0.0,7.754887502163468,0,False,True
4714,151001875558536,0,30,0,0,0,0,0,0.0,0.0,4.906890595608519,0,False,True
4715,3643867500000000000,364,370,334,313,2000,70,70,4.525845352584479,4.525845352584478,8.531381460516313,8.290018846932618,True,False
4716,10866860446672972,1,2603,1007,970,1007,1007,970,9.975847968006786,9.893306343896791,11.345959596404112,9.92184093707449,False,False
4717,157237087242488153,16,4633,3380,3033,2000,1144,1102,4.432755160138953,4.418813476304146,12.177730967033272,11.56652978262417,True,False
4718,5378819480490658,1,1734,149,148,149,149,148,7.219168520462162,7.2057457016702156,10.759888183221834,7.20945336562895,False,False
4719,5476024438207870462,548,3854,3786,3045,2000,193,192,4.354744136664855,4.353243386289668,11.912140856295721,11.572226512793694,True,False
4720,3589130235566397113,359,3516,3447,2793,2000,198,197,4.680755062751958,4.680033119417819,11.779719355143405,11.44759985827995,True,False
4721,13260069091578384650,1326,4673,4613,3719,2000,215,214,4.9079031333023595,4.907379199032296,12.1901333218648,11.860699032611988,True,False
4722,114241796150095602,11,4543,2898,2634,2000,1046,1017,4.421547575322475,4.414658508993617,12.149429590056743,11.363039630256514,True,False
4723,3130434363706731907,313,8558,6925,5748,2000,1234,1189,4.87901050255496,4.874764290769161,13.06305796362349,12.488844346457336,True,False
4724,426630750000000000,43,5439,4218,3671,2000,1099,1057,4.426418747171892,4.410777131784998,12.409125710465315,11.841957399099547,True,False
4725,11063134057422689508,1106,4605,4551,3656,2000,204,202,4.487330714403076,4.486250012618201,12.168985440978698,11.83605035505807,True,False
4726,2219437500000000000,222,7470,6080,5129,2000,1020,994,4.499045078603054,4.494159109147402,12.8668925276766,12.324461855977317,True,False
4727,5686446442877051,1,1554,208,207,208,208,207,7.700439718141091,7.690824333525705,10.60177078840771,7.693486957499325,False,False
4728,498750000000000000,50,3049,2450,2126,2000,602,584,4.43016734414272,4.420029032247151,11.574120435009748,11.053925881531105,True,False
4729,3173326382845500000,317,1573,1567,1318,2000,88,87,4.448668360839411,4.448022929690801,10.619302955415687,10.364134655008051,True,False
4730,88885165139978645,9,4348,2857,2606,2000,1244,1201,4.401215046449486,4.388522552814823,12.086136225027309,11.347621368568134,True,False
4731,1995000000000000,0,691,0,0,0,0,0,0.0,0.0,9.432541900388259,0,False,True
4732,1197000000000000000,120,4491,4138,3514,2000,733,728,4.380362083760505,4.378558661699738,12.132821006779572,11.778898476008376,True,False
4733,7459382265518523101,746,7396,6289,5118,2000,1036,995,5.161188641650508,5.155714019475272,12.852529509404196,12.321364432039447,True,False
4734,3117971219311200000,312,1546,1535,1262,2000,82,81,4.567277618737537,4.566610448130385,10.594324603924848,10.30149619498255,True,False
4735,39900000000000000,4,3498,2000,1866,2000,1181,1141,5.291898121786109,5.265381549320188,11.772314573921653,10.86573327085176,True,False
4736,9848215707087302296,985,9451,7910,6513,2000,1226,1186,5.161762437485338,5.158760560453036,13.206251272060687,12.6691065113363,True,False
4737,8976315565375063019,898,9321,7788,6358,2000,1246,1205,4.966178468219023,4.962664755515975,13.186269026842997,12.634357301137976,True,False
4738,39075291481610370526,3908,5254,5183,4173,2000,224,223,5.62220720707087,5.621911374610652,12.359200485133632,12.026869205263395,True,False
4739,6572769135379513595,657,2490,2471,2025,2000,117,116,4.485524968140624,4.485233740509164,11.281930026955443,10.98370619265935,True,False
4740,1111098509597604465,111,6993,5630,4804,2000,1093,1061,4.549393766934106,4.543949579433274,12.771695789850023,12.230020435705635,True,False
4741,15358216099171550,2,2722,1086,1053,2000,1038,1009,6.498059558273337,6.463615948895633,11.410451351503994,10.040289721025717,True,False
4742,27584665254536978031,2758,9864,8366,6760,2000,1253,1213,5.267825937482956,5.264821143739972,13.26795708440284,12.722807531169547,True,False
4743,1455843296306244635480,145584,5441,5378,4351,0,0,0,0.0,0.0,12.409656113059851,12.087131301540529,False,True
4744,2823266313092062321,282,562,559,502,2000,54,54,4.332463999820614,4.332463999820614,9.134426320220927,8.971543553950772,True,False
4745,498750000000000000,50,4880,3885,3446,2000,975,964,4.465324926005571,4.462530579926778,12.252665432450248,11.750706986224948,True,False
4746,265402086660101902,27,4058,3061,2722,2000,922,886,4.455230527763403,4.442803408130961,11.98655314975666,11.410451351503994,True,False
4747,26882625000000000000,2688,5024,4981,3990,2000,235,235,5.86056499446906,5.860564994469058,12.294620748891626,11.962173031109709,True,False
4748,25365350021611776,3,1522,919,878,2000,601,584,6.096927472227617,6.070262578330256,10.571752643503546,9.778077129535358,True,False
4749,1281787500000000000,128,7660,6066,5118,2000,1223,1181,4.523857117501364,4.514688444540076,12.903128676812319,12.321364432039447,True,False
4750,1476025766402250000,148,1108,1097,956,2000,77,76,4.308011969378502,4.307196825515095,10.113742166049189,9.900866807980748,True,False
4751,1009969495370364,0,323,0,0,0,0,0,0.0,0.0,8.335390354693924,0,False,True
4752,8586557620281938535,859,4912,4751,3944,2000,498,496,4.721267387093714,4.720717596701302,12.262094845370179,11.945443836377912,True,False
4753,81854436795600000,8,125,121,120,2000,48,48,4.173030001629375,4.173030001629375,6.965784284662087,6.906890595608519,True,False
4754,37277161731761272,4,53,50,50,2000,48,48,4.436527473588291,4.436527473588292,5.727920454563199,5.643856189774724,True,False
4755,226908041590551642,23,264,260,257,2000,53,53,4.370443199978052,4.370443199978053,8.044394119358454,8.005624549193879,True,False
4756,20569043462483662,2,52,48,48,425,48,48,5.001265200211049,5.001265200211049,5.700439718141092,5.584962500721156,False,False
4757,5983779513371725294,598,7222,6330,5345,2000,927,916,4.845183421026383,4.843833021530216,12.81818270494864,12.383974232607853,True,False
4758,318543576832214533,32,3326,2583,2272,2000,720,693,4.792775202588707,4.771423177895299,11.699572453287269,11.149747119504681,True,False
4759,242105263157894736,24,4900,3670,3259,2000,1115,1074,4.571119601440489,4.55582862031605,12.258566033889933,11.670213636738564,True,False
4760,87560722448928000,9,3710,2501,2278,2000,1085,1044,5.0497178604076005,5.027636551679141,11.857203471508166,11.153552031708111,True,False
4761,294223118868844108,29,2118,1961,1750,2000,464,462,4.425344478103177,4.423767312002932,11.048486873992337,10.77313920671969,True,False
4762,997500000000000,0,305,0,0,0,0,0,0.0,0.0,8.252665432450248,0,False,True
4763,959979994121365348,96,7138,5504,4716,2000,1227,1180,4.59404494403767,4.583322110226791,12.801304186049023,12.203348002979762,True,False
4764,5826434777414753807,583,2675,2647,2165,2000,117,117,4.4326038628602635,4.432603862860261,11.385323176175872,11.080151309614088,True,False
4765,5147100000000000000,515,207,205,193,2000,41,41,4.189184816239384,4.1891848162393845,7.693486957499325,7.592457037268081,True,False
4766,156308810449063240,16,143,141,139,2000,46,46,4.178252780253258,4.178252780253259,7.159871336778389,7.118941072723508,True,False
4767,143253946230167070,14,1199,1135,1049,2000,268,268,4.505675441535604,4.505675441535605,10.227615943414223,10.034798962577268,True,False
4768,3055853350341039,0,958,0,0,0,0,0,0.0,0.0,9.90388184573618,0,False,True
4769,3016573145570301218,302,8441,6972,5752,2000,1253,1209,4.966390171445697,4.960689148356635,13.043198208900225,12.489847960439297,True,False
4770,564585000000000000,56,5881,4655,4005,2000,1116,1073,4.398804997627544,4.384048080395076,12.521845775161932,11.967586527296072,True,False
4771,84288750000000000,8,4168,2664,2444,2000,1196,1155,4.391014961410111,4.380988413930536,12.025139562278508,11.25502856981873,True,False
4772,1989562792657218749,199,2956,2890,2364,2000,201,200,4.605633860319477,4.604821002384874,11.52943055414615,11.207014320177532,True,False
4773,174562500000000000,17,1900,1435,1294,2000,472,461,4.433372540768319,4.425141463346759,10.89178370321831,10.337621901992508,True,False
4774,30767456515075385,3,2022,1251,1177,2000,743,717,6.293835680276101,6.259201337319939,10.981567281903015,10.200898605038445,True,False
4775,2002481250000000000,200,7673,6282,5314,2000,1130,1096,4.738314546251779,4.7334590148270195,12.905575039562665,12.375582512490507,True,False
4776,733233380405086573,73,1484,1451,1182,2000,114,112,4.41733434574226,4.416773233259315,10.535275376620802,10.207014320177532,True,False
4777,84375621607529962,8,4315,2818,2574,2000,1248,1205,4.401877753865094,4.390260738866587,12.075144844066317,11.329796338220701,True,False
4778,863793362355000,0,200,0,0,0,0,0,0.0,0.0,7.643856189774724,0,False,True
4779,7967032500000000000,797,4152,4093,3301,2000,255,255,5.30483934178103,5.304839341781026,12.019590728357882,11.688687423222536,True,False
4780,11573398385684197,1,1682,756,727,756,756,727,9.562242424221072,9.478102688143775,10.715961990255144,9.505811553919594,False,False
4781,2789010000000000000,279,1466,1276,1117,2000,234,230,4.42217968367622,4.418489888147064,10.517669388133811,10.125413470483315,True,False
4782,22240686828207288,2,652,405,395,2000,296,291,6.461603051201049,6.444067981060769,9.348728154231077,8.625708843064466,True,False
4783,269325000000000000,27,538,531,510,2000,85,83,4.289528806594093,4.287153891976085,9.071462362556623,8.994353436858859,True,False
4784,9823000771779798653,982,4948,4270,3477,2000,680,658,5.239519193687849,5.2345161625707135,12.27262978497637,11.763627351727628,True,False
4785,1913911461670341234,191,3795,3198,2697,2000,597,579,4.385510199883309,4.3757273966952805,11.889884170302828,11.397139806235604,True,False
4786,16047987418200325379,1605,3975,3917,3178,2000,152,151,4.4009431455817545,4.397109392824595,11.95673914505908,11.63390340934852,True,False
4787,23142000000000000,2,1762,1019,971,2000,719,693,6.5195204709313685,6.479852654159874,10.782998208920414,9.923327485419192,True,False
4788,14962418369352119197,1496,7087,6078,4923,2000,964,924,5.381523830608731,5.376953056203929,12.790959333698824,12.26532202423487,True,False
4789,19950000000000000,2,301,235,233,2000,186,185,6.419131625918952,6.4136302505751175,8.233619676759702,7.864186144654281,True,False
4790,2201093070556923470,220,3111,3052,2502,2000,202,201,4.42175918955993,4.420637427373514,11.603162679534382,11.28886607416582,True,False
4791,1962418566281582286,196,3034,2978,2427,2000,204,203,4.487330714403076,4.486413856724393,11.567005370247033,11.244958393151133,True,False
4792,11173045020900000,1,26,21,21,21,21,21,4.392317422778761,4.392317422778761,4.700439718141092,4.392317422778761,False,False
4793,4487586014554390359,449,1606,1599,1395,2000,79,77,4.5194252678703934,4.466324256506743,10.649256177517314,10.44604940671655,True,False
4794,3459805486853248269,346,3819,3723,3093,2000,372,371,4.645863657191629,4.6454588125507605,11.898979204622513,11.594791118089265,True,False
4795,75433479245237924,8,3034,2045,1882,2000,912,876,4.566657837339936,4.549807404302873,11.567005370247033,10.878050912728536,True,False
4796,100250626566416040,10,1006,949,871,2000,200,199,4.388722583601904,4.386887874236546,9.974414589805527,9.766528908598865,True,False
4797,100000000000000000,10,962,907,835,2000,200,199,4.4175561493940565,4.41591851354472,9.909893083770042,9.705632387361415,True,False
4798,37522227614316259,4,483,427,414,2000,197,196,4.710936655240406,4.7083146395920235,8.915879378835774,8.693486957499326,True,False
4799,66403502945390846,7,202,193,184,2000,74,73,4.254733605090598,4.253511373510854,7.658211482751795,7.523561956057013,True,False
4800,10043814231505991310,1004,4514,4461,3575,2000,206,205,4.951761791790274,4.951261791790274,12.140190703191836,11.803727526553114,True,False
4801,2758885499828379726,276,8294,6709,5597,2000,1214,1172,4.657716517027304,4.651293515041533,13.017852331905962,12.450438032395652,True,False
4802,33510000279185921,3,1635,1036,975,2000,597,580,6.090486903352152,6.063866330907352,10.675074920385445,9.929258408636972,True,False
4803,1036901250000000,0,384,0,0,0,0,0,0.0,0.0,8.584962500721156,0,False,True
4804,98752500000000,0,42,0,0,0,0,0,0.0,0.0,5.392317422778761,0,False,True
4805,7974612461204517449,797,9228,7701,6294,2000,1242,1200,5.049311640067154,5.045841828735833,13.171802288682983,12.619761463298424,True,False
4806,11597132592306379187,1160,4422,3855,3129,2000,597,578,5.447561525784939,5.443261154506887,12.110483309816226,11.611485943240922,True,False
4807,4681292724675428618,468,1500,1319,1151,2000,229,225,4.49060654483181,4.4872718220306425,10.550746785383243,10.16867211813223,True,False
4808,5201962500000000000,520,7079,6195,5227,2000,925,915,4.789040748800628,4.787802749552999,12.789329860092431,12.351767443959893,True,False
4809,64145969417744732,6,1497,1035,964,2000,460,449,4.7603612335243595,4.746436230843818,10.547858506058416,9.912889336229961,True,False
4810,7139835821494754715,714,4942,4754,3956,2000,567,565,5.411230693694647,5.410995389195918,12.270879295328784,11.94982671075911,True,False
4811,5142112500000000000,514,8847,7444,6084,2000,1248,1204,5.274326281025419,5.271106009072061,13.110972607782893,12.570804437724497,True,False
4812,5572010517473079086,557,7982,6763,5513,2000,1108,1065,4.742836392615685,4.733951946962931,12.962534563511271,12.428621886091111,True,False
4813,6882255778083274714,688,5343,4587,3754,2000,749,721,4.965020155650426,4.957877053816097,12.383434301822776,11.874212934830874,True,False
4814,1994961124173984070,199,4641,3888,3273,2000,737,710,4.380929801890307,4.369247261475977,12.180219982170192,11.676397887044763,True,False
4815,3523794023116960993,352,4946,4203,3482,2000,728,700,4.545918893473876,4.532825791201043,12.272046524389937,11.7657004876511,True,False
4816,9675750000000000000,968,374,339,319,2000,79,79,5.188126697371747,5.1881266973717475,8.546894459887637,8.31741261376487,True,False
4817,732947908504031635,73,4181,3370,2918,2000,776,747,4.43110427785181,4.42170165285421,12.029632328044137,11.510764167917891,True,False
4818,27823259438303100,3,93,86,84,2000,76,74,4.974352058291588,4.969227445022305,6.539158811108031,6.392317422778761,True,False
4819,72817500000000000,7,2998,2018,1859,2000,907,871,4.551683745820184,4.534678715987543,11.54978466794786,10.860311054919482,True,False
4820,3968265114198000000,397,1728,1722,1459,2000,88,87,4.295305984044838,4.29416537514398,10.754887502163468,10.510764167917891,True,False
4821,30105321588825973613,3011,2519,2512,2062,2000,91,90,4.865793884841597,4.865316396222746,11.298635406734242,11.00982861736811,True,False
4822,4971064904421879030,497,8006,6747,5634,2000,1009,985,4.916815543909063,4.912591536648318,12.966865900387539,12.45994384837493,True,False
4823,12323583464133500,1,215,97,97,97,97,97,6.599912842187128,6.599912842187128,7.7481928495894605,6.599912842187128,False,False
4824,504967047910290000,50,2953,2391,2070,2000,564,546,4.423050649049629,4.412235495771716,11.527965641133955,11.015415052386688,True,False
4825,4189248271813499,0,687,0,0,0,0,0,0.0,0.0,9.4241662888181,0,False,True
4826,1285117566029015,0,26,0,0,0,0,0,0.0,0.0,4.700439718141092,0,False,True
4827,4960983995941581,0,1405,0,0,0,0,0,0.0,0.0,10.456354415108288,0,False,True
4828,17496852812600648,2,1947,1001,958,2000,881,847,6.578315033496644,6.53726972366497,10.927037168720295,9.90388184573618,True,False
4829,5409782896176753,1,1776,158,157,158,158,157,7.303780748177102,7.291122520329001,10.794415866350105,7.294620748891627,False,False
4830,2737998783721621083,274,7612,6223,5240,2000,1019,993,4.825509603503916,4.8224238566363855,12.894059846274022,12.355351096424812,True,False
4831,199146198514515000,20,1907,1444,1297,2000,466,455,4.491695528963671,4.4820440948818305,10.897089128312755,10.3409627642517,True,False
4832,9022556390977443,1,1641,448,440,448,448,440,8.807354922057604,8.767176350629033,10.680359523513713,8.78135971352466,False,False
4833,3736635000000000000,374,8218,6925,5684,2000,1183,1138,4.629044975802822,4.618453249724177,13.004571615167656,12.47269083924278,True,False
4834,2703225000000000000,270,8360,6729,5609,2000,1226,1181,4.657726700184916,4.651826520540215,13.029287226968245,12.453527867681785,True,False
4835,12393669803198577810,1239,3232,2842,2341,2000,436,424,4.999947787155127,4.993766236335976,11.658211482751796,11.192909219112012,True,False
4836,9358904327254655163,936,6580,5882,4863,2000,787,781,4.600133979253349,4.599031866345354,12.683871868622603,12.247630876238699,True,False
4837,16809206214692575,2,2757,1114,1078,2000,1038,1009,6.498059558273337,6.463615948895632,11.428883552010191,10.074141462752506,True,False
4838,131695711145201243897,13170,10088,8447,6934,0,0,0,0.0,0.0,13.30035256032822,12.759472121202833,False,True
4839,110275689223057644,11,4282,2801,2570,2000,964,936,4.57036826342897,4.556954997269754,12.06406908038551,11.32755264408124,True,False
4840,196242759221256987,20,4541,3332,2979,2000,1085,1044,4.563682410970895,4.54802221145998,12.148794321424335,11.54061240824953,True,False
4841,695095123944474,0,338,0,0,0,0,0,0.0,0.0,8.400879436282183,0,False,True
4842,1043920189393200000,104,999,991,878,2000,86,85,4.323743893485819,4.322755117898805,9.964340867792417,9.778077129535358,True,False
4843,20910559298935820,2,3133,1619,1557,2000,1227,1188,6.575767632041586,6.538862453515586,11.613329054371054,10.604553229079038,True,False
4844,14185056793949997878,1419,345,312,293,2000,73,73,5.2971831734731785,5.2971831734731785,8.430452551665532,8.194756854422248,True,False
4845,2889262606238695,0,886,0,0,0,0,0,0.0,0.0,9.791162888555018,0,False,True
4846,33096808206987582739,3310,9401,8110,6522,2000,1180,1136,4.554888442147375,4.547594580718019,13.198598511485047,12.671098725748465,True,False
4847,12594029502647165652,1259,8669,7420,5988,2000,1155,1111,5.0869916180431085,5.0810938229268245,13.081649867700005,12.547858506058416,True,False
4848,22648673913814240943,2265,9288,7745,6363,2000,996,966,5.787209910793396,5.785500612831727,13.181152256865566,12.635491406251711,True,False
4849,18948510000000000000,1895,6969,6196,5130,2000,810,801,4.555855836889359,4.55309340079665,12.766735939529964,12.324743110494417,True,False
4850,299000000000000000,30,844,678,619,2000,207,203,4.468231550545209,4.461716554660518,9.721099188707186,9.273795599214264,True,False
4851,447692642306813764,45,5280,4032,3552,2000,999,978,4.39293736023705,4.385288105821235,12.366322214245816,11.794415866350105,True,False
4852,11192133950210902500,1119,201,180,173,2000,65,65,5.4567726696643,5.456772669664299,7.651051691178929,7.434628227636725,True,False
4853,180000000000000000,18,1678,1287,1162,2000,423,412,4.561870750123401,4.553163374957149,10.712527000439824,10.18239435340453,True,False
4854,4987500000000000,0,1037,0,0,0,0,0,0.0,0.0,10.018200178813226,0,False,True
4855,1271044834418524,0,354,0,0,0,0,0,0.0,0.0,8.467605550082997,0,False,True
4856,22942500000000000,2,369,301,297,2000,186,185,6.425535103392762,6.419785759919508,8.527477006060396,8.214319120800766,True,False
4857,77027042984739300822,7703,2813,2800,2299,2000,81,79,4.567075778514962,4.514633957552872,11.4578938373147,11.16679075071818,True,False
4858,9593735456090499,1,2147,539,526,539,539,526,9.074141462752504,9.018482835665306,11.068106475858773,9.038918989292302,False,False
4859,16918356534358486,2,569,322,316,2000,291,286,6.45835952496242,6.4408463901112825,9.152284842306582,8.303780748177102,True,False
4860,2741970596394328962,274,2999,2935,2366,2000,178,176,4.408115866488591,4.4065425520212465,11.55026580686874,11.208234358339789,True,False
4861,18026190005261998934,1803,9796,8161,6629,2000,1240,1195,5.242104577456166,5.239176155534925,13.257977058563979,12.694575537525989,True,False
4862,5307988281469282650,531,9004,7421,6127,2000,1229,1188,5.0490066087864465,5.04538416001785,13.136350341454156,12.58096513597733,True,False
4863,608475000000000000,61,2612,2475,2152,2000,453,451,4.528432612602858,4.526540454933237,11.350939181546432,11.071462362556623,True,False
4864,721192500000000000,72,2756,2602,2249,2000,465,463,4.653539574031597,4.6528893683632155,11.428360172704291,11.135067945777816,True,False
4865,1077300000000000000,108,3272,3116,2653,2000,471,469,4.736702347261315,4.736145853216414,11.67595703294175,11.373408960228696,True,False
4866,4309200000000000000,431,4444,4270,3581,2000,509,507,4.9673255417104665,4.966953656251189,12.117643101389092,11.806146803320525,True,False
4867,528675000000000000,53,2698,2521,2207,2000,518,516,4.455465343223137,4.454738070495864,11.397674632948268,11.107870914279614,True,False
4868,2024925000000000000,202,3934,3749,3163,2000,546,544,5.045419719986036,5.045082700502096,11.94178124227853,11.627077840517394,True,False
4869,1895250000000000000,190,3902,3704,3141,2000,590,588,4.919175837869686,4.918821131653711,11.929998062609027,11.617008227651965,True,False
4870,1456350000000000000,146,3870,3655,3116,2000,624,622,4.831426274721854,4.8311104520036725,11.918117851031772,11.605479518061669,True,False
4871,3509787709076594367,351,2614,2581,2095,2000,124,122,4.52013590940742,4.51965585478824,11.352043425795433,11.032734528586714,True,False
4872,8254650104081914147,825,3457,3400,2743,2000,167,166,4.989447250650688,4.987781736387601,11.7553048882624,11.421538906848276,True,False
4873,1549274418992383142,155,2603,2539,2053,2000,177,174,4.407943862137563,4.401378201606967,11.345959596404112,11.003517912108602,True,False
4874,2440344815390221278,244,1390,1209,1066,2000,226,222,4.446851357152691,4.443213505304206,10.44086916761087,10.057991722759176,True,False
4875,964347022668750000,96,868,857,768,2000,76,75,4.343882153547368,4.343033402576398,9.761551232444479,9.584962500721156,True,False
4876,1720343540080061028,172,6390,5275,4410,2000,1026,987,4.623609122595123,4.610668005035598,12.641600215834357,12.106562940444883,True,False
4877,3012450000000000000,301,1897,1881,1550,2000,106,105,4.5823678813461965,4.581686389679839,10.889503963411476,10.5980525001616,True,False
4878,99241658816694960,10,2213,1576,1442,2000,634,616,5.260063135601904,5.241222819356123,11.11178773580101,10.493855449240822,True,False
4879,99368706406277098363,9937,9377,8111,6521,2000,1200,1155,5.956901582455387,5.953998602114101,13.194910717275365,12.67087750439698,True,False
4880,607477500000000000,61,5113,4164,3670,2000,948,937,4.965368711564659,4.964349239021082,12.319954310686944,11.841564347730575,True,False
4881,1772484427787129,0,377,0,0,0,0,0,0.0,0.0,8.558420713268664,0,False,True
4882,1012531328320802005,101,7450,5922,5043,2000,1201,1161,4.560128046394898,4.552087435853856,12.863024710236886,12.300066509957324,True,False
4883,2991694153301910000,299,3657,3136,2619,2000,553,534,4.605680315562311,4.594056038580325,11.836444911341369,11.354800344350597,True,False
4884,6685125172730156543,669,3690,3626,2906,2000,185,183,4.738477487526672,4.737532860488189,11.849405100947758,11.504818987632841,True,False
4885,501253132832080200,50,5289,4162,3671,2000,970,954,4.506786170614761,4.501947785599173,12.368779260041338,11.841957399099547,True,False
4886,30075187969924812,3,1611,1200,1179,2000,747,742,6.30234763154693,6.296203616925079,10.653740778706569,10.203348002979762,True,False
4887,99750000000000,0,7,0,0,0,0,0,0.0,0.0,2.807354922057604,0,False,True
4888,20816827500000000000,2082,4997,4947,3970,2000,210,208,5.201639726940957,5.1624164115942985,12.286846502735887,11.95492329203032,True,False
4889,19057733073853589,2,633,374,366,2000,318,312,6.490328338937678,6.470841495366448,9.306061689428342,8.515699838284043,True,False
4890,4439375354346615,0,1467,0,0,0,0,0,0.0,0.0,10.51865315567339,0,False,True
4891,72817500000000000,7,3402,2226,2113,2000,1000,981,4.748108694339502,4.737636191405671,11.732167425663386,11.04507705193494,True,False
4892,5744360902255639097,574,3955,3891,3171,2000,263,263,4.389443226617974,4.389443226617974,11.949461979360153,11.630722162103838,True,False
4893,141780937664100000,14,413,398,374,2000,89,88,4.30445609464111,4.303296565769445,8.689997971419446,8.546894459887637,True,False
4894,49875000000000000,5,55,53,52,2000,41,41,4.20492172846262,4.204921728462619,5.78135971352466,5.700439718141092,True,False
4895,19530077748355035,2,2988,1401,1347,2000,1208,1167,6.5692667011032,6.531295090342519,11.544964432789238,10.395534135462302,True,False
4896,997500000000000,0,88,0,0,0,0,0,0.0,0.0,6.459431618637297,0,False,True
4897,5596197527327151989,560,8396,6897,5724,2000,978,949,4.854926374480814,4.851076535540216,13.035486451292154,12.482807956726667,True,False
4898,997500000000000,0,194,0,0,0,0,0,0.0,0.0,7.599912842187128,0,False,True
4899,98403375000000000000,9840,5511,5465,4395,2000,235,235,5.439615886214169,5.439615886214169,12.428098411832506,12.101647450030766,True,False
4900,947555028198724955,95,837,828,737,2000,78,77,4.468753737286133,4.4679443058659265,9.709083812550343,9.52552080909507,True,False
4901,46716791979949874686,4672,4144,4109,3352,2000,148,145,5.36431455063635,5.36394294630532,12.016808287686555,11.710806433699352,True,False
4902,32148307305792174440,3215,5604,5463,4483,2000,469,466,5.1244884431962445,5.123356467544741,12.452241240430817,12.13024878405069,True,False
4903,29925000000000000,3,50,47,47,1901,47,47,4.795573215741564,4.795573215741565,5.643856189774724,5.554588851677638,False,False
4904,42223551178063805868,4222,298,270,261,2000,68,68,5.256032423951181,5.256032423951181,8.219168520462162,8.027905996569885,True,False
4905,1047375000000000000,105,2966,2868,2430,2000,376,375,4.692904119599504,4.6924614948346495,11.53430288245463,11.246740598493144,True,False
4906,997500000000000000,100,4871,4070,3520,2000,830,821,4.602963006381938,4.601258182156655,12.250002267840449,11.78135971352466,True,False
4907,224436070968989640,22,3805,2853,2552,2000,893,858,4.717806647811978,4.703095482566942,11.893680738390907,11.31741261376487,True,False
4908,39900000000000000,4,814,556,527,2000,314,308,5.2418428028238635,5.228340808348951,9.668884984266247,9.041659151637214,True,False
4909,19800806673249478249,1980,9692,8192,6621,2000,1276,1234,5.749068957731318,5.747233222609907,13.242578689451346,12.69283341500077,True,False
4910,3492535817357257,0,508,0,0,0,0,0,0.0,0.0,8.988684686772165,0,False,True
4911,150972331830862481,15,1143,1103,1009,2000,207,207,4.444162575002237,4.444162575002236,10.158609688214478,9.978710459106358,True,False
4912,49875000000000000,5,580,514,492,2000,192,191,4.71134682978273,4.708594765734693,9.179909090014934,8.94251450533924,True,False
4913,12514537378937832250,1251,8620,7427,6173,2000,1038,1018,5.733975281995524,5.732697374483107,13.07347215397646,12.59175607602299,True,False
4914,12720689166956400000,1272,4,3,3,0,0,0,0.0,0.0,2.0,1.584962500721156,False,False
4915,9933010646934017364,993,9365,7834,6388,2000,1250,1208,5.129225513941013,5.124586552102448,13.193063279130408,12.641148597411233,True,False
4916,5998798059591783,1,14,2,2,2,2,2,1.0,1.0,3.807354922057604,1.0,False,False
4917,42471030936931280727,4247,850,847,743,2000,56,56,4.428471407949173,4.428471407949173,9.731319031025064,9.537218400538595,True,False
4918,740735164581981029,74,541,536,522,2000,61,61,4.24948288893398,4.24948288893398,9.079484783826816,9.027905996569885,True,False
4919,1729170112432178646,173,1001,994,895,2000,72,71,4.277637882176183,4.276510172895819,9.967226258835993,9.805743872151618,True,False
4920,18767378035174857704,1877,4793,4732,3820,2000,213,212,5.124336180532369,5.1239037140976595,12.226713224618962,11.899356922923111,True,False
4921,7578853470002430000,758,884,782,695,2000,135,135,5.144180000664309,5.144180000664307,9.787902559391432,9.44086916761087,True,False
4922,224919924688104505,22,4915,3513,3111,2000,1065,1034,4.52631448562386,4.51242953289082,12.262975701227942,11.603162679534382,True,False
4923,157605000000000000,16,5140,3626,3264,2000,1235,1195,4.503501682718724,4.491727957569719,12.32755264408124,11.672425341971495,True,False
4924,71085113321250000,7,203,191,188,2000,79,77,4.63080546236514,4.6273211404639225,7.6653359171851765,7.554588851677638,True,False
4925,4813280249675751684,481,8881,7371,6136,2000,1189,1148,4.469998084008637,4.462583799310231,13.116506417748072,12.583082767502933,True,False
4926,345135000000000000,35,6028,4405,3863,2000,1218,1175,4.40804108774197,4.399114215476164,12.557463701597824,11.915505962231931,True,False
4927,46265205541665809,5,3829,2212,2045,2000,1212,1168,5.849915696470521,5.819517325692244,11.902751944850161,10.997885127829111,True,False
4928,1116879816457427085,112,7486,5972,5048,2000,1242,1202,4.964686276115321,4.960747440355803,12.869979332899963,12.30149619498255,True,False
4929,1280048183309851860,128,7311,5993,5015,2000,1193,1149,4.390220198300128,4.37851137370914,12.835853036444497,12.292033985499543,True,False
4930,2604226052770728145,260,6753,5638,4670,2000,1032,991,4.695900272176065,4.684204581044579,12.721312842175312,12.189206834597025,True,False
4931,1111215000000000000,111,7458,5960,5073,2000,1186,1146,4.601063978684817,4.5953814501186505,12.86457308177364,12.30862344513114,True,False
4932,399574218338976414,40,4514,3549,3181,2000,947,936,4.395185726088002,4.391981815161412,12.140190703191836,11.635264656539514,True,False
4933,267760489349969473,27,4448,3320,3007,2000,966,949,4.391185853100673,4.383107464171131,12.118941072723507,11.554109152574004,True,False
4934,5536125000000000000,554,3913,3858,3115,2000,230,230,4.727550205004059,4.727550205004057,11.934059394900794,11.605016447911364,True,False
4935,118865661434684152,12,1184,1106,1041,2000,289,289,5.227576938258615,5.227576938258615,10.20945336562895,10.023754353299417,True,False
4936,1496250000000000,0,588,0,0,0,0,0,0.0,0.0,9.199672344836364,0,False,True
4937,277694235588972430,28,4358,3292,2922,2000,989,949,4.604631113085327,4.589567823863341,12.089450481115907,11.512740462803498,True,False
4938,87252658900396485,9,902,831,796,2000,278,278,4.931708260914675,4.931708260914675,9.81698362325538,9.63662462054365,True,False
4939,34502789306279664,3,202,177,175,2000,128,127,5.003159762915551,5.00191086474689,7.658211482751795,7.451211111832329,True,False
4940,1076671040456961584,108,4421,4068,3458,2000,738,733,4.549953892499081,4.547970756451852,12.110157018954066,11.755722153642282,True,False
4941,44100000000000000000,4410,7311,6304,5087,2000,952,912,5.446362286559856,5.441929185477619,12.835853036444497,12.312599378862629,True,False
4942,56000000000000000,6,2450,1639,1520,2000,770,742,4.773564663965846,4.753700460363346,11.258566033889933,10.569855608330949,True,False
4943,2955884854697848028,296,1087,1083,985,2000,64,63,4.20687781897619,4.198593275174988,10.086136225027309,9.943979914343739,True,False
4944,1048580658538140426,105,708,704,662,2000,65,64,4.337183760984533,4.335302276976959,9.467605550082997,9.370687406807217,True,False
4945,722972378029701765,72,574,570,547,2000,65,64,4.246730276384464,4.2444224624141125,9.164906926675688,9.095397022792557,True,False
4946,911512894698365406,91,2340,2286,1888,2000,203,199,4.4055295595574355,4.39934226600702,11.192292814470767,10.88264304936184,True,False
4947,9022556390977443,1,1573,434,426,434,434,426,8.761551232444479,8.7200765780666,10.619302955415687,8.734709620225837,False,False
4948,149625000000000000,15,2657,2250,2110,2000,743,738,4.534063558473861,4.531177217274274,11.375582512490507,11.043027283594547,True,False
4949,181505854868281291507,18151,2855,2559,2132,0,0,0,0.0,0.0,11.479275030250205,11.057991722759176,False,True
4950,90594055617683267779,9059,5633,5583,4486,2000,209,208,5.194464812727617,5.19407195558476,12.459687756239548,12.131213905086272,True,False
4951,1268199832090524264,127,3168,3066,2593,2000,411,409,4.455025441600707,4.454116268039473,11.62935662007961,11.340406490853294,True,False
4952,35889145194269825,4,1982,1247,1168,2000,713,688,5.260013124260173,5.234659159813338,10.952741247186488,10.189824558880018,True,False
4953,1563581250000000000,156,7834,6240,5244,2000,1218,1175,4.3987860686358164,4.386866072818929,12.935533412950747,12.356451970221755,True,False
4954,9844106055000000000,984,4434,4376,3508,2000,207,206,4.6294807351172125,4.628781810653949,12.114393054867307,11.776433032444734,True,False
4955,5182982988526734111,518,7758,6632,5575,2000,984,967,5.166811184408273,5.164042073322181,12.921469060531411,12.44475608969503,True,False
4956,1103148300693895577,110,6360,5228,4488,2000,976,959,4.693008919337307,4.68936337789401,12.634811050171718,12.131856960608793,True,False
4957,477694919082545571,48,6335,4740,4126,2000,1216,1171,4.407376686068893,4.393584418881592,12.629128904028171,12.010528105886484,True,False
4958,50127369087311070013,5013,5452,5370,4373,2000,330,330,5.041548521509946,5.041548521509945,12.41256984680521,12.094407633081207,True,False
4959,118000000000000000,12,4834,3279,2988,2000,1218,1178,4.398848019540799,4.387994465405498,12.239001757765582,11.544964432789238,True,False
4960,59116188416074764,6,3652,2197,2072,2000,1014,985,4.742750093603387,4.726273401412372,11.834471049984222,11.016808287686555,True,False
4961,2720475029368467,0,1141,0,0,0,0,0,0.0,0.0,10.156083076288681,0,False,True
4962,92767500000000000,9,2666,1900,1823,2000,787,781,4.393960393105287,4.391756324745242,11.380461065088973,10.832098846039134,True,False
4963,8778000000000000,1,1845,484,476,484,484,476,8.918863237274595,8.881673154629967,10.849405100947758,8.894817763307943,False,False
4964,184892030979493121,18,5228,3680,3300,2000,1217,1176,4.441559815309366,4.4287324777438695,12.352043425795433,11.688250309133178,True,False
4965,986818696983000000,99,789,776,691,2000,58,58,4.177002559004647,4.177002559004647,9.623881490013458,9.432541900388259,True,False
4966,2446930161428476201,245,3437,2934,2460,2000,533,516,4.500331132804861,4.492961937660649,11.746934136372298,11.264442600226602,True,False
4967,205226749422055438,21,3892,2894,2588,2000,921,885,4.442370854564767,4.4281971607814645,11.926295994781112,11.337621901992508,True,False
4968,1763028848421626660,176,1628,1401,1217,2000,275,270,4.3646387234232185,4.359701762787918,10.668884984266247,10.249113452713729,True,False
4969,18433651577533940150,1843,4943,4888,3937,2000,205,204,4.581668183210321,4.580882188212107,12.271171191139773,11.94288099715904,True,False
4970,13511761738088409,1,340,174,170,174,174,170,7.442943495848731,7.396966484354477,8.409390936137703,7.409390936137702,False,False
4971,8802527385214710,1,3,1,1,1,1,1,-0.0,-0.0,1.584962500721156,0.0,False,False
4972,19950000000000000,2,506,300,294,2000,244,240,6.462196571049158,6.445222053243078,8.98299357469431,8.199672344836364,True,False
4973,109378890962290277855,10938,1819,1628,1393,0,0,0,0.0,0.0,10.828929827651486,10.443979542601253,False,True
4974,199500000000000000,20,1412,1338,1214,2000,280,280,4.570123464583,4.570123464583,10.46352437327118,10.245552706255681,True,False
4975,2019937500000000000,202,3320,3239,2705,2000,310,310,5.064393955337859,5.0643939553378585,11.696967526234287,11.401412878714178,True,False
4976,26542724467487016632,2654,5018,4950,3966,2000,206,205,5.156336714898817,5.155853614135147,12.292896755409172,11.953468962228849,True,False
4977,63491926315789473684,6349,380,347,327,2000,80,80,5.58591393299837,5.58591393299837,8.569855608330949,8.353146825498083,True,False
4978,1993899712258593414,199,3050,2998,2449,2000,200,197,4.4880318956636005,4.486428477110216,11.57459352733761,11.257977058563979,True,False
4979,1332236143023481736,133,2163,1863,1602,2000,370,362,4.47208866744113,4.4665869915400895,11.078817949961978,10.64565843240871,True,False
4980,9956570919292200000,996,2062,2051,1734,2000,74,74,4.936408565639891,4.936408565639891,11.00982861736811,10.759888183221834,True,False
4981,3254612977688326045,325,3572,3068,2551,2000,535,518,4.6028327489242,4.596383257614383,11.802516365121223,11.316847183602473,True,False
4982,3182308556990727736,318,7887,6379,5357,2000,974,945,4.693109839255867,4.688544752845836,12.945260927339202,12.38720958071964,True,False
4983,53423969112186696137,5342,5306,5238,4203,2000,196,194,4.8625376220256555,4.859401062710047,12.373408960228696,12.037203741151973,True,False
4984,1283355427604887157,128,2874,2800,2347,2000,286,286,4.465560762123115,4.465560762123115,11.488844346457336,11.196602126523171,True,False
4985,30204972351856181748,3020,1703,1522,1312,2000,228,224,4.456054717154496,4.45238111656672,10.733862719678543,10.357552004618084,True,False
4986,2000299456684666,0,294,0,0,0,0,0,0.0,0.0,8.199672344836364,0,False,True
4987,976460121585535491,98,805,797,734,2000,77,76,4.282433794174012,4.28164150201501,9.65284497300198,9.519636252843213,True,False
4988,4169550000000000000,417,2342,2316,1882,2000,129,128,4.5498058472178755,4.549535428935444,11.193525360501216,10.878050912728536,True,False
4989,57783957055518535,6,630,454,434,2000,217,213,4.7143309671484595,4.704319704477955,9.29920801838728,8.761551232444479,True,False
4990,520827255227954441,52,845,696,637,2000,178,175,4.36905802777085,4.364721562545965,9.722807531169547,9.3151495622563,True,False
4991,3790500000000000000,379,1326,1322,1187,2000,69,67,4.543214490733176,4.54132867277287,10.372865060112588,10.213104219641906,True,False
4992,10174500000000000000,1017,2007,2000,1711,2000,92,90,4.869488429373856,4.868653554263025,10.970824901362617,10.740624044489413,True,False
4993,99750000000000000,10,249,236,230,2000,76,75,4.39922413213639,4.397199238326764,7.960001932068081,7.845490050944375,True,False
4994,99750000000000000,10,270,255,248,2000,79,78,4.27354292466428,4.271319434019238,8.076815597050832,7.954196310386875,True,False
4995,41339214240699668,4,524,455,437,2000,189,188,4.830983923391996,4.827840093158828,9.03342300153745,8.7714894695006,True,False
4996,1407707309626299007,141,2813,2765,2265,2000,195,195,4.353550941883372,4.353550941883372,11.4578938373147,11.145295334933598,True,False
4997,1254166471117756207,125,7047,5503,4683,2000,985,955,4.790503506273594,4.785320985428129,12.782793498733353,12.193217322699065,True,False
4998,149532907686715791112,14953,6705,6478,5367,0,0,0,0.0,0.0,12.711021616791836,12.389900172773064,False,True
4999,5106875903800283078,511,8466,6886,5719,2000,987,957,5.239689032570721,5.236804382702802,13.04746477331842,12.481547190203287,True,False
5000,898152888225397,0,280,0,0,0,0,0,0.0,0.0,8.129283016944967,0,False,True
5001,85785000000000000,9,4334,2813,2575,2000,1232,1192,4.834766938165755,4.820231426639769,12.081483438093674,11.330356716957944,True,False
5002,7630875000000000000,763,4227,4171,3338,2000,214,212,5.036027184292438,5.033620753193295,12.045418397030792,11.704768239362599,True,False
5003,6505928767317490599,651,4004,3961,3177,2000,216,216,4.773566000507987,4.773566000507987,11.967226258835993,11.633449374713493,True,False
5004,9710442476321716152,971,4702,4597,3779,2000,432,430,5.409921393827132,5.4096272675293,12.199058823653022,11.88378880325996,True,False
5005,33729412307198604,3,746,498,476,2000,294,289,5.586075160780275,5.5731600316289835,9.543031820255237,8.894817763307943,True,False
5006,99151500000000000000,9915,1280,1137,1001,2000,200,197,5.906917135597044,5.906050501027954,10.321928094887362,9.967226258835993,True,False
5007,49226481813268788998,4923,2637,2626,2142,2000,96,95,5.232702076892852,5.232366275826788,11.36468185586456,11.064742764750257,True,False
5008,1384803632541856966366,138480,10630,9088,7408,0,0,0,0.0,0.0,13.375853976418467,12.854868383260236,False,True
5009,15461250000000000000,1546,4708,4635,3753,2000,289,289,4.7309759951881905,4.7309759951881905,12.200898605038445,11.873828574886977,True,False
5010,104019283182150000,10,251,239,233,2000,58,58,4.481379323733555,4.481379323733556,7.971543553950772,7.864186144654281,True,False
5011,647413641373742648,65,6103,4675,4083,2000,1026,998,4.4853288960397695,4.479178266957847,12.57530287507339,11.99541385222515,True,False
5012,21427158838880801,2,338,270,266,2000,175,174,6.416293400316989,6.409780374264884,8.400879436282183,8.055282435501189,True,False
5013,24417741852595102745,2442,3151,3132,2579,2000,120,119,4.64078758696791,4.6405494322379335,11.62159403901754,11.332596057789214,True,False
5014,2316824644373551984,232,8204,6660,5566,2000,1234,1193,4.557867209441087,4.551872576337312,13.002111776479852,12.442425193331607,True,False
5015,6423900000000000000,642,9063,7475,6149,2000,1229,1183,5.12866512390566,5.123893826679037,13.145772969449098,12.586136091480487,True,False
5016,248676859661160000,25,250,211,201,2000,79,79,4.321319470580153,4.321319470580153,7.965784284662087,7.651051691178929,True,False
5017,115747883183396897954,11575,436,401,378,0,0,0,0.0,0.0,8.768184324776927,8.562242424221072,False,True
5018,209475000000000000,21,1369,1302,1139,2000,183,182,4.763701767353174,4.760631535806546,10.4189067312579,10.153552031708111,True,False
5019,2042910602652066,0,1039,0,0,0,0,0,0.0,0.0,10.020979938904212,0,False,True
5020,10355325284581184,1,2518,1021,988,1021,1021,988,9.995767150877802,9.926467554891353,11.298062567719017,9.948367231584678,False,False
5021,2005012531328320,0,717,0,0,0,0,0,0.0,0.0,9.485829308701904,0,False,True
5022,6488567869661323,1,993,202,199,202,202,199,7.658211482751797,7.618607522355756,9.955649907528374,7.636624620543649,False,False
5023,3123058705633153790,312,2718,2354,1987,2000,408,397,4.693348040435984,4.684026962083128,11.40832974076739,10.95637615724967,True,False
5024,444885000000000000,44,4061,3256,2899,2000,827,818,4.391994337557627,4.389012307059186,11.987619311924325,11.501339618061397,True,False
5025,618501111678500826,62,1767,1707,1394,2000,159,158,4.344909796534691,4.339634975647129,10.787086324551616,10.445014845868423,True,False
5026,9560937750000000000,956,7679,6744,5664,2000,940,929,4.556666794779559,4.554941346519352,12.906702732460797,12.467605550082997,True,False
5027,448214256961393309,45,5888,4245,3712,2000,1052,1023,4.687249288280764,4.682943702558997,12.523561956057012,11.857980995127573,True,False
5028,1194000000000000000,119,5701,4835,4154,2000,889,878,4.5359275250863496,4.532552245828795,12.476999286133061,12.020285500844647,True,False
5029,9964184130236625676,996,8845,7268,6012,2000,987,956,5.202866626629589,5.199478217516888,13.110646427577821,12.553629293916364,True,False
5030,3482688099820823,0,853,0,0,0,0,0,0.0,0.0,9.73640193131829,0,False,True
5031,55971484858448231,6,2511,1674,1552,2000,787,757,4.7777776216409595,4.757056252479841,11.2940463132715,10.599912842187127,True,False
5032,85815288211665946,9,2614,1803,1652,2000,771,742,4.94382785403371,4.925451183942519,11.352043425795433,10.689997971419446,True,False
5033,55876696805381293,6,2134,1436,1334,2000,673,652,4.739155048330982,4.721761827882089,11.059344460824425,10.381542951184585,True,False
5034,88064756460012582,9,2191,1538,1409,2000,645,625,4.853751870479735,4.839386051011255,11.097373768990222,10.460455896309636,True,False
5035,100849641354425915,10,1871,1377,1252,2000,508,493,5.114173240785263,5.0949512559557295,10.869593843240784,10.290018846932618,True,False
5036,71356493995191640,7,1613,1128,1041,2000,486,473,4.529015734347136,4.516983128207196,10.655530723155643,10.023754353299417,True,False
5037,199262010094379288,20,1800,1378,1235,2000,444,433,4.484369473344035,4.474563396662695,10.813781191217037,10.27029532647204,True,False
5038,116380533524320587,12,1228,942,864,2000,349,343,4.970892911382267,4.961190499629257,10.262094845370179,9.754887502163468,True,False
5039,57156213286314004,6,923,665,624,2000,318,312,4.743566538894338,4.733575429120175,9.850186837645774,9.285402218862249,True,False
5040,89872124929080331,9,293,220,214,2000,104,104,4.362539547427961,4.362539547427961,8.194756854422248,7.741466986401147,True,False
5041,71530322466806064,7,255,190,186,2000,97,97,4.360475634719188,4.360475634719189,7.994353436858858,7.539158811108031,True,False
5042,543303021319037887,54,667,655,607,2000,75,74,4.252892810761032,4.251616040196343,9.381542951184585,9.245552706255681,True,False
5043,25900228945598738,3,1166,709,683,2000,457,446,5.867747149926029,5.845882188913603,10.187352073200497,9.41574176829009,True,False
5044,13906431873447101,1,582,308,302,308,308,302,8.266786540694904,8.227825501733864,9.184875342908283,8.238404739325079,False,False
5045,235668918687364,0,117,0,0,0,0,0,0.0,0.0,6.870364719583405,0,False,True
5046,7610153892422135127,761,1458,1289,1124,2000,232,228,5.157333378928903,5.155833737567088,10.509775004326936,10.134426320220927,True,False
5047,49875000000000000,5,3054,1873,1788,2000,1006,987,4.51490184452358,4.506695472610275,11.576484346796851,10.804131021183318,True,False
5048,1291383839708386253,129,3508,2941,2488,2000,573,555,4.431320077912718,4.421702664258772,11.776433032444734,11.280770770130603,True,False
5049,2164126317421455676,216,8104,6611,5519,2000,1256,1215,5.124040465477583,5.118314473408697,12.984418458801137,12.430191170191696,True,False
5050,119800125313283208,12,4833,3365,3048,2000,1239,1195,4.400747411559447,4.386439520638598,12.238703279427725,11.573647187493322,True,False
5051,120300751879699248,12,4853,3391,3074,2000,1236,1193,5.303097556371691,5.275428678293634,12.244661144764198,11.585901449690772,True,False
5052,24683440015240712,2,3158,1623,1544,2000,1197,1156,6.566584711207665,6.523261578811912,11.624795455860237,10.59245703726808,True,False
5053,987525000000000000,99,7163,5529,4729,2000,1227,1179,4.630253379693816,4.6193706769053975,12.80634822671225,12.207319426457804,True,False
5054,36440193377169280030,3644,2601,2590,2183,2000,67,67,4.637094461373713,4.637094461373712,11.34485068394299,11.092096414990792,True,False
5055,57390990815594107560,5739,3303,3288,2748,2000,112,111,4.863770167596536,4.863430899937801,11.689561254285525,11.4241662888181,True,False
5056,29925000000000000,3,3372,1822,1730,2000,1216,1175,5.298616359151081,5.272961684020092,11.719388820942083,10.756556322524087,True,False
5057,11271750000000000,1,1334,606,585,606,606,585,9.243173983472952,9.166664861399354,10.381542951184585,9.192292814470767,False,False
5058,4204071365788503,0,49,0,0,0,0,0,0.0,0.0,5.614709844115208,0,False,True
5059,15161183297649306614,1516,8216,7220,6053,2000,985,974,5.240531328018572,5.239757943540274,13.004220466318195,12.563434635710198,True,False
5060,3263465777205094,0,1328,0,0,0,0,0,0.0,0.0,10.375039431346925,0,False,True
5061,3082496536590341260,308,3525,3470,2807,2000,209,208,4.7251698043942,4.724522459977545,11.783407542173519,11.454813348512525,True,False
5062,45177408274016743749,4518,2116,2110,1780,2000,75,74,4.7621986495765265,4.761501999533634,11.047123912114026,10.79766152585376,True,False
5063,30170656537571038425,3017,9398,7839,6426,2000,980,948,5.570388153387466,5.56731571013578,13.198138052401116,12.649705265471413,True,False
5064,55602881243969628,6,3790,2147,1991,2000,1040,1011,4.74925491227979,4.732030954596228,11.887982133058454,10.959277505720502,True,False
5065,50298317748340488,5,3716,2073,1931,2000,1045,1016,4.750209447117719,4.733143281491097,11.859534786382653,10.91513244895065,True,False
5066,3512938875017059662,351,1697,1682,1395,2000,92,91,4.674491732574622,4.673848362913707,10.728770849542663,10.44604940671655,True,False
5067,234480048660522878,23,3025,2301,2048,2000,707,683,4.523954207934371,4.509031477056926,11.56271942704932,11.0,True,False
5068,15919017925231239,2,972,509,494,2000,460,449,6.521148666026218,6.4933021427863356,9.92481250360578,8.948367231584678,True,False
5069,76807500000000000,8,3267,2201,2015,2000,989,950,4.555252343468514,4.538424061595417,11.673750739438063,10.97656412341533,True,False
5070,111000000000000000000,11100,4545,4495,3645,0,0,0,0.0,0.0,12.15006457908147,11.8317030992143,False,True
5071,37705500000000000000,3771,9941,8424,6816,2000,1263,1224,5.629426813571874,5.627642173558854,13.279175269495482,12.734709620225837,True,False
5072,3491250000000000000,349,1532,1520,1253,2000,75,74,4.451852647015606,4.450830865976484,10.581200581924957,10.29117069932186,True,False
5073,5938636816807807,1,1508,232,228,232,232,228,7.857980995127573,7.814877546851711,10.558420713268664,7.832890014164741,False,False
5074,34912500000000000,3,3391,2053,1916,2000,1203,1160,5.297082898268698,5.269192556270003,11.72749506902543,10.90388184573618,True,False
5075,498750000000000000,50,5939,4651,4034,2000,1172,1128,4.458465731609076,4.445777962079057,12.53600431728855,11.977995368612962,True,False
5076,113786155809206950,11,4251,3029,2741,2000,1108,1067,5.272391479030371,5.24441939199321,12.053586543639176,11.420486612825774,True,False
5077,15037121864292990,2,2479,1116,1081,2000,1084,1052,6.519083535248664,6.483696316493255,11.275542556086723,10.07815080773465,True,False
5078,4740943754213100000,474,270,240,229,2000,57,57,4.607245000211795,4.607245000211796,8.076815597050832,7.839203788096944,True,False
5079,6966739142136904,1,929,201,199,201,201,199,7.65105169117893,7.627395534451747,9.859534786382653,7.636624620543649,False,False
5080,10551199890000000000,1055,4594,4540,3639,2000,214,213,4.956598342614465,4.956115552647064,12.165535141377925,11.829326335841666,True,False
5081,6184500000000000,1,905,175,173,175,175,173,7.451211111832327,7.424040326105679,9.821773981970567,7.434628227636725,False,False
5082,7865127872698690,1,1807,326,322,326,326,322,8.348728154231079,8.324188276930464,10.8193807908646,8.330916878114618,False,False
5083,49513905000000000000,4951,7575,6812,5605,2000,801,795,4.925244255463268,4.924495698900221,12.887030173247675,12.45249865769279,True,False
5084,13307642571871200000,1331,2102,2095,1776,2000,91,89,4.471807010910244,4.4706657499941125,11.037546953962178,10.794415866350105,True,False
5085,9225541785971253,1,2097,454,445,454,454,445,8.826548487290912,8.782495623854789,11.034111146096592,8.79766152585376,False,False
5086,55939800000000000000,5594,5325,5258,4274,2000,204,203,5.155004552487316,5.154560066886797,12.378565810000563,12.061371192659811,True,False
5087,4009950000000000000,401,8181,6708,5606,2000,1016,985,4.779560239301538,4.774782391398608,12.99806148563642,12.452756029032495,True,False
5088,96238800000000000000,9624,9625,8129,6648,2000,1002,972,5.983322967612092,5.980840026138507,13.232570825356989,12.698704666770345,True,False
5089,96296854500000000000,9630,10353,8848,7204,2000,1243,1204,6.153747555480201,6.152506725739777,13.337761259156672,12.814582465906277,True,False
5090,19950000000000000000,1995,4961,4907,3934,2000,221,219,5.268353014280329,5.266909371241972,12.276415241892678,11.94178124227853,True,False
5091,121306142185981532,12,3356,2490,2325,2000,881,870,4.837761019349074,4.828559656048033,11.712527000439824,11.183015000882756,True,False
5092,32049758466452200960,3205,9109,7899,6528,2000,1022,998,5.411417563124938,5.40846375992041,13.153076966106688,12.672425341971495,True,False
5093,1365477235328334,0,7,0,0,0,0,0,0.0,0.0,2.807354922057604,0,False,True
5094,862419123094451055,86,819,808,723,2000,80,78,4.468655905063959,4.467296498376001,9.677719641641009,9.497851836951117,True,False
5095,22765705313239842776,2277,5024,4965,4006,2000,211,210,4.771864004879902,4.771252723968535,12.294620748891626,11.967946705812707,True,False
5096,15300867924545717602,1530,4845,4790,3864,2000,213,212,4.95553490033013,4.955030556092261,12.242280950302444,11.915879378835774,True,False
5097,2603088563587185044,260,3362,3307,2691,2000,206,205,4.467261251151891,4.466234125702523,11.715104009236168,11.393926675640417,True,False
5098,32686038622508810,3,1961,1226,1152,2000,711,686,6.229314692600876,6.196143762899104,10.93737382019215,10.169925001442312,True,False
5099,283193110546343,0,154,0,0,0,0,0,0.0,0.0,7.266786540694901,0,False,True
5100,98652750000000000000,9865,5554,5480,4447,2000,307,307,5.4092591833194605,5.409259183319461,12.439311461818846,12.118616689351509,True,False
5101,1025933009508540000,103,143,123,119,2000,44,44,4.476823858093573,4.476823858093573,7.159871336778389,6.894817763307944,True,False
5102,6004431999695414,1,458,100,100,100,100,100,6.643856189774724,6.643856189774724,8.839203788096944,6.643856189774724,False,False
5103,61290712030300460258,6129,7653,6890,5671,2000,814,807,5.414098379247641,5.413181483581592,12.901809684323629,12.469387440964345,True,False
5104,3007518796992481203,301,3461,3402,2760,2000,202,201,4.353316950640009,4.351941262796088,11.756973226165448,11.430452551665532,True,False
5105,6274065634587757834,627,8120,6926,5776,2000,1007,986,4.5930676380518936,4.586823769828252,12.987264012072538,12.49585502688717,True,False
5106,1302469335589460652,130,6915,5565,4743,2000,1020,994,4.870330766620779,4.867399087220667,12.755513536037856,12.211584153079526,True,False
5107,120213614402680255,12,4012,2859,2590,2000,1049,1010,5.2550482922386195,5.227467634996059,11.970105890612182,11.338736382573916,True,False
5108,293833827451470352120,29383,7794,7013,5806,0,0,0,0.0,0.0,12.928148216169037,12.503328856626661,False,True
5109,6975946511066453523,698,8573,7025,5822,2000,995,965,5.053414914520527,5.049621269145103,13.065584428061502,12.507299124122765,True,False
5110,1968014436461545349,197,3023,2971,2430,2000,194,193,4.351955906293025,4.350580906293025,11.561765263627708,11.246740598493144,True,False
5111,9049765869069165062,905,4366,4285,3500,2000,309,309,4.686563316176738,4.686563316176736,12.092096414990792,11.77313920671969,True,False
5112,4601821381810346,0,1572,0,0,0,0,0,0.0,0.0,10.618385502258606,0,False,True
5113,2294250000000000000,229,3246,3198,2603,2000,192,192,4.392426303549126,4.392426303549126,11.664447284547972,11.345959596404112,True,False
5114,14403213942762290955,1440,9706,8192,6731,2000,1220,1178,5.734987491491332,5.732900259259996,13.244661144764198,12.716605141335364,True,False
5115,92767500000000000,9,2910,1999,1831,2000,845,811,4.999805096941359,4.980356026981756,11.506803437795647,10.838416075797337,True,False
5116,4427198296975021,0,779,0,0,0,0,0,0.0,0.0,9.605479518061669,0,False,True
5117,596011720600206068183,59601,1626,1621,1396,0,0,0,0.0,0.0,10.667111542075027,10.447083226209653,False,True
5118,2892750000000000000,289,8036,6398,5386,2000,1054,1025,4.501776303682525,4.49616652033809,12.972261848733291,12.394998514501673,True,False
5119,27264951268864012,3,3139,1497,1426,2000,1034,1005,5.248750616413544,5.225788210161742,11.616089313582115,10.477758266443889,True,False
5120,9695700000000000000,970,4400,4345,3488,2000,210,209,4.589707020816783,4.58891026578274,12.103287808412022,11.768184324776927,True,False
5121,1020496802496667,0,325,0,0,0,0,0,0.0,0.0,8.344295907915816,0,False,True
5122,1546802011573253163,155,2850,2808,2301,2000,208,208,4.489576808687423,4.489576808687423,11.476746203939467,11.16804526822409,True,False
5123,9370604975355855000,937,4911,4240,3452,2000,676,654,5.24008783024969,5.2350594557669705,12.261801107195309,11.753216749178955,True,False
5124,997500000000000,0,421,0,0,0,0,0,0.0,0.0,8.717676423066395,0,False,True
5125,16458750000000000000,1646,3016,2995,2464,2000,120,119,4.5836091356243465,4.583344910728145,11.558420713268664,11.266786540694902,True,False
5126,497533000079868771,50,1889,1842,1554,2000,199,199,4.392085452478835,4.392085452478835,10.88340698638837,10.60177078840771,True,False
5127,68811908248411299,7,4140,2651,2439,2000,1241,1201,4.553201941888688,4.538168072245925,12.015415052386688,11.252074042796185,True,False
5128,1534599342942068,0,344,0,0,0,0,0,0.0,0.0,8.426264754702098,0,False,True
5129,2324719409568849614,232,1232,1223,1073,2000,83,81,4.477457914036928,4.4757300760648375,10.266786540694902,10.067434360756522,True,False
5130,1759423546602208390,176,1081,1074,954,2000,84,82,4.5750254686187874,4.573581366569435,10.07815080773465,9.897845456005511,True,False
5131,532266812986678978,53,718,711,665,2000,85,83,4.5461639691999105,4.543346212266421,9.487840033823051,9.377210530388552,True,False
5132,3990000000000000,0,747,0,0,0,0,0,0.0,0.0,9.544964432789238,0,False,True
5133,5123563018744475676,512,6217,5445,4568,2000,799,791,4.800330608296975,4.796765321028069,12.602002863537445,12.157346935362844,True,False
5134,897750000000000000,90,3411,3183,2749,2000,632,629,4.494283431451647,4.493320086718734,11.735979039613404,11.424691191512954,True,False
5135,1517263045329012,0,361,0,0,0,0,0,0.0,0.0,8.49585502688717,0,False,True
5136,997500000000000000,100,2370,2304,1892,2000,195,194,4.369800518441789,4.368409082100001,11.210671343785622,10.885696373339394,True,False
5137,1002506265664160,0,324,0,0,0,0,0,0.0,0.0,8.339850002884624,0,False,True
5138,1532806183903802990,153,3922,3708,3162,2000,621,619,4.6724914971057485,4.672093988161797,11.93737382019215,11.62662165235837,True,False
5139,141203772813247888210,14120,2582,2574,2115,0,0,0,0.0,0.0,11.33427328530719,11.046441948007311,False,True
5140,34653566159215803975,3465,3593,3569,2938,2000,145,144,4.867347162092849,4.867162890280679,11.810973220002165,11.52061868055628,True,False
5141,957600000000000000,96,2324,2255,1866,2000,198,197,4.519489965934197,4.518408566012845,11.18239435340453,10.86573327085176,True,False
5142,7004849217479552851,700,8657,7243,6010,2000,1077,1046,5.002385316606513,4.998952594548587,13.079651444144783,12.553149275598548,True,False
5143,331269750000000000,33,1611,1545,1339,2000,196,195,4.406145988149692,4.405045658050663,10.653740778706569,10.386940245324311,True,False
5144,2612246864892669165,261,3242,3174,2589,2000,193,192,4.486877498282499,4.485876956322269,11.662668375517542,11.338179249900112,True,False
5145,3341625000000000000,334,3580,3531,2847,2000,197,197,4.581631919949564,4.581631919949563,11.805743872151618,11.475226777742266,True,False
5146,1619989031503221,0,368,0,0,0,0,0,0.0,0.0,8.523561956057012,0,False,True
5147,137438819459054769,14,1117,1050,945,2000,183,182,4.484893664475397,4.482492463875097,10.125413470483315,9.884170519108435,True,False
5148,17902005758164318,2,50,22,22,157,22,22,4.241403020040032,4.241403020040032,5.643856189774724,4.459431618637297,False,False
5149,7474736035145795249,747,4625,4501,3724,2000,441,439,4.73395125223875,4.733362947732337,12.175237650291036,11.862637357558794,True,False
5150,2872800000000000000,287,7318,6106,5038,2000,1094,1051,4.566023619320354,4.554306405877096,12.837233700339088,12.298635406734242,True,False
5151,31685445516147476,3,729,484,464,2000,290,285,5.592807614668428,5.5799115203427085,9.509775004326936,8.857980995127573,True,False
5152,6982674075747511566,698,5922,5569,4626,2000,753,747,5.129907331633035,5.128721968108802,12.531868775177553,12.175549550636191,True,False
5153,262102179320311923,26,3104,2696,2448,2000,748,743,4.427829875395395,4.426386921303669,11.599912842187127,11.257387842692651,True,False
5154,86188605645189580,9,2635,1867,1795,2000,788,782,4.543696762154234,4.540611286857006,11.363587246524578,10.809768128710413,True,False
5155,1022106796830000000,102,5066,4285,3667,2000,826,816,4.821784200125364,4.8193739601609185,12.306631361712501,11.840384550711667,True,False
5156,1088798089533000000,109,5887,4952,4266,2000,940,929,4.602364254012067,4.600762241334033,12.523316912312747,12.058668250340572,True,False
5157,1607635083064882769,161,1133,1125,987,2000,88,86,4.289358169258306,4.287745802682327,10.145932145820515,9.946906274456397,True,False
5158,1218688146453459,0,337,0,0,0,0,0,0.0,0.0,8.396604781181859,0,False,True
5159,4553145290662116919,455,5389,5084,4252,2000,733,728,5.005433774474185,5.004220014866501,12.395801871389747,12.053925881531105,True,False
5160,1188332877859164383,119,6113,5120,4410,2000,978,967,4.61355416541811,4.611233863447884,12.577664851764846,12.106562940444883,True,False
5161,16708125000000000000,1671,9735,8118,6603,2000,1250,1208,5.76561564553616,5.763730514798471,13.248965263607657,12.688905930612714,True,False
5162,3481275000000000000,348,8624,6994,5805,2000,1233,1187,4.9658074953361995,4.960326935753249,13.074141462752506,12.50308035175293,True,False
5163,26932500000000000000,2693,5466,4750,3836,2000,736,711,5.887360813166121,5.884394648748444,12.416269744523207,11.905387005018131,True,False
5164,19950000000000000000,1995,4244,3724,3027,2000,580,561,5.73659416008882,5.732888552027929,12.051208940914766,11.563672959827514,True,False
5165,25183850916376844500,2518,3517,3103,2531,2000,472,459,5.68244212217332,5.6787138523587455,11.780129619625306,11.305491792110685,True,False
5166,99307066650717329264,9931,3421,3406,2828,2000,104,103,4.524194298677131,4.5236979949733405,11.7402023887679,11.4655664048094,True,False
5167,40000000000000000,4,696,472,449,2000,269,264,5.225645842582378,5.212469628550381,9.442943495848729,8.810571634741146,True,False
5168,302756892230576440,30,1076,869,783,2000,255,251,4.508439971277658,4.503358414265355,10.071462362556623,9.612868497291041,True,False
5169,1636897500000000000,164,3421,3299,2789,2000,439,437,4.686487433546951,4.685862374947704,11.7402023887679,11.445532219028312,True,False
5170,56899168167646360468,5690,3129,2785,2299,2000,437,426,5.912052544954488,5.9090830976857305,11.611485943240922,11.16679075071818,True,False
5171,283694047664057160,28,4373,3291,2976,2000,964,951,4.5392913983476575,4.53360592305043,12.094407633081207,11.539158811108031,True,False
5172,701440745798517725,70,4451,3685,3215,2000,799,793,4.6373344562028125,4.636092966122248,12.119913785452269,11.650603022215309,True,False
5173,947625000000000000,95,2328,2284,1893,2000,203,203,4.387922663150645,4.387922663150647,11.184875342908283,10.886458695703706,True,False
5174,90073235612143314972,9007,5423,5356,4356,2000,235,234,5.884286594206347,5.884051244712349,12.404875455015208,12.088788238716907,True,False
5175,9894064502545055160,989,4266,4199,3392,2000,197,196,4.912738303155482,4.91215718935403,12.058668250340572,11.727920454563199,True,False
5176,3420429128694180207,342,8575,7089,5927,2000,1198,1157,4.878606113602078,4.873933755795166,13.065920955947536,12.533086342167612,True,False
5177,2543625000000000000,254,7699,6253,5258,2000,1028,999,4.372672231476368,4.364432340401283,12.910455355309821,12.360298426618046,True,False
5178,28628250000000000000,2863,3796,3768,3083,2000,115,113,4.603035252023077,4.60250928192017,11.89026427702111,11.590119174107175,True,False
5179,550935426890923538,55,287,284,276,2000,48,48,4.1454257478237455,4.1454257478237455,8.164906926675688,8.108524456778168,True,False
5180,18852750000000000000,1885,4826,4758,3839,2000,208,207,4.994623583108357,4.994101753224896,12.23661220021575,11.90651484484695,True,False
5181,407234863300785034,41,822,806,705,2000,103,102,4.292707755810264,4.291535521752131,9.682994583681683,9.461479447286155,True,False
5182,2978187522849095917,298,2869,2809,2275,2000,170,169,4.626800677290124,4.624308945442064,11.486332252768664,11.151650829973422,True,False
5183,5542854346919778,1,63,19,19,19,19,19,4.247927513443585,4.247927513443585,5.977279923499917,4.247927513443585,False,False
5184,359100000000000000000,35910,5934,5840,4780,0,0,0,0.0,0.0,12.534789211480266,12.222794902868111,False,True
5185,984922082200678002,98,2873,2749,2356,2000,435,433,4.458614206614168,4.457704950385763,11.488342277532524,11.20212382383046,True,False
5186,51162487534523111,5,3920,2377,2207,2000,1205,1165,4.548307859241973,4.532818473943014,11.936637939002571,11.107870914279614,True,False
5187,200162831468250000,20,335,331,324,2000,66,64,4.208222868342165,4.205165626422673,8.388017285345136,8.339850002884624,True,False
5188,2122689945075000000,212,3291,3215,2671,2000,290,290,4.642195496682224,4.642195496682225,11.68431031112435,11.38316426063511,True,False
5189,8432076975000000000,843,9243,7775,6420,2000,1184,1143,4.929265652485153,4.9225771375159395,13.174145467760507,12.648357582009666,True,False
5190,969238439830389393,97,4725,3960,3411,2000,785,779,4.435821775814072,4.433250546399716,12.206098613995797,11.735979039613404,True,False
5191,60245566346993225017,6025,5608,5550,4461,2000,240,237,6.022936233368916,6.021853304606452,12.453270634010623,12.123151432773575,True,False
5192,1995000000000000,0,411,0,0,0,0,0,0.0,0.0,8.682994583681683,0,False,True
5193,2094750000000000,0,350,0,0,0,0,0,0.0,0.0,8.451211111832329,0,False,True
5194,8967794701922423014,897,6676,5912,4895,2000,801,795,4.921188379335839,4.920394687941055,12.704768239362599,12.257093144491057,True,False
5195,9910091957906227500,991,2118,2105,1747,2000,90,89,4.731324951923396,4.730899295093883,11.048486873992337,10.77066389291676,True,False
5196,10415147544827387,1,29,25,25,25,25,25,4.643856189774724,4.643856189774724,4.857980995127572,4.643856189774724,False,False
5197,10498284732836548926,1050,4453,4386,3539,2000,191,190,4.589670293238439,4.5887968354373685,12.120561896442904,11.789126046425231,True,False
5198,15247519566922339291,1525,4717,4650,3767,2000,204,203,5.08191627692891,5.081427687527227,12.203653885529597,11.879200317947392,True,False
5199,498750000000000000,50,7,6,6,1,2,2,1.0,1.0,2.807354922057604,2.584962500721156,False,False
5200,49875000000000000,5,3,2,2,0,0,0,0.0,0.0,1.584962500721156,1.0,False,False
5201,29318108264384902,3,69,64,64,2000,56,56,5.01444630129096,5.014446301290961,6.108524456778169,6.0,True,False
5202,5065096563131423,1,1093,209,209,209,209,209,7.707359132080884,7.707359132080884,10.094077685671905,7.7073591320808825,False,False
5203,3990000000000000,0,1349,0,0,0,0,0,0.0,0.0,10.397674632948268,0,False,True
5204,3477440915883943363,348,8661,7027,5831,2000,1234,1186,4.9067946056348415,4.898396461808458,13.080317892957138,12.509527607423152,True,False
5205,4980958069451112300,498,7341,6350,5365,2000,971,961,4.740310863729257,4.739109076614319,12.841760886800547,12.389362455643884,True,False
5206,14603400000000000000,1460,9052,7765,6265,2000,1191,1146,5.2771574158594925,5.272360060713513,13.144020869266893,12.613098794209224,True,False
5207,4987500000000000000,499,8344,7067,5781,2000,1169,1126,4.600110350066347,4.593404819646951,13.026523442519766,12.497103357016877,True,False
5208,997500000000000000,100,5874,4750,4045,2000,1038,997,4.500504286616063,4.489240020639134,12.520127550324851,11.981923987317339,True,False
5209,1232318226705257255,123,1006,999,873,2000,78,77,4.3214116675096275,4.320680144182314,9.974414589805527,9.76983784362944,True,False
5210,40511356091950004164,4051,4582,4522,3681,2000,179,177,5.153704411306622,5.150185389820334,12.161761743304675,11.845882034384061,True,False
5211,2483479455825338,0,1061,0,0,0,0,0,0.0,0.0,10.051208940914766,0,False,True
5212,10782964464995517700,1078,2181,2169,1791,2000,88,87,4.7631271210652075,4.762578287186767,11.09077405464075,10.806549621985962,True,False
5213,1471312500000000000,147,370,331,314,2000,82,82,4.491077235512307,4.491077235512307,8.531381460516313,8.294620748891626,True,False
5214,779047500000000000,78,6619,5190,4482,2000,1153,1116,4.692775341673813,4.6867770573485,12.692397555468485,12.129926933510394,True,False
5215,3883475541673973,0,875,0,0,0,0,0,0.0,0.0,9.77313920671969,0,False,True
5216,14688905397483589,1,1449,706,680,706,706,680,9.46352437327118,9.38085507018818,10.50084187955693,9.409390936137703,False,False
5217,9542009579099301,1,906,283,281,283,283,281,8.14465824283188,8.130523967213506,9.823367240046235,8.134426320220927,False,False
5218,7772627909790162,1,1052,262,258,262,262,258,8.033423001537452,7.995255062606154,10.038918989292302,8.011227255423254,False,False
5219,1753831478050956304,175,7909,6365,5348,2000,1238,1197,4.9659736177764175,4.962431204515093,12.949279579076595,12.384783750093353,True,False
5220,5928246628940298821,593,4683,4509,3765,2000,515,512,5.16288311100686,5.161845913582948,12.193217322699065,11.87843414955929,True,False
5221,29919044925000000000,2992,5818,5629,4652,2000,587,585,6.047660894368543,6.047522960955899,12.506307581100307,12.183635381473218,True,False
5222,330827067669172932,33,1583,1516,1264,2000,185,183,4.403037753779624,4.401253626330637,10.62844554013718,10.303780748177102,True,False
5223,1002597881612355000,100,1381,1179,1034,2000,255,251,4.493956848123647,4.490999174692433,10.43149760425805,10.014020470314934,True,False
5224,686865467695437525,69,1902,1839,1508,2000,180,178,4.400603610406874,4.399042577003173,10.893301530860564,10.558420713268664,True,False
5225,1002506265664160,0,13,0,0,0,0,0,0.0,0.0,3.700439718141092,0,False,True
5226,56207130000000000,6,878,786,770,2000,345,344,4.50940316726842,4.508342721881357,9.778077129535358,9.588714635582264,True,False
5227,10439681883750000,1,394,300,299,300,300,299,8.228818690495883,8.222152023829217,8.622051819456376,8.224001674198105,False,False
5228,9717544886291139,1,2173,555,539,555,555,539,9.116343961237469,9.047218685603955,11.085472459181283,9.074141462752506,False,False
5229,60156107099537431,6,2296,1561,1445,2000,713,688,4.755360735017346,4.73635080994254,11.164906926675688,10.496853777388042,True,False
5230,6579885334321153480,658,4070,4013,3214,2000,201,200,4.390843437076714,4.3890088807058,11.99081307915361,11.650154213675094,True,False
5231,1999097885680170517,200,3055,3000,2445,2000,204,203,4.403913364027659,4.402812813752522,11.576956664706092,11.255618749839597,True,False
5232,2036245730917688,0,990,0,0,0,0,0,0.0,0.0,9.951284714966972,0,False,True
5233,5170042500000000000,517,9077,7526,6231,2000,1232,1191,4.964795353207006,4.961197978863462,13.147999842060191,12.605248001565803,True,False
5234,12664007736547365724,1266,9458,7989,6460,2000,1260,1216,5.278638174725647,5.274435131674096,13.207319426457804,12.657318449581288,True,False
5235,9964363817191011801,996,9253,7792,6334,2000,1271,1228,5.837902884573195,5.835811151775638,13.175705475525927,12.62890115202819,True,False
5236,3967007947098690715,397,3632,3592,2899,2000,214,214,4.682371460226822,4.682371460226822,11.826548487290914,11.501339618061397,True,False
5237,209814619347958307,21,1350,1311,1169,2000,209,209,4.38932824568802,4.38932824568802,10.398743691938193,10.191059214531656,True,False
5238,761718252968155,0,201,0,0,0,0,0,0.0,0.0,7.651051691178929,0,False,True
5239,8623292319165923,1,1986,494,484,494,494,484,8.948367231584676,8.90383281862921,10.955649907528374,8.918863237274595,False,False
5240,380977769575345491,38,1194,1159,969,2000,119,117,4.326371893520372,4.325503790412564,10.221587121264806,9.92035285541508,True,False
5241,390784307852001359,39,1241,1201,1004,2000,132,131,4.613528709482232,4.613138499058934,10.277287400130357,9.971543553950772,True,False
5242,1995000000000000000,200,1233,1222,1055,2000,80,79,4.297286046660009,4.296275323779835,10.26795708440284,10.043027283594547,True,False
5243,4951726927927286877,495,2674,2646,2158,2000,106,106,4.447210334950888,4.447210334950888,11.384783750093353,11.075479149488016,True,False
5244,24687615997855522557,2469,9753,8251,6668,2000,1266,1222,5.008814060642697,5.003408105560666,13.251630341411513,12.703038388986418,True,False
5245,22136830662435866729,2214,9741,8242,6658,2000,1261,1216,4.702796406140271,4.696685841990176,13.249854170007245,12.700873155140263,True,False
5246,1278469160395681428,128,165,163,156,2000,59,59,5.06221252777062,5.062212527770618,7.366322214245816,7.285402218862249,True,False
5247,1103042048316536,0,636,0,0,0,0,0,0.0,0.0,9.312882955284355,0,False,True
5248,3364761698822187518,336,7983,6443,5405,2000,967,938,4.69381244963839,4.6892728919705835,12.962715295743376,12.400078902622013,True,False
5249,14926975811451993238,1493,7857,6947,5845,2000,923,912,4.392350845273312,4.389422240174726,12.939762845071753,12.51298730941902,True,False
5250,8470171381873699890,847,3978,3911,3127,2000,192,190,4.770692688486562,4.769825881435551,11.957827560833744,11.610563503925041,True,False
5251,257557910289906369,26,2778,2498,2270,2000,713,708,4.772369848982403,4.769172254190718,11.439830883981392,11.148476582178278,True,False
5252,1490943103376980073,149,6216,5248,4502,2000,958,947,4.46901346212565,4.466658634691154,12.60177078840771,12.136350341454156,True,False
5253,16957500000000000,2,2931,1333,1278,2000,1212,1169,6.569446389586898,6.527729384226742,11.51717725268954,10.319672120946995,True,False
5254,25429643136358200213,2543,9335,7803,6399,2000,984,955,5.005439734941844,5.00228188046767,13.188434307113564,12.643630751061728,True,False
5255,329073367572615,0,117,0,0,0,0,0,0.0,0.0,6.870364719583405,0,False,True
5256,868492607910716825073,86849,2198,1970,1660,0,0,0,0.0,0.0,11.101975670949232,10.696967526234287,False,True
5257,391852693278081579,39,3114,2814,2507,2000,711,707,4.5251145625363165,4.522714322512315,11.604553229079038,11.291746280833939,True,False
5258,28681463543363525076,2868,5155,5069,4135,2000,347,346,4.8283823191729045,4.828038691435259,12.331756712255471,12.013671614058637,True,False
5259,5875761595322640172,588,4328,4226,3490,2000,420,418,5.343905344530334,5.343542574325869,12.079484783826816,11.769011321097015,True,False
5260,24948398537137840096,2495,5389,5265,4323,2000,456,454,5.377380249441511,5.3770772191384815,12.395801871389747,12.077817120895904,True,False
5261,664236139386824656,66,2982,2784,2434,2000,585,582,4.507284358533772,4.505081803181439,11.542064542283443,11.249113452713729,True,False
5262,399000000000000000,40,2603,2401,2130,2000,593,591,4.876516217411745,4.876132798361187,11.345959596404112,11.056637715113201,True,False
5263,68144975590537021,7,4061,2518,2323,2000,1203,1164,4.784006652266915,4.76475914985232,11.987619311924325,11.181773438808808,True,False
5264,35454483124641445,4,2285,1421,1329,2000,824,792,5.299144673553204,5.272239407527733,11.157978449945432,10.376125389276174,True,False
5265,107031173335866540679,10703,10221,8694,7032,0,0,0,0.0,0.0,13.319248732817503,12.779719355143405,False,True
5266,63344878989067580520,6334,2716,2705,2205,2000,83,82,4.515515796264526,4.514799582469267,11.407267764244732,11.106562940444883,True,False
5267,119700000000000000,12,2843,2065,1876,2000,746,719,5.254102100751262,5.2294647107560355,11.473198383677527,10.873444112515376,True,False
5268,535791624018151896412,53579,5590,5527,4505,0,0,0,0.0,0.0,12.448632567730552,12.137311390700901,False,True
5269,366052188763543901,37,3887,3083,2768,2000,829,820,4.392640293662707,4.389656957873279,11.924441392339197,11.434628227636725,True,False
5270,2074950529890640159,207,5777,4954,4195,2000,840,830,4.392964581671866,4.389606898129446,12.496104779340126,12.034455095327186,True,False
5271,1845974179568200210,185,5679,4844,4119,2000,870,858,5.238836281681429,5.236144432367537,12.471421196424862,12.008078410868256,True,False
5272,1866574776644462077257,186657,6891,6003,4845,0,0,0,0.0,0.0,12.75049764209908,12.242280950302444,False,True
5273,2012955000000000000,201,3148,3092,2513,2000,200,199,4.488552521602452,4.48763551105683,11.620219825507487,11.295194955880655,True,False
5274,68131730296669348,7,182,175,167,2000,69,68,4.516456203887815,4.514132372307747,7.507794640198696,7.383704292474052,True,False
5275,43196908619911678,4,3327,1856,1765,2000,1005,975,5.08186403710347,5.061663655664837,11.700006150882865,10.785452468158542,True,False
5276,19529675974516402,2,84,64,64,1191,64,64,5.659274154783555,5.659274154783555,6.392317422778761,6.0,False,False
5277,24229275000000000000,2423,9357,7886,6481,2000,1034,1003,5.654254664151184,5.624112865285042,13.191830338095308,12.662000718718481,True,False
5278,91037235355827520,9,2055,1736,1668,2000,726,722,4.681001877605199,4.67853828452853,11.004922678569045,10.703903573444663,True,False
5279,13566553616490000,1,1101,534,517,534,534,517,9.060695931687555,8.988852246338116,10.10459875356437,9.014020470314934,False,False
5280,210550592207529565,21,3284,2474,2211,2000,773,745,4.434292788028207,4.42104832944815,11.681238411777805,11.110483309816226,True,False
5281,284106612138955123,28,1508,1448,1267,2000,203,202,4.410614952060984,4.408976706473078,10.558420713268664,10.30720080914081,True,False
5282,97662907258208012,10,4437,2919,2666,2000,1222,1182,4.399116810624351,4.388352294595475,12.115368837820224,11.380461065088973,True,False
5283,647253550851924863,65,294,292,283,2000,49,49,4.163546757789947,4.163546757789947,8.199672344836364,8.144658242831882,True,False
5284,636910671696312894,64,495,490,478,2000,61,61,4.320271039961909,4.32027103996191,8.951284714966972,8.900866807980748,True,False
5285,648375000000000000,65,536,532,516,2000,68,67,4.437351020754503,4.404459276522583,9.066089190457772,9.011227255423254,True,False
5286,498750000000000000,50,501,497,482,2000,60,58,4.318460555940351,4.278640148893492,8.968666793195208,8.912889336229961,True,False
5287,1234832914955259269,123,836,831,771,2000,68,66,4.244496420661511,4.241593097425904,9.707359132080883,9.590587049915035,True,False
5288,997500000000000000,100,785,778,719,2000,70,69,4.2420075464499485,4.240749330727863,9.61654884377899,9.489847960439297,True,False
5289,825938146022305860,83,1087,1071,909,2000,104,103,4.333600307917704,4.332759073379452,10.086136225027309,9.828136484194108,True,False
5290,243249623909609011,24,937,909,779,2000,112,109,4.405354628614818,4.404286188788059,9.871905237659186,9.605479518061669,True,False
5291,254900090413730450,25,1490,1423,1240,2000,183,182,4.704533035177784,4.701530783489015,10.541096615349524,10.276124405274238,True,False
5292,1095301749952837368,110,2575,2517,2085,2000,197,196,4.40504926605265,4.403949101027897,11.330356716957944,11.025831668332026,True,False
5293,324562282990646236,32,1637,1583,1368,2000,197,196,4.389817718236392,4.387983773588175,10.676838606474153,10.417852514885897,True,False
5294,498750000000000000,50,2643,2458,2161,2000,542,540,4.871323325514745,4.870923285510745,11.36796070964157,11.077483356859508,True,False
5295,313653582038484203,31,2480,2278,2039,2000,597,595,4.430018832177692,4.4293738088230725,11.276124405274238,10.993646060016596,True,False
5296,505284066219927951,51,4363,3537,3122,2000,839,829,4.442197099091144,4.437720933915335,12.091104758376499,11.608254821977908,True,False
5297,269204697611146385,27,4413,3301,2991,2000,965,949,4.3862873750246925,4.381426914877473,12.107544031975987,11.546412195119352,True,False
5298,1022197880904769996116,102220,5783,5725,4651,0,0,0,0.0,0.0,12.49760238678349,12.183325224524612,False,True
5299,454370301051859629,45,1805,1750,1489,2000,196,195,4.491183605699009,4.488981623915402,10.817783121774534,10.5401280385821,True,False
5300,89775000000000000,9,480,350,336,2000,153,151,4.457215492404498,4.451973486463558,8.906890595608518,8.39231742277876,True,False
5301,7896013888325004,1,1368,371,371,371,371,371,8.535275376620802,8.535275376620802,10.417852514885897,8.535275376620802,False,False
5302,1740830874492150000,174,1111,1104,978,2000,87,85,4.376052800062656,4.374790250962633,10.117643101389092,9.933690654952233,True,False
5303,14962500000000000,1,241,174,173,174,174,173,7.442943495848731,7.431449242975168,7.912889336229962,7.434628227636725,False,False
5304,100000000000000000,10,4656,3157,2876,2000,1249,1206,5.1116948861277205,5.095055164583091,12.184875342908283,11.489847960439297,True,False
5305,56777312988092182818,5678,9062,7935,6631,2000,990,974,5.413726087095303,5.412582432595157,13.14561377551339,12.695010739653238,True,False
5306,54943909286884467,5,182,175,166,2000,83,82,4.919473214306601,4.917297498220666,7.507794640198696,7.3750394313469245,True,False
5307,2456570930625000000,246,5629,4861,4104,2000,808,801,4.994956248108543,4.949065108084186,12.458662932867817,12.002815015607053,True,False
5308,64970775915001253840,6497,9112,7977,6656,2000,1018,1001,5.956082914539937,5.955292753636957,13.153552031708111,12.700439718141093,True,False
5309,875110721033923684,88,5863,4727,4125,2000,984,967,4.597836512254858,4.594963409148164,12.517423341396473,12.010178404020541,True,False
5310,805059409438075615,81,3330,3103,2689,2000,624,621,4.539555292349734,4.537554291849484,11.701306461958625,11.392854039872873,True,False
5311,5641503555074538,1,1342,218,218,218,218,218,7.768184324776927,7.768184324776927,10.390168956200183,7.768184324776926,False,False
5312,7336213500000000000,734,5347,5116,4267,2000,660,657,5.477744334071768,5.47746652928519,12.384513961398618,12.059006395201111,True,False
5313,8266125052194651188,827,4132,4068,3267,2000,201,200,4.58159796930255,4.580812114685653,12.01262453886506,11.673750739438063,True,False
5314,915302422479979590,92,6454,4960,4290,2000,957,928,4.393273808091851,4.382696793803664,12.655977862486942,12.066761932386909,True,False
5315,99595370023012020286,9960,2938,2926,2441,2000,88,87,5.433803180850433,5.432892068540601,11.52061868055628,11.253256579781153,True,False
5316,128543751338473282583,12854,3087,3075,2561,0,0,0,0.0,0.0,11.591989767615125,11.322491537597468,False,True
5317,70287189259064418193,7029,3028,3015,2516,2000,104,102,5.265704547478087,5.265220842596557,11.564149489985732,11.296916206879288,True,False
5318,3320547049179759654,332,7970,6421,5382,2000,986,955,4.644935525969495,4.639053186230554,12.960364008877834,12.393926675640417,True,False
5319,4199353056203337,0,695,0,0,0,0,0,0.0,0.0,9.44086916761087,0,False,True
5320,99700000000000000,10,891,824,754,2000,187,186,4.366282673632213,4.364638872658577,9.799281621521923,9.558420713268664,True,False
5321,61662257571862633,6,703,635,603,2000,181,179,4.7069367893511735,4.702467652249382,9.457380879072534,9.236014191900084,True,False
5322,47868147482198400000,4787,2686,2674,2208,2000,83,82,4.485817126507257,4.485026474712239,11.391243589427443,11.108524456778168,True,False
5323,3990000000000000,0,695,0,0,0,0,0,0.0,0.0,9.44086916761087,0,False,True
5324,29127000000000000000,2913,2609,2597,2181,2000,90,88,5.073242165835146,5.06619532893079,11.349281228817452,11.09077405464075,True,False
5325,678300000000000000,68,863,848,739,2000,88,87,4.321266485576497,4.319939457776484,9.753216749178955,9.52943055414615,True,False
5326,997500000000000000,100,1260,1241,1032,2000,108,107,4.263409346678732,4.262850064318812,10.29920801838728,10.011227255423254,True,False
5327,90186120959289981,9,926,853,816,2000,281,281,4.368001068827097,4.368001068827097,9.854868383260236,9.672425341971495,True,False
5328,38801017276030018635,3880,5209,5141,4119,2000,194,193,4.726155927610002,4.725387151737737,12.346790721750702,12.008078410868256,True,False
5329,1954913149198245823,195,2953,2885,2364,2000,193,192,4.374426764694145,4.373150375298444,11.527965641133955,11.207014320177532,True,False
5330,17519142695772485,2,276,207,205,2000,177,176,6.409742714803139,6.40374271480314,8.108524456778168,7.679480099505446,True,False
5331,13217312726656013622,1322,4620,4553,3683,2000,192,191,4.443163606109428,4.4420723001799995,12.17367713630342,11.846665681899738,True,False
5332,121445736166750359,12,2304,2006,1891,2000,710,706,4.524833923760116,4.522433443664097,11.169925001442312,10.884933647949762,True,False
5333,637081322039841010,64,4700,3847,3379,2000,869,859,4.393858843542445,4.390770155299377,12.198445041452363,11.722380635163802,True,False
5334,21116323210354175,2,3160,1572,1506,2000,1213,1173,6.571003938428171,6.533012427854044,11.625708843064466,10.556506054671928,True,False
5335,19923859576535775000,1992,1704,1700,1493,2000,85,83,5.147730085760337,5.142083761064693,10.734709620225837,10.543998450134541,True,False
5336,76408255379299547,8,4077,2593,2383,2000,1187,1147,4.7808643767014445,4.761125184217052,11.993292241488547,11.21856323619027,True,False
5337,8478750000000000,1,187,56,56,56,56,56,5.807354922057605,5.807354922057605,7.546894459887636,5.807354922057604,False,False
5338,89223057644110275,9,4410,2812,2570,2000,1216,1173,4.549844872393214,4.533158070249152,12.106562940444883,11.32755264408124,True,False
5339,431575658144636322,43,6274,4679,4085,2000,1219,1176,4.471958095836177,4.463632481695687,12.615169813843602,11.996120363033047,True,False
5340,375328557515520000,38,1683,1616,1374,2000,185,184,4.35069214913983,4.349191680243299,10.71681946132995,10.4241662888181,True,False
5341,6123391018305764,1,1620,226,224,226,226,224,7.820178962415187,7.80247984737094,10.661778097771988,7.807354922057604,False,False
5342,289943937079966201,29,1519,1478,1288,2000,207,207,4.397003376275512,4.397003376275512,10.568906154502084,10.330916878114618,True,False
5343,799983339483776,0,241,0,0,0,0,0,0.0,0.0,7.912889336229962,0,False,True
5344,728175000000000000,73,3608,3328,2892,2000,710,706,4.748463316088429,4.746873385647885,11.81698362325538,11.497851836951117,True,False
5345,119680803566174970000,11968,379,347,328,0,0,0,0.0,0.0,8.566054038171092,8.357552004618084,False,True
5346,487650471002415000,49,1193,985,879,2000,256,252,4.367996725881717,4.363285476751807,10.220378327695228,9.779719355143405,True,False
5347,16507550578487507,2,1073,762,757,2000,720,716,6.516610905110667,6.5108972168675985,10.067434360756522,9.564149489985732,True,False
5348,4287607057057552,0,1543,0,0,0,0,0,0.0,0.0,10.591522346570734,0,False,True
5349,7951609217731283276,795,6147,5736,4752,2000,758,753,4.938734537950552,4.937995354812621,12.585666769732402,12.214319120800766,True,False
5350,5967321553643100000,597,1971,1964,1666,2000,92,91,4.380308752454894,4.379632073850372,10.944712061043486,10.702172685365548,True,False
5351,400000000000000000,40,5724,4439,3866,2000,1168,1125,4.493336156425207,4.478868059239497,12.482807956726667,11.916625922211235,True,False
5352,800000000000000000,80,3146,2579,2220,2000,573,554,4.5644621333118085,4.55331415857014,11.619302955415687,11.116343961237469,True,False
5353,33654245814318933791,3365,6916,6543,5380,2000,764,759,5.538545640674631,5.538165967876669,12.755722153642282,12.393390457443987,True,False
5354,280671675179327086418,28067,976,878,776,0,0,0,0.0,0.0,9.930737337562887,9.599912842187127,False,True
5355,95735003291647876,10,990,909,869,2000,299,299,4.402716454074657,4.402716454074656,9.951284714966972,9.7632123668144,True,False
5356,18928076474457419934,1893,5454,5280,4368,2000,529,527,5.682865705706125,5.682678597464006,12.413098984915264,12.092757140919852,True,False
5357,124224356748094321953,12422,4278,4250,3462,0,0,0,0.0,0.0,12.062720767165045,11.757390009366638,False,True
5358,968572500000000000,97,2734,2632,2243,2000,392,390,4.593611661839644,4.592792432251281,11.41679752760606,11.131213905086272,True,False
5359,161093510117983788,16,1154,1105,1001,2000,193,192,4.35244738639249,4.350875957821062,10.172427508645482,9.967226258835993,True,False
5360,11805136674237303,1,1320,608,586,608,608,586,9.247927513443585,9.168380592429441,10.366322214245816,9.194756854422248,False,False
5361,4400295732590391165,440,8382,6768,5667,2000,1026,995,5.161088836333131,5.157365528187057,13.03307880613062,12.468369487109525,True,False
5362,149625000000000000,15,4528,2987,2702,2000,962,933,4.72618848314396,4.7117804980406,12.144658242831882,11.399811959325685,True,False
5363,349125000000000000,35,5359,4012,3517,2000,1078,1045,4.528225993601994,4.513668194540019,12.387748100711294,11.780129619625306,True,False
5364,49875000000000000,5,220,199,196,2000,109,108,4.5980430040564215,4.597069571555332,7.78135971352466,7.614709844115208,True,False
5365,16758000000000000,2,2015,1020,976,2000,912,877,6.573477004728004,6.531644989786846,10.97656412341533,9.930737337562887,True,False
5366,52418625000000000000,5242,3996,3968,3245,2000,118,118,4.972043037484585,4.972043037484584,11.964340867792417,11.6640027628865,True,False
5367,249375000000000000,25,517,509,490,2000,86,84,4.319638501788286,4.3179373951558855,9.014020470314934,8.936637939002571,True,False
5368,3563751147639274613,356,1647,1638,1365,2000,76,75,4.313394360020376,4.312580813675739,10.685624839726355,10.414685235807214,True,False
5369,2941207838670945195,294,1349,1337,1150,2000,65,65,4.540391369965126,4.540391369965126,10.397674632948268,10.167418145831737,True,False
5370,566528568138744064,57,804,789,698,2000,83,82,4.26776993282385,4.266075299487049,9.651051691178928,9.447083226209653,True,False
5371,2264805199376775931,226,1557,1542,1304,2000,97,96,4.473868925270829,4.473332798534104,10.604553229079038,10.348728154231077,True,False
5372,2122352911423647514,212,1808,1789,1481,2000,118,117,4.618836256637353,4.6185487800679565,10.820178962415188,10.532355925288847,True,False
5373,518700000000000000,52,1202,1174,977,2000,115,115,4.269925346936397,4.269925346936397,10.231221180711186,9.932214751968385,True,False
5374,318322049326586331,32,1086,1056,885,2000,112,110,4.391683014722513,4.390872533850989,10.084808387804362,9.78953364497036,True,False
5375,1402855556381669702,140,2540,2476,1999,2000,181,179,4.483626043309906,4.482325399076895,11.310612781659529,10.965062756744627,True,False
5376,9975000000000000,1,18,6,6,6,6,6,2.584962500721156,2.584962500721156,4.169925001442312,2.584962500721156,False,False
5377,5637129539191500000,564,1951,1944,1639,2000,81,80,4.3681451846591175,4.36748026659416,10.929998062609027,10.678600139099458,True,False
5378,19096354880231477,2,590,343,336,2000,291,286,6.45835952496242,6.4408463901112825,9.204571144249204,8.39231742277876,True,False
5379,3576130233144198271,358,5565,4713,3902,2000,815,782,4.434608365994996,4.424690164327998,12.442165972229322,11.929998062609027,True,False
5380,3237415381701049728,324,1778,1551,1339,2000,280,274,4.540055805972726,4.534657385158222,10.79603960882977,10.386940245324311,True,False
5381,19950000000000000,2,59,52,52,997,52,52,5.516177563942249,5.516177563942248,5.882643049361842,5.700439718141092,False,False
5382,594510016052651957838,59451,8088,7257,6062,0,0,0,0.0,0.0,12.981567281903015,12.565578136784328,False,True
5383,299250000000000000,30,4122,3127,2774,2000,918,881,4.967355853042258,4.94734584328039,12.009128789539256,11.437752072323603,True,False
5384,25159088182793010,3,3278,1809,1719,2000,1242,1199,5.3049073236692585,5.27740378666981,11.678600139099458,10.747353829478062,True,False
5385,4026218910276780000,403,2020,1770,1513,2000,309,303,4.639262593291143,4.634818237155184,10.980139577639157,10.563196272216738,True,False
5386,85785000000000000,9,2624,1862,1789,2000,784,778,5.2877050562600525,5.2825617402119995,11.357552004618084,10.804937672051908,True,False
5387,223937993679531831473,22394,4937,4344,3521,0,0,0,0.0,0.0,12.269418929741096,11.781769511863132,False,True
5388,4247855328045311753,425,5875,5292,4409,2000,768,763,4.904635637076887,4.903925337265435,12.520373136339725,12.106235761615748,True,False
5389,111720000000000000000,11172,5547,5487,4423,0,0,0,0.0,0.0,12.437492010125352,12.110809526898654,False,True
5390,47301186377905183307,4730,2846,2834,2377,2000,97,95,5.194657331687292,5.1909837257376745,11.474719946526482,11.214926187942435,True,False
5391,53735582217346446375,5374,5301,4624,3734,2000,695,673,5.76347551899871,5.760326354548296,12.372048825272772,11.866506212226202,True,False
5392,2294250000000000000,229,7581,6094,5134,2000,967,938,4.786916644271097,4.7798397602767775,12.888172449665932,12.325867580575418,True,False
5393,500328127514148874,50,5122,4053,3587,2000,965,953,4.3866638039403805,4.383484984527188,12.322491537597468,11.808562029957525,True,False
5394,51595704333009117225,5160,10080,8536,6900,2000,1271,1228,6.063697094103131,6.061556634942335,13.29920801838728,12.752380646552893,True,False
5395,4937625000000000000,494,8929,7299,6022,2000,1231,1185,4.8792635501404416,4.87308588258063,13.124282894966601,12.556026992724677,True,False
5396,1900000000000000000,190,2908,2840,2327,2000,192,191,4.450787151577458,4.449686991137392,11.505811553919594,11.184255495405349,True,False
5397,38902500000000000,4,2580,1599,1547,2000,955,944,4.774984215526535,4.769377371405001,11.333155350310616,10.595257481449035,True,False
5398,199041228949880354,20,5289,3797,3392,2000,1248,1204,4.53534068990831,4.526562391088916,12.368779260041338,11.727920454563199,True,False
5399,1100233335123214819,110,2772,2701,2258,2000,278,278,4.510890185714677,4.510890185714678,11.436711542137214,11.140829770773001,True,False
5400,56630952684977811,6,1256,880,823,2000,407,397,4.736184309948143,4.722427431508924,10.294620748891626,9.684748620421626,True,False
5401,3056696151908205355,306,3401,3332,2665,2000,196,195,4.675863580563178,4.67511329920767,11.731743290707842,11.379919817646538,True,False
5402,149625000000000000,15,138,136,135,2000,46,46,4.338889453583142,4.338889453583143,7.108524456778169,7.076815597050831,True,False
5403,67848342060042900,7,156,151,145,2000,62,61,4.600855814926128,4.597431298048615,7.285402218862249,7.1799090900149345,True,False
5404,235744022649389953,24,1431,1363,1154,2000,187,185,4.40481693755026,4.403056189515276,10.482807956726667,10.172427508645482,True,False
5405,354035147724559216,35,3392,2649,2327,2000,722,695,4.423343241224904,4.4078799778662,11.727920454563199,11.184255495405349,True,False
5406,3969808818680252371,397,612,610,545,2000,54,54,4.459962901785191,4.459962901785191,9.257387842692651,9.090112419664289,True,False
5407,9000000000000000,1,260,88,88,88,88,88,6.459431618637298,6.459431618637298,8.022367813028454,6.459431618637297,False,False
5408,995732426765771039,100,3089,2568,2215,2000,551,532,4.503314178791204,4.490100118252126,11.592924155627637,11.113090983442381,True,False
5409,257150588834897685,26,2198,1707,1517,2000,504,489,4.377122929060098,4.3675174302105875,11.101975670949232,10.567005370247033,True,False
5410,16821128830417267336,1682,4768,4701,3809,2000,193,192,4.610522673987221,4.609620248719314,12.219168520462162,11.89519657256334,True,False
5411,1596104836314044354,160,1199,1186,1033,2000,83,82,4.40423424652049,4.402978966497417,10.227615943414223,10.01262453886506,True,False
5412,994477254285795000,99,1947,1653,1446,2000,358,351,4.454495405086551,4.448860921418726,10.927037168720295,10.497851836951117,True,False
5413,7019309832520650,1,344,97,97,97,97,97,6.599912842187128,6.599912842187128,8.426264754702098,6.599912842187128,False,False
5414,9928530153176744699,993,3744,3683,2979,2000,162,161,4.360521591848718,4.358428618646192,11.870364719583405,11.54061240824953,True,False
5415,37313295983081705,4,3191,1660,1568,2000,969,940,4.76945727205647,4.751638879130731,11.639792893279312,10.614709844115207,True,False
5416,2235157666462640,0,1051,0,0,0,0,0,0.0,0.0,10.037546953962178,0,False,True
5417,102623289442654757,10,3424,2486,2340,2000,933,922,4.44014499799528,4.436406478827729,11.741466986401146,11.192292814470767,True,False
5418,40197774487506182256,4020,9225,7992,6613,2000,1014,992,5.27472340551543,5.273164101668014,13.171333195835121,12.691089186236532,True,False
5419,7431223877802855883,743,2042,2035,1708,2000,91,90,4.531161799085181,4.530627377197009,10.995767150877802,10.73809225962049,True,False
5420,14325951620894182,1,1829,913,903,913,913,903,9.83447104998422,9.812565244945883,10.836839359748716,9.818582177480858,False,False
5421,2300680348358388039,230,8229,6619,5527,2000,1221,1176,4.522522117500306,4.512755277701604,13.006501407569434,12.432280897214161,True,False
5422,21798750000000000000,2180,9253,7808,6427,2000,1046,1017,5.271339667377187,5.269104857816167,13.175705475525927,12.649929757036618,True,False
5423,70216706401091929,7,206,195,190,2000,72,71,4.567576335912169,4.564983422695525,7.6865005271832185,7.569855608330948,True,False
5424,41776942195465136952,4178,3576,3550,2922,2000,140,139,5.053673670976673,5.05352469209011,11.804131021183318,11.512740462803498,True,False
5425,5985000000000000,1,1141,245,245,245,245,245,7.936637939002567,7.936637939002567,10.156083076288681,7.936637939002571,False,False
5426,76721727074053966,8,2420,1768,1705,2000,772,766,4.391812914775963,4.389547950065638,11.240791332161956,10.735556023911535,True,False
5427,41819730434164442,4,3358,2092,1938,2000,1152,1110,5.283897390746263,5.25601169868788,11.71338651493703,10.92035285541508,True,False
5428,114744040824251113,11,4842,3347,3036,2000,1235,1196,5.303381664059063,5.278987815679727,12.241387363998937,11.567956075415466,True,False
5429,60087749671514411,6,867,619,581,2000,297,292,4.728112900319189,4.719355237364104,9.759888183221834,9.18239435340453,True,False
5430,1406475000000000000,141,1089,1077,936,2000,88,87,4.570625387486281,4.5699548987453795,10.088788238716907,9.870364719583405,True,False
5431,3510730666279520990,351,3690,3612,2973,2000,302,302,5.001482283519831,5.001482283519831,11.849405100947758,11.537703747907644,True,False
5432,1100689990568322739,110,6941,5501,4698,2000,1026,997,4.438157501687599,4.430322226100157,12.760927813619846,12.197830998012197,True,False
5433,3863289831050838927,386,8045,6588,5516,2000,1013,984,4.516675718473026,4.503494364720215,12.973876705610808,12.429406741513981,True,False
5434,9589641739255851279,959,6167,5794,4800,2000,757,752,5.085838865671964,5.085261724441219,12.590353130978018,12.228818690495881,True,False
5435,1338906494405130891,134,1535,1516,1256,2000,114,113,4.341474622198414,4.341096092249038,10.584022940257542,10.294620748891626,True,False
5436,608761042272933474,61,2153,2089,1776,2000,273,273,4.603169620810014,4.6031696208100135,11.072132604167233,10.794415866350105,True,False
5437,32889218969730103414,3289,4689,4115,3331,2000,592,573,4.79111081633157,4.783002303531935,12.19506456372082,11.70173963867435,True,False
5438,2623425000000000000,262,1736,1720,1441,2000,105,104,4.373589676155234,4.372955542505848,10.761551232444479,10.492854620174748,True,False
5439,1002506265664160401,100,3676,3454,2953,2000,624,621,4.7395486251823815,4.738141557318302,11.843921051289035,11.527965641133955,True,False
5440,36807750000000000,4,2246,1396,1306,2000,805,774,5.294881713145536,5.26714513314453,11.133142212400601,10.350939181546432,True,False
5441,26694821674852955320,2669,5599,4865,3929,2000,754,727,5.862685535285301,5.859543190890132,12.450953464712992,11.939946452458686,True,False
5442,2094750000000000000,209,6299,5417,4607,2000,918,908,4.436285616492203,4.434057180702782,12.620907095885338,12.169611882604212,True,False
5443,51870000000000000,5,3905,2365,2196,2000,1199,1159,4.5476023692824254,4.53180278739256,11.931106833029341,11.100662339005199,True,False
5444,75810000000000000,8,3974,2335,2156,2000,1052,1023,4.555136923914537,4.542844265908411,11.95637615724967,11.074141462752506,True,False
5445,701584879222287,0,195,0,0,0,0,0,0.0,0.0,7.60733031374961,0,False,True
5446,3279798527348008029,328,999,994,887,2000,60,60,4.213131912887029,4.213131912887029,9.964340867792417,9.792790294301064,True,False
5447,2892750000000000000,289,961,956,867,2000,64,64,4.390370062295965,4.390370062295966,9.90839262077375,9.759888183221834,True,False
5448,893857431870651745,89,578,573,554,2000,62,62,4.311242045036921,4.31124204503692,9.174925682500678,9.113742166049189,True,False
5449,48877949499112959,5,683,477,453,2000,250,246,4.812682683252244,4.804056183011683,9.41574176829009,8.823367240046235,True,False
5450,292829597930230767,29,790,625,573,2000,190,186,4.389223204878228,4.381299908768128,9.625708843064466,9.162391328756906,True,False
5451,242701015049319871,24,683,537,498,2000,171,168,4.405782442422096,4.399108456339634,9.41574176829009,8.960001932068081,True,False
5452,45484175597372248,5,313,215,209,2000,114,114,4.666137525721843,4.666137525721844,8.290018846932618,7.7073591320808825,True,False
5453,31430733161143037,3,250,166,163,2000,106,106,5.17898519732035,5.17898519732035,7.965784284662087,7.348728154231077,True,False
5454,1132975838935624320,113,3972,3295,2791,2000,664,643,4.424594851939949,4.4164348160715585,11.955649907528374,11.446566409066067,True,False
5455,10775392568978096302,1078,4776,4675,3830,2000,403,401,5.509580166040898,5.508643825439747,12.221587121264806,11.903128676812319,True,False
5456,1127608578524616102,113,2652,2608,2152,2000,208,208,4.394918189678279,4.394918189678278,11.372865060112588,11.071462362556623,True,False
5457,587093300927753960407,58709,7773,6997,5796,0,0,0,0.0,0.0,12.92425580090125,12.50084187955693,False,True
5458,6739110000000000000,674,4152,4098,3279,2000,210,209,4.776420834997739,4.775832177171918,12.019590728357882,11.679040186393062,True,False
5459,1425230879224529425,143,3285,3171,2680,2000,423,421,4.684100181461123,4.683475181461123,11.681677655209691,11.388017285345136,True,False
5460,13934837092731829573,1393,4767,4712,3792,2000,212,211,4.863349517087337,4.862799407065332,12.218865910069676,11.888743248898258,True,False
5461,675706500000000000,68,5878,4669,3994,2000,1089,1046,4.425490616880616,4.411910420827489,12.521109643651332,11.963618617443972,True,False
5462,124989538148164974632,12499,6744,6511,5404,0,0,0,0.0,0.0,12.719388820942083,12.399811959325685,False,True
5463,13967643039369692428,1397,9743,8222,6740,2000,1224,1182,5.404122263403214,5.400717912303847,13.250150350472438,12.71853287606922,True,False
5464,3497990669892550926,350,4593,4379,3685,2000,624,622,4.785846375615273,4.785513005240787,12.165221068220944,11.847448903982432,True,False
5465,27218552670115750785,2722,8252,7327,6140,2000,949,937,5.089191032567587,5.088215856803481,13.010528105886484,12.584022940257542,True,False
5466,580509491931066968,58,6095,4523,3940,2000,966,937,4.402180445908706,4.394262150074653,12.573410505507574,11.943979914343739,True,False
5467,38388647224617697,4,757,509,484,2000,297,292,5.223599938793208,5.211917695802553,9.564149489985732,8.918863237274595,True,False
5468,4427132753315002,0,376,0,0,0,0,0,0.0,0.0,8.554588851677638,0,False,True
5469,9870000000000000000,987,5550,5307,4420,2000,659,656,4.8298603522774926,4.829334022637239,12.43827205612483,12.109830654278793,True,False
5470,139630000000000000000,13963,6860,6594,5459,0,0,0,0.0,0.0,12.743992861060175,12.414420981746417,False,True
5471,124500000000000000000,12450,7025,6745,5582,0,0,0,0.0,0.0,12.77828250999565,12.446566409066067,False,True
5472,1900000000000000000,190,5439,4674,3947,2000,798,792,4.832371513671704,4.831559503750858,12.409125710465315,11.946540803893104,True,False
5473,69825000000000000,7,1879,1573,1523,2000,714,709,4.75853038324637,4.752647064416857,10.875749351420055,10.572700226487292,True,False
5474,27561213537794186450,2756,2769,2754,2306,2000,95,94,4.769469684501499,4.7689447140189865,11.43514933836693,11.171176797651771,True,False
5475,3002410327721457590,300,5774,4850,4026,2000,864,828,4.618068207245654,4.607177934925895,12.495355392235982,11.97513145692134,True,False
5476,1142250984578783733,114,2637,2569,2117,2000,192,191,4.533419637016837,4.532364599211316,11.36468185586456,11.047805554007589,True,False
5477,6375790065513467,1,1324,242,238,242,242,238,7.9188632372745955,7.877540923225008,10.370687406807217,7.894817763307944,False,False
5478,193306085722431751,19,5199,3665,3277,2000,1199,1159,4.396871670139217,4.384521691948244,12.344018439881326,11.67815995754276,True,False
5479,923779553671452440,92,6981,5523,4711,2000,1234,1191,4.408713957538881,4.399421825262981,12.769217996126505,12.20181761666792,True,False
5480,76201495511962960611,7620,5819,5717,4690,2000,437,435,5.839181685508828,5.838947654545367,12.506555530751323,12.19537220740274,True,False
5481,986158296405554194,99,2664,2572,2193,2000,350,349,4.529156129584121,4.528564413607791,11.379378367071261,11.098690096673593,True,False
5482,23786143906447968131,2379,9912,8422,6898,2000,1210,1169,5.731225529858565,5.7289049762612,13.274960472140602,12.751962413460854,True,False
5483,3538241137428361009,354,8672,7121,5940,2000,1222,1181,4.523698077096789,4.514939225908332,13.08214904135387,12.536247215688128,True,False
5484,498750000000000000,50,1888,1842,1556,2000,204,204,4.5678909647987105,4.5678909647987105,10.88264304936184,10.603626344986193,True,False
5485,897750000000000000,90,2286,2241,1858,2000,194,194,4.352657494386061,4.352657494386061,11.158609688214478,10.859534786382653,True,False
5486,139650000000000000,14,1086,1043,961,2000,200,200,4.493212641382126,4.493212641382126,10.084808387804362,9.90839262077375,True,False
5487,25436250000000000000,2544,4639,4068,3295,2000,615,596,5.710943341930188,5.707595949276806,12.179598130849836,11.686062749895415,True,False
5488,3615568024118927083,362,7993,6555,5502,2000,1026,996,4.825237849640087,4.819518291364211,12.964521373897238,12.42574042431621,True,False
5489,688275000000000000,69,6558,5210,4466,2000,1216,1173,4.435539421361638,4.42717650231333,12.679040186393062,12.124767535822473,True,False
5490,6568638594972971,1,1073,215,212,215,215,212,7.748192849589463,7.710983547263882,10.067434360756522,7.727920454563199,False,False
5491,194897895980050658,19,3289,2524,2331,2000,791,785,4.606317014484999,4.604535150718986,11.683433292835403,11.186733289128867,True,False
5492,2907268170426065162,291,8261,6848,5656,2000,1236,1192,4.5345439070571025,4.523709988069073,13.012100716151568,12.4655664048094,True,False
5493,2005012531328320802,201,4735,3975,3336,2000,739,712,4.397564844384102,4.387203368801646,12.209148710355747,11.703903573444663,True,False
5494,782040000000000000,78,6224,4815,4194,2000,1017,990,4.8707223646381115,4.867247748933781,12.603626344986193,12.034111146096592,True,False
5495,49775250000000000000,4978,7160,6749,5548,2000,784,779,5.789832091259674,5.789525116005439,12.805743872151618,12.437752072323603,True,False
3664,4613105043858545151,461,8042,6701,5615,2000,1022,996,4.957819213908031,4.955154129564056,12.97333862080036,12.455070307287963,True,False
3665,2904065923774870,0,578,0,0,0,0,0,0.0,0.0,9.174925682500678,0,False,True
3666,52929167909691476,5,3237,2056,1963,2000,1007,988,4.741017758145846,4.730762870643683,11.660441650209172,10.938844457466171,True,False
3667,9975000000000000,1,1799,550,536,550,550,536,9.10328780841202,9.04736983113536,10.812979471251483,9.066089190457772,False,False
3668,3566221165589783,0,1002,0,0,0,0,0,0.0,0.0,9.968666793195208,0,False,True
3669,13235310516290391,1,2048,948,910,948,948,910,9.888743248898257,9.80186083542083,11.0,9.829722735086058,False,False
3670,8736494704437150000,874,1548,1544,1379,2000,83,81,5.1529127383667275,5.1099470898734145,10.59618975614441,10.429406741513981,True,False
3671,133439476581239690,13,5024,3429,3096,2000,1218,1175,4.408069146765705,4.398798186076741,12.294620748891626,11.59618975614441,True,False
3672,11015775133667935,1,1140,517,505,517,517,505,9.014020470314936,8.963730334918415,10.154818109052105,8.980139577639157,False,False
3673,162409836600324686,16,3184,2353,2122,2000,785,756,4.435957668697885,4.422478566490544,11.63662462054365,11.051208940914766,True,False
3674,6560328700131230,1,78,25,25,25,25,25,4.643856189774724,4.643856189774724,6.285402218862249,4.643856189774724,False,False
3675,50553326320724929632,5055,4762,4699,3821,2000,185,184,5.1140204333371075,5.113481847509609,12.217351905270334,11.89973454235751,True,False
3676,68688017620228834,7,3401,2256,2071,2000,1048,1008,4.522849479662952,4.505895999273299,11.731743290707842,11.016111838220512,True,False
3677,1428692042640321022,143,5255,4490,3804,2000,788,782,4.388267390634141,4.386338848039461,12.359475048849541,11.893301530860564,True,False
3678,85973236335159328,9,3877,2345,2166,2000,973,944,4.752139387863605,4.73806936565107,11.920725019751181,11.080817527608327,True,False
3679,60000000000000000,6,3691,2170,2028,2000,976,944,5.304147187231074,5.268661009131657,11.84979602224561,10.985841937003341,True,False
3680,31275320041326021,3,2633,1593,1496,2000,972,933,6.548500718817483,6.506706698040443,11.362491806046062,10.546894459887637,True,False
3681,22532550566886871,2,2290,1281,1221,2000,932,894,6.569233595286592,6.52583143704833,11.161131882984307,10.253847484987404,True,False
3682,88199292381659833,9,3000,2054,1885,2000,886,850,5.022105085775623,5.000207848686973,11.550746785383243,10.880348808156027,True,False
3683,11248760141844695231,1125,3333,3305,2696,2000,116,114,4.748754793123953,4.74831838613796,11.702605602110248,11.396604781181859,True,False
3684,9174225124769138986,917,2054,2042,1692,2000,84,83,4.536213256790104,4.535499236407656,11.004220466318195,10.72451385311995,True,False
3685,99750000000000,0,61,0,0,0,0,0,0.0,0.0,5.930737337562887,0,False,True
3686,1203007518796992481,120,6827,5495,4685,2000,1012,986,4.412804067850539,4.403032536103357,12.737036036540228,12.19383333254655,True,False
3687,6980752846459370018,698,8742,7444,6047,2000,1194,1149,5.105389375571569,5.098308431804171,13.093747662785669,12.562003863651553,True,False
3688,4174350697929663582,417,8336,7045,5772,2000,1182,1137,4.656313505144388,4.646524088301746,13.025139562278508,12.494855584491198,True,False
3689,94695750618199768,9,3835,2613,2383,2000,1102,1061,5.062686184285262,5.040822165723611,11.905010862390295,11.21856323619027,True,False
3690,4531653243592761,0,1470,0,0,0,0,0,0.0,0.0,10.521600439723727,0,False,True
3691,5380585730410800000,538,1726,1718,1495,2000,87,86,4.861139274498255,4.860658475563638,10.753216749178955,10.545929769085467,True,False
3692,326185262498310438,33,5989,4357,3825,2000,1219,1174,4.392447985941157,4.381832456476658,12.548099416978387,11.901244032467376,True,False
3693,315864170475000000,32,4846,3628,3230,2000,998,978,4.42080894752614,4.413567793110342,12.242578689451346,11.657318449581288,True,False
3694,337183414780999356027,33718,5829,5774,4674,0,0,0,0.0,0.0,12.509032686306501,12.190442018782825,False,True
3695,628671622993655469,63,659,653,615,2000,69,68,4.401927630400911,4.400852442772608,9.364134655008051,9.264442600226602,True,False
3696,1113175796501291,0,717,0,0,0,0,0,0.0,0.0,9.485829308701904,0,False,True
3697,4846819585990082507,485,791,788,695,2000,59,59,4.449638581886842,4.449638581886842,9.627533884472792,9.44086916761087,True,False
3698,2997419540540052283,300,3478,3407,2810,2000,280,280,4.385480139298204,4.385480139298204,11.764042217306587,11.456354415108288,True,False
3699,1994265414431332134,199,3211,3130,2612,2000,302,302,4.688029119518202,4.688029119518202,11.64880694972577,11.350939181546432,True,False
3700,1981591785155918609,198,3899,3706,3139,2000,579,577,4.9617851747927535,4.961446531110193,11.928888439397635,11.616089313582115,True,False
3701,10176794598948285743,1018,6812,6055,4996,2000,797,790,4.963991660467875,4.962019232269739,12.733862719678543,12.286557761607957,True,False
3702,5084761308322938023,508,6243,5475,4574,2000,799,793,4.740870726846743,4.739963234112264,12.608023750456491,12.159240650411673,True,False
3703,11550053205590838115,1155,2178,2166,1803,2000,85,84,4.8981311578900195,4.897402240859363,11.088788238716907,10.816183681432342,True,False
3704,33805000099333891,3,2329,1452,1415,2000,903,893,5.300912895022679,5.293484280434113,11.185494924210866,10.466586337719244,True,False
3705,220000000000000000,22,4210,3144,2804,2000,991,952,4.7315038842097294,4.716266855206504,12.039604517953759,11.453270634010623,True,False
3706,3508771929824561403,351,5561,4709,3899,2000,816,782,4.533374551246359,4.524580214196309,12.441128621804697,11.928888439397635,True,False
3707,131060426475070205067,13106,6299,5488,4445,0,0,0,0.0,0.0,12.620907095885338,12.117967703717133,False,True
3708,241024219961044069245,24102,6285,5478,4434,0,0,0,0.0,0.0,12.61769702930787,12.114393054867307,False,True
3709,39596540960257059,4,3103,1894,1757,2000,1084,1043,5.264988571077861,5.236480115182614,11.59944798152872,10.778898476008376,True,False
3710,2844704514750000000,284,7237,6039,4984,2000,1085,1043,4.552955086398587,4.540607159029042,12.821176056269854,12.283088353024002,True,False
3711,65378427021513562,7,2476,1680,1555,2000,759,732,4.537954394877918,4.52207581547329,11.273795599214264,10.602698865017965,True,False
3712,50559244122010962944,5056,5430,5350,4352,2000,345,345,5.979422037137302,5.979422037137302,12.406736482691723,12.087462841250339,True,False
3713,50553573369287764,5,46,44,44,2000,37,37,4.331707385102598,4.331707385102597,5.523561956057013,5.459431618637297,True,False
3714,20847750000000000000,2085,7524,6687,5570,2000,881,870,5.5107169180616085,5.509360776107528,12.877284133523196,12.443461612227393,True,False
3715,9490662717757256500,949,8498,7221,5997,2000,1014,988,4.498552113931062,4.493666348057471,13.052907628313287,12.550025257465784,True,False
3716,95092559668785000,10,613,448,420,2000,193,189,4.839438128124083,4.82790470741635,9.259743263690781,8.714245517666123,True,False
3717,1989795890889931844,199,5380,4612,3913,2000,795,789,4.648195720229653,4.646992758984681,12.393390457443987,11.934059394900794,True,False
3718,997429954558227566,100,4960,4139,3575,2000,835,825,4.513127890236364,4.510889900905786,12.276124405274238,11.803727526553114,True,False
3719,996326436687584934,100,5060,4223,3657,2000,857,846,4.408696141163692,4.403427350203092,12.304921669581672,11.836444911341369,True,False
3720,992416366094233075,99,5536,4605,4001,2000,937,926,4.470366537315302,4.468014549848874,12.434628227636725,11.966144913345602,True,False
3721,997950615919009512,100,5888,4806,4160,2000,964,951,4.402551973766675,4.399393376379327,12.523561956057012,12.022367813028454,True,False
3722,995883239429668892,100,5976,4850,4207,2000,966,950,4.432765526916393,4.426284373290631,12.544964432789238,12.03857610276879,True,False
3723,995031353055424455,100,6085,4914,4258,2000,992,975,4.690799182680407,4.688441901623895,12.57104154760109,12.055960234452295,True,False
3724,1775726585544637233,178,6928,5723,4858,2000,1006,986,4.735285566083209,4.731974415828393,12.758223214726724,12.246146774635864,True,False
3725,996126624396213396,100,6373,5042,4359,2000,1016,990,4.4987179394424865,4.493832173568895,12.637756945412145,12.089781488353998,True,False
3726,795874050872868100,80,6312,4878,4251,2000,1028,1000,4.419994480869231,4.413539611907244,12.623881490013458,12.053586543639176,True,False
3727,997684611306017541,100,6614,5172,4456,2000,1026,997,4.389700720711302,4.382308162789974,12.691307330191115,12.121533517340032,True,False
3728,653298352571087238,65,6165,4705,4096,2000,1014,984,4.498552113931062,4.492184783456652,12.589885179290201,12.0,True,False
3729,699664917783425532,70,6205,4734,4124,2000,1005,974,4.501676441177825,4.495565574863227,12.599215495017718,12.00982861736811,True,False
3730,1495130284017481464,150,7158,5631,4789,2000,976,947,4.644208777352613,4.637120844153915,12.805340828416384,12.225508720236002,True,False
3731,994827399538260078,99,6637,5063,4371,2000,966,937,4.391185853100673,4.381005187028317,12.69631555889282,12.093747662785669,True,False
3732,992130698482466130,99,6797,5167,4462,2000,1042,1012,4.915247107578152,4.911889419299654,12.730682407476797,12.12347479824414,True,False
3733,496883119680582666,50,5962,4346,3806,2000,1068,1038,4.681889982817576,4.675320203573902,12.541580659991169,11.894059846274022,True,False
3734,994761193619723760,99,6598,5236,4511,2000,1103,1070,5.0603645955425405,5.056332272276318,12.687813062564931,12.139231570719353,True,False
3735,1495338792295710047,150,7227,5858,4979,2000,1106,1073,4.550494291675735,4.544942011470896,12.819181178959626,12.28164030006605,True,False
3736,249012913907775386,25,5600,4068,3612,2000,1234,1193,4.443479372272772,4.430595759028261,12.451211111832329,11.818582177480858,True,False
3737,398423588868511917,40,6082,4592,4017,2000,1255,1211,4.538076456005967,4.528603928812695,12.570330101030798,11.971902746045467,True,False
3738,746614729890518889,75,5948,4739,4048,2000,1092,1050,4.526140334323739,4.516977401355945,12.53818893205242,11.98299357469431,True,False
3739,299733496855652109,30,4545,3443,3050,2000,1019,980,4.950650312548341,4.930139342731505,12.15006457908147,11.57459352733761,True,False
3740,1994971695863050073,199,5212,4352,3657,2000,825,792,4.391936642619636,4.379888690686431,12.347621368568134,11.836444911341369,True,False
3741,9974518900211578932,997,2735,2423,2021,2000,395,387,5.308619439909655,5.3059220935780536,11.417325117679919,10.980853606379736,True,False
3742,4886485270531872413,489,2070,1819,1552,2000,310,304,4.540559999690989,4.535792856619833,11.015415052386688,10.599912842187127,True,False
3743,3990406218610023276,399,896,782,699,2000,138,138,4.61687279583692,4.616872795836919,9.807354922057604,9.449148645375436,True,False
3744,9774606135550971165,977,848,754,671,2000,131,131,5.103587812316624,5.103587812316624,9.727920454563199,9.390168956200183,True,False
3745,85517683576232103,9,1122,1020,977,2000,404,402,4.738318723067623,4.735818097911334,10.131856960608793,9.932214751968385,True,False
3746,83836441896967610,8,1131,1026,983,2000,409,407,4.508649729518054,4.506649329438037,10.14338321398982,9.94104760634058,True,False
3747,60616492774263037,6,1431,997,929,2000,444,433,4.755521532872979,4.741346436407268,10.482807956726667,9.859534786382653,True,False
3748,99750000000000000,10,1169,872,800,2000,359,353,5.001580311011471,4.991998760729999,10.191059214531656,9.643856189774725,True,False
3749,14113203339598304204,1411,4620,4551,3686,2000,192,191,4.374150351198217,4.372873961802516,12.17367713630342,11.847840355630714,True,False
3750,1865718494418450000,187,3859,3253,2742,2000,609,591,4.436374200959564,4.42736681649117,11.914011328541255,11.421012855779226,True,False
3751,13635333406330892529,1364,5196,5039,4159,2000,474,472,4.689992604694812,4.689401346076149,12.34318571544788,12.022020969646356,True,False
3752,306232500000000000,31,5859,4334,3809,2000,1226,1185,4.442680581154755,4.429795894186331,12.516438734607949,11.89519657256334,True,False
3753,162758959324028805,16,4056,2960,2665,2000,1013,974,4.413178487930886,4.399218002521588,11.985841937003341,11.379919817646538,True,False
3754,22860551784000000,2,647,402,392,2000,292,287,6.476007009230052,6.4584719390897725,9.337621901992508,8.614709844115207,True,False
3755,2493750000000000000,249,2012,1754,1509,2000,327,320,4.499300522292429,4.493781680917293,10.974414589805527,10.559377090526683,True,False
3756,421830368554311662,42,1266,1038,925,2000,281,275,4.435860543954131,4.426999198055517,10.306061689428342,9.853309555403674,True,False
3757,13199535429437173768,1320,128,119,115,2000,54,54,5.26860926694094,5.26860926694094,7.0,6.845490050944375,True,False
3758,231683950734006330,23,482,471,447,2000,79,78,4.325495753946672,4.324799037117388,8.912889336229961,8.804131021183318,True,False
3759,2223121552980150631,222,1323,1312,1119,2000,78,77,4.261062392642598,4.260137689216969,10.369597346278677,10.127994320976393,True,False
3760,3214638500196437733,321,1676,1661,1381,2000,94,93,4.832183042077868,4.831687087432921,10.710806433699352,10.43149760425805,True,False
3761,1496250000000000000,150,2699,2631,2109,2000,191,189,4.681008252108748,4.657527762396217,11.398209261466851,11.042343379793692,True,False
3762,29938395952780925269,2994,4692,4628,3753,2000,180,178,4.584994927719837,4.583867533510059,12.19598729802851,11.873828574886977,True,False
3763,9181192864805644,1,2114,527,515,527,527,515,9.041659151637212,8.98852822184594,11.045759661382682,9.00842862207058,False,False
3764,9842169966342651,1,2095,580,566,580,580,566,9.179909090014936,9.125581891731613,11.032734528586714,9.144658242831882,False,False
3765,3952632998770641530,395,3633,3593,2902,2000,208,208,4.37719801678072,4.37719801678072,11.826945650415485,11.502831804066744,True,False
3766,997500000000000000,100,2212,1865,1617,2000,399,388,4.50189453436203,4.489790324868465,11.111135670234708,10.659103963473662,True,False
3767,8055810000000000000,806,4189,4148,3320,2000,213,213,4.678674323664349,4.6786743236643495,12.032390168866524,11.696967526234287,True,False
3768,6161890088921666408,616,1543,1539,1380,2000,69,67,4.483688427044368,4.479319216674185,10.591522346570734,10.430452551665532,True,False
3769,1640601466875000000,164,2892,2837,2323,2000,202,201,4.444972458984858,4.443972049726525,11.497851836951117,11.181773438808808,True,False
3770,299250000000000,0,130,0,0,0,0,0,0.0,0.0,7.022367813028454,0,False,True
3771,860706390973492477,86,3841,3535,3054,2000,720,715,4.394561504345237,4.391627290023656,11.907266248531066,11.576484346796851,True,False
3772,743137500000000000,74,6082,4859,4153,2000,1116,1074,4.464728286175091,4.456155681191557,12.570330101030798,12.019938156424795,True,False
3773,5012531328320802,1,795,106,105,106,106,105,6.7279204545632,6.709052530034898,9.634811050171718,6.714245517666122,False,False
3774,219053902058670000,22,1818,1410,1257,2000,435,424,4.526030341095526,4.517115725930672,10.828136484194108,10.295768934420508,True,False
3775,5063076479465736618,506,3514,3033,2492,2000,481,468,4.519619461177042,4.513024831304751,11.778898476008376,11.283088353024002,True,False
3776,10294200000000000000,1029,3092,2717,2245,2000,430,418,5.2361012575617005,5.2307070077412465,11.594324603924848,11.13249972962851,True,False
3777,24908021159891801451,2491,5126,5032,4118,2000,373,372,4.591848705508989,4.591420103465984,12.323617763291578,12.007728114632254,True,False
3778,1481287500000000000,148,2764,2696,2212,2000,185,184,4.487405239197857,4.485004038597557,11.432541900388259,11.111135670234708,True,False
3779,340803213704180810,34,5019,3848,3380,2000,1067,1026,4.559067960090914,4.541981569586085,12.29318423075951,11.722807531169547,True,False
3780,2289784476679501348,229,6495,5409,4494,2000,1011,970,4.545039432596064,4.534609368177546,12.665113810335244,12.133784409179908,True,False
3781,2118680264383955775,212,6343,5275,4392,2000,994,954,4.4611454347305814,4.451218483711541,12.63094962683287,12.100662339005199,True,False
3782,33126106530250629,3,1587,1009,949,2000,581,564,6.062696142201685,6.03602365134006,10.632086412835182,9.89026427702111,True,False
3783,6982500000000000,1,1959,324,318,324,324,318,8.339850002884626,8.296640126341416,10.935901682267588,8.312882955284355,False,False
3784,9767052558502598,1,1668,486,475,486,486,475,8.924812503605782,8.873876521091042,10.703903573444663,8.89178370321831,False,False
3785,155521468427868525,16,1154,1095,997,2000,202,201,4.462432605359835,4.461113344146114,10.172427508645482,9.961449694398196,True,False
3786,16370224734107971,2,652,374,367,2000,336,330,6.470300697851984,6.452291693349733,9.348728154231077,8.519636252843213,True,False
3787,120269143727162890,12,1075,1007,915,2000,190,189,4.490785935453094,4.48858483490282,10.070120944476823,9.837627933171404,True,False
3788,2992500000000000,0,938,0,0,0,0,0,0.0,0.0,9.873444112515376,0,False,True
3789,113715000000000000,11,1056,1001,913,2000,199,198,4.5294199448641095,4.52717619167696,10.044394119358454,9.834471049984222,True,False
3790,498710568324469090268,49871,2864,2852,2320,0,0,0,0.0,0.0,11.483815777264256,11.179909090014934,False,True
3791,246588529742622270,25,2638,2033,1808,2000,604,587,4.432804905168523,4.422125167302656,11.365228849251544,10.820178962415188,True,False
3792,1050000000000000000,105,6907,5379,4600,2000,978,949,4.76579982550049,4.747885444381062,12.753843508311638,12.167418145831737,True,False
3793,103748593267328286028,10375,10161,8654,6985,0,0,0,0.0,0.0,13.310754772215313,12.770044400296825,False,True
3794,75679197994987468671,7568,9963,8501,6832,2000,1257,1214,5.2056355824141685,5.20203169646099,13.282364508223864,12.73809225962049,True,False
3795,1756027697850220857,176,3652,3084,2601,2000,579,562,4.383439357149522,4.375305031014822,11.834471049984222,11.34485068394299,True,False
3796,788003055000000000,79,1927,1625,1419,2000,373,365,4.500353184560557,4.49361696931436,10.912140856295721,10.470658874060552,True,False
3797,1024771650000000000,102,852,728,659,2000,153,151,4.528154004088305,4.5256787565635515,9.734709620225837,9.364134655008051,True,False
3798,960834186184140205,96,79,72,71,2000,33,33,4.4461460362835785,4.446146036283579,6.303780748177103,6.149747119504682,True,False
3799,99691228025012735,10,3284,2265,2076,2000,940,902,5.561276395958759,5.5333007066114845,11.681238411777805,11.019590728357882,True,False
3800,11868410960060577,1,2701,1069,1027,1069,1069,1027,10.062046137720492,9.97343149230122,11.399277924508967,10.004220466318195,False,False
3801,994869658020315400,99,6694,5107,4413,2000,1003,974,4.385394633145266,4.376624705223837,12.70865283568653,12.107544031975987,True,False
3802,12797925000000000000,1280,2235,2222,1850,2000,81,80,4.603214552722611,4.6024867207874625,11.12605911607068,10.853309555403674,True,False
3803,7960074937500000000,796,9214,7628,6267,2000,1224,1182,5.204802843090991,5.201446040626577,13.169611882604212,12.613559277788264,True,False
3804,11072250000000000,1,815,376,369,376,376,369,8.554588851677636,8.512035660188275,9.67065624911844,8.527477006060396,False,False
3805,6702202500000000000,670,6400,5632,4698,2000,801,795,4.92117886014376,4.9204442231682295,12.643856189774725,12.197830998012197,True,False
3806,2333333333333333333,233,8160,6661,5545,2000,1251,1209,4.834960960813281,4.830754200682959,12.994353436858859,12.436971745049073,True,False
3807,99750000000000000,10,894,827,758,2000,187,186,4.366282673632213,4.364638872658577,9.804131021183318,9.566054038171092,True,False
3808,49875000000000000,5,1147,782,734,2000,401,392,4.880486263692276,4.8673301000296005,10.163649676015824,9.519636252843213,True,False
3809,29417647335771814,3,1553,956,904,2000,592,575,6.08213781855285,6.0555724411576985,10.600842114387302,9.820178962415188,True,False
3810,997500000000000000,100,790,779,694,2000,59,59,4.279421839491377,4.279421839491379,9.625708843064466,9.43879185257826,True,False
3811,2629410000000000000,263,8028,6609,5561,2000,1154,1117,4.919972312065472,4.915372864835108,12.970824901362617,12.441128621804697,True,False
3812,59840025000000000000,5984,5344,5277,4291,2000,213,212,5.406244967337477,5.40589016868571,12.383704292474052,12.067098185748385,True,False
3813,9569489248416889258,957,5885,5589,4638,2000,729,725,5.046524584261663,5.046017120312747,12.522826699925806,12.179287104646004,True,False
3814,33101437083593576677,3310,2181,2174,1824,2000,92,89,5.234530790478097,5.158680082331154,11.09077405464075,10.832890014164741,True,False
3815,99887073882046661,10,906,838,767,2000,186,185,4.370916133880616,4.369034666335931,9.823367240046235,9.583082767502933,True,False
3816,116791979949874686,12,3852,2740,2488,2000,1018,980,5.245169825848844,5.217714983189978,11.911391987843459,11.280770770130603,True,False
3817,282117736036717979,28,3399,2603,2316,2000,762,734,4.613009869001922,4.600366609151826,11.730894646541671,11.177419537989236,True,False
3818,964223026639028414,96,2283,2219,1839,2000,207,206,4.682852143855781,4.682156447685275,11.156715144224702,10.844705764411938,True,False
3819,13054225176295628205,1305,4604,4537,3679,2000,198,197,4.906767243654084,4.906195747047343,12.16867211813223,11.845097960972975,True,False
3820,75202945985092019,8,1055,776,720,2000,347,341,4.455142440238256,4.448963773800429,10.043027283594547,9.491853096329674,True,False
3821,2964327988288523,0,195,0,0,0,0,0,0.0,0.0,7.60733031374961,0,False,True
3822,117214685967971430,12,4872,3369,3050,2000,1252,1208,4.395236864407423,4.383695357677521,12.250298417906333,11.57459352733761,True,False
3823,9878618071104652,1,1243,391,380,391,391,380,8.611024797307355,8.547713064565247,10.279610581052484,8.569855608330949,False,False
3824,9875250000000000000,988,3344,3301,2676,2000,141,141,4.807355559676383,4.807355559676385,11.707359132080883,11.38586240064146,True,False
3825,51992038652194577319,5199,2732,2720,2231,2000,87,86,4.6803940368278445,4.679777050236556,11.41574176829009,11.12347479824414,True,False
3826,41722489517820499954,4172,6300,6078,5038,2000,660,657,5.952300412791011,5.95178470884629,12.621136113274641,12.298635406734242,True,False
3827,39800250000000000000,3980,10151,8636,7065,2000,1219,1176,5.652960237128675,5.650453189877336,13.309334237400968,12.786473845221302,True,False
3828,4987500000000000000,499,9000,7466,6202,2000,1209,1169,4.788003403182039,4.783147282578711,13.1357092861044,12.598517810612622,True,False
3829,249375000000000000,25,4615,3460,3080,2000,1059,1019,4.420374261730249,4.406353190727872,12.172114932533136,11.588714635582264,True,False
3830,4173565975997250000,417,1609,1596,1320,2000,70,70,4.477187566976647,4.477187566976645,10.651948610723446,10.366322214245816,True,False
3831,14652462043661853,1,2043,955,941,955,955,941,9.899356922923113,9.869247093077917,10.996473488733228,9.878050912728536,False,False
3832,195284301531065425,20,4689,3217,2899,2000,1001,971,4.750428584088346,4.732774066360878,12.19506456372082,11.501339618061397,True,False
3833,9900000000000000000,990,9019,7700,6238,2000,1207,1162,4.742144291491535,4.734131853821167,13.138751765258174,12.606867837374152,True,False
3834,8643966477373820,1,1891,485,477,485,485,477,8.921840937074489,8.884727535012633,10.884933647949762,8.897845456005511,False,False
3835,264268001743408339,26,1479,1415,1242,2000,193,192,4.708778629237345,4.706026909412453,10.530406337099068,10.278449458220482,True,False
3836,6504435933427765159,650,8569,7234,6002,2000,1081,1049,4.696648080798104,4.692031846112833,13.064911136698967,12.551227603598289,True,False
3837,6738642377670940669,674,5480,5209,4353,2000,699,695,5.0823847855352255,5.08190474713215,12.419960177847889,12.0877943047879,True,False
3838,12875341234350000,1,1208,574,556,574,574,556,9.164906926675688,9.094585449364537,10.238404739325079,9.118941072723507,False,False
3839,79144334465708751,8,1555,1092,1005,2000,467,456,4.492453566982299,4.482797948631802,10.602698865017965,9.972979786066292,True,False
3840,4821770122991878,0,389,0,0,0,0,0,0.0,0.0,8.603626344986193,0,False,True
3841,169236717292273522,17,1606,1230,1114,2000,408,398,4.415089728758952,4.406997328258694,10.649256177517314,10.121533517340032,True,False
3842,61422328166713234,6,907,653,614,2000,307,302,4.736818391534573,4.728196023240788,9.824958740528523,9.262094845370179,True,False
3843,12765653165392672,1,433,221,217,221,221,217,7.787902559391429,7.751703464368805,8.758223214726724,7.7615512324444795,False,False
3844,140800000000000000,14,810,624,578,2000,223,219,4.543162898997185,4.53508907314917,9.661778097771988,9.174925682500678,True,False
3845,323706109647227014,32,834,669,613,2000,197,193,4.567609585548061,4.558464828195884,9.703903573444663,9.259743263690781,True,False
3846,628425000000000000,63,3765,3413,2972,2000,738,733,4.583955773390716,4.581806730825363,11.87843414955929,11.537218400538595,True,False
3847,9975000000000000000,998,4318,4254,3456,2000,268,268,4.41117010674607,4.411170106746072,12.076147528022505,11.754887502163468,True,False
3848,9975000000000000000,998,2066,2054,1736,2000,70,70,4.7002986185060065,4.700298618506006,11.01262453886506,10.761551232444479,True,False
3849,3990000000000000000,399,8623,7032,5838,2000,1215,1174,4.435488718218923,4.427895915007165,13.073974164666751,12.511258495502268,True,False
3850,1895250000000000000,190,3950,3327,2806,2000,622,603,4.431563246919574,4.4210222983358705,11.947636937951827,11.454299293619899,True,False
3851,20000000000000000000,2000,4832,4221,3417,2000,638,618,5.381080627342405,5.376678098417779,12.238404739325079,11.738514532429267,True,False
3852,5795348157687770836,580,3882,3815,3059,2000,197,196,4.579132704251249,4.578275101964307,11.922584402713664,11.578844391558203,True,False
3853,571980693535758506,57,6572,5109,4402,2000,1242,1199,4.603865489656446,4.597891762703121,12.682116764950074,12.103943429891558,True,False
3854,26094600000000000000,2609,5009,4951,4012,2000,213,210,4.916626670921546,4.915571133181345,12.290306896257901,11.970105890612182,True,False
3855,7182000000000000000,718,8306,7066,5741,2000,1143,1100,4.875559879586716,4.8687188520207405,13.019938156424795,12.48708634027127,True,False
3856,10972500000000000000,1097,4731,4110,3338,2000,644,624,5.381488551733362,5.3768899942860635,12.207929445511667,11.704768239362599,True,False
3857,152736138058585119,15,5216,3580,3215,2000,1219,1173,5.30091662814026,5.271979476649795,12.348728154231077,11.650603022215309,True,False
3858,3935153672748795000,394,44,41,41,2000,30,30,4.441989096053271,4.44198909605327,5.459431618637297,5.357552004618084,True,False
3859,9975000000000000000,998,7618,6705,5647,2000,929,917,4.7948128971902495,4.792608494220083,12.89519657256334,12.46326891598129,True,False
3860,39900000000000000000,3990,9496,8050,6616,2000,1044,1015,5.2714655665104555,5.269230870612717,13.213104219641906,12.691743519171276,True,False
3861,12787330887194162281,1279,4564,4498,3631,2000,208,207,4.818402163762106,4.817823109725836,12.156083076288681,11.826151214800207,True,False
3862,40643753701914900047,4064,5197,5142,4134,2000,247,246,5.533931275722434,5.532773169057071,12.343463343667903,12.013322673425447,True,False
3863,27093338105023633,3,2914,1498,1434,2000,1013,985,5.242853454354604,5.221336507034504,11.508785162064513,10.485829308701904,True,False
3864,667194475163789525,67,5654,4483,3925,2000,994,976,4.698192856777809,4.693728404469442,12.465056167831175,11.938476938666351,True,False
3865,3988147665112470,0,198,0,0,0,0,0,0.0,0.0,7.6293566200796095,0,False,True
3866,40897500000000000,4,3754,2158,2005,2000,1213,1170,5.850600506766725,5.816057736298992,11.874212934830874,10.969386521342283,True,False
3867,18896623554240463,2,2199,1142,1093,2000,979,941,6.52799427803375,6.4865776174721015,11.102631888854969,10.094077685671905,True,False
3868,25763320731313210,3,2467,1431,1355,2000,967,928,6.551962299861517,6.510270941871942,11.268542000300123,10.404077136241234,True,False
3869,278302500000000000,28,2520,1958,1733,2000,565,547,4.562152043756346,4.552234443633636,11.29920801838728,10.75905593916017,True,False
3870,300930457740926082670,30093,2841,2830,2299,0,0,0,0.0,0.0,11.472183116189541,11.16679075071818,False,True
3871,1129312421447014,0,332,0,0,0,0,0,0.0,0.0,8.375039431346925,0,False,True
3872,25767875376938161,3,3369,1773,1680,2000,1214,1171,5.298157129897574,5.270345792990804,11.718104713121757,10.714245517666123,True,False
3873,68948970131139345,7,3420,2210,2093,2000,997,977,5.248497126734655,5.234014817903058,11.73978060977326,11.031356596255709,True,False
3874,1239403798000784885,124,7318,5675,4829,2000,1050,1021,4.639911938304094,4.635318997759677,12.837233700339088,12.237508748172656,True,False
3875,47698019737391193,5,2099,1364,1268,2000,713,688,4.999774846349623,4.978918436578294,11.035486451292154,10.308339030139408,True,False
3876,30485936710006382903,3049,270,242,234,2000,49,49,4.506533889941505,4.5065338899415055,8.076815597050832,7.870364719583405,True,False
3877,22910898239972085000,2291,37,34,34,2000,32,32,4.7281858459017005,4.7281858459017005,5.20945336562895,5.087462841250339,True,False
3878,1207501995027975143,121,973,960,839,2000,71,70,4.257635407889077,4.255428843972354,9.926295994781112,9.712527000439824,True,False
3879,1596325135865145000,160,3695,3104,2621,2000,597,578,4.8324531905287555,4.819277866867272,11.851358649033513,11.355901638328417,True,False
3880,296483862468558688,30,5120,3669,3270,2000,1025,996,4.51902724017034,4.505845886417529,12.321928094887362,11.675074920385445,True,False
3881,9713570453450966,1,750,248,244,248,248,244,7.954196310386872,7.918894344652342,9.550746785383243,7.930737337562887,False,False
3882,47961345516654675,5,1433,948,885,2000,485,472,4.9240131686639295,4.908012379655704,10.484822894262146,9.78953364497036,True,False
3883,75680325000000000000,7568,7495,6475,5221,2000,984,944,5.9378302066239055,5.934967683130046,12.871712762835221,12.350110443347928,True,False
3884,124687500000000000,12,3202,2315,2098,2000,836,803,5.316557375337188,5.290788725655302,11.644757592516257,11.034798962577268,True,False
3885,24957189344224071,2,2067,1195,1132,2000,829,797,6.575988102025215,6.535606631414771,11.013322673425447,10.144658242831882,True,False
3886,34104762350108788625,3410,5145,5077,4066,2000,202,201,4.951058503496431,4.950467392890543,12.32895536178133,11.989394499844732,True,False
3887,96113767279889341705,9611,10350,8842,7209,2000,1261,1217,6.608653792481687,6.595246350049862,13.33734314727405,12.815583433851023,True,False
3888,295000000000000000,30,5654,4114,3637,2000,1208,1168,4.434995009753754,4.427195618818368,12.465056167831175,11.828533210455618,True,False
3889,5970144663563914034,597,1622,1617,1436,2000,70,68,4.442871107830918,4.441066265968895,10.663558104217273,10.487840033823051,True,False
3890,31943018629992786,3,1644,1037,977,2000,605,588,6.103143064354427,6.076620609023058,10.682994583681683,9.932214751968385,True,False
3891,17503531500000000000,1750,4763,4699,3793,2000,199,198,4.372375925745308,4.37115336392258,12.217654833364023,11.889123656294238,True,False
3892,4946305176343754,0,1630,0,0,0,0,0,0.0,0.0,10.67065624911844,0,False,True
3893,4698324435847700929,470,4407,4250,3551,2000,472,470,4.595939778858195,4.595263979296166,12.105581181277437,11.79400964502097,True,False
3894,3005813674178861069,301,6980,5983,5070,2000,985,974,5.312232095106713,5.311508479623267,12.769011321097015,12.307770031890703,True,False
3895,3591000000000000000,359,8042,6585,5519,2000,1029,999,5.000390190960329,4.995318940747723,12.97333862080036,12.430191170191696,True,False
3896,7980000000000000,1,1946,412,404,412,412,404,8.686500527183217,8.642811206794867,10.926295994781112,8.658211482751796,False,False
3897,149625000000000000,15,2122,1889,1770,2000,634,631,5.31562019484654,5.312350618256709,11.051208940914766,10.78953364497036,True,False
3898,34912500000000000,3,3152,1683,1605,2000,977,947,5.272152369551845,5.248020604893368,11.622051819456376,10.648357582009666,True,False
3899,2011023072352297575,201,6868,5764,4887,2000,973,958,4.5535616143858535,4.550843863015329,12.745674324002135,12.254733389246674,True,False
3900,2244000000000000000,224,8095,6629,5510,2000,1243,1200,4.514386514203222,4.507511775934069,12.982815365189929,12.42783660345852,True,False
3901,77492126342505000,8,1720,1219,1120,2000,521,505,4.487447629535049,4.475256562216749,10.74819284958946,10.129283016944967,True,False
3902,80420146969391664194,8042,5452,5383,4332,2000,196,195,4.678831228580134,4.678076962261268,12.41256984680521,12.080817527608327,True,False
3903,30953362170166872585,3095,5108,5041,4039,2000,200,199,4.8194656437241825,4.818831025288517,12.318542809702723,11.979782430703086,True,False
3904,23782012040063571539,2378,3762,3730,3041,2000,123,121,4.978527060180533,4.97818272728548,11.877284133523196,11.570330101030798,True,False
3905,115164817382427533580,11516,5639,5561,4524,0,0,0,0.0,0.0,12.461223627613371,12.14338321398982,False,True
3906,2410126401344328190,241,2201,2173,1773,2000,102,102,4.321637237057497,4.321637237057497,11.103943429891558,10.79197682089869,True,False
3907,177654750000000000000,17765,5616,5556,4486,0,0,0,0.0,0.0,12.45532722030456,12.131213905086272,False,True
3908,100388408597639257420,10039,10352,8751,7102,0,0,0,0.0,0.0,13.337621901992508,12.79400964502097,False,True
3909,12268228539976185000,1227,294,264,252,2000,76,76,5.339373035704191,5.339373035704189,8.199672344836364,7.977279923499917,True,False
3910,186280492768386795,19,4655,3210,2903,2000,1025,996,4.37584455389117,4.366427955982315,12.184565452446156,11.503328856626661,True,False
3911,112335746728692209,11,4328,2780,2536,2000,978,948,5.925774717249645,5.892489746704618,12.079484783826816,11.308339030139408,True,False
3912,18491857909232334494,1849,5030,4931,4039,2000,390,389,5.276836000128755,5.276631068097881,12.29634268469289,11.979782430703086,True,False
3913,120300751879699248,12,420,321,307,2000,115,115,4.699999240864761,4.699999240864762,8.714245517666123,8.262094845370179,True,False
3914,3502024320474032,0,138,0,0,0,0,0,0.0,0.0,7.108524456778169,0,False,True
3915,49707007657139968,5,3784,2323,2148,2000,1235,1192,4.795981700812972,4.776905699334166,11.885696373339394,11.068778277985412,True,False
3916,2856370818195822364,286,7772,6239,5231,2000,980,949,4.59831470372823,4.591073018375694,12.924070185585345,12.352871054677996,True,False
3917,700000000000000000,70,2152,2102,1742,2000,196,195,4.375005282898053,4.373557056974808,11.071462362556623,10.766528908598865,True,False
3918,379349569100250000,38,5307,4086,3575,2000,1101,1059,4.6083549646439845,4.592322871882491,12.373680833411614,11.803727526553114,True,False
3919,31867529528015342500,3187,5255,5199,4177,2000,201,200,4.534498738711491,4.533652291864507,12.359475048849541,12.028251428162793,True,False
3920,19238431494819248023,1924,9176,7727,6365,2000,1055,1026,5.592049557045659,5.590358902946076,13.163649676015824,12.63594479878872,True,False
3921,155311349280392833,16,4578,3051,2752,2000,969,940,4.40175946398347,4.393800060360373,12.160501747555687,11.426264754702098,True,False
3922,698250000000000000,70,1254,1229,1014,2000,135,134,4.431270941680247,4.430959805485358,10.29232163280204,9.985841937003341,True,False
3923,83490344384585404,8,1405,1013,932,2000,425,414,4.47447065591524,4.464583955103339,10.456354415108288,9.86418614465428,True,False
3924,2992500000000000,0,204,0,0,0,0,0,0.0,0.0,7.672425341971495,0,False,True
3925,1007537656837993,0,424,0,0,0,0,0,0.0,0.0,8.727920454563199,0,False,True
3926,2218156701563256839,222,3712,3589,3026,2000,440,438,4.733755093963868,4.733166841368204,11.857980995127573,11.563196272216738,True,False
3927,1595868702556164047,160,949,815,737,2000,163,160,4.62147352356624,4.618055758784408,9.89026427702111,9.52552080909507,True,False
3928,35997965974414582,4,2329,1442,1348,2000,837,804,5.301392598238129,5.274167048582568,11.185494924210866,10.396604781181859,True,False
3929,109725000000000000,11,4675,3276,2975,2000,1225,1182,4.551226950687537,4.534623963541989,12.19075064966236,11.538673953082668,True,False
3930,187004317500000000,19,5071,3712,3326,2000,1215,1171,4.4413291943973565,4.427224329316841,12.308054559066635,11.699572453287269,True,False
3931,78802500000000000,8,4059,2724,2490,2000,1201,1159,4.785826942061217,4.7671354872874385,11.986908624697694,11.281930026955443,True,False
3932,198502500000000000,20,4517,3315,2964,2000,1082,1042,4.562921186292785,4.547517521125458,12.141149198437516,11.533329732305834,True,False
3933,1981524323625000000,198,5976,4946,4149,2000,963,923,4.534462768194846,4.52195250480217,12.544964432789238,12.01854794187165,True,False
3934,49875000000000000,5,3254,2052,1891,2000,1080,1040,5.12641623910336,5.102111293862459,11.667998535672528,10.884933647949762,True,False
3935,19462241251880841,2,2368,1227,1174,2000,1038,999,6.499197332709616,6.457504645549525,11.20945336562895,10.197216693110052,True,False
3936,498750000000000000,50,5586,4364,3786,2000,1103,1061,4.449275483608314,4.436644333398826,12.44759985827995,11.886458695703706,True,False
3937,3741436187187185,0,869,0,0,0,0,0,0.0,0.0,9.7632123668144,0,False,True
3938,16264655047891202929,1626,3522,3494,2847,2000,123,120,4.975629329287453,4.965108676629505,11.782179193831208,11.475226777742266,True,False
3939,47542084527255004853,4754,4060,4030,3284,2000,125,123,5.024549637666415,5.0242152640617865,11.987264012072538,11.681238411777805,True,False
3940,13872628277381046827,1387,3530,3495,2844,2000,123,121,4.634995838902531,4.634572335574498,11.785452468158542,11.473705749619416,True,False
3941,7020284237370986905,702,3040,3005,2430,2000,128,126,4.7546137240163855,4.754275453322346,11.569855608330949,11.246740598493144,True,False
3942,499395637445040000,50,2214,1799,1566,2000,443,431,4.410022001091717,4.399960298101556,11.112439506781552,10.612868497291041,True,False
3943,990765168466510404,99,6737,5443,4631,2000,1180,1135,4.469375565736628,4.4570928019446905,12.71789058398728,12.177108041703693,True,False
3944,3072300000000000000,307,8508,6894,5723,2000,1224,1182,4.788597960594688,4.783821162111019,13.054604317960672,12.48255589154897,True,False
3945,705366803979419820,71,700,693,647,2000,71,69,4.272481011141449,4.240749330727863,9.451211111832329,9.337621901992508,True,False
3946,399000000000000000,40,641,633,600,2000,83,82,4.412061735660868,4.410966096445672,9.324180546618742,9.228818690495881,True,False
3947,17865557130040915,2,46,39,39,599,39,39,5.15116770661832,5.15116770661832,5.523561956057013,5.285402218862249,False,False
3948,73436147229142786696,7344,9253,7993,6425,2000,1193,1149,6.027339211814381,6.02472240453942,13.175705475525927,12.649480738968602,True,False
3949,1991036930805280707,199,3072,3014,2461,2000,205,203,4.4883443904102025,4.483780472111096,11.584962500721156,11.26502894245816,True,False
3950,664498138383471614,66,3316,2700,2331,2000,620,600,4.489614247855959,4.481721844327834,11.69522829149575,11.186733289128867,True,False
3951,33885075000000000000,3389,9442,7973,6549,2000,994,964,5.203002972872163,5.200418103873992,13.204876767603993,12.677058915711948,True,False
3952,1938166528769444,0,506,0,0,0,0,0,0.0,0.0,8.98299357469431,0,False,True
3953,32317716268915921248,3232,5129,5061,4052,2000,202,201,4.995105889256918,4.994538439072494,12.324461855977317,11.984418458801137,True,False
3954,44111394947121191,4,286,258,252,2000,103,101,5.072668295990099,5.0700331725923204,8.159871336778389,7.977279923499917,True,False
3955,761010346929902,0,18,0,0,0,0,0,0.0,0.0,4.169925001442312,0,False,True
3956,705297309565846884,71,6840,5292,4571,2000,1227,1186,4.722355171071826,4.716926567623195,12.73978060977326,12.158294103604035,True,False
3957,933028878475478948,93,6985,5426,4663,2000,1218,1178,4.55701492863705,4.551171317314078,12.770044400296825,12.187042714339894,True,False
3958,230065487346178902,23,5503,3918,3481,2000,1210,1168,4.4069368143692,4.396748097207519,12.426002613329361,11.765286098723683,True,False
3959,1620467276998231044,162,7783,6193,5213,2000,1230,1188,5.2779478014107895,5.275048936142692,12.926110641785304,12.347898144596012,True,False
3960,145506375095774381,15,5036,3435,3101,2000,1216,1173,4.398649975521218,4.385046954800297,12.298062567719017,11.598517810612622,True,False
3961,811739149951742964,81,6982,5351,4587,2000,1224,1178,4.513335776503043,4.503459513621689,12.769424641552753,12.163335192081961,True,False
3962,4001482373807781635,400,8809,7187,5948,2000,1230,1184,5.0077658049928555,5.003501150985481,13.10476253798197,12.53818893205242,True,False
3963,1072684519949698975,107,7503,5906,5003,2000,1229,1185,4.972564659747986,4.968094546720453,12.873251842902127,12.288577736992703,True,False
3964,991416708460307045,99,7125,5591,4788,2000,1238,1196,4.703549284588458,4.690616626074311,12.798674298826828,12.225207436943501,True,False
3965,328040304132257804,33,5917,4417,3887,2000,1235,1196,4.436838155374272,4.429521220552891,12.530650179750014,11.924441392339197,True,False
3966,1551680987525699506,155,7720,6247,5220,2000,1248,1205,4.650841314638682,4.64534152402336,12.914385132155443,12.349834091457247,True,False
3967,1096662525308300694,110,7288,5927,4977,2000,1225,1180,4.742608148827955,4.734630315783196,12.831307243802051,12.28106067167702,True,False
3968,1475185048542352977,148,7416,6094,5093,2000,1206,1164,4.878517578010887,4.874259658270441,12.85642552862553,12.314300001897534,True,False
3969,1760506099990932624,176,7501,6204,5174,2000,1179,1136,4.3889616572493315,4.378428213887199,12.872867226786575,12.33706433868474,True,False
3970,2572012878063217272,257,926,803,724,2000,150,149,4.573962399343907,4.572742055494082,9.854868383260236,9.499845887083206,True,False
3971,977691860506942670,98,620,530,493,2000,118,118,4.4650072359793285,4.46500723597933,9.276124405274238,8.945443836377912,True,False
3972,4315761842653252714,432,3759,3695,3030,2000,278,278,4.965702286315327,4.965702286315327,11.876133200043016,11.565102078360313,True,False
3973,995991659335026893,100,6114,4939,4272,2000,999,980,4.393214057396005,4.387639638896941,12.57790083688697,12.060695931687555,True,False
3974,713212500000000000,71,203,172,163,2000,58,56,4.415253409847191,4.414552375516555,7.6653359171851765,7.348728154231077,True,False
3975,42554601688710380,4,2693,1696,1640,2000,971,960,5.274709414782951,5.267233622620905,11.394998514501673,10.679480099505446,True,False
3976,54343627325357983,5,2886,1897,1761,2000,910,874,5.102027355018919,5.07805678490655,11.494855584491198,10.782179193831208,True,False
3977,17684180970188770,2,22,20,20,155,20,20,4.205865665946187,4.205865665946187,4.459431618637297,4.321928094887363,False,False
3978,167946224426568675,17,4576,3135,2848,2000,1024,994,4.375705182617187,4.364792186776278,12.159871336778389,11.475733430966399,True,False
3979,7822414231184632275,782,957,844,748,2000,146,146,5.14750066272417,5.147500662724168,9.902375114486025,9.546894459887637,True,False
3980,26782799511293525,3,390,332,330,2000,196,195,5.318566078676181,5.315120179296443,8.60733031374961,8.366322214245816,True,False
3981,1043777570859079188,104,2661,2603,2142,2000,205,203,4.581148593222403,4.580185391257707,11.37775279502222,11.064742764750257,True,False
3982,15960646982522367855,1596,4857,4803,3856,2000,221,220,5.19536338651739,5.194987685185507,12.245849771023723,11.912889336229961,True,False
3983,4835312698016189889,484,3831,3779,3043,2000,202,199,4.677686995738701,4.676477253316137,11.90350531042388,11.571278618514595,True,False
3984,11378080939352762808,1138,4577,4527,3631,2000,203,201,4.953872431365553,4.953257026687027,12.160186576600662,11.826151214800207,True,False
3985,2413569131160542380,241,3272,3222,2625,2000,197,197,4.406140169291047,4.406140169291046,11.67595703294175,11.358101707440847,True,False
3986,964517472750333306,96,2348,2307,1907,2000,207,207,4.3582198839830175,4.358219883983016,11.197216693110052,10.897089128312755,True,False
3987,3541125000000000000,354,3562,3515,2856,2000,216,216,4.582446729059154,4.582446729059155,11.798471801101618,11.479780264029099,True,False
3988,2962575000000000000,296,3396,3336,2745,2000,265,265,5.090049706320234,5.090049706320234,11.729620743553038,11.42259043389256,True,False
3989,46643100000000000000,4664,5250,5180,4183,2000,287,287,4.998500740371356,4.998500740371354,12.358101707440847,12.030322282644034,True,False
3990,17258959674689303176,1726,4744,4672,3774,2000,289,289,4.7309759951881905,4.7309759951881905,12.211888294546004,11.881878707600446,True,False
3991,23811322500000000000,2381,4957,4883,3950,2000,304,304,5.30906971401187,5.30906971401187,12.275251543470327,11.947636937951827,True,False
3992,12086988604595155828,1209,4609,4531,3683,2000,297,297,4.617188041620527,4.617188041620527,12.170238052336648,11.846665681899738,True,False
3993,8073420133515152573,807,4287,4206,3437,2000,311,311,5.0827513627461025,5.082751362746104,12.065752701816972,11.746934136372298,True,False
3994,17559039164265128135,1756,4823,4742,3854,2000,317,317,5.0798255511658414,5.07982555116584,12.235715094761895,11.912140856295721,True,False
3995,41405678465384468858,4141,5350,5268,4289,2000,326,326,4.791877140006042,4.791877140006041,12.385323176175872,12.066425600635556,True,False
3996,4367316446922147314,437,4028,3929,3264,2000,391,390,5.308546383739549,5.308352825986755,11.975847968006784,11.672425341971495,True,False
3997,35320746521995032271,3532,5511,5409,4423,2000,425,423,5.377446201500387,5.377112853014848,12.428098411832506,12.110809526898654,True,False
3998,32028670698559500000,3203,5660,5505,4522,2000,470,468,4.862961326854086,4.862425100214103,12.466586337719244,12.14274527675153,True,False
3999,10566820709077500000,1057,8896,7432,6137,2000,1034,1003,5.1979659033493,5.19504386093362,13.118941072723507,12.58331786813751,True,False
4000,5586000000000000000,559,8685,7068,5880,2000,1074,1044,4.9599261139446025,4.956775378916919,13.084310133597755,12.521600439723727,True,False
4001,6483750000000000000,648,9090,7503,6180,2000,1219,1177,4.8804113849584185,4.875726772363923,13.15006457908147,12.593391122791736,True,False
4002,330827067669172932,33,5109,3900,3420,2000,1085,1043,4.529472365680431,4.51052531457824,12.318825220399699,11.73978060977326,True,False
4003,2261034208314388559,226,3244,3189,2592,2000,205,204,4.44511609957799,4.444115462809136,11.663558104217273,11.339850002884624,True,False
4004,1002506265664160,0,57,0,0,0,0,0,0.0,0.0,5.832890014164741,0,False,True
4005,10025062656641604,1,2448,939,907,939,939,907,9.874981347653778,9.799241821052325,11.257387842692651,9.824958740528523,False,False
4006,1422330041857065359,142,7711,6203,5250,2000,1200,1161,4.390988597185974,4.381410230503808,12.91270225264792,12.358101707440847,True,False
4007,339883169509408453,34,3576,2935,2631,2000,769,763,4.467241279748538,4.464716776032879,11.804131021183318,11.36139553316589,True,False
4008,9975000000000000000,998,4258,4209,3387,2000,216,216,4.631151030584859,4.63115103058486,12.055960234452295,11.725792271494157,True,False
4009,4967151610310400000,497,1679,1668,1390,2000,64,64,4.535579614297195,4.535579614297195,10.71338651493703,10.44086916761087,True,False
4010,3670800000000000000,367,8614,7116,5895,2000,1244,1204,4.923163101745421,4.919131028610563,13.072467608241858,12.525276097867126,True,False
4011,48378750000000000,5,3140,1979,1826,2000,1058,1018,5.1136001576672685,5.089372215421079,11.61654884377899,10.834471049984222,True,False
4012,2463582767267604,0,1069,0,0,0,0,0,0.0,0.0,10.06204613772049,0,False,True
4013,25135477072744345,3,469,303,293,2000,205,201,5.4521768044559575,5.437554053385291,8.873444112515376,8.194756854422248,True,False
4014,4884251568906028236,488,7519,6357,5199,2000,1068,1027,4.564318666229391,4.556732436215648,12.876325086063236,12.344018439881326,True,False
4015,1890077459165300204,189,5423,4495,3781,2000,865,830,4.400615351304957,4.386855392415911,12.404875455015208,11.884552133987235,True,False
4016,14962500000000000,1,2852,1216,1170,1216,1216,1170,10.247927513443585,10.158191152030128,11.477758266443889,10.192292814470767,False,False
4017,1120594558355598410,112,5465,4464,3770,2000,926,888,4.471329744981103,4.461142024218467,12.416005780559267,11.880348808156027,True,False
4018,1527600399271433727,153,5288,4513,3835,2000,816,807,4.9319533319995825,4.930278503306668,12.368506461507693,11.905010862390295,True,False
4019,193121189609426071,19,2015,1824,1688,2000,564,562,4.452217729270678,4.4514516404585285,10.97656412341533,10.721099188707186,True,False
4020,50196458334070812,5,3548,2107,2002,2000,1022,993,4.744708273204794,4.72807594195155,11.792790294301064,10.967226258835993,True,False
4021,92650154525376448768,9265,3503,3487,2887,2000,137,135,5.686413808932618,5.680522718225308,11.774375272802063,11.495355392235982,True,False
4022,767930000000000000,77,6842,5370,4596,2000,1246,1202,4.604051166808527,4.59519480054304,12.7402023887679,12.166163082646113,True,False
4023,1537406587348748,0,149,0,0,0,0,0,0.0,0.0,7.219168520462161,0,False,True
4024,2336370041624126230,234,7597,6073,5118,2000,986,953,4.790382487914331,4.7828366049046425,12.89121410590583,12.321364432039447,True,False
4025,10479310065000000000,1048,4584,4530,3634,2000,231,229,5.592579657111486,5.59111112585004,12.162391328756906,11.827342704234116,True,False
4026,5000000000000000,1,813,75,73,75,75,73,6.228818690495881,6.165420190467034,9.667111542075027,6.189824558880018,False,False
4027,193002922842339399,19,1393,1091,988,2000,366,360,4.519223238738954,4.512232877092883,10.443979542601253,9.948367231584678,True,False
4028,14599232627093042772,1460,8936,7664,6189,2000,1179,1135,5.276847590907407,5.2719160874140325,13.125413470483315,12.59549060660764,True,False
4029,6409856606016720210,641,2697,2671,2180,2000,137,136,4.474950933292739,4.474664781730881,11.397139806235604,11.090112419664289,True,False
4030,1932064016418359065,193,1934,1906,1569,2000,121,121,4.428924347895536,4.428924347895536,10.917372079476841,10.615629636968098,True,False
4031,6064654671054249130,606,2791,2763,2258,2000,105,104,4.448786606945364,4.432041301890486,11.446566409066067,11.140829770773001,True,False
4032,9607652105438426957,961,3115,3087,2518,2000,115,113,4.793086980643189,4.733210948130603,11.605016447911364,11.298062567719017,True,False
4033,398856356292122787293,39886,5838,5757,4677,0,0,0,0.0,0.0,12.511258495502268,12.191367713418941,False,True
4034,89770012500000000000,8977,8823,7830,6570,2000,1013,1003,6.066918696929254,6.06656676170044,13.10705356960822,12.681677655209691,True,False
4035,13479761153961214,1,1154,557,540,557,557,540,9.121533517340033,9.052656447364088,10.172427508645482,9.076815597050832,False,False
4036,329174872243654988282,32917,8402,7283,5867,0,0,0,0.0,0.0,13.036517070486518,12.518407276671365,False,True
4037,1095200865548141514,110,2595,2527,2079,2000,192,191,4.4432083484479445,4.442116992893399,11.341518823245243,11.02167404285837,True,False
4038,84216079571372712,8,2066,1714,1651,2000,726,722,4.68126331601311,4.67879972293644,11.01262453886506,10.689124404913258,True,False
4039,231189699533909054,23,2887,2534,2326,2000,735,730,4.493691349720945,4.491391433176048,11.495355392235982,11.183635381473218,True,False
4040,19785827838209677,2,1655,890,880,2000,783,777,6.553508164337049,6.545794476093979,10.69261550169458,9.78135971352466,True,False
4041,39849698413784033,4,2117,1349,1320,2000,788,782,4.777436036063277,4.773579191941744,11.047805554007589,10.366322214245816,True,False
4042,176557500000000000,18,4431,3238,2904,2000,1080,1040,4.748899624078712,4.731608414910031,12.113416611485945,11.50382573799575,True,False
4043,129675000000000000,13,4043,2900,2624,2000,1046,1006,4.75089690556403,4.7297061149344515,11.981210488271694,11.357552004618084,True,False
4044,318701250000000000000,31870,5856,5802,4663,0,0,0,0.0,0.0,12.515699838284043,12.187042714339894,False,True
4045,4080277457667600000,408,1765,1758,1483,2000,80,79,4.394173304573425,4.393232660278295,10.785452468158542,10.53430288245463,True,False
4046,1692528843075000000,169,2859,2800,2296,2000,200,199,4.355874427668731,4.354301875846,11.481294904631097,11.164906926675688,True,False
4047,1156459211183945502,116,3418,3244,2767,2000,501,499,4.460433858234467,4.4597064863201155,11.73893668167614,11.434106928609955,True,False
4048,10473750000000000,1,914,418,409,418,418,409,8.707359132080882,8.65951224212873,9.83605035505807,8.67595703294175,False,False
4049,21702945389690435,2,2821,1292,1242,2000,975,946,6.53288940746098,6.497056164386425,11.461990950585571,10.278449458220482,True,False
4050,90376833926577464,9,2435,1703,1559,2000,711,686,4.888440484538897,4.871724532055886,11.249706056969705,10.606405212697785,True,False
4051,5987534910774972014,599,8150,6903,5761,2000,1014,993,5.310174697615864,5.307837995864966,12.992584344005802,12.49210354247923,True,False
4052,997500000000000,0,485,0,0,0,0,0,0.0,0.0,8.92184093707449,0,False,True
4053,1018331472161755212,102,7408,5918,4993,2000,1255,1210,5.087933737924634,5.080903447117802,12.854868383260236,12.285691191330093,True,False
4054,1098193980802193,0,18,0,0,0,0,0,0.0,0.0,4.169925001442312,0,False,True
4055,48877500000000000,5,2137,1391,1292,2000,722,696,5.006449057501678,4.984675349284798,11.061371192659811,10.335390354693924,True,False
4056,471696783746208125,47,1871,1819,1556,2000,218,218,4.359089745211868,4.359089745211867,10.869593843240784,10.603626344986193,True,False
4057,49838739108575956353,4984,3973,3945,3223,2000,125,123,5.288086250630619,5.273527569564662,11.956013078088098,11.654188473059545,True,False
4058,3688105824069370086,369,3968,3866,3210,2000,418,416,5.309062281901842,5.308692355416266,11.954196310386875,11.648357582009666,True,False
4059,36159958068035072,4,2223,1391,1358,2000,847,837,5.300636917172667,5.292067081857818,11.11829223302699,10.407267764244732,True,False
4060,188056109216862937,19,1230,1186,1067,2000,200,200,4.534916936420718,4.534916936420718,10.264442600226602,10.059344460824425,True,False
4061,3140489923568406123,314,1439,1431,1244,2000,80,79,4.412781345608592,4.412189855050743,10.490850876740298,10.280770770130603,True,False
4062,20648250000000000000,2065,845,761,681,2000,140,140,5.6116230949468555,5.6116230949468555,9.722807531169547,9.411510988012072,True,False
4063,6892356422895326040,689,3701,3637,2913,2000,186,184,4.7687971141385,4.7679303070874886,11.85369942030022,11.508289986140348,True,False
4064,1375492260975000000,138,3113,3015,2553,2000,369,368,4.377227554661383,4.376370228091403,11.604089861469179,11.31797782240712,True,False
4065,2297288586987954942,230,6625,5660,4807,2000,947,936,4.389500912949227,4.38669749088846,12.693704739225286,12.230921088137896,True,False
4066,498344668891440000,50,2466,1982,1725,2000,485,471,4.416221249986726,4.406103926885049,11.26795708440284,10.752380646552893,True,False
4067,17132476306346858809,1713,5022,4923,4031,2000,404,402,5.620656568064023,5.6197800016464345,12.2940463132715,11.97692206785108,True,False
4068,38556917121184198,4,1286,824,777,2000,460,449,5.26655479535403,5.247982706221894,10.328674927327947,9.60177078840771,True,False
4069,4529050741288511,0,822,0,0,0,0,0,0.0,0.0,9.682994583681683,0,False,True
4070,5000000000000000,1,1658,107,104,107,107,104,6.7414669864011465,6.678337196661301,10.69522829149575,6.700439718141092,False,False
4071,34912500000000000,3,2230,1382,1296,2000,802,771,6.402083220085763,6.364294414431132,11.122827994807666,10.339850002884624,True,False
4072,69825000000000000,7,2594,1757,1623,2000,787,757,4.543798462057669,4.527222610384021,11.3409627642517,10.664447284547972,True,False
4073,596409551523853392,60,1362,1135,1001,2000,277,271,4.530667052908218,4.523828915963254,10.411510988012072,9.967226258835993,True,False
4074,199454158055936328482,19945,4357,4327,3524,0,0,0,0.0,0.0,12.089119397915168,11.782998208920414,False,True
4075,5594377415811666680,559,4660,4486,3747,2000,522,520,5.446934746443099,5.446701309522132,12.186114239541643,11.871520262329113,True,False
4076,17779930603661259,2,2896,1397,1344,2000,1240,1198,6.578835489199058,6.5393733713410676,11.499845887083206,10.39231742277876,True,False
4077,1396500000000000000,140,599,595,567,2000,55,55,4.2992470427609035,4.299247042760904,9.226412192788786,9.147204924942228,True,False
4078,2992500000000000000,299,1580,1565,1327,2000,85,84,4.282811408270874,4.281691902815392,10.625708843064466,10.373952655370193,True,False
4079,34912500000000000,3,2249,1395,1307,2000,811,779,6.417088037551541,6.378492717757266,11.135067945777816,10.352043425795433,True,False
4080,2191400020727548991,219,3450,3364,2818,2000,345,344,5.1613578761920875,5.160311430331647,11.752380646552893,11.460455896309636,True,False
4081,27110584006908150000,2711,2467,2455,2060,2000,83,83,4.884976969576957,4.884976969576956,11.268542000300123,11.00842862207058,True,False
4082,88382029896135139,9,2076,1466,1341,2000,613,594,4.8370744829888075,4.822504573189028,11.019590728357882,10.389093521904474,True,False
4083,75686291814533443189,7569,8826,7829,6563,2000,1008,997,5.913764600597073,5.913333300748302,13.107544031975987,12.68013971776317,True,False
4084,1488550885359672,0,769,0,0,0,0,0,0.0,0.0,9.586839787961827,0,False,True
4085,16348099107763226454,1635,8719,7538,6265,2000,1017,997,4.685129890154442,4.6808519439752,13.08994696349794,12.613098794209224,True,False
4086,9111952346700000,1,700,215,213,215,215,213,7.748192849589463,7.729588198426672,9.451211111832329,7.734709620225838,False,False
4087,448875000000000000,45,5098,3971,3464,2000,1034,994,4.3770462063649145,4.3636746905181365,12.315715658022201,11.758223214726724,True,False
4088,19793778042509351828,1979,7080,6299,5220,2000,827,817,4.811218179829415,4.808895461891568,12.78953364497036,12.349834091457247,True,False
4089,78404281638605700798,7840,9787,8343,6843,2000,1097,1067,5.626205103861611,5.624546090446765,13.25665098428709,12.740413232033294,True,False
4090,961757735516604818,96,79,77,75,2000,38,38,4.349479239874008,4.349479239874008,6.303780748177103,6.22881869049588,True,False
4091,7566017504189106792,757,1763,1756,1529,2000,70,69,4.5155305593690445,4.514597570003837,10.783816759320182,10.578372691360805,True,False
4092,3852988665608985000,385,1165,1012,898,2000,187,183,4.578671555578426,4.57510272059202,10.186114239541643,9.810571634741146,True,False
4093,160401002506265664,16,2689,1997,1801,2000,668,647,4.417728108260814,4.406134077759038,11.392854039872873,10.814582465906277,True,False
4094,17940364265040000,2,1553,817,783,2000,713,687,6.51337946822102,6.473731495279827,10.600842114387302,9.612868497291041,True,False
4095,105903922696446272,11,681,515,482,2000,198,194,5.199558301386936,5.184864696444542,9.411510988012072,8.912889336229961,True,False
4096,4427846850458535000,443,479,436,399,2000,93,93,4.588510494289875,4.588510494289874,8.90388184573618,8.640244936222345,True,False
4097,22080332606724837493,2208,9192,7671,6303,2000,990,960,5.2031559462865165,5.2003830982299935,13.166163082646113,12.621822947394202,True,False
4098,299000065539491663,30,1230,985,888,2000,294,288,4.53528322794522,4.525858201331683,10.264442600226602,9.794415866350105,True,False
4099,4725640129578957,0,55,0,0,0,0,0,0.0,0.0,5.78135971352466,0,False,True
4100,35160252905475810000,3516,4319,3801,3085,2000,557,538,5.122794388834076,5.116339617229986,12.076481601207021,11.591054774036781,True,False
4101,49875000000000000000,4988,6806,6516,5382,2000,731,727,5.077517478274256,5.077023518984735,12.73259143596501,12.393926675640417,True,False
4102,996736860352695000,100,1725,1467,1286,2000,327,320,4.499070499959451,4.49346757744647,10.752380646552893,10.328674927327947,True,False
4103,197505000000000000,20,4018,2948,2703,2000,966,953,4.571197860123759,4.567981231948814,11.972261848733291,11.400345796534694,True,False
4104,421141669656408,0,242,0,0,0,0,0,0.0,0.0,7.918863237274595,0,False,True
4105,4882507821163207021,488,7014,6123,5175,2000,927,916,4.802528268618759,4.801098847559238,12.776021715252812,12.33734314727405,True,False
4106,6196389056819127559,620,1986,1753,1499,2000,300,294,4.872174540313666,4.868770255467316,10.955649907528374,10.54978466794786,True,False
4107,431077694235588972,43,936,769,697,2000,212,208,4.3973235506868065,4.3906513238310945,9.870364719583405,9.445014845868423,True,False
4108,671679197994987468,67,930,768,690,2000,192,188,4.456690435655989,4.452302475244972,9.861086905995395,9.430452551665532,True,False
4109,459671954734227139,46,423,355,334,2000,101,101,4.278169305498297,4.278169305498298,8.72451385311995,8.383704292474052,True,False
4110,98920731645171985093,9892,5462,5396,4379,2000,211,210,4.9948082898171755,4.994329966557618,12.415213598765286,12.096385734452651,True,False
4111,1711605553055917106,171,7365,5801,4916,2000,966,934,4.6885217103464285,4.680912753779403,12.846469809923212,12.263269200372662,True,False
4112,19950000000000000,2,2960,1409,1354,2000,1214,1173,6.571349121773911,6.532857486168525,11.531381460516313,10.403012023574997,True,False
4113,13665750000000000,1,638,337,331,337,337,331,8.39660478118186,8.360996472576517,9.31741261376487,8.370687406807217,False,False
4114,1596000000000000000,160,935,929,845,2000,63,62,4.208584939851582,4.20674465538824,9.868822554774999,9.722807531169547,True,False
4115,25323532500000000000,2532,4055,3559,2888,2000,546,529,5.680799940799923,5.67694196551786,11.985486199104635,11.49585502688717,True,False
4116,66782625000000000000,6678,10132,8588,6939,2000,1262,1219,5.91047652346865,5.908071352278642,13.306631361712501,12.760512051357347,True,False
4117,45143381372794078,5,3747,2227,2066,2000,1230,1191,5.149425596484422,5.130030143014888,11.871520262329113,11.01262453886506,True,False
4118,59850000000000000,6,2081,1417,1314,2000,647,628,4.764320018111364,4.748134570528508,11.023061249735335,10.35974956032233,True,False
4119,36259603112657877,4,1985,1250,1170,2000,713,688,5.260013124260173,5.234659159813338,10.95492329203032,10.192292814470767,True,False
4120,259101315211671903959,25910,4796,4741,3853,0,0,0,0.0,0.0,12.227615943414223,11.91176647065955,False,True
4121,8234493977079212565,823,3593,3533,2846,2000,167,166,4.624170046851784,4.621682032779807,11.810973220002165,11.474719946526482,True,False
4122,2365160700490972020,237,4630,3902,3263,2000,718,692,4.761834364628574,4.751083174453958,12.1767964781476,11.671983272091865,True,False
4123,3645129302787744263,365,8477,7070,5819,2000,1242,1198,4.87927086406981,4.8729551219570055,13.049338071751933,12.506555530751323,True,False
4124,220445356222535986,22,5071,3454,3067,2000,1013,984,5.242408064702021,5.219441830744558,12.308054559066635,11.58261245126702,True,False
4125,4238550131141145533,424,8010,6661,5586,2000,1019,993,4.778918547578065,4.775661279849343,12.967586527296072,12.44759985827995,True,False
4126,10496839492745820,1,181,79,79,79,79,79,6.303780748177105,6.303780748177105,7.499845887083206,6.303780748177103,False,False
4127,23578506000000000000,2358,4992,4924,3971,2000,199,198,4.629410873507667,4.628645073915238,12.285402218862249,11.955286645524469,True,False
4128,4092242770430699,0,699,0,0,0,0,0,0.0,0.0,9.449148645375436,0,False,True
4129,2603475000000000000,260,4618,3898,3250,2000,705,680,4.67554437947544,4.663852281347603,12.173052457774116,11.66622400280318,True,False
4130,4987500000000000,0,2,0,0,0,0,0,0.0,0.0,1.0,0,False,True
4131,29001207869606381,3,43,40,40,1242,40,40,4.624055088779747,4.624055088779747,5.426264754702098,5.321928094887363,False,False
4132,275008827276806407905,27501,7718,6943,5754,0,0,0,0.0,0.0,12.914011328541255,12.490349505739287,False,True
4133,102570276147079087,10,3278,2408,2265,2000,892,882,5.097279336314349,5.0908912896351515,11.678600139099458,11.145295334933598,True,False
4134,95458371289479209,10,4414,2901,2657,2000,1231,1192,5.566861972618475,5.546040329147048,12.107870914279614,11.375582512490507,True,False
4135,49426125000000000000,4943,9778,8377,6735,2000,1276,1228,6.092688301979474,6.047589811474521,13.255323690008137,12.717462230349666,True,False
4136,8369860170769034692,837,9271,7785,6357,2000,1257,1216,4.838268884198186,4.833411173083565,13.178509245652183,12.634130373093326,True,False
4137,14528273353383458646,1453,300,270,257,2000,70,70,5.347993637447265,5.347993637447265,8.228818690495881,8.005624549193879,True,False
4138,24717245394334165,2,372,305,301,2000,189,188,6.425516388942505,6.420009505337999,8.539158811108031,8.233619676759702,True,False
4139,95760000000000000,10,3845,2463,2303,2000,1010,984,4.7148656399393865,4.703124538410782,11.908767882849189,11.169298695792845,True,False
4140,231006838869563344,23,4908,3437,3072,2000,1000,970,4.416729813727906,4.404951307984062,12.260919533662905,11.584962500721156,True,False
4141,947625000000000000,95,6497,5030,4356,2000,985,955,4.564387532351519,4.5588322713873435,12.665557989846414,12.088788238716907,True,False
4142,357282362642037627,36,5374,3864,3401,2000,969,940,4.40159403247657,4.393635071042566,12.391780606013166,11.731743290707842,True,False
4143,9972906994767350162,997,7701,6574,5340,2000,1055,1014,5.3085413335510125,5.303761564949404,12.910830081296574,12.382624026574916,True,False
4144,130367515230686069,13,2929,2139,1941,2000,755,728,4.769512428093259,4.749660232206807,11.516192477879367,10.922584402713664,True,False
4145,89950850633648968,9,1171,864,796,2000,369,362,4.6500039105189925,4.643012932582831,10.193525360501216,9.63662462054365,True,False
4146,79743586579840804,8,534,385,365,2000,177,174,4.40670686942521,4.400109559097883,9.060695931687555,8.51175265376738,True,False
4147,24507035460239531,2,3042,1426,1363,2000,1058,1028,6.5073885344923195,6.473353793120463,11.570804437724497,10.41256984680521,True,False
4148,2992500000000000000,299,4822,4551,3838,2000,699,695,4.538688210944397,4.5374836335503,12.235415935602527,11.90613899619538,True,False
4149,21446250000000000000,2145,6406,6123,5052,2000,732,727,5.273756644633905,5.273302506442821,12.645208082774683,12.302638923787553,True,False
4150,56857500000000000,6,4073,2570,2368,2000,1246,1203,4.553850519917179,4.537390184023767,11.991876099003415,11.20945336562895,True,False
4151,10972500000000000,1,2593,1004,970,1004,1004,970,9.971543553950772,9.896723419011764,11.340406490853294,9.92184093707449,False,False
4152,19048805356772743371,1905,4956,4319,3498,2000,658,638,5.569715830623724,5.566020242959711,12.274960472140602,11.772314573921653,True,False
4153,3545997321025973903,355,3641,3586,2895,2000,209,208,4.6191176311324575,4.618286627128528,11.830119025444516,11.4993476328766,True,False
4154,416826000644471,0,282,0,0,0,0,0,0.0,0.0,8.139551352398794,0,False,True
4155,2756192250000000,0,3,0,0,0,0,0,0.0,0.0,1.584962500721156,0,False,True
4156,733641157288904907,73,4355,3509,3031,2000,805,773,4.433832278697521,4.424057226297986,12.088457003486226,11.565578136784328,True,False
4157,7091281886013736,1,95,28,28,28,28,28,4.807354922057606,4.807354922057606,6.569855608330948,4.807354922057604,False,False
4158,19950000000000000,2,711,546,542,2000,489,487,6.515340539998977,6.511336535994973,9.473705749619416,9.08214904135387,True,False
4159,9045856898496240601,905,5786,5506,4568,2000,717,713,4.734836407698733,4.734130483820858,12.4983506079296,12.157346935362844,True,False
4160,2992500000000000,0,957,0,0,0,0,0,0.0,0.0,9.902375114486025,0,False,True
4161,58084425000000000000,5808,5331,5264,4279,2000,217,216,5.53242410762254,5.532108293216139,12.380190466749834,12.06305796362349,True,False
4162,5735265376743420000,574,4708,4058,3329,2000,653,632,4.644444378218072,4.635203254606982,12.200898605038445,11.700873155140263,True,False
4163,118189461250148194,12,4567,2927,2661,2000,1044,1014,4.378586390250079,4.368598934908111,12.157031074378354,11.37775279502222,True,False
4164,272977308406672,0,134,0,0,0,0,0,0.0,0.0,7.066089190457772,0,False,True
4165,9670777059005829,1,1121,350,343,350,350,343,8.451211111832329,8.40334000468329,10.130570562805426,8.422064766172813,False,False
4166,748125000000000000,75,5613,4501,3944,2000,972,956,4.740030061892649,4.736333148299744,12.45455634396194,11.945443836377912,True,False
4167,34912500000000000000,3491,6666,6376,5259,2000,723,719,4.77941773860947,4.778723896458558,12.702605602110248,12.360572781480695,True,False
4168,179015864868540000,18,2346,1775,1594,2000,582,564,4.649188254428532,4.637609182637463,11.19598729802851,10.638435913990472,True,False
4169,1676178964000393219,168,3355,3251,2736,2000,413,411,4.779689071638496,4.779107481630822,11.712097051087547,11.417852514885897,True,False
4170,10833761932455000,1,1250,553,539,553,553,539,9.111135670234708,9.056886122314275,10.287712379549449,9.074141462752506,False,False
4171,3423069082795740000,342,3048,2633,2201,2000,444,432,4.3933540583725295,4.384590627246057,11.573647187493322,11.103943429891558,True,False
4172,559179476511522547,56,1665,1395,1228,2000,333,326,4.389471952348977,4.382547832886087,10.701306461958625,10.262094845370179,True,False
4173,12967500000000000,1,429,222,218,222,222,218,7.794415866350104,7.758379830314068,8.744833837499545,7.768184324776926,False,False
4174,27930000000000000,3,565,371,357,2000,236,232,5.496573348267612,5.483574612033634,9.14210705730255,8.479780264029099,True,False
4175,25935000000000000,3,485,318,307,2000,210,206,5.460424636973302,5.446121043195365,8.92184093707449,8.262094845370179,True,False
4176,300751879699248120,30,1604,1537,1328,2000,187,186,4.353243339143578,4.351528318420412,10.64745842645492,10.375039431346925,True,False
4177,123516815883428439,12,3940,2771,2578,2000,994,976,5.576967031709466,5.563662660031057,11.943979914343739,11.332036548361652,True,False
4178,802412852892184,0,523,0,0,0,0,0,0.0,0.0,9.030667136246942,0,False,True
4179,475663865677843652,48,2655,2467,2171,2000,558,556,4.425717248325024,4.424972418477413,11.374496145691516,11.084144010615145,True,False
4180,2932650000000000000,293,7770,6269,5265,2000,986,956,5.276656332631237,5.274113208150224,12.923698883295073,12.362217815913079,True,False
4181,29517293263079904111,2952,9910,8319,6756,2000,1239,1193,5.510351836118163,5.506983687905777,13.274669342073851,12.721953612801386,True,False
4182,49875000000000000,5,2246,1478,1443,2000,787,781,5.288210548805523,5.283068089976811,11.133142212400601,10.494855584491198,True,False
4183,35419188772606994,4,1128,740,701,2000,415,405,5.2377143161713775,5.220242826242153,10.139551352398794,9.453270634010623,True,False
4184,4414382105623863,0,1358,0,0,0,0,0,0.0,0.0,10.407267764244732,0,False,True
4185,458850000000000000,46,6345,4705,4098,2000,1228,1181,4.55755814626783,4.550590137200063,12.631404448728468,12.000704269011246,True,False
4186,10072854153106024812,1007,4410,4355,3506,2000,228,227,4.727288346501716,4.724803346930203,12.106562940444883,11.775610280759539,True,False
4187,3500033985000000000,350,3533,3494,2832,2000,218,218,4.952647079016498,4.952647079016499,11.786678033890652,11.467605550082997,True,False
4188,85331795875106696,9,206,194,191,2000,69,68,4.3343622815834575,4.331626072336068,7.6865005271832185,7.577428828035749,True,False
4189,27092026516837695,3,703,580,574,2000,422,420,5.510026218055443,5.506441346214612,9.457380879072534,9.164906926675688,True,False
4190,43556773189765070861,4356,2796,2784,2340,2000,82,81,4.7465515566392185,4.740647380520842,11.449148645375436,11.192292814470767,True,False
4191,5045537362723567045,505,5312,5037,4217,2000,698,694,4.377738251118363,4.376023965404077,12.375039431346925,12.042001306279133,True,False
4192,10022792320685855651,1002,2172,2165,1828,2000,89,88,4.540056800534137,4.5395314571775796,11.084808387804362,10.83605035505807,True,False
4193,10001660647059706086,1000,2169,2163,1818,2000,98,96,5.132066190564812,5.091801242451926,11.082814337672273,10.828136484194108,True,False
4194,654881613123092706,65,6812,5172,4454,2000,1226,1180,4.436289175155082,4.42760672734077,12.733862719678543,12.12088584278779,True,False
4195,1002506265664160,0,359,0,0,0,0,0,0.0,0.0,8.487840033823051,0,False,True
4196,1503759398496240,0,330,0,0,0,0,0,0.0,0.0,8.366322214245816,0,False,True
4197,3854762460951712915,385,5644,4790,3955,2000,823,789,4.602292843477581,4.591266197352902,12.462502272597265,11.949461979360153,True,False
4198,38638170994710000,4,1658,1059,991,2000,596,579,5.2814456400476955,5.26007725859726,10.69522829149575,9.952741247186488,True,False
4199,2049862500000000000,205,2907,2843,2282,2000,181,179,4.370478178132151,4.368744034020257,11.505315356136236,11.156083076288681,True,False
4200,26932500000000000,3,1653,996,947,2000,643,624,6.147489913725394,6.119883130994545,10.690871009292314,9.887220615468385,True,False
4201,225392662946494563,23,5503,4001,3556,2000,1244,1201,4.473468451996535,4.465347839883693,12.426002613329361,11.79603960882977,True,False
4202,27290261356751720,3,2952,1484,1419,2000,984,954,5.2671680674888846,5.243174808951404,11.527477006060396,10.470658874060552,True,False
4203,1689931199776322856,169,7785,6319,5280,2000,1242,1198,4.437400256767132,4.425157362032429,12.9264813239664,12.366322214245816,True,False
4204,230297957366382301,23,1428,1359,1175,2000,192,191,4.444806040749148,4.443198431398221,10.479780264029099,10.198445041452363,True,False
4205,94408556084560824,9,3967,2457,2272,2000,967,938,4.4023104247867755,4.394194067411812,11.953832682145281,11.149747119504681,True,False
4206,8182398291054645000,818,3263,2854,2347,2000,451,438,5.004403448069849,4.997527778788291,11.671983272091865,11.196602126523171,True,False
4207,98515620538228829,10,2867,2041,1939,2000,842,832,4.399630577244882,4.39579281333316,11.485326189240524,10.921097088106793,True,False
4208,47371718588485181,5,153,140,138,2000,78,76,4.5184177593122845,4.515035074345509,7.257387842692652,7.108524456778169,True,False
4209,3882583372847847,0,1324,0,0,0,0,0,0.0,0.0,10.370687406807217,0,False,True
4210,80401872694121232,8,3913,2643,2412,2000,1158,1116,4.581895852854286,4.564888260411467,11.934059394900794,11.236014191900084,True,False
4211,7345265288904777828,735,3179,3134,2526,2000,142,140,4.66626248355036,4.665528370828544,11.634357301137976,11.302638923787553,True,False
4212,106774604806365224379,10677,5689,5639,4530,0,0,0,0.0,0.0,12.47395936569476,12.145295334933598,False,True
4213,2104792633932530455,210,5580,4812,4061,2000,797,791,4.556192383802717,4.555005297277161,12.44604940671655,11.987619311924325,True,False
4214,671768587393936233,67,5433,4352,3821,2000,969,956,4.553669552044087,4.550579116240151,12.407533331671324,11.89973454235751,True,False
4215,100125313283208020,10,1146,868,797,2000,343,337,4.974531717840234,4.964701024230184,10.162391328756906,9.638435913990472,True,False
4216,19950000000000000,2,55,25,25,195,25,25,4.395955011923661,4.39595501192366,5.78135971352466,4.643856189774724,False,False
4217,93964067021667213,9,1301,1144,1097,2000,462,460,4.384321854751808,4.382970255627751,10.345405246717796,10.099347810403193,True,False
4218,1995000000000000000,200,2978,2911,2382,2000,194,192,4.584615923584859,4.557374274839647,11.5401280385821,11.217957697864113,True,False
4219,160597500000000000,16,3684,2688,2428,2000,917,881,4.442265304635215,4.4280951551614365,11.847057346091336,11.245552706255681,True,False
4220,997500000000000,0,317,0,0,0,0,0,0.0,0.0,8.308339030139408,0,False,True
4221,7858541938281049680,786,8899,7581,6151,2000,1208,1163,5.005544304532299,4.9991917050021275,13.119427511067276,12.58660526060361,True,False
4222,16443603114242652206,1644,6935,6167,5101,2000,804,798,4.877415302100017,4.8766439332757106,12.759680167210965,12.316564385396942,True,False
4223,810967500000000000,81,6886,5410,4625,2000,1245,1202,4.437541721747671,4.429291210773589,12.749450465569916,12.175237650291036,True,False
4224,493937725080492642,49,5723,4213,3689,2000,971,942,4.401182614984872,4.393223653550868,12.48255589154897,11.84901407369482,True,False
4225,376407282853775782861,37641,6867,5979,4828,0,0,0,0.0,0.0,12.745464248276843,12.237209960755022,False,True
4226,100000000000000000000,10000,6112,5327,4313,2000,805,776,6.172810752618223,6.1703217210716135,12.57742882803575,12.074476000734501,True,False
4227,55803096647205916539,5580,3434,3416,2835,2000,110,109,4.427896028463285,4.427310975251939,11.745674324002135,11.469133019829592,True,False
4228,99750000000000000000,9975,7568,6800,5627,2000,832,826,5.937431040347423,5.937139952279986,12.885696373339394,12.458150248057557,True,False
4229,855701717531079001,86,6435,4872,4222,2000,959,928,4.72846667460951,4.721814580964784,12.651724433108065,12.043710863347156,True,False
4230,980000000000000000,98,2380,2325,1908,2000,200,199,4.446303374938833,4.444409761580252,11.216745858195306,10.897845456005511,True,False
4231,384798855666230967,38,1844,1771,1543,2000,282,282,4.4159575558530975,4.4159575558530975,10.848622940429339,10.591522346570734,True,False
4232,447840771276886813,45,4757,3765,3358,2000,969,959,4.5066410674269655,4.504152576696591,12.215836309962455,11.71338651493703,True,False
4233,831894216092559546,83,6980,5437,4681,2000,1209,1169,4.655010874361151,4.646791507507275,12.769011321097015,12.192601049711953,True,False
4234,33850149619239636,3,457,390,378,2000,181,180,5.189504267706688,5.185500263702682,8.83605035505807,8.562242424221072,True,False
4235,20166922878105286,2,452,280,274,2000,209,205,6.439019220397839,6.4189841590404635,8.820178962415188,8.098032082960527,True,False
4236,29925000000000000,3,385,243,235,2000,156,153,5.343985585348372,5.3287488871805735,8.588714635582264,7.876516946564999,True,False
4237,47053354833580354,5,1156,963,951,2000,568,566,4.533739157363421,4.53224934868733,10.174925682500678,9.893301530860564,True,False
4238,239400000000000000,24,1878,1754,1589,2000,433,431,4.533271693398996,4.53147700567466,10.874981347653774,10.63390340934852,True,False
4239,13965000000000000,1,1268,610,591,610,610,591,9.252665432450247,9.18321538658697,10.308339030139408,9.207014320177532,False,False
4240,133676167067062993505,13368,9132,8037,6719,0,0,0,0.0,0.0,13.156715144224702,12.714030814928783,False,True
4241,2617427403877914,0,502,0,0,0,0,0,0.0,0.0,8.971543553950772,0,False,True
4242,35650103208110092543,3565,9145,7952,6591,2000,1033,1013,5.408680124802858,5.407125334954129,13.158767454636079,12.686281655144432,True,False
4243,997500000000000,0,288,0,0,0,0,0,0.0,0.0,8.169925001442312,0,False,True
4244,858900000000000000,86,2263,2207,1817,2000,194,193,4.355584299843144,4.354012422163807,11.144020869266893,10.827342704234116,True,False
4245,90391880349025275,9,2434,1702,1558,2000,711,686,4.888440484538897,4.871724532055886,11.249113452713729,10.605479518061669,True,False
4246,4211116901222700000,421,462,421,390,2000,90,90,4.530621639412491,4.53062163941249,8.851749041416058,8.60733031374961,True,False
4247,38177094947747868,4,2182,1382,1347,2000,823,814,4.784401219417095,4.778436039879143,11.091435386323607,10.395534135462302,True,False
4248,392665156999277298,39,1539,1476,1226,2000,171,170,4.400872866705347,4.399472376533787,10.58777751632821,10.259743263690781,True,False
4249,2942625000000000000,294,114,105,102,2000,37,37,4.3545779936763305,4.35457799367633,6.832890014164741,6.672425341971495,True,False
4250,300977326723609714,30,5902,4279,3760,2000,1219,1176,4.436159750856118,4.428125565816891,12.526988205432007,11.876516946565,True,False
4251,129590318816830348411,12959,4561,4032,3271,0,0,0,0.0,0.0,12.155134454857755,11.675516044082778,False,True
4252,138382971883480855593,13838,2237,2000,1693,0,0,0,0.0,0.0,11.127349541059118,10.725366257895642,False,True
4253,493570685682342741,49,652,645,596,2000,85,84,4.474565722610819,4.4736680048859565,9.348728154231077,9.219168520462162,True,False
4254,3591000000000000000,359,2568,2540,2064,2000,109,107,4.30489526769727,4.3039105439726315,11.326429487122303,11.011227255423254,True,False
4255,2488772210472975000,249,1275,1267,1112,2000,82,80,4.442302344180355,4.440477859546203,10.31628153174622,10.118941072723507,True,False
4256,36729558081009962,4,1985,1250,1170,2000,713,688,5.260013124260173,5.234659159813338,10.95492329203032,10.192292814470767,True,False
4257,6997583172751907052,700,2673,2648,2170,2000,136,135,4.617406337053604,4.617156169432326,11.384244122243079,11.083479327331842,True,False
4258,8683219535107106339,868,3110,3078,2494,2000,124,122,5.02093021422254,5.02060025908418,11.602698865017965,11.28424574982967,True,False
4259,1042510770935654,0,127,0,0,0,0,0,0.0,0.0,6.9886846867721655,0,False,True
4260,2000000000000000000,200,3012,2945,2390,2000,194,193,4.441793222647091,4.440701618899251,11.556506054671928,11.222794902868111,True,False
4261,7968506798949895490,797,4077,4010,3220,2000,203,202,4.9503946872876785,4.949849059133266,11.993292241488547,11.65284497300198,True,False
4262,657000000000000000000,65700,5624,5557,4531,0,0,0,0.0,0.0,12.457380879072534,12.14561377551339,False,True
4263,70000000000000000000,7000,5413,5347,4339,2000,213,212,5.231720257799994,5.231340914753179,12.402212672714642,12.083146870816742,True,False
4264,1000000000000000000,100,2556,2502,2057,2000,204,200,4.532870167065048,4.527950736358834,11.319672120946995,11.006326078524934,True,False
4265,10035087719298245614,1004,4499,4451,3565,2000,215,215,5.26811691072962,5.268116910729621,12.135388651579046,11.79968636133125,True,False
4266,10000000000000000000,1000,4346,4303,3448,2000,234,234,5.3736685739900265,5.373668573990026,12.085472459181283,11.751544059089099,True,False
4267,10024321613318325181,1002,4342,4296,3457,2000,206,206,5.202407743016928,5.202407743016925,12.084144010615145,11.7553048882624,True,False
4268,19937073436536298889,1994,5389,5234,4304,2000,474,472,4.92971913797103,4.9292203458342945,12.395801871389747,12.071462362556623,True,False
4269,99729113613820914518,9973,6241,6069,5040,2000,570,566,6.727352361656345,6.713417149899353,12.607561496354206,12.29920801838728,True,False
4270,10000000000000000000,1000,6727,5973,4938,2000,811,805,5.627187912758514,5.626793790431471,12.715747542831355,12.269711121142782,True,False
4271,20000000000000000000,2000,7103,6337,5224,2000,797,791,4.601746320303633,4.60064432548338,12.794212769983066,12.350939181546432,True,False
4272,20000000000000000000,2000,7437,6601,5508,2000,863,852,4.79557074182724,4.7932735634564185,12.86050505680788,12.427312844134963,True,False
4273,20050125313283208020,2005,8537,7454,6223,2000,973,960,4.786238487604493,4.784659188910821,13.059513463933724,12.603394530887375,True,False
4274,20050125313283208020,2005,8909,7686,6360,2000,1006,984,4.804260615496359,4.801670453660614,13.121047788686921,12.634811050171718,True,False
4275,9022556390977443609,902,8735,7264,6021,2000,1013,982,5.342044062033009,5.3365180374338,13.092591987804122,12.555787402083773,True,False
4276,20050125313283208020,2005,9229,7755,6378,2000,988,959,5.005156961267759,5.002130100913897,13.17195861907712,12.638888382252262,True,False
4277,20050125313283208020,2005,9166,7651,6291,2000,980,950,4.701072705491642,4.696080456371606,13.162076570374312,12.619073646817748,True,False
4278,20050125313283208020,2005,9217,7688,6311,2000,1000,970,5.281628975868308,5.278697153570283,13.170081535380609,12.623652908052925,True,False
4279,20050125313283208020,2005,9233,7677,6298,2000,967,938,5.127885817079381,5.125092330429149,13.17258377130915,12.62067804213541,True,False
4280,20050125313283208020,2005,9433,7816,6442,2000,1035,1004,5.440573897716256,5.437653595332906,13.203500952361395,12.653292945382814,True,False
4281,20050125313283208020,2005,9515,7875,6479,2000,1055,1026,4.830192265742832,4.826498490378592,13.215987941161384,12.661555442467758,True,False
4282,20050125313283208020,2005,9522,7904,6504,2000,1090,1059,5.597159104537072,5.594950596430678,13.217048913556338,12.667111542075027,True,False
4283,10034850000000000000,1003,9476,7878,6421,2000,1230,1187,4.964396843620238,4.960495961804295,13.21006248324023,12.648582283363735,True,False
4284,10025062656641604010,1003,9099,7770,6284,2000,1216,1173,5.0485362529684075,5.043295547130741,13.151492283345327,12.617467465294196,True,False
4285,20050125313283208020,2005,6091,5268,4268,2000,806,776,5.477941665167401,5.4735620043685405,12.572463389083676,12.059344460824425,True,False
4286,15037593984962406015,1504,5879,5074,4124,2000,788,759,5.27693996418949,5.271714774633063,12.521355062558259,12.00982861736811,True,False
4287,5037688284189975695,504,2717,2389,1997,2000,393,384,4.683125710361342,4.675822242467288,11.407798850221974,10.963618617443972,True,False
4288,20050125313283208020,2005,2554,2280,1917,2000,364,357,5.475342663931749,5.4735416415590485,11.318542809702723,10.904634621668151,True,False
4289,734235619526720269,73,5154,4248,3744,2000,920,909,4.705633989258731,4.704062793755668,12.331476821859619,11.870364719583405,True,False
4290,7172209671938774520,717,3950,3882,3084,2000,199,197,4.950755979200902,4.94989394260995,11.947636937951827,11.590587049915035,True,False
4291,46935550505174547466,4694,6738,5822,4700,2000,880,845,5.657672450579657,5.654301153452818,12.718104713121757,12.198445041452363,True,False
4292,95413240056176597805,9541,9524,8236,6622,2000,1204,1158,5.738556113251012,5.735204959849828,13.217351905270334,12.693051295397,True,False
4293,350155413530802963,35,4666,3562,3183,2000,968,953,4.9410312611346985,4.933401985629866,12.187970591984199,11.636171441635922,True,False
4294,36408750000000000000,3641,10149,8663,7089,2000,1218,1175,5.670086543003421,5.667541882532026,13.309049962515145,12.791366414695004,True,False
4295,43679527500000000000,4368,7494,6465,5217,2000,985,945,5.478338819643912,5.474214964878033,12.871520262329113,12.349004718027743,True,False
4296,32179193519752284,3,53,50,50,2000,44,44,4.806496566052525,4.806496566052525,5.727920454563199,5.643856189774724,True,False
4297,5144152442884861648,514,1915,1907,1630,2000,90,89,4.444695485840968,4.444052647658663,10.903128676812319,10.67065624911844,True,False
4298,1800000000000000000,180,7948,6315,5304,2000,1232,1187,4.696438548403419,4.691154373905613,12.95637615724967,12.372865060112588,True,False
4299,29925000000000000,3,1560,1119,1099,2000,748,743,5.7664330839586775,5.761158097104585,10.60733031374961,10.101975670949232,True,False
4300,2867839573795731061,287,3276,3209,2600,2000,195,194,4.486367937507606,4.485367520667256,11.677719641641009,11.344295907915816,True,False
4301,52799115138923172708,5280,3939,3911,3211,2000,123,123,4.7359496198095545,4.735949619809554,11.943613701614042,11.64880694972577,True,False
4302,58852584719060829760,5885,4150,4120,3358,2000,133,131,5.291027583133497,5.2907732997228685,12.018895621121649,11.71338651493703,True,False
4303,58852500000000000,6,4063,2546,2344,2000,1224,1183,4.80876661802308,4.785185266504511,11.988329649231089,11.194756854422248,True,False
4304,772047815267363856,77,6672,5323,4558,2000,1214,1171,4.398327836941204,4.386380809729333,12.703903573444663,12.154185209265297,True,False
4305,174562500000000000000,17456,5553,5495,4469,0,0,0,0.0,0.0,12.43905168059173,12.12573632939501,False,True
4306,4811099107500000000,481,7687,6545,5507,2000,985,967,4.4644772638693,4.459583201756754,12.90820495312589,12.427050893150879,True,False
4307,5116831065284402582,512,7837,6677,5601,2000,989,972,4.463874616736347,4.460445854032226,12.936085781679678,12.451468712947358,True,False
4308,198891368716439162306,19889,5787,5736,4611,0,0,0,0.0,0.0,12.49859992877026,12.170863950411928,False,True
4309,3389543562665191,0,1347,0,0,0,0,0,0.0,0.0,10.395534135462302,0,False,True
4310,53018051198307729,5,3481,2093,1986,2000,1005,979,5.239320953560779,5.219777890066416,11.765286098723683,10.955649907528374,True,False
4311,3754025785406842694,375,6588,5548,4572,2000,983,942,4.551929878462696,4.541416731897948,12.685624839726355,12.158609688214478,True,False
4312,13051273151761056,1,667,344,337,344,344,337,8.426264754702096,8.385567080283492,9.381542951184585,8.396604781181859,False,False
4313,198942637707429608,20,5281,3795,3400,2000,1243,1202,4.409376266147916,4.3988731450417955,12.366595426071438,11.731319031025064,True,False
4314,267497716389542120,27,5637,4136,3665,2000,1241,1199,4.437236911065842,4.429244487494244,12.460711852141213,11.839597483021175,True,False
4315,469037218277118668,47,6108,4749,4128,2000,1222,1178,4.407907117467356,4.398502829159423,12.576484346796851,12.011227255423254,True,False
4316,150291798914775000,15,2031,1532,1382,2000,519,504,4.516078664148904,4.502961893842365,10.987974524296153,10.432541900388259,True,False
4317,9924812030075187969,992,9315,7726,6336,2000,1221,1180,4.602848493614273,4.597424752805186,13.185340053829,12.62935662007961,True,False
4318,7973019141042567,1,2034,411,402,411,411,402,8.682994583681683,8.634332783195065,10.9901039638575,8.651051691178928,False,False
4319,649133630537333,0,59,0,0,0,0,0,0.0,0.0,5.882643049361842,0,False,True
4320,9511162500000000,1,238,78,78,78,78,78,6.285402218862252,6.285402218862252,7.894817763307944,6.285402218862249,False,False
4321,54179820160519293,5,182,171,166,2000,75,74,4.593863623873243,4.591960211256369,7.507794640198696,7.3750394313469245,True,False
4322,242274043663816237002,24227,5784,5703,4635,0,0,0,0.0,0.0,12.497851836951117,12.178353623512892,False,True
4323,3898785896948521318,390,4346,4172,3501,2000,513,511,5.092474471917172,5.092144833283523,12.085472459181283,11.773551346428505,True,False
4324,15960000000000000000,1596,1417,1412,1231,2000,64,64,4.452298162074527,4.452298162074527,10.468624042918018,10.265615046484458,True,False
4325,166348762509377,0,100,0,0,0,0,0,0.0,0.0,6.643856189774724,0,False,True
4326,1503759398496240,0,872,0,0,0,0,0,0.0,0.0,9.768184324776927,0,False,True
4327,2450455313785336,0,1154,0,0,0,0,0,0.0,0.0,10.172427508645482,0,False,True
4328,813051921532099837,81,6604,4978,4312,2000,1029,999,4.685853312072268,4.6809006763828975,12.689124404913258,12.074141462752506,True,False
4329,2529784261909907389,253,5768,5004,4207,2000,792,786,4.559471952376533,4.557902055512166,12.493855449240822,12.03857610276879,True,False
4330,103640250000000000,10,2999,2150,1959,2000,805,774,5.431438146262076,5.4054443148013025,11.55026580686874,10.935901682267588,True,False
4331,1197000000000000,0,481,0,0,0,0,0,0.0,0.0,8.909893083770042,0,False,True
4332,9991409994185187144,999,2461,2446,2045,2000,102,101,4.4343735205643595,4.433796591103202,11.26502894245816,10.997885127829111,True,False
4333,4752790441813426323,475,2066,2051,1702,2000,107,106,4.68091855411596,4.680494996009263,11.01262453886506,10.733015321685963,True,False
4334,320249942593345721,32,544,537,512,2000,76,74,4.3603753474475635,4.348776773569493,9.087462841250339,9.0,True,False
4335,43697311573107,0,35,0,0,0,0,0,0.0,0.0,5.129283016944966,0,False,True
4336,3790500000000000000,379,2385,2359,1917,2000,138,137,4.530469423141387,4.530203572352406,11.219773550892874,10.904634621668151,True,False
4337,18173604966987901422,1817,4869,4816,3858,2000,201,200,4.6279337456314655,4.627200412298132,12.249409785269128,11.913637428049103,True,False
4338,600000000000000,0,131,0,0,0,0,0,0.0,0.0,7.03342300153745,0,False,True
4339,129042690834750000,13,1471,1357,1271,2000,421,419,4.412386613858274,4.410719530420748,10.522581531254831,10.311748315004959,True,False
4340,7737119446791000000,774,6515,5736,4791,2000,813,803,4.39096346751875,4.38770661526707,12.669549463455496,12.226111098132389,True,False
4341,5985000000000000,1,912,163,160,163,163,160,7.348728154231078,7.2996483996298505,9.832890014164741,7.321928094887363,False,False
4342,1623800834118398230,162,4608,4297,3631,2000,725,721,4.425102112534568,4.423958688831732,12.169925001442312,11.826151214800207,True,False
4343,82588791507600000,8,177,165,164,2000,57,57,4.180524295370975,4.180524295370975,7.467605550082998,7.357552004618084,True,False
4344,9975000000000000,1,17,6,6,6,6,6,2.584962500721156,2.584962500721156,4.087462841250339,2.584962500721156,False,False
4345,301276516310270335,30,2913,2633,2370,2000,709,705,4.441491547809502,4.4400456775763555,11.508289986140348,11.210671343785622,True,False
4346,283335145692460422,28,1509,1441,1206,2000,186,184,4.352023651018761,4.350071993053607,10.559377090526683,10.236014191900084,True,False
4347,59184740412303398,6,1415,981,915,2000,444,433,4.755521532872979,4.741346436407268,10.466586337719244,9.837627933171404,True,False
4348,27855207875213440938,2786,5076,5007,4028,2000,209,207,5.230931324397454,5.217070475405436,12.309476353841106,11.975847968006784,True,False
4349,1778922499353881328,178,2874,2807,2290,2000,200,199,4.722713721045467,4.722007464792156,11.488844346457336,11.161131882984307,True,False
4350,2595950506096885686,260,3235,3171,2595,2000,201,200,4.544490513757361,4.543631910159032,11.65954999687987,11.341518823245243,True,False
4351,80326086097838765581,8033,4494,4445,3608,2000,165,165,5.403097920320119,5.403097920320118,12.133784409179908,11.81698362325538,True,False
4352,2646756911002624578,265,7960,6656,5504,2000,1186,1142,4.571084855045214,4.563070818284836,12.958552715431011,12.426264754702098,True,False
4353,42570400214192861850,4257,2205,2198,1846,2000,76,75,4.5134897743998055,4.512774400004573,11.106562940444883,10.850186837645774,True,False
4354,6977313327967373384,698,849,846,740,2000,57,57,4.4222250893003086,4.4222250893003086,9.729620743553038,9.531381460516313,True,False
4355,5387324550528825202,539,3065,2675,2222,2000,432,420,4.7838683573758365,4.775998108341141,11.581671358578143,11.117643101389092,True,False
4356,1960440947646300000,196,1291,1276,1116,2000,85,84,4.471721917169054,4.470689812804563,10.33427328530719,10.124121311829187,True,False
4357,284944068124665,0,143,0,0,0,0,0,0.0,0.0,7.159871336778389,0,False,True
4358,1491670962840675866,149,776,664,603,2000,129,129,4.516049748491648,4.516049748491648,9.599912842187127,9.236014191900084,True,False
4359,1809524792369987382,181,763,661,599,2000,119,119,4.432119362537613,4.4321193625376125,9.57553924683453,9.226412192788786,True,False
4360,5067300000000000,1,1671,129,129,129,129,129,7.011227255423254,7.011227255423254,10.706496018061188,7.011227255423254,False,False
4361,384038199994225015676,38404,5219,5156,4194,0,0,0,0.0,0.0,12.34955768662052,12.034111146096592,False,True
4362,2044548557185289,0,1129,0,0,0,0,0,0.0,0.0,10.140829770773001,0,False,True
4363,68323419076318362,7,732,677,638,2000,196,195,4.572074079571059,4.569787414983178,9.515699838284043,9.31741261376487,True,False
4364,1496250000000000000,150,5205,4436,3768,2000,795,789,4.647296607919516,4.6462681161537756,12.34568244818678,11.879583249612784,True,False
4365,11953042500000000000,1195,4482,4427,3567,2000,258,258,5.651598564266897,5.651598564266896,12.129926933510394,11.800495500466813,True,False
4366,846294285322178655,85,6882,5397,4645,2000,1191,1150,4.592049781275856,4.5844119281052365,12.748612176736982,12.181462881270015,True,False
4367,11309996734586280150,1131,987,873,772,2000,150,150,5.296093911584488,5.296093911584489,9.946906274456397,9.59245703726808,True,False
4368,29376450435947860,3,2284,1368,1331,2000,923,911,5.916623472548775,5.904189343288112,11.157346935362844,10.378294855911891,True,False
4369,90867262500000000000,9087,7232,6878,5668,2000,779,772,6.077117446961511,6.076100692347971,12.820178962415188,12.468624042918018,True,False
4370,484832079989040000,48,1381,1136,1011,2000,295,289,4.4583281537081305,4.450762420283958,10.43149760425805,9.981567281903015,True,False
4371,19945574527993336279,1995,9308,7894,6502,2000,1087,1056,5.40902969874141,5.406666802487292,13.184255495405349,12.666667840690355,True,False
4372,1003884894536841206,100,2543,2478,2040,2000,200,199,4.460075488400828,4.459057582510855,11.312315746690107,10.994353436858859,True,False
4373,1097250000000000000,110,7475,5862,4957,2000,1218,1176,4.47186892810868,4.464042604643323,12.86785786397283,12.275251543470327,True,False
4374,1346553746965808785,135,2783,2728,2239,2000,208,207,4.539318495342566,4.538465815213888,11.442425193331607,11.128638812852598,True,False
4375,21837053147022812,2,648,401,391,2000,296,291,6.461603051201049,6.444067981060769,9.339850002884624,8.611024797307353,True,False
4376,11154203523345141252,1115,4705,4611,3779,2000,379,378,5.0793999490237205,5.079125217459352,12.1999790076159,11.88378880325996,True,False
4377,170453726235455464,17,2067,1568,1413,2000,519,504,4.4260690027494025,4.416260980512181,11.013322673425447,10.46454575033394,True,False
4378,35132977523866386417,3513,5174,5100,4123,2000,304,304,5.341847506440102,5.341847506440102,12.33706433868474,12.009478745888066,True,False
4379,2852850000000000000,285,8027,6389,5378,2000,1058,1029,5.001612871276035,4.998644842471408,12.970645182266665,12.392854039872873,True,False
4380,461818176013355287,46,2310,2187,1914,2000,428,426,4.554963373856579,4.554181604713008,11.17367713630342,10.902375114486025,True,False
4381,49090212876345164597,4909,4956,4892,3963,2000,195,193,5.154102291053518,5.153524467850152,12.274960472140602,11.952377251967985,True,False
4382,23816450433745307,2,3217,1630,1555,2000,1208,1167,6.571688027710618,6.533697416894514,11.65150022065274,10.602698865017965,True,False
4383,10025062656641604,1,1818,801,796,801,801,796,9.64565843240871,9.633174037901846,10.828136484194108,9.63662462054365,False,False
4384,192659980579801375565,19266,9214,8097,6769,0,0,0,0.0,0.0,13.169611882604212,12.724727001534445,False,True
4385,11000000000000000,1,2554,1011,977,1011,1011,977,9.981567281903018,9.90726518944133,11.318542809702723,9.932214751968385,False,False
4386,1000000000000000000,100,7402,5854,5012,2000,1230,1189,4.473059413437908,4.4660626838567286,12.85369942030022,12.29117069932186,True,False
4387,20000000000000000000,2000,9866,8313,6789,2000,1239,1199,5.313626702970403,5.31117617148897,13.268249571994492,12.728983369988049,True,False
4388,80000000000000000000,8000,10250,8670,7042,2000,1248,1206,5.753498421505073,5.751276175869406,13.32333628928017,12.781769511863132,True,False
4389,72000000000000000000,7200,10260,8627,6978,2000,1262,1216,6.113234528681696,6.111075705380163,13.324743110494417,12.768597882194374,True,False
4390,567878299152161879,57,5084,4031,3477,2000,986,945,4.427515598748262,4.4140681969582936,12.311748315004959,11.763627351727628,True,False
4391,9909307738702809,1,1322,438,438,438,438,438,8.774787059601174,8.774787059601174,10.368506461507693,8.774787059601174,False,False
4392,3854877552071905,0,790,0,0,0,0,0,0.0,0.0,9.625708843064466,0,False,True
4393,35012250000000000000,3501,9095,7842,6311,2000,1161,1117,5.046798024239045,5.040659864889211,13.150857922538849,12.623652908052925,True,False
4394,1596000000000000,0,275,0,0,0,0,0,0.0,0.0,8.103287808412022,0,False,True
4395,96350633563859901,10,3794,2585,2355,2000,1085,1045,5.680418349359021,5.651595524113599,11.889503963411476,11.201511344500146,True,False
4396,10905045060000000000,1091,4612,4558,3655,2000,223,221,5.304749893168546,5.302875872216006,12.171176797651771,11.8356556908398,True,False
4397,8151349875840813438,815,8314,7079,5890,2000,1021,999,5.407695228463109,5.406256612580142,13.021327032624372,12.524051918717824,True,False
4398,5142370442880063865,514,8625,7323,5969,2000,1187,1142,4.656495010911608,4.646704090049838,13.074308741440255,12.543273538449803,True,False
4399,2334150000000000000,233,1708,1692,1413,2000,107,105,4.520576415915323,4.5002318215831485,10.73809225962049,10.46454575033394,True,False
4400,937650000000000000,94,4638,3884,3351,2000,790,784,4.786450932615323,4.785569966178012,12.179287104646004,11.71037597120447,True,False
4401,4987500000000000,0,180,0,0,0,0,0,0.0,0.0,7.491853096329675,0,False,True
4402,59344882307956,0,4,0,0,0,0,0,0.0,0.0,2.0,0,False,True
4403,1526469821491771,0,26,0,0,0,0,0,0.0,0.0,4.700439718141092,0,False,True
4404,90007639288554246026,9001,9523,8235,6621,2000,1202,1156,5.624542613093793,5.620818737567522,13.217200417367545,12.69283341500077,True,False
4405,20000000000000000,2,1790,979,939,2000,767,739,6.547654640849892,6.507921265109724,10.805743872151618,9.874981347653774,True,False
4406,300619121416377933,30,5217,3746,3326,2000,1013,982,4.4129690521865514,4.399591591442117,12.349004718027743,11.699572453287269,True,False
4407,49086620252624142,5,3373,1865,1755,2000,965,936,5.104242913937817,5.083887513850849,11.719816603018126,10.777255315191923,True,False
4408,95611212920568792,10,3992,2463,2271,2000,976,947,4.766330837269484,4.748418696007658,11.96289600533726,11.149111990706889,True,False
4409,24937500000000000,2,1377,827,789,2000,556,539,6.527567434589489,6.494180764553793,10.427312844134963,9.623881490013458,True,False
4410,1496250000000000000,150,1206,1039,922,2000,218,214,4.542465203531564,4.539363346294544,10.236014191900084,9.848622940429339,True,False
4411,82792500000000000,8,816,757,698,2000,196,195,4.768756218436654,4.765937873573728,9.672425341971495,9.447083226209653,True,False
4412,347007564467970000,35,449,366,345,2000,106,106,4.32181506131362,4.321815061313621,8.810571634741146,8.430452551665532,True,False
4413,518528060137773019797,51853,2916,2903,2371,0,0,0,0.0,0.0,11.509775004326936,11.211279947482009,False,True
4414,89775000000000000,9,3242,2250,2138,2000,972,961,4.626329991699654,4.621760492046121,11.662668375517542,11.06204613772049,True,False
4415,69150745518873490,7,88,85,84,2000,48,48,4.455404977684273,4.455404977684273,6.459431618637297,6.392317422778761,True,False
4416,1069493800852857590,107,487,484,462,2000,48,48,4.161132854971207,4.161132854971207,8.927777962082342,8.851749041416058,True,False
4417,49654396214355134821,4965,5274,5207,4222,2000,206,205,5.193245342976738,5.192816687347951,12.36468185586456,12.043710863347156,True,False
4418,5977978278364154248,598,9115,7521,6182,2000,1226,1181,4.834326422828069,4.826445065810477,13.154026940926496,12.593857938858223,True,False
4419,38167461789264148,4,3591,2029,1904,2000,1217,1177,6.136773078900881,6.105022180095044,11.810169937664659,10.894817763307943,True,False
4420,2008347528550258272,201,7526,6071,5108,2000,1025,995,5.131663420988247,5.1221100272931555,12.877667574067882,12.318542809702723,True,False
4421,3540545697440318269,354,8028,6557,5502,2000,1014,983,5.163099687368045,5.158185466000134,12.970824901362617,12.42574042431621,True,False
4422,5256931162554800703,526,8388,6917,5754,2000,981,951,4.598495309461617,4.593325202145516,13.034111146096592,12.490349505739287,True,False
4423,2217139497924267445,222,7560,6064,5108,2000,966,937,4.740731267124312,4.733353622759131,12.884170519108435,12.318542809702723,True,False
4424,1182679563232184347,118,6973,5467,4662,2000,970,941,4.401558014915923,4.393598611292828,12.767563766286798,12.186733289128867,True,False
4425,2298131368407178426,230,7609,6081,5123,2000,988,959,4.784972899720711,4.780992423884749,12.893491147084914,12.322773176454564,True,False
4426,1712174646482531742,171,7341,5797,4917,2000,976,947,4.5691772764389125,4.563605732030655,12.841760886800547,12.263562639820615,True,False
4427,3110924988418761329,311,7986,6417,5377,2000,966,937,4.48054575012368,4.469615587162561,12.963257356633047,12.392585756275468,True,False
4428,3442706032257174580,344,8071,6619,5560,2000,1063,1032,4.42312961838607,4.416127663385205,12.978531719709377,12.44086916761087,True,False
4429,23260153374798947,2,1849,1086,1069,2000,783,777,6.5545768069013475,6.546861189753992,10.852529509404196,10.06204613772049,True,False
4430,3162069316245000000,316,1418,1411,1226,2000,74,73,4.409711977736959,4.408876443033463,10.469641817239516,10.259743263690781,True,False
4431,299250000000000000,30,819,793,673,2000,122,121,4.312682585633629,4.31226549046006,9.677719641641009,9.394462694610317,True,False
4432,34637366949180982505,3464,2575,2562,2146,2000,89,89,5.095177254303615,5.095177254303615,11.330356716957944,11.067434360756522,True,False
4433,430714488788924822,43,4005,3242,2872,2000,787,781,4.436380812843275,4.433808940460824,11.967586527296072,11.487840033823051,True,False
4434,174273726463200000,17,363,356,344,2000,63,62,4.223413611292226,4.221252802806737,8.50382573799575,8.426264754702098,True,False
4435,10177625699262553883,1018,3748,3263,2657,2000,507,492,5.238447907696353,5.233007141273649,11.871905237659186,11.375582512490507,True,False
4436,7761073064062500000,776,3502,3037,2486,2000,485,472,5.04756049177524,5.041177470507302,11.773963368433558,11.279610581052484,True,False
4437,2479672757062620000,248,2626,2262,1919,2000,407,396,4.567527162302177,4.556940895671077,11.358651200892886,10.90613899619538,True,False
4438,598500000000000000,60,112,110,106,2000,37,37,4.086611763217748,4.086611763217747,6.807354922057604,6.727920454563199,True,False
4439,451676349555239124,45,108,106,104,2000,34,34,4.187448238376482,4.187448238376482,6.754887502163468,6.700439718141092,True,False
4440,221988989818230742995,22199,10566,9025,7364,0,0,0,0.0,0.0,13.367141694552364,12.846273911349906,False,True
4441,17750265591027301,2,619,361,354,2000,315,309,6.4884010830551775,6.4684138642024855,9.273795599214264,8.467605550082997,True,False
4442,517262960459693191,52,6412,5012,4326,2000,1231,1188,4.603336263525301,4.597407006463679,12.646558710154547,12.078817949961978,True,False
4443,11004173880840000,1,261,118,117,118,118,117,6.882643049361842,6.865693896819469,8.027905996569885,6.870364719583405,False,False
4444,733864394992350675,73,6737,5249,4528,2000,1180,1140,4.388978465542573,4.377873514790558,12.71789058398728,12.144658242831882,True,False
4445,324092536411080996,32,450,367,346,2000,107,107,4.445558629253043,4.445558629253043,8.813781191217037,8.434628227636725,True,False
4446,44119865998452584,4,2938,1768,1699,2000,993,975,4.754299584120482,4.742409547734308,11.52061868055628,10.73047013718422,True,False
4447,501253776530743991,50,4870,3842,3330,2000,961,922,4.451097577395199,4.438711931749066,12.249706056969705,11.701306461958625,True,False
4448,5294221485577776829,529,3835,3768,3021,2000,197,196,4.6410611834735365,4.6402417911894815,11.905010862390295,11.56081046872794,True,False
4449,4600820128093198411,460,3828,3780,3038,2000,200,200,4.498252653981405,4.498252653981405,11.902375114486025,11.568906154502084,True,False
4450,14332251021909135,1,599,446,444,446,446,444,8.800899899920307,8.791931290054835,9.226412192788786,8.794415866350105,False,False
4451,984326413086360053,98,2656,2564,2188,2000,350,349,4.4149954358670245,4.4143952858295155,11.375039431346925,11.095397022792557,True,False
4452,12894632836363732,1,221,152,151,152,152,151,7.247927513443583,7.234769618706741,7.787902559391432,7.2384047393250786,False,False
4453,1235602492831330616,124,2366,2303,1865,2000,164,163,4.4771174878588385,4.474314965588795,11.208234358339789,10.8649599151426,True,False
4454,6047374374052487141,605,3998,3958,3173,2000,214,214,4.631093653672741,4.6310936536727425,11.965062756744627,11.631631805917637,True,False
4455,22942500000000000000,2294,2904,2889,2413,2000,116,115,5.203393269469842,5.203154698538711,11.50382573799575,11.23661220021575,True,False
4456,2234400000000000000,223,3160,3092,2518,2000,195,194,4.444770186524562,4.443725825719959,11.625708843064466,11.298062567719017,True,False
4457,987525000000000000,99,7021,5522,4756,2000,1193,1152,4.79027923643379,4.785093147794107,12.777460812669785,12.215532999745657,True,False
4458,514362339011206534,51,3830,3062,2659,2000,745,718,4.382269120942055,4.370640987360288,11.903128676812319,11.376668061857668,True,False
4459,18751760586300000000,1875,6828,5875,4752,2000,924,887,5.598035146422995,5.594206665401227,12.737247343027738,12.214319120800766,True,False
4460,11986471557900000000,1199,2229,2219,1835,2000,85,84,4.621867649604126,4.621402328235092,11.122180901259753,10.841564347730575,True,False
4461,330276100735887260,33,801,782,663,2000,113,112,4.487406428885896,4.487099196392714,9.64565843240871,9.372865060112588,True,False
4462,2992500000000000000,299,3362,3303,2685,2000,197,196,4.390513473001454,4.38867906959947,11.715104009236168,11.390706372872774,True,False
4463,4234387500000000000,423,8267,6902,5776,2000,1110,1077,5.310172162463678,5.30753245749586,13.01314817145476,12.49585502688717,True,False
4464,4575836887251182,0,1183,0,0,0,0,0,0.0,0.0,10.208234358339789,0,False,True
4465,25436250000000000,3,1359,838,800,2000,544,527,5.9883187502597,5.959603233080035,10.40832974076739,9.643856189774725,True,False
4466,2882775000000000000,288,7802,6331,5330,2000,1008,978,4.73471189856059,4.730479911165025,12.929628283024561,12.379919817646538,True,False
4467,480432574160738556,48,1861,1812,1544,2000,208,208,4.359755734827563,4.359755734827562,10.861862340059151,10.59245703726808,True,False
4468,12450000000000000000,1245,5066,4384,3557,2000,679,656,5.00558047176335,4.999161471344538,12.306631361712501,11.79644525906185,True,False
4469,15584653325774802297,1558,8664,7487,6223,2000,1011,991,4.639518012797805,4.63490688909449,13.080817527608327,12.603394530887375,True,False
4470,253874027382993427,25,5618,4033,3582,2000,1211,1171,4.39821232773458,4.3873040660865055,12.455840909126398,11.806549621985962,True,False
4471,797501873437500000,80,597,593,566,2000,73,71,4.495699612223832,4.493888093530144,9.221587121264806,9.144658242831882,True,False
4472,1721219630564462047,172,7133,5788,4917,2000,1017,991,4.484006635869337,4.478420509388169,12.800293258223418,12.263562639820615,True,False
4473,294498049447482761,29,5237,3650,3226,2000,1001,972,4.375586825857637,4.366799349306051,12.354524889449351,11.655530723155643,True,False
4474,11219149385516547872,1122,9012,7627,6288,2000,1078,1046,4.787627580169399,4.779043182963017,13.137631598235428,12.618385502258606,True,False
4475,20596397477497752910,2060,2414,2408,1993,2000,92,91,4.524868660930461,4.524141211977614,11.237209960755022,10.960725994839057,True,False
4476,5303295924275671,1,1770,152,151,152,152,151,7.247927513443583,7.234769618706741,10.78953364497036,7.2384047393250786,False,False
4477,504244699336907,0,85,0,0,0,0,0,0.0,0.0,6.409390936137702,0,False,True
4478,1496250000000000000,150,5338,4538,3867,2000,828,819,4.602541437715209,4.600837465932485,12.382083590141967,11.916999049082808,True,False
4479,1496250000000000000,150,6911,5633,4781,2000,1012,986,4.733697122269287,4.727377619248836,12.754678763822529,12.223096690347695,True,False
4480,997500000000000000,100,6839,5221,4492,2000,1080,1049,4.749872755093078,4.744457522296637,12.73956967402599,12.133142212400601,True,False
4481,47041626262593489,5,108,103,99,2000,61,60,4.546577401685083,4.54287892345737,6.754887502163468,6.6293566200796095,True,False
4482,46267497630977056953,4627,7332,6325,5104,2000,958,918,5.347843828088943,5.3433817636439445,12.839991070539886,12.31741261376487,True,False
4483,3159677731844865000,316,1147,997,887,2000,188,184,4.792545418918043,4.789579393989333,10.163649676015824,9.792790294301064,True,False
4484,1463128745395170000,146,3194,2692,2283,2000,529,511,4.5325418232122185,4.519295053530872,11.641148597411233,11.156715144224702,True,False
4485,8977500000000000000,898,5619,5348,4450,2000,674,670,4.734936386925064,4.733972562863567,12.456097684964202,12.119589620741122,True,False
4486,21546000000000000000,2155,7665,6590,5320,2000,1025,984,5.677483320208344,5.6738962478374715,12.90407007654614,12.377210530388552,True,False
4487,4276490327285610000,428,209,183,176,2000,47,47,4.391591683615459,4.391591683615459,7.7073591320808825,7.459431618637297,True,False
4488,3993934880588232,0,626,0,0,0,0,0,0.0,0.0,9.290018846932618,0,False,True
4489,176980645784047129,18,297,293,286,2000,65,63,4.30733304040039,4.303661850494714,8.214319120800766,8.159871336778389,True,False
4490,50125313283208020,5,3706,2075,1933,2000,1041,1012,4.730242334703574,4.714867439322386,11.855647166027266,10.916625922211235,True,False
4491,881394767314422572,88,2801,2670,2296,2000,447,445,4.603416880561619,4.602691164824472,11.451726268074506,11.164906926675688,True,False
4492,99273195000000000000,9927,6914,6637,5496,2000,729,724,5.567224933668885,5.566511765225272,12.7553048882624,12.4241662888181,True,False
4493,11920467468684497219,1192,3921,3862,3137,2000,165,164,4.62578794512241,4.623301885794233,11.937005926516589,11.615169813843602,True,False
4494,1985025000000000000,199,6414,5443,4657,2000,954,943,4.601423348774094,4.599821164427321,12.647008638441648,12.185185166820329,True,False
4495,542250975000000000,54,6572,5069,4371,2000,1253,1209,4.4101269342521805,4.399850799724124,12.682116764950074,12.093747662785669,True,False
4496,125358563681998059788,12536,9754,8283,6791,0,0,0,0.0,0.0,13.251778257035868,12.729408316984019,False,True
4497,4955328323579960025,496,1676,1667,1450,2000,74,73,4.3366751574523645,4.335273111667683,10.710806433699352,10.501837184902296,True,False
4498,632656753649505110,63,4340,3572,3129,2000,795,789,4.554945919684522,4.55375906147118,12.083479327331842,11.611485943240922,True,False
4499,1500000000000000,0,509,0,0,0,0,0,0.0,0.0,8.991521846075695,0,False,True
4500,7478559160881149078,748,8474,7086,5893,2000,1032,1005,5.410211430758197,5.4083092283277825,13.04882741336389,12.524786550851607,True,False
4501,450870000000000000000,45087,10392,8946,7321,0,0,0,0.0,0.0,13.34318571544788,12.837825009196694,False,True
4502,367080000000000000000,36708,10529,8977,7306,0,0,0,0.0,0.0,13.362080801331002,12.834866038362017,False,True
4503,1995000000000000000,200,7525,6238,5200,2000,1171,1127,4.454494729293355,4.443293692921314,12.877475866534427,12.344295907915816,True,False
4504,101185591062165791,10,339,333,316,2000,75,74,4.323677442421316,4.3216590466016545,8.405141463136344,8.303780748177102,True,False
4505,49760287500000000000,4976,7300,6739,5538,2000,772,766,5.107632081014471,5.106434341860604,12.833680748654741,12.43514933836693,True,False
4506,9860488086690754190,986,5631,4843,3961,2000,772,743,5.239549930603167,5.234140671387491,12.45917543555203,11.951648985904619,True,False
4507,109725000000000000,11,4036,2758,2555,2000,1005,979,4.514144031776504,4.502418193679887,11.978710459106358,11.319107575824983,True,False
4508,958413585897600000,96,781,774,714,2000,76,74,4.517757507079389,4.507601356889365,9.60917873814198,9.479780264029099,True,False
4509,7155067500000000000,716,4015,3948,3163,2000,197,196,4.6754857036919155,4.674735492695074,11.971184272404678,11.627077840517394,True,False
4510,5735625000000000000,574,7827,6694,5627,2000,979,962,4.8313496860387595,4.828690798099455,12.934243729538608,12.458150248057557,True,False
4511,9061511113129497673,906,7272,6408,5376,2000,898,887,5.282297280575089,5.280573812831518,12.828136484194108,12.39231742277876,True,False
4512,1229372731665300556,123,2752,2698,2227,2000,205,204,4.5394664953340325,4.538654062677886,11.426264754702098,11.12088584278779,True,False
4513,10583916034646354,1,2573,984,949,984,984,949,9.942514505339242,9.86414111562505,11.3292357417338,9.89026427702111,False,False
4514,3840771838713693915,384,2932,2878,2332,2000,158,157,4.717090366325937,4.713427288534604,11.517669388133811,11.187352073200497,True,False
4515,1498853475000000000,150,7746,6193,5233,2000,1220,1180,4.459022316706362,4.449971437951092,12.919235786028347,12.353422543614714,True,False
4516,9187715145000000000,919,4391,4336,3474,2000,220,218,5.306513825301197,5.3046082793477325,12.100333819126542,11.762382038710392,True,False
4517,258594072555537911,26,5722,4090,3617,2000,1217,1172,4.441559815309366,4.4274057760233685,12.482303782323182,11.820577882655774,True,False
4518,2493750000000000,0,764,0,0,0,0,0,0.0,0.0,9.57742882803575,0,False,True
4519,9686854423819732,1,285,98,98,98,98,98,6.61470984411521,6.61470984411521,8.154818109052105,6.614709844115208,False,False
4520,250112481449623457,25,4185,3149,2803,2000,969,930,4.432453440236419,4.4183061102059495,12.031011907437707,11.452756029032495,True,False
4521,9929873524299361,1,1399,429,418,429,429,418,8.744833837499547,8.687130137028303,10.450180247164754,8.707359132080883,False,False
4522,119604635558805170,12,3284,2355,2143,2000,862,828,5.327219885916863,5.300981777336696,11.681238411777805,11.065416134676548,True,False
4523,15037593984962406,2,27,13,13,67,13,13,3.621861580913796,3.621861580913796,4.754887502163468,3.700439718141092,False,False
4524,398215343800697832,40,4822,3695,3298,2000,966,950,4.432765526916393,4.42628437329063,12.235415935602527,11.687375683437468,True,False
4525,3026493701463818,0,1176,0,0,0,0,0,0.0,0.0,10.199672344836364,0,False,True
4526,198502500000000000000,19850,9581,8305,6696,0,0,0,0.0,0.0,13.225960527236161,12.709083812550343,False,True
4527,191478055597392874,19,4815,3549,3171,2000,1154,1112,4.540993035673225,4.5242638517398195,12.233320082730822,11.630722162103838,True,False
4528,4039542147816000000,404,1587,1576,1310,2000,65,65,4.534425836760527,4.534425836760529,10.632086412835182,10.355351096424812,True,False
4529,43667300300051799,4,3480,1844,1722,2000,1039,1010,5.251399658669097,5.228429595729647,11.76487159073609,10.749869427396844,True,False
4530,45216127103175000,5,1614,1068,994,2000,556,539,4.951775509218806,4.9338625698160925,10.656424863277781,9.957102041562287,True,False
4531,11792224742732154,1,685,341,333,341,341,333,8.413627929024173,8.360842005270506,9.419960177847889,8.379378367071261,False,False
4532,6724824748123290604,672,1877,1870,1617,2000,90,88,4.527701990671392,4.526444833590808,10.874212934830874,10.659103963473662,True,False
4533,2783025000000000000,278,7779,6243,5247,2000,965,936,4.431292369979287,4.424029304688684,12.925368991574452,12.357277074642809,True,False
4534,3524427745879072267,352,8084,6515,5457,2000,965,936,4.391437134255626,4.38125646818327,12.980853606379736,12.413892328372642,True,False
4535,793012500000000000,79,4556,3668,3159,2000,844,809,4.513520278094215,4.5020750737145185,12.153552031708111,11.625252221746873,True,False
4536,382042500000000000,38,1006,978,826,2000,128,127,4.3760221054113355,4.375683469511609,9.974414589805527,9.689997971419446,True,False
4537,4488750000000000,0,1101,0,0,0,0,0,0.0,0.0,10.10459875356437,0,False,True
4538,5985000000000000,1,1228,202,198,202,202,198,7.658211482751797,7.608706532256746,10.262094845370179,7.6293566200796095,False,False
4539,60669344955778009,6,1478,1021,953,2000,459,448,4.760172606168155,4.746247603487613,10.52943055414615,9.896332403909941,True,False
4540,78269161423545309369,7827,9332,8137,6746,2000,1021,1000,5.123272805813422,5.119841434094474,13.187970591984199,12.719816603018126,True,False
4541,4511278195488721,0,1434,0,0,0,0,0,0.0,0.0,10.485829308701904,0,False,True
4542,16450940577069762,2,2534,1024,991,2000,967,938,6.539607104115882,6.5037828215922335,11.30720080914081,9.952741247186488,True,False
4543,2743125000000000000,274,2340,2310,1878,2000,115,113,4.553968798694832,4.553404020393108,11.192292814470767,10.874981347653774,True,False
4544,99245005616281212142,9925,9431,8179,6760,2000,1039,1018,6.0482718747622135,6.04701458359355,13.203195037381263,12.722807531169547,True,False
4545,1638784626057301471,164,7808,6229,5246,2000,1227,1187,5.007669192662484,5.004366265344212,12.930737337562887,12.357002092264985,True,False
4546,7395768938250000,1,501,135,135,135,135,135,7.07681559705083,7.07681559705083,8.968666793195208,7.076815597050831,False,False
4547,49525414973479289763,4953,3492,3471,2853,2000,135,134,5.244747319180426,5.24462070123554,11.76983784362944,11.47826403158172,True,False
4548,32243636904059717,3,3088,1665,1593,2000,1016,988,5.244001578394828,5.222484631074727,11.59245703726808,10.63753055152531,True,False
4549,727546350220203056,73,2120,2052,1648,2000,193,192,4.597329993272422,4.596378100470196,11.049848549450562,10.686500527183219,True,False
4550,19702854685932342,2,1798,952,909,2000,799,768,6.562558495674294,6.520960563286591,10.812177305514448,9.828136484194108,True,False
4551,99450750000000000000,9945,5516,5456,4396,2000,267,267,5.622454553959555,5.622454553959555,12.429406741513981,12.101975670949232,True,False
4552,1531102276376567,0,363,0,0,0,0,0,0.0,0.0,8.50382573799575,0,False,True
4553,4906913830328953,0,1568,0,0,0,0,0,0.0,0.0,10.614709844115207,0,False,True
4554,20050125313283208020,2005,7892,7009,5865,2000,942,931,5.705067375017553,5.677940114189775,12.946175240723559,12.51791539291587,True,False
4555,178909818889137292,18,3529,2673,2467,2000,873,863,4.400499863921924,4.397030740490477,11.785043714779723,11.268542000300123,True,False
4556,7965037500000000000,797,4105,4059,3265,2000,217,217,4.909658048328712,4.909658048328712,12.003166506665167,11.672867276433793,True,False
4557,947625000000000000,95,2354,2306,1894,2000,191,191,4.442744164482418,4.442744164482418,11.200898605038445,10.887220615468385,True,False
4558,4189500000000000,0,482,0,0,0,0,0,0.0,0.0,8.912889336229961,0,False,True
4559,4647603011984840434,465,1046,1041,924,2000,62,62,4.406353093795675,4.406353093795675,10.030667136246942,9.851749041416058,True,False
4560,10074750000000000000,1007,4536,4481,3598,2000,201,200,4.4523154704954555,4.451306666386872,12.147204924942228,11.812979471251483,True,False
4561,191000514354055893041,19100,9208,8091,6762,0,0,0,0.0,0.0,13.16867211813223,12.723234300893377,False,True
4562,556677301805392890,56,2031,1985,1679,2000,210,210,4.408702067568043,4.4087020675680435,10.987974524296153,10.71338651493703,True,False
4563,23637817792649890,2,632,530,526,2000,405,403,6.469824818032587,6.464821065217974,9.303780748177102,9.038918989292302,True,False
4564,137857717059096012507,13786,7814,7049,5804,0,0,0,0.0,0.0,12.931845540183673,12.502831804066744,False,True
4565,9867612431455007,1,187,120,120,120,120,120,6.906890595608516,6.906890595608516,7.546894459887636,6.906890595608519,False,False
4566,6626392500000000000,663,4128,4074,3264,2000,207,203,4.609830781493125,4.606086562113173,12.011227255423254,11.672425341971495,True,False
4567,175560000000000000,18,1191,1142,1025,2000,192,191,4.354822999978596,4.353251346885296,10.217957697864113,10.001408194392809,True,False
4568,27517944862155388,3,2975,1449,1383,2000,974,945,6.54859756098546,6.513285432365279,11.538673953082668,10.433585441150495,True,False
4569,25062656641604010,3,2922,1391,1328,2000,963,934,5.279969593823926,5.252310826355888,11.512740462803498,10.375039431346925,True,False
4570,20929122807017543,2,2887,1287,1236,2000,1004,975,6.481537679259437,6.446782791757273,11.495355392235982,10.271463027904375,True,False
4571,11740128885341927149,1174,4533,4466,3614,2000,193,192,4.62763870914475,4.6268385757891926,12.146250445885986,11.8193807908646,True,False
4572,989699309256745342,99,2334,2267,1857,2000,188,187,4.403140396268834,4.401940096193817,11.188588845707349,10.858758099935422,True,False
4573,47599672044420073066,4760,5260,5193,4215,2000,202,200,5.088786932375468,5.046910656638893,12.360847084179664,12.041316915829444,True,False
4574,124436845892557056,12,366,355,339,2000,79,78,4.238705281615262,4.23770887687893,8.515699838284043,8.405141463136344,True,False
4575,85866379863839931,9,3903,2643,2411,2000,1146,1104,5.093362882214468,5.071416542100399,11.930367747438952,11.235415935602527,True,False
4576,1023435000000000,0,555,0,0,0,0,0,0.0,0.0,9.116343961237469,0,False,True
4577,2519296197981733788,252,2015,1757,1511,2000,327,320,4.5984554686639285,4.593614484666335,10.97656412341533,10.561287945164828,True,False
4578,484503705000000000,48,1865,1818,1551,2000,212,212,4.592116645012545,4.5921166450125455,10.8649599151426,10.59898297103609,True,False
4579,322867807500000000,32,1902,1812,1601,2000,347,346,4.421369590776062,4.420586096391105,10.893301530860564,10.644757592516257,True,False
6412,45339194557709780,5,3708,2155,2014,2000,1214,1174,5.299154006791921,5.273824221732579,11.85642552862553,10.975847968006784,True,False
6413,55461000000000000,6,2370,1592,1476,2000,747,720,4.766948756392883,4.746877155065023,11.210671343785622,10.527477006060396,True,False
6414,54317071983575879052,5432,5315,5247,4209,2000,196,195,4.8625376220256555,4.861887426967138,12.375853976418467,12.039261794341055,True,False
6415,995068413054200456,100,2354,2288,1876,2000,200,199,4.444929007176555,4.443928688893465,11.200898605038445,10.873444112515376,True,False
6416,49875000000000000000,4988,7433,6654,5520,2000,844,834,5.564708922122266,5.563640351078588,12.85972889267839,12.430452551665532,True,False
6417,11103579680086784,1,1032,473,461,473,473,461,8.885696373339396,8.830728085812968,10.011227255423254,8.848622940429339,False,False
6418,9504925687892788686,950,9020,7378,6105,2000,1046,1017,4.391821194682292,4.3842362321815695,13.138911718142744,12.575775579874765,True,False
6419,4769210148434010829,477,8624,7275,5960,2000,1220,1177,4.64925157021953,4.643676290853991,13.074141462752506,12.541096615349524,True,False
6420,16994078695774670,2,1981,1010,996,2000,949,938,6.554585413482021,6.543368921115861,10.952013164889486,9.960001932068081,True,False
6421,9966444853130850000,997,2050,2038,1698,2000,80,79,4.7088263619965876,4.70777497930474,11.001408194392809,10.729620743553038,True,False
6422,7408082139559488018,741,1913,1901,1578,2000,80,79,4.662135738780618,4.661203475628047,10.901621158346112,10.623881490013458,True,False
6423,84801650095781600,8,396,371,357,2000,128,127,4.574398752190989,4.573457636345397,8.62935662007961,8.479780264029099,True,False
6424,52410976815488485,5,2320,1552,1442,2000,741,715,5.020035078861232,4.998479839112039,11.179909090014934,10.493855449240822,True,False
6425,5094715375870963531,509,1840,1829,1507,2000,83,82,4.341345373769355,4.340472613282157,10.845490050944376,10.557463701597824,True,False
6426,38347785724350651991,3835,5213,5144,4132,2000,202,201,4.9937891629256725,4.993267287653862,12.347898144596012,12.01262453886506,True,False
6427,300668443119040339,30,3048,2360,2084,2000,668,646,4.790162779757711,4.7746506979426035,11.573647187493322,11.025139562278508,True,False
6428,773575574209263333,77,5687,4556,3987,2000,963,946,4.77170412932537,4.758158228849522,12.473452088952232,11.96108788999733,True,False
6429,5935912878939437883,594,8080,6872,5730,2000,1007,985,4.734939972376965,4.730362259665062,12.980139577639157,12.484319423644267,True,False
6430,832491888994159631,83,6305,4898,4256,2000,1013,987,4.5436585363984925,4.539148078231545,12.622280655215583,12.055282435501189,True,False
6431,5182716926520000,1,336,69,69,69,69,69,6.108524456778168,6.108524456778168,8.39231742277876,6.108524456778169,False,False
6432,527539842520322570,53,5781,4404,3855,2000,1010,984,4.5919238872149215,4.587735938325098,12.497103357016877,11.912515144802397,True,False
6433,38104422999564345,4,1993,1258,1176,2000,713,688,5.260013124260173,5.234659159813338,10.960725994839057,10.199672344836364,True,False
6434,4736970111625241975,474,8298,6956,5808,2000,1080,1048,4.378690838724847,4.369765656681002,13.01854794187165,12.50382573799575,True,False
6435,100753765683799513,10,4710,3244,2947,2000,1235,1192,5.303381664059063,5.275878127059615,12.201511344500146,11.525031345124,True,False
6436,215538847117794486,22,5345,3938,3498,2000,1231,1188,4.436665294053569,4.428301120379208,12.383974232607853,11.772314573921653,True,False
6437,2294250000000000,0,1017,0,0,0,0,0,0.0,0.0,9.9901039638575,0,False,True
6438,85112492787310587,9,828,770,716,2000,197,196,4.776609180049954,4.7740463917362685,9.693486957499326,9.483815777264256,True,False
6439,5045020931417003,1,1710,127,127,127,127,127,6.988684686772164,6.988684686772164,10.73978060977326,6.9886846867721655,False,False
6440,3317103517350000000,332,5609,4749,3934,2000,824,791,4.391829211635739,4.379781975912933,12.453527867681785,11.94178124227853,True,False
6441,807975000000000000,81,813,801,704,2000,85,83,4.469010436406232,4.467818300646153,9.667111542075027,9.459431618637296,True,False
6442,1306725000000000000,131,7358,5947,5055,2000,1144,1108,4.529604681012169,4.522130324894151,12.845097960972975,12.303495376790377,True,False
6443,5469099080001900000,547,1944,1937,1642,2000,93,92,4.428965804630829,4.428345614279809,10.92481250360578,10.681238411777805,True,False
6444,110779357500000000000,11078,7172,6862,5665,0,0,0,0.0,0.0,12.808159772868375,12.467860240707878,False,True
6445,4053654390533342,0,941,0,0,0,0,0,0.0,0.0,9.878050912728536,0,False,True
6446,35819193235204082,4,472,405,390,2000,183,182,4.703567876384527,4.700564873381523,8.88264304936184,8.60733031374961,True,False
6447,185919654287259818,19,1245,1191,1067,2000,199,197,4.419156268828393,4.410766020477702,10.281930026955443,10.059344460824425,True,False
6448,132681045439170970,13,4311,2920,2685,2000,1011,985,5.085513858824234,5.068741096563301,12.073806847178492,11.390706372872774,True,False
6449,157682870298342976,16,4435,3043,2777,2000,1012,986,4.515535956645836,4.503810118549219,12.114718389188425,11.439311461818846,True,False
6450,129288658491109692,13,4387,2947,2709,2000,1024,995,4.519037533324703,4.5057223476921635,12.09901899101923,11.403544678202014,True,False
6451,65650254460896828,7,3716,2249,2107,2000,985,955,5.098770752758542,5.078268106499028,11.859534786382653,11.040974598817305,True,False
6452,890674188837677570,89,825,815,730,2000,77,76,4.257614328541639,4.256447257334691,9.688250309133178,9.51175265376738,True,False
6453,6980594775000000000,698,7966,6832,5730,2000,991,974,5.087270411260789,5.085597256685535,12.959639764364185,12.484319423644267,True,False
6454,43442431731790591,4,3722,2231,2071,2000,1242,1200,4.789417744599529,4.764272822032883,11.861862340059151,11.016111838220512,True,False
6455,590480042671939133,59,6629,5131,4425,2000,1246,1204,4.466814179166656,4.455984336928718,12.694575537525989,12.111461739857722,True,False
6456,153812512621435917,15,5222,3589,3226,2000,1218,1172,4.78541203833799,4.763709174720142,12.350386742312843,11.655530723155643,True,False
6457,22967609851515071381,2297,9206,7685,6316,2000,997,967,5.445984623351359,5.411363859832083,13.168358727223886,12.624795455860237,True,False
6458,65185262194901873,7,207,196,189,2000,78,77,4.539141473146804,4.537583275373201,7.693486957499325,7.562242424221073,True,False
6459,414067335371276,0,130,0,0,0,0,0,0.0,0.0,7.022367813028454,0,False,True
6460,4888392605778660732,489,1857,1850,1571,2000,90,89,4.447213212729067,4.4465673522836795,10.858758099935422,10.617467465294196,True,False
6461,87065364227100000,9,268,253,249,2000,88,87,4.319451719060243,4.318315972837673,8.066089190457772,7.960001932068081,True,False
6462,158702250000000000,16,1163,1115,1008,2000,191,191,4.70617360363163,4.706173603631629,10.183635381473218,9.977279923499916,True,False
6463,93291019140666834,9,1705,1476,1421,2000,627,624,4.538326013087406,4.53632561300739,10.735556023911535,10.47269083924278,True,False
6464,98970162392386316,10,4456,2968,2707,2000,1250,1206,4.7919199791219835,4.770844559255218,12.121533517340032,11.402479172214964,True,False
6465,2980991916062324156,298,7796,6347,5335,2000,1034,1005,4.825585714300997,4.822116754420789,12.92851837525789,12.381272555711787,True,False
6466,628247427596239978,63,2214,2140,1830,2000,292,292,4.823773427200056,4.823773427200056,11.112439506781552,10.837627933171404,True,False
6467,226182591731426783,23,2373,2146,1968,2000,627,624,4.385756996698336,4.384506605951228,11.212496385193948,10.94251450533924,True,False
6468,32375159250000000,3,1204,973,959,2000,633,630,5.68992899337423,5.686202516757871,10.233619676759702,9.905387005018131,True,False
6469,78952272017856111,8,1782,1514,1462,2000,692,688,4.616834282275194,4.612603401212752,10.799281621521923,10.513727595952437,True,False
6470,2006629104375000000,201,3043,2977,2430,2000,203,202,4.581676804978791,4.580890838060855,11.571278618514595,11.246740598493144,True,False
6471,104744381935502807,10,547,521,482,2000,121,120,4.312709456839786,4.312070694176944,9.095397022792557,8.912889336229961,True,False
6472,21462808137343827362,2146,9734,8234,6655,2000,1282,1239,5.98408578169053,5.982422078763016,13.248817059278503,12.700222950799255,True,False
6473,497200290710802931,50,1599,1328,1174,2000,332,325,4.397369253312739,4.389498338436056,10.642954223480332,10.197216693110052,True,False
6474,7085026035698594437,709,3499,3439,2766,2000,172,171,4.859847315092957,4.857976972094841,11.77272694923985,11.433585441150495,True,False
6475,8968241061191939015,897,2076,1831,1562,2000,315,309,5.235210706263721,5.232890089425803,11.019590728357882,10.60917873814198,True,False
6476,45885000000000000,5,1862,1218,1134,2000,637,619,4.987499968394066,4.970496815885637,10.862637357558794,10.147204924942228,True,False
6477,401002506265664160,40,1782,1733,1465,2000,190,190,4.36952858323345,4.36952858323345,10.799281621521923,10.51668494930961,True,False
6478,351997273165886250000,35200,2439,2432,2010,0,0,0,0.0,0.0,11.252074042796185,10.972979786066292,False,True
6479,4289134731887839692,429,8570,7211,5915,2000,1222,1178,4.513250729776908,4.50619770948496,13.065079488999862,12.53016245322715,True,False
6480,8008595726413815295,801,5929,5616,4656,2000,740,736,4.917743589364094,4.917199415622521,12.533573081389802,12.184875342908283,True,False
6481,954969361878000000,95,910,896,786,2000,82,81,4.251550108013941,4.249906544126416,9.829722735086058,9.618385502258606,True,False
6482,19047619047619047,2,2915,1448,1391,2000,1240,1197,6.578835489199058,6.537587059584135,11.509280168087859,10.44190670454224,True,False
6483,24569191148273176,2,2741,1411,1356,2000,1010,984,6.484513886376563,6.455199291135017,11.420486612825774,10.405141463136344,True,False
6484,17208143999918759307,1721,2205,2198,1847,2000,89,87,4.379472227811367,4.37820567205238,11.106562940444883,10.850968150982439,True,False
6485,23241750000000000,2,368,302,298,2000,189,188,6.422677786126902,6.417172280621395,8.523561956057012,8.219168520462162,True,False
6486,158343153760094196,16,338,325,310,2000,75,74,4.256110147918708,4.254585023296601,8.400879436282183,8.276124405274238,True,False
6487,4987500000000000,0,59,0,0,0,0,0,0.0,0.0,5.882643049361842,0,False,True
6488,27631000000000000,3,1906,1141,1120,2000,783,777,5.805474014477144,5.799560876690201,10.896332403909941,10.129283016944967,True,False
6489,4591189727010641115,459,3708,3639,2912,2000,198,197,4.831255774417133,4.830603511881462,11.85642552862553,11.507794640198696,True,False
6490,2555945775079763,0,533,0,0,0,0,0,0.0,0.0,9.057991722759176,0,False,True
6491,13957271360173371,1,1964,924,886,924,924,886,9.85174904141606,9.762609941874285,10.939579214314692,9.791162888555018,False,False
6492,1314316416396093479,131,7124,5653,4811,2000,1005,975,4.501212558369501,4.495323305497579,12.798471801101618,12.232121084082221,True,False
6493,2010866803247828522,201,7602,6156,5198,2000,1066,1036,4.393908015632006,4.386349867956173,12.892163309861965,12.3437409184722,True,False
6494,4199475000000000000,420,3632,3568,2887,2000,201,200,4.488424095613109,4.487507046842788,11.826548487290914,11.495355392235982,True,False
6495,2966856891151994085,297,1460,1450,1236,2000,86,85,4.627809237420586,4.627361850061896,10.51175265376738,10.271463027904375,True,False
6496,21074645941872282193,2107,5085,5030,4044,2000,197,196,4.710936655240408,4.708185279552562,12.312032058744862,11.981567281903015,True,False
6497,163563040440854653544,16356,2823,2531,2110,0,0,0,0.0,0.0,11.463013413449692,11.043027283594547,False,True
6498,244103438733786091,24,484,477,454,2000,76,75,4.341760852762687,4.339721938976618,8.918863237274595,8.826548487290914,True,False
6499,39354383850776829,4,2492,1550,1448,2000,883,848,5.304396731604699,5.276569173864674,11.283088353024002,10.499845887083206,True,False
6500,425420325213183936,43,6166,4623,4047,2000,1210,1170,4.45922812671331,4.450007705676963,12.590119174107175,11.982637133669424,True,False
6501,1995000000000000,0,28,0,0,0,0,0,0.0,0.0,4.807354922057604,0,False,True
6502,3201975000000000000,320,7632,6409,5271,2000,1120,1078,4.728948342996253,4.718163506411081,12.897845456005511,12.363860976729532,True,False
6503,2134650000000000000,213,7225,6003,4981,2000,1105,1063,4.426889350327257,4.417432419735189,12.818781872275403,12.282219695672588,True,False
6504,7275986425170285,1,1346,349,349,349,349,349,8.447083226209653,8.447083226209653,10.394462694610317,8.447083226209653,False,False
6505,3251519946970916331,325,7558,6338,5214,2000,1106,1064,4.609137182129657,4.601407995091686,12.88378880325996,12.348174867535556,True,False
6506,2403972304249090605,240,6997,5830,4833,2000,1076,1034,4.65168740154492,4.641634524922287,12.772520776314755,12.238703279427725,True,False
6507,1600323105985843812,160,6118,5043,4220,2000,998,957,5.004605693345708,4.987766950776794,12.578844391558203,12.043027283594547,True,False
6508,1765731748226894157,177,5373,4447,3744,2000,862,828,4.453759161812191,4.443121485975692,12.391512122707118,11.870364719583405,True,False
6509,1610567415041958363,161,4872,4049,3420,2000,781,753,4.776716809511986,4.756990882159707,12.250298417906333,11.73978060977326,True,False
6510,19950000000000000000,1995,4269,3747,3043,2000,581,562,5.736635620569153,5.732930023106897,12.059682447247638,11.571278618514595,True,False
6511,18952500000000000000,1895,193,174,169,2000,66,66,5.491030143614403,5.491030143614403,7.592457037268081,7.400879436282184,True,False
6512,2800219817752955,0,921,0,0,0,0,0,0.0,0.0,9.847057346091336,0,False,True
6513,1008247469541488877,101,5764,4854,4199,2000,927,916,4.789024224158252,4.787722486286045,12.492854620174748,12.035830072835017,True,False
6514,298000000000000000,30,4482,3396,3008,2000,1005,965,4.944154761853686,4.923448071298614,12.129926933510394,11.554588851677638,True,False
6515,21971482537501004,2,2623,1447,1381,2000,1066,1026,6.513340748341017,6.471260000227579,11.357002092264985,10.43149760425805,True,False
6516,1123610359834049,0,332,0,0,0,0,0,0.0,0.0,8.375039431346925,0,False,True
6517,1985025000000000000,199,6407,5439,4652,2000,955,944,4.648210042980914,4.646714435866368,12.64543327516426,12.183635381473218,True,False
6518,4189884701385836208,419,8184,6622,5524,2000,957,927,4.55503903052726,4.547981160780536,12.99859042974533,12.43149760425805,True,False
6519,10074750000000000,1,1733,738,713,738,738,713,9.527477006060398,9.45599341865909,10.75905593916017,9.477758266443889,False,False
6520,99750000000000000,10,4002,2492,2301,2000,967,938,4.432160653113006,4.420222210962,11.966505451905741,11.16804526822409,True,False
6521,99418574765608813412,9942,3649,3630,2983,2000,140,139,5.483762760193492,5.483660762181439,11.833285435584482,11.542548262335213,True,False
6522,69843432585732732880,6984,8799,7587,6096,2000,1125,1082,5.763464526470961,5.760188179116813,13.103123856478112,12.573647187493322,True,False
6523,28515677508418149,3,222,146,145,2000,102,102,5.154562820811722,5.154562820811723,7.794415866350106,7.1799090900149345,True,False
6524,2991565467219223501,299,7429,6218,5241,2000,997,977,4.376356177529937,4.370853733778855,12.858952310750938,12.355626393637916,True,False
6525,23091929401825236802,2309,4956,4888,3958,2000,194,193,4.374208972227974,4.372874897742148,12.274960472140602,11.950555897047511,True,False
6526,97556968709514893,10,4500,2879,2636,2000,1214,1171,4.784980779042144,4.7649028494341765,12.1357092861044,11.364134655008051,True,False
6527,992481203007518796,99,4490,3896,3348,2000,768,763,4.962577646865195,4.961947871053368,12.13249972962851,11.709083812550343,True,False
6528,1978502154112535202,198,1515,1499,1276,2000,102,101,4.433390357011225,4.432807428425898,10.565102078360313,10.31741261376487,True,False
6529,99700000000000000000,9970,6606,6381,5296,2000,686,683,6.393343974148377,6.3929936802379554,12.689561254285525,12.370687406807217,True,False
6530,49900000000000000000,4990,6387,6160,5107,2000,665,660,5.840932598694433,5.840247678729352,12.64092273517345,12.318260343712415,True,False
6531,49900000000000000000,4990,6461,6230,5167,2000,677,674,5.913245891568513,5.9130524174505155,12.657541759703378,12.335111168424861,True,False
6532,49800000000000000000,4980,6599,6333,5249,2000,740,734,6.4758692443474475,6.463385932311903,12.688031702413934,12.357826882210777,True,False
6533,25700000000000000000,2570,6474,6191,5105,2000,729,724,5.229950242834632,5.22897393712711,12.660441650209172,12.317695245765163,True,False
6534,4987500000000000000,499,4125,3558,2923,2000,578,560,4.597245919166758,4.591183634276073,12.010178404020541,11.513234113806053,True,False
6535,1385721374100000000,139,2722,2654,2177,2000,191,190,4.3954149247419405,4.394112626892213,11.410451351503994,11.088125692188207,True,False
6536,839675108728151753,84,852,844,768,2000,82,81,4.282778372417797,4.281716756219864,9.734709620225837,9.584962500721156,True,False
6537,1993726134618492780,199,7264,5874,4986,2000,1017,990,4.498797412697858,4.493036383013595,12.826548487290914,12.283667167491501,True,False
6538,1002506265664160401,100,6828,5390,4612,2000,1023,994,4.457383067917459,4.4513321970658914,12.737247343027738,12.171176797651771,True,False
6539,251884414209498783,25,5020,3556,3176,2000,1021,991,4.389776838695005,4.382225349257801,12.293471648838134,11.632995197142957,True,False
6540,243624542043180440,24,5208,3564,3158,2000,1044,1015,4.421357668822548,4.41446860249369,12.346513733165635,11.624795455860237,True,False
6541,4035241167121492013,404,8116,6644,5548,2000,973,944,4.613173658292089,4.6073487531977895,12.98655314975666,12.437752072323603,True,False
6542,38849647984576814223,3885,3509,3483,2872,2000,127,126,4.639996776449138,4.639762891672016,11.776844232402167,11.487840033823051,True,False
6543,24914557500000000000,2491,5607,5446,4502,2000,500,498,4.873324433829027,4.872924433829027,12.453013354466314,12.136350341454156,True,False
6544,239081630353077723,24,4927,3471,3108,2000,1018,988,4.375454493465008,4.364631940891259,12.266493756312183,11.60177078840771,True,False
6545,424872069920173,0,315,0,0,0,0,0,0.0,0.0,8.29920801838728,0,False,True
6546,117104019292563390,12,4335,2862,2627,2000,998,968,4.379245489811074,4.368967806136126,12.081816278109198,11.359200485133632,True,False
6547,1392554508995065182,139,4520,4205,3565,2000,733,729,4.5448000859923505,4.5437535271054434,12.14210705730255,11.79968636133125,True,False
6548,68036736866342522,7,93,90,89,2000,50,50,4.316208827389128,4.316208827389128,6.539158811108031,6.475733430966398,True,False
6549,9954061376878404025,995,1867,1860,1611,2000,84,83,5.036916625573895,5.036512979826476,10.866506212226202,10.653740778706569,True,False
6550,1126641323836977628718,112664,2359,2352,1952,0,0,0,0.0,0.0,11.203959703239462,10.930737337562887,False,True
6551,16109360739950248395,1611,5946,5694,4711,2000,677,674,5.002837694033106,5.002446372671309,12.537703747907644,12.20181761666792,True,False
6552,3587647580610213464,359,6011,5230,4399,2000,819,809,4.406685356891358,4.402372259879883,12.553389304721618,12.102959885910124,True,False
6553,12698233163615877555,1270,7375,6520,5447,2000,892,882,5.278590993026167,5.27778157522059,12.848427334023928,12.411246151840444,True,False
6554,1157718307476162,0,333,0,0,0,0,0,0.0,0.0,8.379378367071261,0,False,True
6555,3271881251571405434,327,8581,6973,5782,2000,1225,1179,4.922625480139215,4.918020130457986,13.066930068864098,12.49735289347705,True,False
6556,3921268564087961783,392,1583,1572,1315,2000,66,66,4.632226673963066,4.632226673963067,10.62844554013718,10.360847084179664,True,False
6557,9975000000000000,1,1782,547,533,547,547,533,9.095397022792557,9.039172365567396,10.799281621521923,9.057991722759176,False,False
6558,344393207264907503,34,1635,1590,1366,2000,190,190,4.391600794015534,4.391600794015535,10.675074920385445,10.41574176829009,True,False
6559,39466157042857435,4,489,422,405,2000,189,188,5.200953753172984,5.1972840284023425,8.933690654952233,8.661778097771988,True,False
6560,17122516367703600000,1712,1864,1859,1617,2000,80,78,4.656111282700504,4.654696574566122,10.86418614465428,10.659103963473662,True,False
6561,9934493879332486041,993,2700,2681,2207,2000,114,113,4.344691579649033,4.344312190272425,11.398743691938193,11.107870914279614,True,False
6562,117182737837725000,12,110,82,81,2000,44,44,4.515785459290994,4.515785459290994,6.78135971352466,6.339850002884624,True,False
6563,199500000000000000,20,4387,3140,2844,2000,1000,979,4.3749003900914545,4.366284323191402,12.09901899101923,11.473705749619416,True,False
6564,3428571428571428571,343,3469,3403,2758,2000,201,200,4.581725710247392,4.580939827558245,11.760304125286382,11.429406741513981,True,False
6565,165079850392352750243,16508,9661,8293,6854,0,0,0,0.0,0.0,13.237956813306198,12.742730476519174,False,True
6566,1984962406015037593,198,7946,6460,5460,2000,1192,1151,4.709992687076646,4.703888420054537,12.956013078088098,12.414685235807214,True,False
6567,1102756892230576441,110,7541,5945,5027,2000,1219,1174,4.47194515670285,4.463288768186387,12.880540134333733,12.295481973695367,True,False
6568,852130325814536340,85,6963,5449,4680,2000,1230,1191,4.7874422499485245,4.76899427383284,12.765493308065638,12.192292814470767,True,False
6569,1536150000000000000,154,7550,6195,5177,2000,1221,1177,4.649298146591368,4.643011379862471,12.882260929099804,12.337900602860927,True,False
6570,3012450000000000000,301,7828,6568,5406,2000,1154,1110,4.648910207012508,4.638016157885534,12.934428040626804,12.400345796534694,True,False
6571,4987500000000000,0,1209,0,0,0,0,0,0.0,0.0,10.239598529249124,0,False,True
6572,858350626566416040,86,6026,4824,4116,2000,1089,1047,4.642797933954026,4.63306784249689,12.556984957594462,12.007027266893969,True,False
6573,57061987500000000000,5706,5321,5253,4275,2000,212,211,5.373930831384852,5.373564228873624,12.377481688182957,12.061708704660623,True,False
6574,224764476901359486,22,518,503,465,2000,89,88,4.2854743374028725,4.284659926082052,9.016808287686555,8.861086905995395,True,False
6575,9933857792186802306,993,9320,7803,6359,2000,1236,1195,4.922900246345089,4.917273514408129,13.186114239541643,12.6345841934937,True,False
6576,19954101635709625376,1995,7954,7048,5923,2000,926,915,4.965981584777651,4.964871249482829,12.95746484680521,12.532112370794998,True,False
6577,33069728404464331295,3307,6504,6227,5138,2000,707,703,4.639795971245746,4.63899594457819,12.667111542075027,12.326991174900817,True,False
6578,1194007500000000,0,650,0,0,0,0,0,0.0,0.0,9.344295907915816,0,False,True
6579,32472522124077428269,3247,162,148,144,2000,45,45,4.6147997092816375,4.6147997092816375,7.339850002884624,7.169925001442312,True,False
6580,11882230567432662,1,1266,585,565,585,585,565,9.192292814470765,9.116456014510764,10.306061689428342,9.14210705730255,False,False
6581,2087392638580514,0,123,0,0,0,0,0,0.0,0.0,6.94251450533924,0,False,True
6582,633412500000000000000,63341,2933,2920,2406,0,0,0,0.0,0.0,11.518161355756956,11.232420927176076,False,True
6583,208939384293542069696,20894,2924,2911,2399,0,0,0,0.0,0.0,11.513727595952437,11.228217442293435,False,True
6584,39085860309416417,4,3652,2105,1959,2000,1223,1181,4.78626458957127,4.766439169704504,11.834471049984222,10.935901682267588,True,False
6585,39890025000000000000,3989,6949,6597,5423,2000,775,769,5.959237861900284,5.958436227774757,12.762589665542569,12.404875455015208,True,False
6586,37905000000000000,4,2011,1268,1184,2000,719,693,5.262936293633949,5.236499903403979,10.973697366305352,10.20945336562895,True,False
6587,495817094776905165,50,653,646,597,2000,77,76,4.233517785310583,4.232079555003903,9.350939181546432,9.221587121264806,True,False
6588,67205866485945316,7,3684,2443,2243,2000,1130,1089,4.5372823851288135,4.520627039178627,11.847057346091336,11.131213905086272,True,False
6589,238402500000000000000,23840,10225,8724,7036,0,0,0,0.0,0.0,13.319813222716473,12.78053976747196,False,True
6590,133674577744169251248,13367,10195,8688,7014,0,0,0,0.0,0.0,13.31557415490396,12.776021715252812,False,True
6591,198103286316133193918,19810,10183,8703,7007,0,0,0,0.0,0.0,13.313875034039125,12.774581180893598,False,True
6592,1003475025000000000000,100348,8781,7611,6123,0,0,0,0.0,0.0,13.100169531129907,12.580022967753875,False,True
6593,26932500000000000000,2693,6915,5969,4823,2000,928,891,5.889757744367415,5.886816533830459,12.755513536037856,12.235715094761895,True,False
6594,48877500000000000000,4888,1396,1236,1083,2000,218,214,5.649795680924982,5.648652687711503,10.447083226209653,10.080817527608327,True,False
6595,19914535702473426339,1991,361,359,324,2000,47,47,4.632351298341455,4.632351298341457,8.49585502688717,8.339850002884624,True,False
6596,265627478287686611,27,807,781,664,2000,121,120,4.403555652804656,4.4028101845075645,9.656424863277781,9.375039431346925,True,False
6597,6181337079758252448,618,5902,5050,4130,2000,822,788,4.839104033071775,4.830695664459846,12.526988205432007,12.011926066306808,True,False
6598,146154448986640349,15,5022,3519,3173,2000,1255,1211,4.506742154233359,4.493670097824248,12.2940463132715,11.631631805917637,True,False
6599,3485842148533357,0,1386,0,0,0,0,0,0.0,0.0,10.436711542137214,0,False,True
6600,187608356632276349,19,1411,1333,1215,2000,292,292,4.501926354195992,4.501926354195991,10.462502272597265,10.246740598493144,True,False
6601,5002861500000000000,500,3800,3734,3015,2000,207,206,4.866151425132576,4.865598591862064,11.89178370321831,11.557942286787448,True,False
6602,1995000000000000,0,341,0,0,0,0,0,0.0,0.0,8.413627929024173,0,False,True
6603,4518996335245903259,452,8374,6777,5667,2000,1013,983,5.002276102226577,4.998190078278415,13.031701202740303,12.468369487109525,True,False
6604,6667754444618400000,667,2003,1996,1696,2000,88,87,4.35029492466311,4.349558634628257,10.967946705812707,10.727920454563199,True,False
6605,5116676250000000000,512,3822,3754,3029,2000,198,197,4.862149619891813,4.861549529878312,11.900112062977456,11.564625862795372,True,False
6606,39869126333586879601,3987,3696,3245,2643,2000,483,470,5.37870683320823,5.3740441454810215,11.851749041416058,11.36796070964157,True,False
6607,31194817500000000000,3119,7219,6567,5391,2000,803,797,5.539740319537587,5.539307997402576,12.817583288677616,12.396337194231098,True,False
6608,19427642953586882,2,407,326,325,2000,291,291,6.449547269730939,6.449547269730939,8.668884984266247,8.344295907915816,True,False
6609,8039850000000000000,804,4109,4045,3243,2000,201,200,4.488424095613109,4.487507046842789,12.004571615167656,11.663113308455806,True,False
6610,22855849318644343,2,2448,1315,1278,2000,969,952,6.53757469107744,6.517060870416109,11.257387842692651,10.319672120946995,True,False
6611,14962500000000000,1,2340,1110,1070,1110,1110,1070,10.116343961237469,10.038538080177467,11.192292814470767,10.06339508128851,False,False
6612,475291321810623429,48,4338,3485,3083,2000,868,858,4.787799686015532,4.7817291536509305,12.082814337672273,11.590119174107175,True,False
6613,66907919977500,0,60,0,0,0,0,0,0.0,0.0,5.906890595608519,0,False,True
6614,2792278759820785268,279,8450,6910,5783,2000,1202,1162,4.390953786920463,4.381080035713165,13.044735626056909,12.49760238678349,True,False
6615,41605724999999998,4,1250,826,777,2000,443,432,5.259611640193128,5.240705995357189,10.287712379549449,9.60177078840771,True,False
6616,1982032500000000,0,159,0,0,0,0,0,0.0,0.0,7.312882955284356,0,False,True
6617,199500000000000000,20,419,412,392,2000,74,73,4.519901674474782,4.518053479490249,8.710806433699352,8.614709844115207,True,False
6618,5071651497847938612,507,3803,3736,2979,2000,188,187,4.456988381082221,4.455879938444129,11.892922223630592,11.54061240824953,True,False
6619,136401099860922265,14,925,711,659,2000,260,256,4.558479909859414,4.551911091220392,9.853309555403674,9.364134655008051,True,False
6620,22044750000000000,2,360,294,290,2000,188,187,6.421504229808784,6.4160001017127115,8.491853096329674,8.179909090014934,True,False
6621,32917500000000000,3,2464,1508,1415,2000,891,856,6.525065151941036,6.485554369035709,11.266786540694902,10.466586337719244,True,False
6622,13476225000000000000,1348,7527,6666,5582,2000,895,884,5.00841743944014,5.0063177701620285,12.877859256130328,12.446566409066067,True,False
6623,4132337550804115964,413,1297,1293,1164,2000,73,72,4.552030480009428,4.548259618924919,10.3409627642517,10.184875342908283,True,False
6624,1097470025659472,0,329,0,0,0,0,0,0.0,0.0,8.361943773735241,0,False,True
6625,238231733810353989,24,4242,3160,2874,2000,966,953,5.995995377882419,5.985213137607001,12.050528905530555,11.488844346457336,True,False
6626,56465217883507746506,5647,10182,8594,6981,2000,1241,1200,5.712485289186197,5.710704781018057,13.313733350263819,12.769217996126505,True,False
6627,390904064809665071,39,232,197,186,2000,66,66,4.403446594503974,4.403446594503975,7.857980995127572,7.539158811108031,True,False
6628,998418212587599844,100,223,192,182,2000,57,55,4.428785547910707,4.428057086469751,7.800899899920305,7.507794640198696,True,False
6629,18898762347570061508,1890,2460,2448,2059,2000,91,89,4.715708757627189,4.714892286551599,11.264442600226602,11.007728114632254,True,False
6630,3988988491715406729110,398899,7487,7134,5855,0,0,0,0.0,0.0,12.870172039110212,12.515453455388577,False,True
6631,486914396248332649,49,1831,1763,1452,2000,191,190,4.5412275009077705,4.540291901344385,10.838416075797337,10.50382573799575,True,False
6632,15341428388633096,2,1377,703,681,2000,652,632,6.517934226358527,6.484428304657591,10.427312844134963,9.411510988012072,True,False
6633,99410850000000000000,9941,6906,6631,5498,2000,768,762,6.893602770925023,6.8930596246671385,12.753634618853386,12.424691191512954,True,False
6634,83050284717539284341,8305,5624,5541,4527,2000,352,352,5.6533983272536545,5.653398327253656,12.457380879072534,12.144339591247839,True,False
6635,1774849670018816,0,1,0,0,0,0,0,0.0,0.0,0.0,0,False,True
6636,65647249520680256,7,85,82,81,2000,49,49,4.471158722226237,4.471158722226237,6.409390936137702,6.339850002884624,True,False
6637,48233527965230512804,4823,5264,5196,4221,2000,204,202,5.115980348236803,5.100308261157455,12.361943773735241,12.04336911395769,True,False
6638,36276306241672333739,3628,5154,5086,4118,2000,202,201,4.867515229736114,4.866909750145821,12.331476821859619,12.007728114632254,True,False
6639,84254589249004666681,8425,5613,5564,4465,2000,212,212,5.235760929485656,5.2357609294856555,12.45455634396194,12.124444460008585,True,False
6640,1840334558846613549,184,3657,3500,2956,2000,483,481,4.783332403199771,4.782832389310498,11.836444911341369,11.52943055414615,True,False
6641,3100040766537287,0,602,0,0,0,0,0,0.0,0.0,9.233619676759702,0,False,True
6642,974620782104338740,97,750,744,692,2000,64,63,4.3942325521504815,4.392331003672325,9.550746785383243,9.434628227636725,True,False
6643,1715544724157517,0,923,0,0,0,0,0,0.0,0.0,9.850186837645774,0,False,True
6644,195037090800299655,20,1209,1145,996,2000,177,175,4.3860648568425,4.383463134502998,10.239598529249124,9.960001932068081,True,False
6645,3160909341161131,0,1314,0,0,0,0,0,0.0,0.0,10.35974956032233,0,False,True
6646,6253383660048000000,625,1994,1987,1675,2000,83,82,4.419777597543197,4.419040197832211,10.961449694398196,10.709945380232497,True,False
6647,19950000000000000000,1995,2410,2401,1976,2000,82,81,4.522255351718278,4.521730821925488,11.234817431117325,10.948367231584678,True,False
6648,20947500000000000000,2095,2436,2427,1992,2000,84,83,4.675805940812562,4.675374188782313,11.250298417906333,10.960001932068081,True,False
6649,31929001346730226939,3193,2493,2482,2028,2000,90,89,4.820693955059936,4.82032833662306,11.283667167491501,10.985841937003341,True,False
6650,6525090237106727255,653,1949,1938,1602,2000,84,83,4.423927200179998,4.423239852410638,10.92851837525789,10.64565843240871,True,False
6651,96744046705562577228,9674,5439,5372,4370,2000,207,205,5.156911610159318,5.115634682840396,12.409125710465315,12.093417564387961,True,False
6652,3357112181595849,0,1426,0,0,0,0,0,0.0,0.0,10.477758266443889,0,False,True
6653,33067995694560570,3,3090,1728,1628,2000,1085,1053,5.265430761505787,5.241831415886974,11.593391122791736,10.668884984266247,True,False
6654,152585674583444304,15,3913,2826,2612,2000,965,951,5.106064317497232,5.093299481759846,11.934059394900794,11.350939181546432,True,False
6655,43360515060306445,4,2057,1322,1234,2000,713,688,5.260013124260173,5.234659159813338,11.006326078524934,10.269126679149418,True,False
6656,27458817532363267146,2746,8978,7729,6220,2000,1188,1144,6.170664401734421,6.168195189850849,13.132178380915544,12.602698865017965,True,False
6657,2000372833374696065,200,4316,4083,3450,2000,649,646,4.830962907228752,4.830436494468506,12.075479149488016,11.752380646552893,True,False
6658,249325125000000000000,24933,5662,5610,4506,0,0,0,0.0,0.0,12.467096033905747,12.137631598235428,False,True
6659,2085546247279530591,209,3900,3301,2775,2000,607,588,4.5267386788723325,4.515168618630939,11.929258408636972,11.43827205612483,True,False
6660,3868912221062450486,387,8048,6607,5546,2000,1036,1007,4.733324168553057,4.729410563740387,12.974414589805527,12.437231901039478,True,False
6661,14764726215464597393,1476,6771,6165,5074,2000,790,784,5.7110173878737935,5.710342078200325,12.725153203912992,12.308907804063939,True,False
6662,99750000000000000,10,71,69,69,2000,39,39,4.19663452913015,4.19663452913015,6.149747119504682,6.108524456778169,True,False
6663,1187025000000000000,119,305,303,290,2000,45,45,4.315994541155109,4.315994541155109,8.252665432450248,8.179909090014934,True,False
6664,761904761904761904,76,6927,5331,4583,2000,1229,1185,4.890143243242775,4.883820168092284,12.758014958495272,12.162076570374312,True,False
6665,399000000000000000,40,6175,4542,3970,2000,1221,1175,4.392704118620955,4.3781190369093785,12.592223421359403,11.95492329203032,True,False
6666,1286888786802924338,129,4433,4122,3499,2000,724,720,4.55380782224166,4.552297962099473,12.114067647165264,11.77272694923985,True,False
6667,245844971815592601,25,4926,3490,3130,2000,1027,997,4.45733202165793,4.450336230860471,12.266200912498961,11.61194694181998,True,False
6668,31107823352968861330,3111,4484,4424,3599,2000,172,171,4.859847315092957,4.857976972094841,12.130570562805426,11.813380386924727,True,False
6669,222962594855939200,22,1390,1106,996,2000,351,345,4.486608855328798,4.481139747208039,10.44086916761087,9.960001932068081,True,False
6670,9407451190726880,1,1603,454,445,454,454,445,8.826548487290912,8.782495623854789,10.646558710154547,8.79766152585376,False,False
6671,11970000000000000,1,2640,1055,1017,1055,1055,1017,10.043027283594547,9.96244003240151,11.366322214245816,9.9901039638575,False,False
6672,52867500000000000,5,3992,2497,2308,2000,1235,1196,5.3043884110164345,5.27998642728663,11.96289600533726,11.172427508645482,True,False
6673,99750000000000000,10,3645,2506,2286,2000,1039,1000,5.619068183968613,5.590947243514371,11.8317030992143,11.158609688214478,True,False
6674,1532478836191800000,153,1109,1103,960,2000,94,93,4.862497114316498,4.862131916479113,10.11504365016171,9.906890595608518,True,False
6675,16162272669848507839,1616,9213,7863,6476,2000,1099,1067,5.003251362463008,5.000174213006018,13.16945529769703,12.660887270302567,True,False
6676,1500000000000000,0,545,0,0,0,0,0,0.0,0.0,9.090112419664289,0,False,True
6677,7980000000000000,1,689,187,186,187,187,186,7.546894459887637,7.536199272721861,9.428360172704291,7.539158811108031,False,False
6678,20947500000000000,2,1182,690,665,2000,498,483,6.4941320301716665,6.4605055764703785,10.207014320177532,9.377210530388552,True,False
6679,1147125000000000000,115,1094,1080,935,2000,86,85,4.561522447110467,4.5604781315300595,10.095397022792557,9.868822554774999,True,False
6680,448875000000000000,45,1732,1666,1375,2000,184,182,4.382600448420588,4.380850055525286,10.758223214726724,10.425215903299383,True,False
6681,2104725000000000000,210,7712,6325,5342,2000,1136,1101,5.16471765830186,5.160603117967862,12.912889336229961,12.38316426063511,True,False
6682,678300000000000000,68,6020,4794,4104,2000,1117,1074,4.427913946546462,4.414559862713862,12.555547771647065,12.002815015607053,True,False
6683,61855369542546327,6,1266,893,834,2000,403,394,4.742999693299167,4.730493440172603,10.306061689428342,9.703903573444663,True,False
6684,124692969850152731,12,1403,1066,972,2000,385,377,5.0133185777993425,5.001358716701185,10.454299293619899,9.92481250360578,True,False
6685,135588341701546190,14,1234,955,874,2000,346,340,4.579464996045349,4.572009264451687,10.269126679149418,9.7714894695006,True,False
6686,30995798337122815,3,780,524,500,2000,313,307,5.636746551384862,5.621706704324827,9.60733031374961,8.965784284662087,True,False
6687,99262871369403970,10,4518,2924,2670,2000,1217,1174,4.550506872573629,4.533815062886661,12.141468555393084,11.382624026574916,True,False
6688,10972500000000000,1,212,94,94,94,94,94,6.554588851677637,6.554588851677637,7.727920454563199,6.554588851677638,False,False
6689,2855063600587917797,286,1324,1317,1164,2000,81,80,4.566295401427535,4.565641235727142,10.370687406807217,10.184875342908283,True,False
6690,7466588266705499,1,82,34,34,34,34,34,5.087462841250339,5.087462841250339,6.357552004618084,5.087462841250339,False,False
6691,557143343375050766,56,2037,1997,1682,2000,211,211,4.519066303643856,4.519066303643855,10.992230264965889,10.715961990255144,True,False
6692,22047427657564205839,2205,2909,2893,2410,2000,103,102,4.530908964857059,4.530411864220105,11.506307581100307,11.234817431117325,True,False
6693,413605252695226,0,194,0,0,0,0,0,0.0,0.0,7.599912842187128,0,False,True
6694,129336620907900000,13,240,235,232,2000,63,62,4.348940781061866,4.278435901370475,7.906890595608519,7.857980995127572,True,False
6695,26201949218978400000,2620,2473,2467,2037,2000,92,91,4.685307853667386,4.684862072369308,11.272046524389937,10.992230264965889,True,False
6696,7120501884058294346,712,2020,2014,1702,2000,100,99,4.999233809042188,4.998814387983481,10.980139577639157,10.733015321685963,True,False
6697,3936372804000000000,394,1687,1677,1393,2000,82,81,4.416179224088633,4.415599259454986,10.720244258287567,10.443979542601253,True,False
6698,3142125000000000000,314,6932,5817,4797,2000,1034,993,4.733199850076448,4.724602191762833,12.75905593916017,12.227916724201489,True,False
6699,42244946482640378,4,2045,1310,1222,2000,713,688,5.260013124260173,5.234659159813338,10.997885127829111,10.25502856981873,True,False
6700,524280971383050000,52,3878,3104,2699,2000,751,723,4.399285701053684,4.3887658621055365,11.921097088106793,11.398209261466851,True,False
6701,55389933292626144928,5539,8603,7637,6404,2000,980,969,5.789565025253405,5.789082938981764,13.070624122430266,12.644757592516257,True,False
6702,13438600538678335685,1344,2263,2256,1893,2000,84,83,4.407970666688266,4.407025475994157,11.144020869266893,10.886458695703706,True,False
6703,96266506685524313,10,4442,2939,2680,2000,1253,1209,5.165543001416553,5.143332181667969,12.116993677546981,11.388017285345136,True,False
6704,99748005000000000000,9975,8998,7929,6632,2000,979,967,4.9203971804154,4.919186324133769,13.135388651579046,12.69522829149575,True,False
6705,47381250000000000,5,1371,906,848,2000,467,456,4.920706906487893,4.905928108022559,10.421012855779226,9.727920454563199,True,False
6706,99750000000000000,10,1204,1100,1043,2000,410,408,4.508412850494816,4.506411849994565,10.233619676759702,10.026523442519766,True,False
6707,12148525497165723610,1215,4546,4480,3614,2000,204,203,4.661429114716132,4.6606524431070095,12.150381968817848,11.8193807908646,True,False
6708,5108197500000000000,511,8970,7471,6127,2000,1255,1212,4.650821702700353,4.645401590735884,13.130892269806624,12.58096513597733,True,False
6709,98505367181163813,10,4440,2851,2618,2000,1214,1173,4.398801460505874,4.387950490702247,12.116343961237469,11.354249381945241,True,False
6710,99063411843463240,10,4183,2538,2323,2000,1046,1017,4.391836475950664,4.384181915280025,12.030322282644034,11.181773438808808,True,False
6711,12377362281900000000,1238,2091,2084,1768,2000,90,88,4.538647641916902,4.537618361730707,11.029977346589579,10.787902559391432,True,False
6712,1976052104101191270,198,1224,1217,1051,2000,89,88,4.309303599978903,4.308033056084844,10.257387842692651,10.037546953962178,True,False
6713,992060529199735996,99,2519,2448,2055,2000,286,286,4.730655878127621,4.73065587812762,11.298635406734242,11.004922678569045,True,False
6714,5057981344622828,1,1793,170,166,170,170,166,7.4093909361377035,7.350567406725938,10.808159772868375,7.3750394313469245,False,False
6715,32206120716971106370,3221,3870,3393,2756,2000,483,470,4.69747796982578,4.688070939456228,11.918117851031772,11.428360172704291,True,False
6716,212245392338226957,21,1378,1311,1136,2000,189,187,4.353830498616166,4.351267998378258,10.428360172704291,10.149747119504681,True,False
6717,4328252386401566,0,1474,0,0,0,0,0,0.0,0.0,10.52552080909507,0,False,True
6718,8778000000000000000,878,3693,3208,2620,2000,507,492,5.087308436090855,5.080991155988862,11.850577547205614,11.355351096424812,True,False
6719,34650741599801335655,3465,3874,3400,2762,2000,488,475,5.045025357648931,5.038695320804855,11.919608238603253,11.43149760425805,True,False
6720,3840375000000000000,384,3266,2803,2330,2000,477,464,4.827852084967118,4.818475669887027,11.673309075561695,11.186114239541643,True,False
6721,7453495162140079671,745,2206,2191,1829,2000,98,97,4.677436594504309,4.677026995068335,11.107217075591382,10.836839359748716,True,False
6722,9822875493047259617,982,2345,2330,1953,2000,92,91,4.28699855711215,4.285999773289186,11.19537220740274,10.93147623388679,True,False
6723,241417004553421372,24,1439,1371,1204,2000,187,186,4.565185494810972,4.562802115421572,10.490850876740298,10.233619676759702,True,False
6724,9652647313599579,1,1505,439,429,439,439,429,8.778077129535355,8.727963234318956,10.555547771647065,8.744833837499545,False,False
6725,353817138494400000,35,469,457,433,2000,59,59,4.358804530302645,4.358804530302645,8.873444112515376,8.758223214726724,True,False
6726,3123873391828920885,312,1985,1967,1616,2000,104,103,4.273919900040834,4.273034836207376,10.95492329203032,10.658211482751796,True,False
6727,1521675324476775397,152,2804,2737,2186,2000,194,192,4.57996502507507,4.57862005447768,11.453270634010623,11.094077685671905,True,False
6728,3050349103486185188,305,3538,3489,2814,2000,194,194,4.444889773160025,4.444889773160026,11.788718332690458,11.458406613236532,True,False
6729,89303182500000000000,8930,7127,6816,5620,2000,786,781,6.3757826491870295,6.3582489121313355,12.799079209029006,12.456354415108288,True,False
6730,886455059402185473,89,2240,2172,1795,2000,189,188,4.372168087826541,4.370834309900566,11.129283016944967,10.809768128710413,True,False
6731,149152732583508293096,14915,10274,8755,7081,0,0,0,0.0,0.0,13.32671035834696,12.789737401067145,False,True
6732,1945125000000000000,195,1068,1061,947,2000,78,76,4.51792035523755,4.508895469853434,10.060695931687555,9.887220615468385,True,False
6733,6541283782223085000,654,3141,2748,2271,2000,442,429,5.000663248888344,4.993818590080508,11.617008227651965,11.149111990706889,True,False
6734,21924611495795924775,2192,2212,2205,1843,2000,94,92,4.8233373652568865,4.822456551196084,11.111135670234708,10.847840355630714,True,False
6735,40956471981816880,4,2511,1602,1548,2000,917,906,4.785194927111788,4.779337350793215,11.2940463132715,10.59618975614441,True,False
6736,8412128903014365,1,693,201,199,201,201,199,7.65105169117893,7.63115119366649,9.436711542137214,7.636624620543649,False,False
6737,7949894486635968573,795,8387,7112,5908,2000,1012,986,4.780808752499112,4.774764146271809,13.033939140726387,12.52845411076479,True,False
6738,286716791979949874,29,4286,3248,2881,2000,978,938,4.430503266158407,4.416120310364734,12.065416134676548,11.49235394515987,True,False
6739,11922599611783107316,1192,3950,3889,3154,2000,166,165,4.482033580665797,4.478919717067756,11.947636937951827,11.62296694479051,True,False
6740,3688815748217197405,369,6821,5918,5020,2000,924,913,4.92301101505264,4.9218274553872945,12.735767547266637,12.293471648838134,True,False
6741,729803918295838,0,246,0,0,0,0,0,0.0,0.0,7.94251450533924,0,False,True
6742,730248330505185,0,241,0,0,0,0,0,0.0,0.0,7.912889336229962,0,False,True
6743,3718568974529651524,372,3700,3624,2980,2000,296,296,4.739670291206799,4.739670291206799,11.853309555403674,11.541096615349524,True,False
6744,10611405000000000000,1061,8906,7437,6147,2000,1032,1000,5.982255885448042,5.976915399664316,13.120561896442904,12.585666769732402,True,False
6745,1010462584004500250,101,6832,5402,4625,2000,1030,1002,4.649295110424341,4.644842201821851,12.73809225962049,12.175237650291036,True,False
6746,1054889098866956,0,185,0,0,0,0,0,0.0,0.0,7.531381460516312,0,False,True
6747,229204598704177081340,22920,4914,4855,3949,0,0,0,0.0,0.0,12.262682142362165,11.947271652460348,False,True
6748,405084899625000000,41,6064,4556,3999,2000,1199,1160,4.396811416032211,4.38586676375974,12.566054038171092,11.965423565810129,True,False
6749,57279512396752757558,5728,4727,4666,3801,2000,182,181,5.269560995962059,5.268281779658373,12.20670914935865,11.892163309861965,True,False
6750,14364000000000000,1,1611,770,740,770,770,740,9.588714635582264,9.502526936911355,10.653740778706569,9.531381460516313,False,False
6751,9716707222911379895,972,4908,4753,3926,2000,473,471,5.085130606700897,5.084752197873773,12.260919533662905,11.938844457466171,True,False
6752,5586000000000000000,559,3860,3799,3059,2000,201,200,4.532583694082261,4.531737475142342,11.914385132155443,11.578844391558203,True,False
6753,164567057015550000000,16457,2801,2790,2255,0,0,0,0.0,0.0,11.451726268074506,11.138911718142744,False,True
6754,190000000000000000,19,5287,3760,3356,2000,1226,1185,4.408113758790066,4.399524683293725,12.368233611380942,11.712527000439824,True,False
6755,94762500000000000,9,3232,2219,2036,2000,942,903,5.0369483967430995,5.014114917895907,11.658211482751796,10.991521846075695,True,False
6756,688275000000000000,69,4909,3908,3366,2000,927,888,4.472113508602253,4.459581214423033,12.261213451366048,11.71681946132995,True,False
6757,742139596517959728,74,4462,3595,3100,2000,831,798,4.471839663601322,4.4630271654782865,12.12347479824414,11.5980525001616,True,False
6758,987209601459284394,99,3089,2565,2213,2000,551,532,4.461444750273132,4.447115640869169,11.592924155627637,11.11178773580101,True,False
6759,14710963856108871286,1471,6312,6001,4947,2000,761,757,5.912351125950476,5.912131366597288,12.623881490013458,12.272338184158624,True,False
6760,7582527035920710,1,1910,396,388,396,396,388,8.629356620079612,8.583902074625065,10.899356922923111,8.599912842187127,False,False
6761,16797900000000000000,1680,2170,2163,1825,2000,96,94,4.824959157256663,4.824266279121481,11.083479327331842,10.833680748654741,True,False
6762,10458556517688498,1,2607,982,944,982,982,944,9.939579214314692,9.852899565150981,11.348174867535556,9.88264304936184,False,False
6763,85406806289306576213,8541,9934,8337,6838,2000,1113,1081,6.281766287954139,6.2636543833802545,13.278159031437237,12.739358707433395,True,False
6764,79800000000000000,8,4184,2641,2425,2000,1204,1164,4.397443625673764,4.385038925602741,12.030667136246942,11.243769031961852,True,False
6765,6331778966338069,1,160,37,37,37,37,37,5.209453365628953,5.209453365628953,7.321928094887363,5.20945336562895,False,False
6766,2423925000000000000,242,1708,1692,1418,2000,106,105,4.494895859867609,4.494308338182355,10.73809225962049,10.469641817239516,True,False
6767,9975000000000000,1,112,73,73,73,73,73,6.189824558880018,6.189824558880018,6.807354922057604,6.189824558880018,False,False
6768,662908575000000000,66,2114,2072,1736,2000,209,209,4.3577501893602575,4.3577501893602575,11.045759661382682,10.761551232444479,True,False
6769,223699350000000000,22,1387,1341,1196,2000,207,207,4.3772405381612005,4.3772405381612,10.437752072323603,10.224001674198105,True,False
6770,575844780000000000,58,2036,1989,1681,2000,212,212,4.490420046683211,4.490420046683212,10.991521846075695,10.715104009236168,True,False
6771,816221332500000000,82,2532,2443,2096,2000,354,353,4.777091694173326,4.776732016025084,11.306061689428342,11.03342300153745,True,False
6772,6132780933131475000,613,2958,2591,2150,2000,417,406,4.784432632726621,4.780131820438491,11.530406337099068,11.070120944476823,True,False
6773,1650862500000000000,165,7334,5971,5069,2000,1098,1066,4.873659714519236,4.870120992643694,12.840384550711667,12.307485448589476,True,False
6774,9929662583305670616,993,9368,7822,6385,2000,1233,1191,4.8789679564176796,4.875002674180214,13.193525360501216,12.640470904590087,True,False
6775,94935422407983483,9,3948,2503,2332,2000,1023,994,4.3754811459255665,4.365976956637998,11.946906274456397,11.187352073200497,True,False
6776,554757493342500000,55,691,682,639,2000,79,77,4.412591039687517,4.41074166131992,9.432541900388259,9.319672120946995,True,False
6777,1451353711640762398,145,1114,1106,969,2000,88,87,4.336833236260636,4.3359613495605585,10.121533517340032,9.92035285541508,True,False
6778,16458750000000000000,1646,1871,1665,1423,2000,274,270,5.234315921233209,5.233128298287548,10.869593843240784,10.474719946526482,True,False
6779,67131750000000000000,6713,1850,1653,1416,2000,280,276,5.811330394469952,5.810580347592021,10.853309555403674,10.467605550082997,True,False
6780,2903963238095238095,290,6656,5570,4603,2000,1010,970,4.419172484007771,4.409764376981199,12.700439718141093,12.168358727223886,True,False
6781,380952094930785000,38,844,679,618,2000,191,187,4.411780067148481,4.405636361827925,9.721099188707186,9.271463027904375,True,False
6782,7292461400612330089,729,4115,4075,3259,2000,213,213,4.53623328450199,4.53623328450199,12.006676715308988,11.670213636738564,True,False
6783,1991641727855011535,199,3000,2943,2408,2000,209,207,4.724451712759094,4.7006214485088265,11.550746785383243,11.233619676759702,True,False
6784,32109885626669846,3,3531,2029,1905,2000,1241,1198,5.304186160187195,5.2749221336274985,11.7858611057596,10.895575282380685,True,False
6785,39900000000000000,4,38,36,36,2000,35,35,4.459001376341933,4.4590013763419325,5.247927513443585,5.169925001442312,True,False
6786,200389394111168542580,20039,3624,3608,2980,0,0,0,0.0,0.0,11.823367240046235,11.541096615349524,False,True
6787,327550381312944035,33,717,701,618,2000,108,107,4.430195075288041,4.429495363721437,9.485829308701904,9.271463027904375,True,False
6788,84044504351568862,8,114,111,110,2000,48,48,4.204018682327316,4.204018682327316,6.832890014164741,6.78135971352466,True,False
6789,99348461661642939187,9935,9418,8146,6553,2000,1202,1157,5.983031303885074,5.980209143093667,13.201205007299528,12.677939816390142,True,False
6790,109016498219570543,11,3879,2699,2516,2000,1004,985,4.514733974319346,4.506530064317616,11.921469060531411,11.296916206879288,True,False
6791,3973034331115237924,397,5438,4615,3821,2000,788,758,4.6001770635212775,4.589332457214265,12.40886043602476,11.89973454235751,True,False
6792,2357567808750000000,236,3292,3234,2641,2000,205,203,4.581148593222403,4.580185391257707,11.684748620421626,11.366868586167094,True,False
6793,1602939248994409,0,901,0,0,0,0,0,0.0,0.0,9.815383295813538,0,False,True
6794,2944620000000000000,294,8427,6832,5679,2000,1230,1184,5.048961695962474,5.04317398544479,13.040803409847555,12.471421196424862,True,False
6795,295967980530680319,30,3598,2844,2567,2000,779,773,4.705973164761652,4.7026284760925705,11.812979471251483,11.325867580575418,True,False
6796,4851975233478119137,485,1760,1748,1441,2000,86,85,4.728851865286285,4.728273765913923,10.78135971352466,10.492854620174748,True,False
6797,1995000000000000,0,16,0,0,0,0,0,0.0,0.0,4.0,0,False,True
6798,1711674136857778,0,877,0,0,0,0,0,0.0,0.0,9.776433032444734,0,False,True
6799,269754131655249002,27,481,474,459,2000,70,69,4.240480348930639,4.239214537716963,8.909893083770042,8.842350343413807,True,False
6800,90890048671523916,9,4091,2473,2269,2000,1057,1027,4.3801035486273685,4.370201463592863,11.998237821888047,11.147840893672337,True,False
6801,189073685631124001,19,3790,2842,2622,2000,940,929,4.556538148217887,4.554812899055525,11.887982133058454,11.356451970221755,True,False
6802,3089471269688974884,309,3753,3659,3045,2000,369,368,5.159999581623395,5.159777359401173,11.873828574886977,11.572226512793694,True,False
6803,555855988980600045,56,888,730,661,2000,186,182,4.372021401758481,4.36668451049764,9.794415866350105,9.368506461507693,True,False
6804,316207500000000000,32,5684,4325,3796,2000,1221,1177,4.523422328555837,4.513788406251427,12.47269083924278,11.89026427702111,True,False
6805,578131335419795,0,33,0,0,0,0,0,0.0,0.0,5.044394119358453,0,False,True
6806,498750000000000,0,36,0,0,0,0,0,0.0,0.0,5.169925001442312,0,False,True
6807,32259311260709043183,3226,2173,1940,1643,2000,296,290,4.68903253453334,4.68480050777738,11.085472459181283,10.682116764950074,True,False
6808,313345609184616758,31,1213,980,877,2000,285,279,4.73935508066505,4.724334997739387,10.24436383512051,9.776433032444734,True,False
6809,18930523992016562,2,119,68,68,1663,68,68,5.879928416095076,5.879928416095075,6.894817763307944,6.087462841250339,False,False
6810,3582896241034705606,358,4523,4319,3627,2000,612,610,5.203002592124147,5.202772287524837,12.14306428063141,11.82456102997028,True,False
6811,5506200000000000000,551,1952,1945,1640,2000,84,83,4.5182841410789,4.517567189762531,10.930737337562887,10.679480099505446,True,False
6812,72625611114926163,7,264,249,244,2000,93,92,4.5557160467199385,4.5539741929385915,8.044394119358454,7.930737337562887,True,False
6813,1994553047686956764,199,6323,5237,4374,2000,1008,968,4.371624090344015,4.359897395827408,12.626393504173995,12.094737505048093,True,False
6814,12048144370811308719,1205,5053,4915,4044,2000,469,467,5.274077506110741,5.273762157011824,12.302924464617952,11.981567281903015,True,False
6815,2989105262779837692,299,5755,4982,4205,2000,816,807,5.0982787213893985,5.096704861181448,12.490600213019592,12.037890085142507,True,False
6816,1169132407448401069,117,7619,6074,5156,2000,1227,1187,4.878768615096623,4.875020413826974,12.895385939898507,12.332036548361652,True,False
6817,52015484520499025208,5202,6004,5845,4832,2000,527,525,6.211677755453431,6.211534423424108,12.55170826162069,12.238404739325079,True,False
6818,314574882830343415,31,738,722,631,2000,103,102,4.263109131037217,4.262232875282832,9.527477006060396,9.30149619498255,True,False
6819,1450523140205636604,145,2816,2765,2273,2000,197,196,4.38434516015986,4.3831679106161205,11.459431618637296,11.150381968817848,True,False
6820,24889436839681674727,2489,2992,2976,2479,2000,112,111,4.76989252809678,4.769516814068605,11.546894459887637,11.275542556086723,True,False
6821,7099824481517480,1,960,224,221,224,224,221,7.807354922057605,7.771640636343317,9.906890595608518,7.787902559391432,False,False
6822,39536381781578825713,3954,9762,8136,6684,2000,1073,1042,5.162530392489552,5.159578105650377,13.252961036393684,12.706496018061188,True,False
6823,52666576534793458722,5267,9838,8221,6752,2000,1079,1049,5.160932569531253,5.158254619111531,13.264149339723328,12.721099188707186,True,False
6824,28920028101562500,3,1953,1180,1113,2000,745,718,6.297748146411651,6.262197183882549,10.93147623388679,10.12023787734196,True,False
6825,1596000000000000,0,385,0,0,0,0,0,0.0,0.0,8.588714635582264,0,False,True
6826,2446745364075845319,245,3222,2738,2298,2000,485,472,4.505038281454892,4.498609884394537,11.653740778706569,11.166163082646113,True,False
6827,9569573600148301,1,387,137,137,137,137,137,7.0980320829605255,7.0980320829605255,8.59618975614441,7.098032082960526,False,False
6828,21082612713279471144,2108,1971,1966,1689,2000,80,79,5.009938635002039,5.009251753011546,10.944712061043486,10.721953612801386,True,False
6829,4987500000000001,0,1020,0,0,0,0,0,0.0,0.0,9.994353436858859,0,False,True
6830,997500000000000,0,288,0,0,0,0,0,0.0,0.0,8.169925001442312,0,False,True
6831,123134985549136095,12,4774,3267,2966,2000,1196,1155,4.843375614819435,4.829238198822025,12.220982851081777,11.53430288245463,True,False
6832,97128507444225318,10,271,256,251,2000,84,83,4.464562326120263,4.462916427303488,8.08214904135387,7.971543553950772,True,False
6833,17356591180191218,2,849,464,449,2000,409,399,6.473118156926809,6.4458746140207195,9.729620743553038,8.810571634741146,True,False
6834,2788423793309565218,279,1318,1307,1131,2000,62,62,4.3237547839290285,4.3237547839290285,10.364134655008051,10.14338321398982,True,False
6835,4987500000000000,0,251,0,0,0,0,0,0.0,0.0,7.971543553950772,0,False,True
6836,149625000000000000000,14963,5598,5539,4465,0,0,0,0.0,0.0,12.450695771572915,12.124444460008585,False,True
6837,94000000000000000000,9400,5508,5435,4399,2000,302,302,5.5353879949431475,5.535387994943148,12.427312844134963,12.102959885910124,True,False
6838,9975000000000000,1,104,34,34,34,34,34,5.087462841250339,5.087462841250339,6.700439718141092,5.087462841250339,False,False
6839,548107760278859201,55,925,760,687,2000,192,188,4.421559807193325,4.416724583570512,9.853309555403674,9.4241662888181,True,False
6840,4891136826286867,0,1197,0,0,0,0,0,0.0,0.0,10.225207436943501,0,False,True
6841,34912500000000000,3,2561,1565,1464,2000,914,878,6.544317152950939,6.50361825823298,11.322491537597468,10.515699838284043,True,False
6842,3935137500000000000,394,4234,4079,3409,2000,467,465,4.549416394378515,4.5486886022359325,12.047805554007589,11.735132884139947,True,False
6843,2090133325017410349,209,6318,5432,4619,2000,920,909,4.43623325602771,4.432547604333447,12.625252221746873,12.173364830849037,True,False
6844,595096322652189268575,59510,1627,1622,1397,0,0,0,0.0,0.0,10.667998535672528,10.448116305409464,False,True
6845,70403550000000000000,7040,9779,8430,6776,2000,1262,1218,6.028232745903837,6.026568730209973,13.255471227467067,12.726218159332198,True,False
6846,595323871842392291235,59532,1629,1624,1399,0,0,0,0.0,0.0,10.669770888525518,10.450180247164754,False,True
6847,21136564919674259,2,1715,979,937,2000,714,688,6.5150018191677965,6.475343926793792,10.743992861060175,9.871905237659186,True,False
6848,8851056900000000000,885,9369,7742,6328,2000,1231,1185,5.048996267562206,5.045323082877232,13.193679354741729,12.627533884472792,True,False
6849,57320974123713898,6,858,610,574,2000,297,292,4.728112900319189,4.719355237364104,9.744833837499545,9.164906926675688,True,False
6850,96677700000000000000,9668,5420,5352,4345,2000,220,217,5.562803285764396,5.5321505420068045,12.404077136241234,12.085140461701762,True,False
6851,508725000000000000,51,3125,2881,2538,2000,656,653,4.784388407666733,4.783832836678649,11.609640474436812,11.309476353841106,True,False
6852,149761098325945182,15,1662,1505,1404,2000,463,461,4.423448113824767,4.422369700433376,10.698704666770345,10.45532722030456,True,False
6853,25741512607648163,3,116,77,77,2000,76,76,5.0284086102493095,5.02840861024931,6.857980995127572,6.266786540694901,True,False
6854,5752857655142489,1,884,154,152,154,154,152,7.266786540694904,7.235910647823712,9.787902559391432,7.247927513443585,False,False
6855,9718642500000000000,972,2796,2469,2054,2000,399,390,5.002055044120694,4.997465109287035,11.449148645375436,11.004220466318195,True,False
6856,4520150732410348637,452,4474,4300,3604,2000,507,505,4.77673153414281,4.77626820920724,12.127349541059118,11.815383295813538,True,False
6857,636150135355974817,64,2808,2634,2297,2000,509,507,4.639550859133461,4.639017472461459,11.45532722030456,11.165535141377925,True,False
6858,38031829448054660238,3803,5176,5118,4152,2000,205,204,4.551846811036392,4.550975178706756,12.337621901992508,12.019590728357882,True,False
6859,488552638913955000,49,174,144,139,2000,52,52,4.312962928345331,4.31296292834533,7.442943495848728,7.118941072723508,True,False
6860,88034712714880349,9,2414,1682,1539,2000,711,686,4.888440484538897,4.871724532055886,11.237209960755022,10.58777751632821,True,False
6861,9975000000000000,1,2059,483,472,483,483,472,8.915879378835774,8.862857348867998,11.007728114632254,8.88264304936184,False,False
6862,6922243066212023,1,1824,317,311,317,317,311,8.308339030139406,8.264174992284516,10.832890014164741,8.280770770130603,False,False
6863,5571278254264131623,557,468,427,394,2000,91,91,4.6835726504709365,4.683572650470936,8.870364719583405,8.622051819456376,True,False
6864,12169484154814278224,1217,7730,6829,5750,2000,922,911,4.78916257845015,4.787781528665616,12.91625269881221,12.4893462407191,True,False
6865,50244426935803832573,5024,5468,5386,4390,2000,349,349,5.624972602426585,5.624972602426586,12.41679752760606,12.10000522442272,True,False
6866,19257803395876955944,1926,4824,4758,3838,2000,206,205,4.697525967944692,4.696813648048302,12.236014191900084,11.90613899619538,True,False
6867,9958646805870765772,996,4330,4290,3439,2000,224,224,5.157044393655682,5.157044393655683,12.080151309614088,11.74777340052679,True,False
6868,423923192213115000,42,3652,2879,2518,2000,751,723,4.573294949793347,4.559668172175731,11.834471049984222,11.298062567719017,True,False
6869,4337350123116645303,434,1564,1557,1363,2000,67,66,4.232158966160003,4.230893730682308,10.611024797307353,10.41256984680521,True,False
6870,1210841529414625,0,749,0,0,0,0,0,0.0,0.0,9.54882190845875,0,False,True
6871,9975000000000000,1,361,130,128,130,130,128,7.022367813028455,6.991598582259224,8.49585502688717,7.0,False,False
6872,9984975000000000000,998,1365,1200,1051,2000,218,214,5.340433155532483,5.338985241191118,10.414685235807214,10.037546953962178,True,False
6873,19341444497525716,2,1932,1026,1010,2000,913,902,6.570181910199657,6.558468221956587,10.915879378835774,9.980139577639157,True,False
6874,224936250000000000,22,3966,3031,2767,2000,935,924,4.391193393393791,4.388389796108193,11.953468962228849,11.434106928609955,True,False
6875,528675000000000000,53,5297,4182,3616,2000,1030,990,4.456175945420673,4.44533160552823,12.370959793297386,11.820178962415188,True,False
6876,1270531252211209104,127,6945,5554,4727,2000,1016,990,4.637717684340339,4.633808420097427,12.761758978868755,12.20670914935865,True,False
6877,9952057500000000000,995,4303,4246,3430,2000,251,251,5.078296370694738,5.078296370694739,12.07112712494831,11.743992861060175,True,False
6878,99231300000000000000,9923,5598,5520,4488,2000,296,296,4.688947812584594,4.688947812584593,12.450695771572915,12.131856960608793,True,False
6879,22424274677463770,2,1735,999,955,2000,715,689,6.5166244499543815,6.476956633182886,10.760719947465624,9.899356922923111,True,False
6880,69825000000000000,7,2650,1835,1764,2000,830,820,4.441547281674057,4.437070743422304,11.371776644337924,10.784634845557521,True,False
6881,19934738250000000000,1993,4833,4765,3851,2000,207,206,5.036203508993452,5.035703425646227,12.238703279427725,11.911017407796985,True,False
6882,79800000000000000,8,3081,2084,1913,2000,920,884,4.5667490939986095,4.5498854490347655,11.589182967039351,10.901621158346112,True,False
6883,5834391329387922856,583,3269,3211,2602,2000,157,156,4.68632506192853,4.683867158644574,11.674633661767267,11.345405246717796,True,False
6884,417920357747634018,42,1778,1729,1484,2000,207,207,4.396247833334188,4.396247833334188,10.79603960882977,10.535275376620802,True,False
6885,903925793321653756,90,844,833,747,2000,77,76,4.388697931954029,4.388032128563241,9.721099188707186,9.544964432789238,True,False
6886,15375370759103607,2,2286,1030,1009,2000,992,972,6.505871432454816,6.483289846427361,11.158609688214478,9.978710459106358,True,False
6887,614734568369568,0,207,0,0,0,0,0,0.0,0.0,7.693486957499325,0,False,True
6888,4868128022353760693,487,1849,1841,1572,2000,97,96,4.580436733675489,4.579940302849457,10.852529509404196,10.618385502258606,True,False
6889,20628300000000000000,2063,8252,7092,5720,2000,1092,1050,5.597197251897431,5.59346995821779,13.010528105886484,12.481799431665753,True,False
6890,209145596782625279228,20915,1064,953,837,0,0,0,0.0,0.0,10.055282435501189,9.709083812550343,False,True
6891,183204048215427992838,18320,835,762,685,0,0,0,0.0,0.0,9.705632387361415,9.419960177847889,False,True
6892,11969377358673615340,1197,9010,7444,6136,2000,980,948,5.240799678033175,5.237525603437842,13.137311390700901,12.583082767502933,True,False
6893,248316995460056861,25,5211,3567,3158,2000,1048,1019,4.584086812548778,4.578328456053298,12.34734453943155,11.624795455860237,True,False
6894,13313555072607200926,1331,9525,8025,6505,2000,1260,1218,5.164222311968293,5.161192870644841,13.217503377268047,12.667333341605158,True,False
6895,22241702705172987040,2224,9334,8037,6464,2000,1212,1166,5.727629399527995,5.724149856802176,13.188279751964144,12.658211482751796,True,False
6896,1596035689092111197,160,4555,3796,3204,2000,741,713,4.898719090223072,4.883439682159618,12.153235338689413,11.64565843240871,True,False
6897,1197593634149876358,120,4001,3321,2814,2000,669,646,4.563093538374478,4.551887090422106,11.966144913345602,11.458406613236532,True,False
6898,2341874216169048387,234,3346,2851,2390,2000,517,500,4.6368256871803855,4.626140479025672,11.708221730038353,11.222794902868111,True,False
6899,2399980250800637104,240,2225,1941,1660,2000,359,352,4.642556979987131,4.638291814560704,11.119589620741122,10.696967526234287,True,False
6900,19710970581299651760,1971,4863,4796,3880,2000,194,193,4.722574932825847,4.721868925883446,12.247630876238699,11.92184093707449,True,False
6901,7989554194149278434,799,4082,4015,3227,2000,196,195,4.626886703999401,4.62608638387135,11.995060467032719,11.655977862486942,True,False
6902,15844246566149477825,1584,4723,4656,3773,2000,194,193,4.7225936139423546,4.721887586230766,12.205487820150566,11.88149638481011,True,False
6903,25313059077144845372,2531,5013,4946,4012,2000,217,216,5.405297681088704,5.404944630882021,12.291458518782344,11.970105890612182,True,False
6904,21895125000000000000,2190,6903,5950,4813,2000,930,893,5.76597355168192,5.76274245863255,12.753007768945245,12.232720707964873,True,False
6905,1994285572967940000,199,1024,880,793,2000,168,165,4.345929832366557,4.340675234593506,10.0,9.63117705570398,True,False
6906,37387340709329450713,3739,8306,7167,5773,2000,1060,1018,5.043103412642649,5.037316906920927,13.019938156424795,12.495105510007784,True,False
6907,329174867932296569054,32917,9513,8248,6641,0,0,0,0.0,0.0,13.215684662824996,12.697184783224516,False,True
6908,1568868000000000000,157,7310,5863,4973,2000,1065,1034,4.636965987310013,4.626139623228931,12.8356556908398,12.279900715802762,True,False
6909,1995000000000000,0,119,0,0,0,0,0,0.0,0.0,6.894817763307944,0,False,True
6910,14413875000000000000,1441,1717,1525,1310,2000,252,248,5.159496689028015,5.158139811530552,10.745674324002135,10.355351096424812,True,False
6911,997500000000000000,100,1143,971,867,2000,220,216,4.490467183432825,4.487132599630567,10.158609688214478,9.759888183221834,True,False
6912,79800000000000000,8,24,20,20,1789,20,20,3.9895527690541774,3.9895527690541774,4.584962500721156,4.321928094887363,False,False
6913,6482526961074190224,648,7370,6456,5447,2000,935,923,4.838922630968121,4.837077456133899,12.847448903982432,12.411246151840444,True,False
6914,4458026575445850266,446,7094,6158,5203,2000,941,930,4.6024425778436155,4.600840336265753,12.792383614935188,12.345127991976693,True,False
6915,18553500000000000000,1855,2367,2356,1933,2000,80,79,4.489273685741144,4.488698217278089,11.208843990734614,10.916625922211235,True,False
6916,12867750000000000000,1287,2214,2203,1812,2000,84,82,4.512321443347511,4.510766048706073,11.112439506781552,10.823367240046235,True,False
6917,99750000000000000,10,257,245,237,2000,74,73,4.383051610561559,4.381037008984369,8.005624549193879,7.888743248898259,True,False
6918,698250000000000000,70,760,748,682,2000,79,78,4.365582440951412,4.364504575417048,9.569855608330949,9.413627929024173,True,False
6919,23740500000000000000,2374,2487,2475,2034,2000,81,80,4.400844190896533,4.399870638346188,11.280190792216906,10.9901039638575,True,False
6920,10074750000000000000,1007,2149,2136,1780,2000,82,81,4.444917881987095,4.444020395160427,11.069449767427784,10.79766152585376,True,False
6921,49875000000000000,5,571,502,480,2000,185,184,4.706759155289437,4.703754272354667,9.157346935362844,8.906890595608518,True,False
6922,10423875000000000000,1042,4456,4389,3543,2000,194,193,4.674899624666675,4.674149437119788,12.121533517340032,11.790755750118313,True,False
6923,14763000000000000000,1476,4734,4675,3780,2000,217,216,5.0373835949177455,5.036923401636566,12.208843990734614,11.884170519108435,True,False
6924,19950000000000000000,1995,4994,4939,3971,2000,217,216,5.076975994658755,5.076535924247491,12.285980105928212,11.955286645524469,True,False
6925,34673100000000000000,3467,5336,5281,4234,2000,219,218,5.194411868815292,5.194037469066652,12.381542951184585,12.047805554007589,True,False
6926,24937500000000000000,2494,5122,5068,4067,2000,224,223,5.340369275863407,5.340038723138587,12.322491537597468,11.989749275462133,True,False
6927,23401350000000000000,2340,5081,5027,4032,2000,223,221,5.405966895243715,5.404246879806029,12.310896748797713,11.977279923499916,True,False
6928,34912500000000000,3,444,399,389,2000,194,194,5.202561517064812,5.2025615170648125,8.794415866350105,8.603626344986193,True,False
6929,40797750000000000000,4080,5156,5105,4094,2000,237,237,5.59329388332698,5.593293883326979,12.332036548361652,11.99929538702341,True,False
6930,9326625000000000000,933,4244,4184,3389,2000,268,268,5.408260490058326,5.408260490058325,12.051208940914766,11.726643921483994,True,False
6931,179550000000000000,18,1294,1232,1118,2000,265,265,4.3611362161540175,4.3611362161540175,10.337621901992508,10.12670447284319,True,False
6932,349125000000000000,35,1769,1698,1483,2000,280,280,4.370720507230195,4.370720507230196,10.788718332690458,10.53430288245463,True,False
6933,124986750000000000000,12499,6885,6619,5490,0,0,0,0.0,0.0,12.749240939022327,12.42259043389256,False,True
6934,5985000000000000000,599,5444,5167,4321,2000,708,704,4.605673024058258,4.6047940319691865,12.410451351503994,12.077149515589733,True,False
6935,205485000000000000,21,2812,2460,2267,2000,734,729,4.482329303354494,4.479197464753743,11.457380879072534,11.146568675740786,True,False
6936,170572500000000000,17,4040,2914,2683,2000,965,949,4.539328687280586,4.531551173293636,11.980139577639157,11.389631339260522,True,False
6937,67830000000000000,7,3847,2221,2055,2000,1017,988,4.743927800727928,4.726796074045174,11.909518114296615,11.004922678569045,True,False
6938,144647475000000000,14,4989,3433,3119,2000,1215,1175,4.45855425558699,4.4495066108284185,12.284534954008425,11.606867837374152,True,False
6939,540645000000000000,54,5558,4391,3785,2000,1068,1026,4.46081537952195,4.449661364082935,12.440350119200563,11.886077584873094,True,False
6940,489210450463258567,49,3900,3249,2859,2000,780,774,4.599566107397878,4.598392555712914,11.929258408636972,11.481294904631097,True,False
6941,6829377023655113,1,659,252,252,252,252,252,7.977279923499916,7.977279923499916,9.364134655008051,7.977279923499917,False,False
6942,7456312500000000,1,14,3,3,3,3,3,1.584962500721156,1.584962500721156,3.807354922057604,1.584962500721156,False,False
6943,21052631578947368,2,253,149,148,2000,112,112,6.292712838413431,6.292712838413431,7.98299357469431,7.20945336562895,True,False
6944,790525463495861835,79,734,727,673,2000,79,77,4.5694887823909225,4.517201706082922,9.519636252843213,9.394462694610317,True,False
6945,4010025062656641604,401,3681,3638,2943,2000,204,204,4.357034582048083,4.357034582048082,11.845882034384061,11.523071826940395,True,False
6946,9963030000000000000,996,4291,4236,3422,2000,225,225,4.58428589271999,4.58428589271999,12.067098185748385,11.740624044489413,True,False
6947,997500000000000000,100,6617,5149,4432,2000,985,955,4.445980401222679,4.4363431201506005,12.691961564216788,12.113742166049189,True,False
6948,79800000000000000,8,3820,2349,2193,2000,974,944,4.430489018086574,4.418425147072942,11.899356922923111,11.098690096673593,True,False
6949,794014987500000000,79,6316,4835,4204,2000,968,940,4.423578309739661,4.416099460640157,12.624795455860237,12.037546953962178,True,False
6950,1135805058281250000,114,6934,5443,4642,2000,964,935,4.614232528130106,4.605010140283898,12.759472121202833,12.180530807344482,True,False
6951,1047375000000000000,105,6863,5367,4578,2000,965,934,4.554252745595916,4.542668180438358,12.744623639343585,12.160501747555687,True,False
6952,798000000000000000,80,6326,4826,4186,2000,975,946,4.729893108317233,4.72518492602401,12.627077840517394,12.031356596255709,True,False
6953,997500000000000000,100,6599,5093,4381,2000,968,939,4.390908220219041,4.380674538826651,12.688031702413934,12.097044499322951,True,False
6954,598500000000000000,60,6046,4535,3949,2000,974,945,4.40070941552549,4.392750011902395,12.561765263627708,11.947271652460348,True,False
6955,1895250000000000000,190,7365,5835,4946,2000,987,958,4.723579522150468,4.718823170695883,12.846469809923212,12.272046524389937,True,False
6956,13971340760250300000,1397,2137,2130,1797,2000,98,94,4.817621287972617,4.722613208394222,11.061371192659811,10.811374693509942,True,False
6957,1236208792707205,0,337,0,0,0,0,0,0.0,0.0,8.396604781181859,0,False,True
6958,1639256931960547617,164,7861,6316,5308,2000,1236,1195,4.743052800587503,4.738468887194991,12.940497134458205,12.373952655370193,True,False
6959,2501549680975240735,250,3261,3217,2635,2000,210,210,4.408430355925514,4.408430355925513,11.671098725748465,11.363587246524578,True,False
6960,2345659782382422465,235,3223,3177,2607,2000,219,219,4.7613714795516895,4.7613714795516895,11.654188473059545,11.348174867535556,True,False
6961,53748174047639268,5,3366,2193,2020,2000,1067,1027,5.118868968088519,5.094609583667823,11.71681946132995,10.980139577639157,True,False
6962,4987500000000000,0,61,0,0,0,0,0,0.0,0.0,5.930737337562887,0,False,True
6963,1685775000000000000,169,204,176,170,2000,46,46,4.280744461257057,4.280744461257055,7.672425341971495,7.409390936137702,True,False
6964,468485538538380028,47,269,266,262,2000,50,50,4.1973704321561875,4.197370432156188,8.071462362556623,8.03342300153745,True,False
6965,28435546944640485715,2844,965,962,834,2000,71,70,5.128084541730062,5.08772800456434,9.914385132155443,9.703903573444663,True,False
6966,2992500000000000,0,19,0,0,0,0,0,0.0,0.0,4.247927513443585,0,False,True
6967,321625273390601402,32,5324,3958,3489,2000,1100,1067,4.446883650665437,4.438348501761208,12.378294855911891,11.768597882194374,True,False
6968,15342577627469420534,1534,6583,6177,5091,2000,760,754,5.003461862379111,5.002077272438131,12.684529482418487,12.313733350263819,True,False
6969,4840070095412423246,484,6823,5959,5031,2000,881,871,4.715430244106198,4.7106899552905,12.736190500960927,12.296629474285503,True,False
6970,3302334754724893813,330,7340,6208,5242,2000,974,956,4.599379262486448,4.594468082495857,12.841564347730575,12.355901638328417,True,False
6971,577999342514171843,58,6575,5112,4406,2000,1238,1195,4.444017130335856,4.430181538330827,12.682775179067027,12.105253779700883,True,False
6972,204673399637701767,20,4821,3363,3015,2000,1012,982,5.0821531521644125,5.069503911932594,12.23511671439625,11.557942286787448,True,False
6973,4975417896795058516,498,359,357,328,2000,43,43,4.433644413650299,4.433644413650299,8.487840033823051,8.357552004618084,True,False
6974,3471300000000000000,347,6602,5551,4586,2000,985,945,4.463612805980588,4.45369073965718,12.688687423222536,12.163020639580793,True,False
6975,998245109988147233,100,1443,1220,1076,2000,276,270,4.493480871755971,4.487652425790918,10.494855584491198,10.071462362556623,True,False
6976,384037500000000000,38,1010,823,744,2000,227,223,4.432157990411303,4.427012112211003,9.980139577639157,9.539158811108031,True,False
6977,3441038382844041924,344,3611,3556,2873,2000,214,213,4.867566198099159,4.8670108529016325,11.81818270494864,11.488342277532524,True,False
6978,53754586420969593,5,724,516,491,2000,252,248,4.814119676917751,4.80561450445626,9.499845887083206,8.939579214314692,True,False
6979,3374806285997514101,337,7991,6651,5579,2000,1085,1053,4.736063699765665,4.7318635059979925,12.964160339100337,12.445790836048076,True,False
6980,131988069202888182006,13199,7761,6996,5762,0,0,0,0.0,0.0,12.922026839405897,12.49235394515987,False,True
6981,7972708137687130,1,1511,359,359,359,359,359,8.48784003382305,8.48784003382305,10.561287945164828,8.487840033823051,False,False
6982,18286284932491842347,1829,2358,2347,1928,2000,81,80,4.264792078228572,4.263864510518206,11.203348002979762,10.912889336229961,True,False
6983,11299147505802584767,1130,2149,2138,1784,2000,76,75,4.551148373286861,4.549915964247058,11.069449767427784,10.800899899920305,True,False
6984,5975954785757488462,598,1822,1810,1510,2000,72,72,4.6474137510147795,4.6474137510147795,10.831307243802051,10.560332834212442,True,False
6985,2481304456347857152,248,1273,1262,1091,2000,66,66,4.539304110268607,4.539304110268606,10.314016703901357,10.091435386323607,True,False
6986,83905732345062106080,8391,2893,2881,2405,2000,82,82,5.108659118311079,5.108659118311079,11.4983506079296,11.231821178657404,True,False
6987,1832556928085123512,183,1239,1226,1070,2000,87,85,4.410411652742584,4.409175645814605,10.274960472140602,10.06339508128851,True,False
6988,8647717722643875394,865,2268,2253,1881,2000,97,96,4.571387577581426,4.570719295743949,11.147204924942228,10.877284133523196,True,False
6989,4605801108985599488,461,1947,1932,1603,2000,95,94,4.425189788853205,4.4246079708299275,10.927037168720295,10.646558710154547,True,False
6990,99435787500000000000,9944,7247,6887,5680,2000,818,811,6.713667323299537,6.7130526182728385,12.82316817898474,12.471675214392045,True,False
6991,99750000000000000,10,2728,1908,1746,2000,772,744,5.391306625784387,5.366731434539153,11.413627929024173,10.76983784362944,True,False
6992,4887750000000000000,489,1824,1815,1518,2000,81,80,4.522074674162765,4.521550181926257,10.832890014164741,10.567956075415466,True,False
6993,6000000000000000,1,1744,275,271,275,275,271,8.103287808412023,8.066924172048388,10.768184324776927,8.08214904135387,False,False
6994,14942504313336214,1,1336,655,634,655,655,634,9.355351096424812,9.28456555752924,10.383704292474052,9.308339030139408,False,False
6995,456331498872731,0,201,0,0,0,0,0,0.0,0.0,7.651051691178929,0,False,True
6996,721192500000000000,72,6911,5363,4638,2000,1232,1191,4.408740624980586,4.40018621513364,12.754678763822529,12.179287104646004,True,False
6997,18327772118271229087,1833,2513,2500,2096,2000,98,96,4.952043736661235,4.9514014076798,11.295194955880655,11.03342300153745,True,False
6998,1805824938860386203,181,5534,4720,4016,2000,843,833,5.136864741335034,5.135282876777636,12.434106928609955,11.971543553950772,True,False
6999,2990372327871600000,299,171,151,147,2000,42,42,4.426899483205515,4.426899483205515,7.417852514885898,7.199672344836364,True,False
7000,4342915500000000000,434,8775,7163,5924,2000,1228,1186,4.922632288441253,4.918969055157955,13.099183410079286,12.532355925288847,True,False
7001,4435898972469104280,444,1679,1672,1449,2000,83,81,4.353927564927155,4.352410963354671,10.71338651493703,10.50084187955693,True,False
7002,2580041161037860626,258,3262,3203,2621,2000,199,198,4.405625075820706,4.404524745721677,11.671541066711884,11.355901638328417,True,False
7003,374520894014975327,37,1684,1625,1395,2000,199,198,4.455789301326429,4.454635172693547,10.717676423066395,10.44604940671655,True,False
7004,660005083250234700,66,2094,2037,1692,2000,202,201,4.354021349863211,4.352645403900362,11.032045726930809,10.72451385311995,True,False
7005,414591813955838657,41,1783,1728,1473,2000,201,200,4.374264390847914,4.3726707653499055,10.800090987624994,10.524541715035848,True,False
7006,1489559475696573343,149,2843,2788,2283,2000,201,200,4.354119760436502,4.352743814473652,11.473198383677527,11.156715144224702,True,False
7007,6287806591049529504,629,3311,3253,2630,2000,151,150,4.361533838856525,4.35730836543284,11.693051295397,11.360847084179664,True,False
7008,3282502971956738192,328,2717,2358,1989,2000,400,390,4.41774766885964,4.405964891404894,11.407798850221974,10.957827560833744,True,False
7009,28807800000000000000,2881,7250,6484,5334,2000,814,808,5.570038265815866,5.569642686988287,12.82376527978966,12.381002109550925,True,False
7010,5721331556377885,1,1227,193,189,193,193,189,7.592457037268081,7.540643565765489,10.260919533662905,7.562242424221073,False,False
7011,69405102972841412,7,733,666,628,2000,189,188,4.390279428801879,4.388194852593523,9.517669388133811,9.294620748891626,True,False
7012,556865299307543156,56,651,639,579,2000,69,68,4.596156665800161,4.536153756710014,9.346513733165635,9.177419537989236,True,False
7013,297018910435390430,30,5540,4050,3581,2000,1182,1142,4.455557872295689,4.445027763613679,12.43567026093655,11.806146803320525,True,False
7014,997500000000000000,100,7187,5556,4736,2000,1220,1175,4.392576098675361,4.3819599056988014,12.81117397072132,12.20945336562895,True,False
7015,57037050000000000000,5704,9424,8144,6547,2000,1210,1165,6.005522838716667,6.002750612521953,13.20212382383046,12.67661826358852,True,False
7016,16758148064285871,2,1896,981,967,2000,923,912,6.566752677191693,6.555252677191692,10.888743248898258,9.917372079476841,True,False
7017,9927499731569453537,993,9374,7828,6391,2000,1241,1199,5.089571430071853,5.086399299450559,13.194449079479025,12.641825972041826,True,False
7018,11014882627971393330,1101,8039,7044,5909,2000,980,969,4.598414158596108,4.596514634008884,12.972800335224479,12.528698283574188,True,False
7019,8078132433887703538,808,7782,6777,5691,2000,987,976,5.16552333677455,5.164692662435273,12.925925264972856,12.474466464132632,True,False
7020,52654744131167242387,5265,6258,6056,5017,2000,628,626,5.913339957583049,5.913205338315184,12.611485943240922,12.292609222764296,True,False
7021,18109527780560198,2,1924,1009,994,2000,923,912,6.566752677191693,6.555252677191692,10.909893083770042,9.957102041562287,True,False
7022,3252090861449220000,325,2994,2585,2165,2000,443,431,4.602276746651755,4.596482617631995,11.547858506058416,11.080151309614088,True,False
7023,232976771110103376,23,3688,2851,2604,2000,856,846,4.393636891657982,4.390476230393023,11.848622940429339,11.346513733165635,True,False
7024,6183320485442611393,618,6346,5572,4663,2000,812,803,4.648256240165486,4.6459226109806275,12.631631805917637,12.187042714339894,True,False
7025,53724228886936761,5,2695,1774,1646,2000,852,818,5.083405957226763,5.060189274256565,11.396069557639867,10.684748620421626,True,False
7026,20050125313283208,2,868,680,675,2000,553,551,6.521252368411343,6.517528219173283,9.761551232444479,9.398743691938193,True,False
7027,256878289452030549,26,5443,4086,3624,2000,1222,1178,4.393048068172423,4.3824654508805505,12.410186320725094,11.823367240046235,True,False
7028,199500000000000000,20,3303,2538,2338,2000,787,781,4.388149927786247,4.386221385191568,11.689561254285525,11.191059214531656,True,False
7029,432400646793025,0,184,0,0,0,0,0,0.0,0.0,7.523561956057013,0,False,True
7030,3078113562307608365,308,7870,6379,5357,2000,968,939,4.786795748660926,4.7798201567145755,12.942147920394849,12.38720958071964,True,False
7031,155989317904852395649,15599,3453,3065,2518,0,0,0,0.0,0.0,11.753634618853386,11.298062567719017,False,True
7032,89084444306122859,9,3532,2393,2184,2000,1040,1000,5.016778611751312,4.995138409580608,11.786269627648466,11.092757140919852,True,False
7033,29803593868652354352,2980,7815,6733,5422,2000,1050,1009,6.1113940976408285,6.108938370461002,12.932030157887027,12.404609397837712,True,False
7034,49875000000000000,5,778,686,676,2000,345,344,4.507953495156286,4.506753255108278,9.603626344986193,9.400879436282183,True,False
7035,431077694235588972,43,1779,1722,1464,2000,204,202,4.404996095861623,4.3685130733913935,10.79685079526716,10.515699838284043,True,False
7036,15075689724144140,2,2841,1283,1237,2000,1225,1184,6.573879629149938,6.535397616453453,11.472183116189541,10.27262978497637,True,False
7037,472145397892770000,47,1038,857,773,2000,226,222,4.390818645061989,4.3863184481783755,10.019590728357882,9.594324603924848,True,False
7038,2133960677849817703,213,368,331,314,2000,74,74,4.386468281472974,4.386468281472973,8.523561956057012,8.294620748891626,True,False
7039,1635900000000000000,164,2827,2761,2258,2000,201,200,4.5188621323927185,4.51790830624921,11.465056167831175,11.140829770773001,True,False
7040,427728000000000000,43,6209,4658,4085,2000,1235,1193,4.465684075899697,4.453930887659125,12.600145216358667,11.996120363033047,True,False
7041,90457369046457245,9,165,160,158,2000,61,60,4.316413053177739,4.245206276863355,7.366322214245816,7.303780748177103,True,False
7042,9969947991515697661,997,9331,7802,6361,2000,1238,1197,5.04920218505243,5.045955206606826,13.187815987146577,12.635037871183252,True,False
7043,219450000000000000,22,1763,1661,1502,2000,402,400,4.458439336520698,4.4574392910640865,10.783816759320182,10.552669097514272,True,False
7044,1995000000000000000,200,7428,6156,5134,2000,1159,1116,4.453298849019362,4.44217943897988,12.858758099935422,12.325867580575418,True,False
7045,372449948890034021,37,3667,3016,2697,2000,780,774,4.5536812347957385,4.552461450754173,11.840384550711667,11.397139806235604,True,False
7046,2334150000000000000,233,8243,6629,5533,2000,1225,1180,4.834131440580699,4.829593869272033,13.008953779526196,12.433846208442825,True,False
7047,891450849344448412,89,2282,2236,1863,2000,207,207,4.358231164445128,4.358231164445128,11.156083076288681,10.863411958941638,True,False
7048,189090259278969930,19,349,337,322,2000,68,67,4.212634474480627,4.199977759072408,8.447083226209653,8.330916878114618,True,False
7049,6106019706124471,1,808,153,153,153,153,153,7.257387842692654,7.257387842692654,9.658211482751796,7.257387842692652,False,False
7050,950821781826100635,95,2301,2242,1851,2000,206,205,4.492840624690806,4.49191633261451,11.16804526822409,10.854089179870574,True,False
7051,106836186236340634,11,1848,1634,1558,2000,611,609,4.432854197818417,4.431854031123968,10.851749041416058,10.605479518061669,True,False
7052,15803913068997175382,1580,9792,8306,6817,2000,1196,1155,4.741387736908125,4.736056144437354,13.257387842692651,12.73492126770526,True,False
7053,7980000000000000000,798,4891,4726,3932,2000,507,505,4.960488213696973,4.9601245525382565,12.25591374933779,11.94104760634058,True,False
7054,68628000000000000,7,3678,2443,2242,2000,1125,1084,4.53645847414204,4.519803128191852,11.844705764411938,11.130570562805426,True,False
7055,890103215988783623,89,2296,2241,1843,2000,202,201,4.372201664603665,4.370978898930032,11.164906926675688,10.847840355630714,True,False
7056,1246875000000000000,125,2730,2674,2185,2000,199,198,4.444575840535302,4.4435756132109105,11.414685235807214,11.093417564387961,True,False
7057,1485816136196730244,149,7761,6165,5191,2000,1222,1178,4.557234397087702,4.548706883257299,12.922026839405897,12.34179677239183,True,False
7058,2342236458878775,0,1051,0,0,0,0,0,0.0,0.0,10.037546953962178,0,False,True
7059,9557782453231674710,956,4259,4192,3374,2000,194,193,4.442820281748894,4.44172887656472,12.056299014550337,11.720244258287567,True,False
7060,9279742500000000000,928,4225,4157,3349,2000,198,197,4.68356336348237,4.6828047820296845,12.044735626056909,11.709514660706716,True,False
7061,996241633490368424,100,6673,5090,4397,2000,995,966,4.54934921137408,4.543944029443507,12.704119788513017,12.102303817212647,True,False
7062,25062656641604010,3,1812,1074,1020,2000,715,689,6.237566424471012,6.202918862543385,10.823367240046235,9.994353436858859,True,False
7063,17396400000000000,2,2916,1333,1283,2000,1211,1170,6.569100081028601,6.530429346456575,11.509775004326936,10.325305455089682,True,False
7064,508725000000000000,51,1942,1881,1601,2000,193,192,4.485768789436008,4.4835683493479905,10.923327485419192,10.644757592516257,True,False
7065,1246068149455815000,125,1165,999,890,2000,211,207,4.540070165299398,4.536699273515821,10.186114239541643,9.79766152585376,True,False
7066,1206975000000000000,121,944,801,726,2000,166,163,4.531175950014175,4.527812355886276,9.88264304936184,9.50382573799575,True,False
7067,448875000000000000,45,619,502,468,2000,129,129,4.32394037895221,4.32394037895221,9.273795599214264,8.870364719583405,True,False
7068,1945125000000000000,195,760,661,599,2000,118,118,4.316281619630407,4.316281619630406,9.569855608330949,9.226412192788786,True,False
7069,127680000000000000,13,3133,2279,2066,2000,814,782,4.783423947839366,4.762267959012664,11.613329054371054,11.01262453886506,True,False
7070,42791411817605955,4,3718,2218,2056,2000,1241,1199,4.789517347186459,4.769628163047216,11.860311054919482,11.005624549193879,True,False
7071,199500000000000,0,96,0,0,0,0,0,0.0,0.0,6.584962500721156,0,False,True
7072,968790560263050000,97,593,588,565,2000,68,68,4.472452336385209,4.472452336385209,9.211888294546004,9.14210705730255,True,False
7073,899745000000000000,90,7057,5462,4684,2000,1220,1177,4.572915675169358,4.5655226411697125,12.78483929465315,12.193525360501216,True,False
7074,447977250000000000,45,2581,2074,1810,2000,530,513,4.3773109745660586,4.364862615357133,11.33371442609397,10.821773981970567,True,False
7075,997500000000000,0,341,0,0,0,0,0,0.0,0.0,8.413627929024173,0,False,True
7076,31898397810326250000,3190,2557,2546,2146,2000,78,78,5.181950085350444,5.181950085350445,11.32023644524165,11.067434360756522,True,False
7077,565582500000000000,57,5399,4266,3751,2000,974,957,4.693035967836635,4.689390862976727,12.398476501449256,11.87305954766147,True,False
7078,3060582434532000000,306,1480,1469,1227,2000,63,63,4.382749288217465,4.382749288217462,10.531381460516313,10.260919533662905,True,False
7079,4448850000000000000,445,3816,3760,3029,2000,204,203,4.629527332101314,4.628793827616933,11.897845456005511,11.564625862795372,True,False
7080,19544882184137613,2,2860,1447,1388,2000,1226,1183,6.5742153453989935,6.532712028281907,11.481799431665753,10.43879185257826,True,False
7081,8585817101378768,1,2063,477,466,477,477,466,8.897845456005513,8.84594841721691,11.010528105886484,8.86418614465428,False,False
7082,2936313387754364729,294,3724,3623,3024,2000,390,388,4.959452397573584,4.958151629096212,11.862637357558794,11.562242424221072,True,False
7083,3521213155300190,0,37,0,0,0,0,0,0.0,0.0,5.20945336562895,0,False,True
7084,2783976342993428,0,1205,0,0,0,0,0,0.0,0.0,10.234817431117325,0,False,True
7085,113407068989907421,11,1823,1341,1221,2000,476,464,5.267842103412974,5.248446285068548,10.832098846039134,10.253847484987404,True,False
7086,6982500000000000,1,1155,300,300,300,300,300,8.228818690495883,8.228818690495883,10.17367713630342,8.228818690495881,False,False
7087,350055461172995136,35,6030,4418,3870,2000,1222,1180,4.650659463113652,4.643606574868359,12.557942286787448,11.918117851031772,True,False
7088,6506793207950353023,651,3330,3272,2644,2000,155,154,4.5252726832000905,4.522333734483159,11.701306461958625,11.368506461507693,True,False
7089,22271569834104384739,2227,2501,2489,2095,2000,72,71,4.268702432215628,4.259847389945922,11.28828934218097,11.032734528586714,True,False
7090,16567744395847667732,1657,9733,8121,6607,2000,1231,1189,5.089295045987588,5.085834447362661,13.248668839723136,12.689779629377275,True,False
7091,99119113836195565,10,2817,1966,1798,2000,808,776,5.434968181273369,5.4085033366772635,11.45994384837493,10.812177305514448,True,False
7092,9579790858635154,1,1204,363,357,363,363,357,8.50382573799575,8.4652582448828,10.233619676759702,8.479780264029099,False,False
7093,145856971510438448,15,3093,2264,2049,2000,784,756,4.543233400322872,4.527457788721245,11.594791118089265,11.000704269011246,True,False
7094,31788908435331561126,3179,5202,5143,4152,2000,202,201,4.413054598722195,4.411943824209421,12.34485068394299,12.019590728357882,True,False
7095,30423750000000000000,3042,2508,2502,2061,2000,88,87,4.530878507228635,4.530317459411745,11.29232163280204,11.009128789539256,True,False
7096,58852500000000000000,5885,2633,2627,2153,2000,97,96,4.7747442583220305,4.774210187260844,11.362491806046062,11.072132604167233,True,False
7097,770781312231077135,77,773,767,692,2000,81,80,4.4061096876755,4.404690801232929,9.594324603924848,9.434628227636725,True,False
7098,997500000000000000,100,743,738,694,2000,62,61,4.1994083977856835,4.196805772746603,9.537218400538595,9.43879185257826,True,False
7099,34115798908142348,3,1965,1230,1155,2000,711,686,6.229314692600876,6.196143762899104,10.940313597145968,10.17367713630342,True,False
7100,28723470666042414139,2872,5061,4996,4039,2000,206,205,4.788940974162947,4.788310041242588,12.305206759008723,11.979782430703086,True,False
7101,7945983132617386973,795,6486,5718,4759,2000,804,798,5.047716258415528,5.047073451061939,12.663113308455806,12.216442739160492,True,False
7102,1708920457727069785,171,2906,2867,2346,2000,208,208,4.425342995406325,4.425342995406325,11.504818987632841,11.19598729802851,True,False
7103,1292807137507214931,129,1796,1542,1341,2000,312,306,4.404420071609762,4.397617584820889,10.810571634741146,10.389093521904474,True,False
7104,1099843474031740,0,616,0,0,0,0,0,0.0,0.0,9.266786540694902,0,False,True
7105,10007917500000000000,1001,4349,4281,3460,2000,187,186,4.710448583061156,4.707575709117986,12.086467993464069,11.756556322524087,True,False
7106,1081966412539608,0,328,0,0,0,0,0,0.0,0.0,8.357552004618084,0,False,True
7107,14031071985717346,1,1028,510,493,510,510,493,8.994353436858855,8.919128872198854,10.005624549193879,8.945443836377912,False,False
7108,15594738180812582,2,1398,717,691,2000,657,636,6.509960239453345,6.474953942658635,10.449148645375436,9.432541900388259,True,False
7109,5016370596447352187,502,9050,7538,6246,2000,1212,1171,5.007215520076051,5.0029341872655895,13.143702076857931,12.608716854020573,True,False
7110,7783852338085848,1,2022,397,388,397,397,388,8.632995197142957,8.582617363389808,10.981567281903015,8.599912842187127,False,False
7111,7980000000000000,1,623,166,165,166,166,165,7.3750394313469245,7.36299123857584,9.283088353024002,7.366322214245816,False,False
7112,1866234607565761032,187,7860,6394,5343,2000,1241,1198,4.409260324555177,4.400093497594807,12.940313597145968,12.383434301822776,True,False
7113,27356672474039660,3,2501,1390,1348,2000,962,946,5.2805680064883145,5.267606779429062,11.28828934218097,10.396604781181859,True,False
7114,8521127100139685,1,1518,401,400,401,401,400,8.647458426454921,8.642470895282852,10.567956075415466,8.643856189774725,False,False
7115,101126607875888730222,10113,5585,5546,4438,0,0,0,0.0,0.0,12.447341565370678,12.115693952197011,False,True
7116,104918547171639,0,3,0,0,0,0,0,0.0,0.0,1.584962500721156,0,False,True
7117,19261985011104719940,1926,2059,2052,1734,2000,88,86,4.954295115131449,4.948610357116477,11.007728114632254,10.759888183221834,True,False
7118,2256773748921300000,226,1305,1298,1124,2000,87,85,4.2516693629392135,4.2499268495313425,10.349834091457247,10.134426320220927,True,False
7119,118077240234642291780,11808,894,809,721,0,0,0,0.0,0.0,9.804131021183318,9.493855449240822,False,True
7120,2394000000000000,0,270,0,0,0,0,0,0.0,0.0,8.076815597050832,0,False,True
7121,4018269724010861838,402,7665,6490,5444,2000,1009,990,4.927080861853734,4.924320095768217,12.90407007654614,12.410451351503994,True,False
7122,260321565000000000000,26032,5828,5746,4677,0,0,0,0.0,0.0,12.508785162064513,12.191367713418941,False,True
7123,144236683092239145,14,1097,1048,970,2000,208,208,4.390358578672883,4.390358578672883,10.099347810403193,9.92184093707449,True,False
7124,1027874010461589267,103,2806,2725,2297,2000,305,305,4.806243726289496,4.806243726289497,11.454299293619899,11.165535141377925,True,False
7125,49855354127775000000,4986,8766,7549,6068,2000,1126,1083,5.710297532932963,5.70687387333488,13.097702963524654,12.567005370247033,True,False
7126,1995000000000000,0,341,0,0,0,0,0,0.0,0.0,8.413627929024173,0,False,True
7127,149625000000000000,15,542,523,471,2000,109,108,4.61087349656061,4.610000523701953,9.08214904135387,8.879583249612784,True,False
7128,11732217947203343,1,2392,1056,1018,1056,1056,1018,10.044394119358454,9.96711226284857,11.224001674198105,9.991521846075695,False,False
7129,5536484803966123,1,1292,196,192,196,196,192,7.614709844115208,7.563689435951943,10.335390354693924,7.584962500721156,False,False
7130,4019925000000000000,402,8616,7208,5920,2000,1238,1194,4.603766091169821,4.594871401341241,13.072802534544207,12.531381460516313,True,False
7131,897750000000000000,90,6877,5476,4676,2000,1233,1190,4.513839219152745,4.506921711403741,12.747563630255119,12.191059214531656,True,False
7132,2713200000000000,0,114,0,0,0,0,0,0.0,0.0,6.832890014164741,0,False,True
7133,493263750000000000,49,5530,4313,3739,2000,1095,1053,4.385087070691939,4.371642917401623,12.43306376512207,11.868436755858168,True,False
7134,8020050125313283208,802,9187,7723,6284,2000,1266,1221,5.56251765491008,5.558638858894954,13.165378113346108,12.617467465294196,True,False
7135,984532500000000000,98,2416,2362,1947,2000,202,200,4.386016805002722,4.384560473466829,11.238404739325079,10.927037168720295,True,False
7136,5363933202043688876,536,4072,3990,3281,2000,320,320,4.456362986132269,4.456362986132268,11.991521846075695,11.67991987851842,True,False
7137,59670450000000000000,5967,7648,6885,5668,2000,816,809,5.509384610687884,5.50853262879088,12.900866807980748,12.468624042918018,True,False
7138,3391500000000000,0,839,0,0,0,0,0,0.0,0.0,9.712527000439824,0,False,True
7139,38856468455822294,4,1142,752,709,2000,418,408,5.2405885014479665,5.223597636233355,10.157346935362844,9.469641817239516,True,False
7140,323593222074080315,32,608,600,571,2000,81,80,4.404816563511418,4.403315127277516,9.247927513443585,9.157346935362844,True,False
7141,23844052108610805,2,359,292,288,2000,180,179,6.4211706698388396,6.414910670239972,8.487840033823051,8.169925001442312,True,False
7142,28516787598040212,3,2401,1414,1334,2000,907,871,6.539212335947626,6.498649395542731,11.229419688230417,10.381542951184585,True,False
7143,590069087641322100,59,625,613,562,2000,68,68,4.276625108888718,4.276625108888719,9.287712379549449,9.134426320220927,True,False
7144,1496250000000000000,150,2788,2729,2246,2000,205,204,4.450598614637096,4.449589532901475,11.445014845868423,11.133142212400601,True,False
7145,11761386422827545000,1176,106,99,98,2000,54,54,5.382991255444441,5.382991255444441,6.727920454563199,6.614709844115208,True,False
7146,7372125545931166177,737,7475,6554,5517,2000,935,923,4.70534516653977,4.703183539592498,12.86785786397283,12.429668265133094,True,False
7147,9927256253931713398,993,8183,7049,5904,2000,992,975,5.277248562517074,5.275702096001677,12.998414136589261,12.527477006060396,True,False
7148,99534183197814618308,9953,10259,8672,7035,2000,1245,1203,5.8418177268506035,5.83989442576716,13.324602490089715,12.780334708123895,True,False
7149,811627893522390000,81,1412,1185,1045,2000,280,274,4.548139057237277,4.542692221863973,10.46352437327118,10.029287226968245,True,False
7150,90225563909774436,9,2780,1926,1764,2000,812,779,4.976906292918587,4.957022126439943,11.44086916761087,10.784634845557521,True,False
7151,37045976667081925200,3705,10051,8443,6830,2000,1257,1212,5.97977585496631,5.978010884411244,13.295051425557611,12.737669863177453,True,False
7152,89237338420317718,9,4175,2832,2588,2000,1214,1171,5.104810634018596,5.084827553855373,12.027560482248777,11.337621901992508,True,False
7153,40897500000000000,4,2454,1577,1527,2000,903,893,4.786944856729693,4.781266770482775,11.260919533662905,10.576484346796851,True,False
7154,455260625815064,0,201,0,0,0,0,0,0.0,0.0,7.651051691178929,0,False,True
7155,4225410000000000000,423,3669,3601,2907,2000,197,196,4.494788035566326,4.4938642092456735,11.841171189248543,11.505315356136236,True,False
7156,44110275689223057,4,1255,839,787,2000,441,430,5.258444429563815,5.239538784727876,10.293471648838134,9.620219825507487,True,False
7157,7684999549500000,1,2033,398,389,398,398,389,8.636624620543648,8.586373364262242,10.989394499844732,8.603626344986193,False,False
7158,1297499920500000,0,847,0,0,0,0,0,0.0,0.0,9.726218159332198,0,False,True
7159,2474999872800000,0,1189,0,0,0,0,0,0.0,0.0,10.215532999745657,0,False,True
7160,14992496820000000,1,2808,1209,1165,1209,1209,1165,10.239598529249125,10.152651121905233,11.45532722030456,10.186114239541643,False,False
7161,23289994885500000,2,3251,1655,1578,2000,1212,1170,6.569446389586898,6.529172993604448,11.666667840690355,10.623881490013458,True,False
7162,18989996025000000,2,2983,1403,1347,2000,1212,1170,6.569446389586898,6.5297955498533655,11.542548262335213,10.395534135462302,True,False
7163,11994997350000000,1,2629,1076,1036,1076,1076,1036,10.071462362556623,9.98714167858525,11.360298426618046,10.016808287686555,False,False
7164,9396497880000000,1,2079,534,521,534,534,521,9.060695931687555,9.006847827750919,11.02167404285837,9.025139562278508,False,False
7165,12598496820000000,1,2670,1128,1088,1128,1128,1088,10.139551352398792,10.059117792156592,11.382624026574916,10.087462841250339,False,False
7166,24997493640000000,2,3224,1704,1621,2000,1221,1181,6.57252917914254,6.53485337304148,11.654636028527968,10.662668375517542,True,False
7167,46598487809999995,5,3763,2246,2083,2000,1231,1192,4.551881894846181,4.537248025203417,11.877667574067882,11.024447124040647,True,False
7168,5398998675000000,1,1718,203,198,203,203,198,7.665335917185179,7.606222616692568,10.746514321138463,7.6293566200796095,False,False
7169,16194496290000000,2,2839,1332,1282,2000,1227,1188,6.574550302434553,6.537654350203184,11.471167133724391,10.324180546618742,True,False
7170,17797995495000000,2,2880,1386,1335,2000,1233,1194,6.578983668395111,6.542380692800403,11.491853096329674,10.382624026574916,True,False
7171,25398993375000000,3,3294,1803,1718,2000,1242,1203,6.581913153444194,6.5448284793372835,11.685624839726355,10.746514321138463,True,False
7172,20797994700000000,2,3135,1635,1571,2000,1238,1196,6.579406079661312,6.539934093806859,11.614249727689401,10.617467465294196,True,False
7173,70795481715000000,7,4210,2707,2480,2000,1243,1200,4.444465979178351,4.429621870475956,12.039604517953759,11.276124405274238,True,False
7174,28595992845000000,3,3384,1887,1783,2000,1246,1203,6.164942889894763,6.130746599898101,11.72451385311995,10.800090987624994,True,False
7175,4199498940000000,0,1425,0,0,0,0,0,0.0,0.0,10.476746203939467,0,False,True
7176,40398989399999994,4,3700,2205,2045,2000,1251,1207,5.307339192026568,5.27682120312862,11.853309555403674,10.997885127829111,True,False
7177,77797979594999991,8,4240,2766,2527,2000,1241,1198,4.400935119536237,4.389149853931973,12.049848549450562,11.303209948944776,True,False
7178,50997486750000000,5,3952,2486,2296,2000,1236,1193,4.789308154070848,4.7686762022814655,11.948367231584678,11.164906926675688,True,False
7179,10199497350000000,1,2470,1007,976,1007,1007,976,9.975847968006786,9.911543213784181,11.27029532647204,9.930737337562887,False,False
7180,56196985425000000,6,3890,2542,2347,2000,1212,1169,4.7890243275629825,4.7699982348583765,11.925554439873554,11.196602126523171,True,False
7181,31797991785000000,3,3333,1997,1875,2000,1201,1159,6.119042182722171,6.084770621583834,11.702605602110248,10.872674880270605,True,False
7182,60573486749999994,6,3893,2564,2363,2000,1196,1154,4.784103672013389,4.765339236795247,11.926666629347283,11.206403913973848,True,False
7183,14199496290000000,1,2484,1164,1122,1164,1164,1122,10.184875342908283,10.10724258691464,11.278449458220482,10.131856960608793,False,False
7184,36598490460000000,4,3213,1964,1826,2000,1141,1099,5.280991823377667,5.253106131319282,11.649705265471413,10.834471049984222,True,False
7185,35598490725000000,4,3168,1928,1793,2000,1125,1084,5.276659623147316,5.248899787624805,11.62935662007961,10.808159772868375,True,False
7186,25196993640000000,3,2847,1625,1541,2000,1102,1062,6.529279369324948,6.488030939710025,11.475226777742266,10.589651146514786,True,False
7187,8398997880000000,1,1637,415,407,415,415,407,8.696967526234292,8.653594032258388,10.676838606474153,8.668884984266247,False,False
7188,4199498940000000,0,1158,0,0,0,0,0,0.0,0.0,10.177419537989236,0,False,True
7189,50398986749999995,5,3418,2206,2029,2000,1084,1043,5.128723298735927,5.1040060801092,11.73893668167614,10.98655314975666,True,False
7190,17398995495000000,2,2395,1203,1153,2000,1070,1031,6.513999524334737,6.472618193138096,11.225809940623543,10.171176797651771,True,False
7191,34196991255000000,3,2974,1795,1673,2000,1066,1027,6.513413812436255,6.472042826572412,11.53818893205242,10.708221730038353,True,False
7192,52797986219999994,5,3351,2181,2010,2000,1064,1024,5.117116654710895,5.092867760078793,11.71037597120447,10.972979786066292,True,False
7193,76807500000000000,8,1580,1109,1023,2000,472,461,4.4933830550285,4.483816961085505,10.625708843064466,9.99859042974533,True,False
7194,80099489399999995,8,1503,1064,978,2000,449,438,4.486709788875912,4.476989597466091,10.553629293916364,9.933690654952233,True,False
7195,142797962369999981,14,1711,1289,1164,2000,442,431,4.61836983689565,4.606513519937561,10.740624044489413,10.184875342908283,True,False
7196,2046417901298376391,205,6416,5330,4435,2000,1010,969,4.518572464002744,4.505178833930205,12.64745842645492,12.114718389188425,True,False
7197,9325840565119301787,933,4665,4563,3747,2000,421,419,4.913796370707041,4.913320157554033,12.187661365739121,11.871520262329113,True,False
7198,3717946382697619977,372,8649,7115,5894,2000,1245,1203,4.966147948560018,4.960683068623871,13.078317622216062,12.525031345124,True,False
7199,70300101955781250000,7030,9621,8090,6625,2000,990,961,5.165285724639381,5.162595600823461,13.231971139162804,12.693704739225286,True,False
7200,274607163668930528,27,1411,1348,1138,2000,174,172,4.404610015780264,4.4019724394720985,10.462502272597265,10.152284842306582,True,False
7201,29154299414917302,3,2441,1440,1354,2000,918,881,6.546904360712552,6.505167905150806,11.253256579781153,10.403012023574997,True,False
7202,18039426828323299087,1804,6156,5879,4855,2000,707,702,4.6959925778546605,4.694258371189228,12.58777751632821,12.245255580306555,True,False
7203,17239950417769068,2,2883,1354,1301,2000,1223,1182,6.573205920439955,6.534555080706424,11.493355121494906,10.345405246717796,True,False
7204,229145301531315290,23,4121,3124,2853,2000,974,963,4.478681593278556,4.475239700017946,12.0087787482805,11.47826403158172,True,False
7205,2773050000000000000,277,3297,3230,2634,2000,197,196,4.4523536738268055,4.451345054718059,11.686938171670388,11.363039630256514,True,False
7206,6952403319078000000,695,1950,1939,1601,2000,79,78,4.31816318870455,4.317155683075936,10.929258408636972,10.644757592516257,True,False
7207,3980469851750979629,398,1652,1640,1351,2000,80,79,4.2832960456182,4.282168506034973,10.689997971419446,10.399811959325685,True,False
7208,7421892782949804866,742,2298,2283,1899,2000,101,100,4.437190528639349,4.43658698757529,11.166163082646113,10.891024190149498,True,False
7209,1837848862500000000,184,6410,5297,4425,2000,1023,983,4.46643625029515,4.452047599382514,12.646108641506103,12.111461739857722,True,False
7210,28628250000000000,3,3181,1541,1467,2000,1051,1022,5.255614912710367,5.233165489584955,11.635264656539514,10.51865315567339,True,False
7211,2625184833191119401,263,3221,3154,2520,2000,190,189,4.3527667733959285,4.351265365826332,11.653292945382814,11.29920801838728,True,False
7212,222193853425056093,22,1407,1359,1198,2000,192,192,4.706278108961131,4.706278108961132,10.458406613236532,10.226412192788786,True,False
7213,28236426432393121833,2824,8915,7746,6425,2000,1016,997,5.444685461792422,5.442726771184452,13.122019082512358,12.649480738968602,True,False
7214,86470012730666669,9,4358,2813,2571,2000,1230,1189,4.4657112972351785,4.455164604981543,12.089450481115907,11.328113894833656,True,False
7215,2439305541298847,0,754,0,0,0,0,0,0.0,0.0,9.558420713268664,0,False,True
7216,1107225000000000000,111,4657,3839,3261,2000,777,748,4.4025862998316185,4.392158617949168,12.185185166820329,11.671098725748465,True,False
7217,1386525000000000000,139,4257,3537,2988,2000,705,679,4.612968259718614,4.598265607025558,12.055621374781708,11.544964432789238,True,False
7218,976020069220886666,98,7000,5503,4737,2000,1183,1143,4.437684423402038,4.424423927086358,12.77313920671969,12.209757956581393,True,False
7219,19644903301380000,2,1303,706,679,2000,589,572,6.542625820995917,6.510578593588009,10.347621368568134,9.407267764244732,True,False
7220,81437233483182676,8,1940,1369,1255,2000,580,563,4.512654900116198,4.501260432937842,10.92184093707449,10.293471648838134,True,False
7221,31784542245307301,3,1438,927,873,2000,535,519,5.968478772314237,5.940859766429178,10.489847960439297,9.76983784362944,True,False
7222,997500000000000,0,66,0,0,0,0,0,0.0,0.0,6.044394119358453,0,False,True
7223,47469517574226,0,6,0,0,0,0,0,0.0,0.0,2.584962500721156,0,False,True
7224,19311236853377926946,1931,4813,4774,3810,2000,218,218,4.913238445960782,4.913238445960782,12.232720707964873,11.895575282380685,True,False
7225,10673250000000000000,1067,2213,2201,1851,2000,93,91,5.192172931385632,5.185833450154904,11.11178773580101,10.854089179870574,True,False
7226,3192000000000000000,319,2143,2120,1717,2000,115,114,4.269211538554886,4.2686728917242105,11.065416134676548,10.745674324002135,True,False
7227,997500000000000000,100,2347,2280,1829,2000,187,186,4.449828958173521,4.448684385665849,11.196602126523171,10.836839359748716,True,False
7228,997500000000000000,100,2360,2291,1841,2000,190,189,4.495829826144757,4.494815026990421,11.204571144249204,10.846273911349906,True,False
7229,2999131551920614657,300,3331,3263,2652,2000,195,194,4.5128151731331405,4.511828166679802,11.70173963867435,11.372865060112588,True,False
7230,1850000000000000000,185,2901,2843,2343,2000,202,201,4.581359100838459,4.580573246221563,11.502334580197997,11.194141238863136,True,False
7231,1002506265664160401,100,2542,2483,2053,2000,199,198,4.374561451299744,4.373338277720293,11.311748315004959,11.003517912108602,True,False
7232,1995000000000000000,200,3298,3212,2687,2000,342,341,5.007243255190165,5.0059954547160626,11.687375683437468,11.391780606013166,True,False
7233,3861659173104927916,386,8642,7060,5866,2000,1218,1177,4.47186892810868,4.464017305067491,13.077149515589733,12.518161355756956,True,False
7234,4089750000000000000,409,1685,1673,1376,2000,82,81,4.369575496438579,4.368653703066105,10.71853287606922,10.426264754702098,True,False
7235,2443875000000000000,244,1304,1291,1100,2000,82,81,4.665963958280564,4.665355651505377,10.348728154231077,10.103287808412022,True,False
7236,1151021905180178,0,17,0,0,0,0,0,0.0,0.0,4.087462841250339,0,False,True
7237,399000000000000000,40,673,658,591,2000,97,96,4.44612028821016,4.44521219359889,9.394462694610317,9.207014320177532,True,False
7238,2273135334975749360,227,8161,6579,5503,2000,1220,1179,4.436301576922935,4.427737170197221,12.99453022688921,12.426002613329361,True,False
7239,99348215099498673618,9935,9401,8168,6756,2000,1020,1000,5.474685754011246,5.4734459238486295,13.198598511485047,12.721953612801386,True,False
7240,37838844908866655250,3784,2589,2578,2145,2000,89,88,5.151607263186778,5.15103431670337,11.338179249900112,11.066761932386909,True,False
7241,250626566416040100,25,3640,2831,2582,2000,830,820,4.564956326602916,4.560062852123922,11.829722735086058,11.33427328530719,True,False
7242,179550000000000000,18,5231,3735,3347,2000,1248,1206,4.473735444591055,4.466468944389583,12.352871054677996,11.70865283568653,True,False
7243,2114166824991859,0,1079,0,0,0,0,0,0.0,0.0,10.075479149488016,0,False,True
7244,12967500000000000000,1297,2223,2211,1840,2000,78,77,4.561574198082104,4.560710636989351,11.11829223302699,10.845490050944376,True,False
7245,1865325000000000000,187,5370,4447,3740,2000,858,823,4.45350607200388,4.441145220447218,12.390706372872774,11.868822554774999,True,False
7246,997500000000000,0,372,0,0,0,0,0,0.0,0.0,8.539158811108031,0,False,True
7247,8977500000000000,1,1990,485,472,485,485,472,8.921840937074489,8.859985266971396,10.958552715431011,8.88264304936184,False,False
7248,122183775000000000000,12218,5712,5662,4555,0,0,0,0.0,0.0,12.479780264029099,12.153235338689413,False,True
7249,25436250000000000,3,1646,982,936,2000,647,628,6.150004514343648,6.122541110074585,10.684748620421626,9.870364719583405,True,False
7250,9764489421597389873,976,3030,3002,2459,2000,119,119,4.387217498896166,4.387217498896168,11.565102078360313,11.263856019596082,True,False
7251,1155644110275689223,116,5701,4665,3932,2000,980,939,4.529984799019677,4.520713868044888,12.476999286133061,11.94104760634058,True,False
7252,2194288703541001276,219,6194,5156,4298,2000,981,940,4.507597478321021,4.496243303792092,12.596655667674662,12.069449767427784,True,False
7253,64298850000000000000,6430,5480,5421,4396,2000,223,222,5.267461337172384,5.267094621610308,12.419960177847889,12.101975670949232,True,False
7254,1650141953106614196,165,3022,2950,2451,2000,284,284,4.468650479229325,4.468650479229327,11.561287945164828,11.25915476886684,True,False
7255,9825983096967450000,983,1423,1257,1098,2000,225,221,5.231441866762054,5.229924389912199,10.474719946526482,10.100662339005199,True,False
7256,63563628110532352,6,1287,911,850,2000,407,397,4.736184309948143,4.722427431508924,10.329796338220701,9.731319031025064,True,False
7257,42676509503908432,4,96,63,61,2000,47,47,4.623498283596945,4.623498283596945,6.584962500721156,5.930737337562887,True,False
7258,6685724139359661,1,1480,299,298,299,299,298,8.224001674198105,8.217312710987402,10.531381460516313,8.219168520462162,False,False
7259,22102600270676155,2,2962,1336,1283,2000,1015,986,6.486974230409624,6.452719342907461,11.532355925288847,10.325305455089682,True,False
7260,14964465765679749810,1496,2283,2272,1873,2000,88,87,4.526391699329793,4.525891409419178,11.156715144224702,10.871135184243045,True,False
7261,652312221529010224,65,2979,2441,2110,2000,558,540,4.482585459882785,4.474476126679396,11.54061240824953,11.043027283594547,True,False
7262,9008217810461213257,901,2001,1989,1652,2000,77,76,4.5023890013251195,4.501259780031741,10.966505451905741,10.689997971419446,True,False
7263,6173783631696984292,617,1850,1839,1524,2000,62,61,4.501416273774571,4.49737420645466,10.853309555403674,10.573647187493322,True,False
7264,7043528452240104366,704,1903,1892,1593,2000,78,77,5.101676728208364,5.060648739990661,10.894059846274022,10.63753055152531,True,False
7265,371279508217987898,37,2303,1819,1595,2000,481,468,4.41688571749878,4.407085616953562,11.169298695792845,10.639340708652231,True,False
7266,3989708071831545000,399,4731,4029,3324,2000,692,668,4.6489530948284905,4.639095544085666,12.207929445511667,11.698704666770345,True,False
7267,139650000000000000,14,4994,3474,3138,2000,1232,1193,4.3935538363497475,4.3844076678230195,12.285980105928212,11.615629636968098,True,False
7268,20351403084437473084,2035,1192,1059,934,2000,182,179,5.53040768150196,5.529195390914154,10.219168520462162,9.867278739709661,True,False
7269,9975000000000000,1,1149,371,362,371,371,362,8.535275376620802,8.479332283623059,10.166163082646113,8.499845887083206,False,False
7270,4262816250000000000,426,4022,3460,2855,2000,567,549,4.484095410128902,4.476230185486649,11.973697366305352,11.479275030250205,True,False
7271,3673000493815783,0,1327,0,0,0,0,0,0.0,0.0,10.373952655370193,0,False,True
7272,12154338000000000000,1215,4559,4493,3630,2000,198,197,4.494498798454584,4.493574894540592,12.154501693864765,11.825753832883112,True,False
7273,15366663529577137159,1537,5322,4608,3730,2000,721,696,5.475982086529951,5.4717166397184265,12.37775279502222,11.8649599151426,True,False
7274,1300863071794126340,130,4100,3404,2885,2000,676,654,4.388484537160428,4.37915323930361,12.001408194392809,11.494355603532846,True,False
7275,465041763264515619,47,1804,1736,1430,2000,190,189,4.352851470863893,4.351349969362393,10.81698362325538,10.481799431665753,True,False
7276,94609389681294790,9,878,811,747,2000,188,187,4.413676057000266,4.411644740876694,9.778077129535358,9.544964432789238,True,False
7277,208076146505729769,21,1374,1305,1128,2000,188,187,4.38768028440132,4.385677948342583,10.4241662888181,10.139551352398794,True,False
7278,102479411971806411,10,1037,968,887,2000,187,186,4.771537654942154,4.768722555773887,10.018200178813226,9.792790294301064,True,False
7279,128583315261170987,13,1085,1026,938,2000,201,200,4.469278022402541,4.467778976340945,10.083479327331842,9.873444112515376,True,False
7280,198940029300497949,20,1273,1216,1084,2000,201,200,4.534266920929166,4.533420571771668,10.314016703901357,10.08214904135387,True,False
7281,102800291281435124,10,961,922,868,2000,205,205,4.357168311848965,4.357168311848964,9.90839262077375,9.761551232444479,True,False
7282,359167561059795527,36,2898,2288,2004,2000,612,593,4.391325087915417,4.379759984031495,11.50084187955693,10.968666793195208,True,False
7283,548398279907464075,55,2681,2184,1896,2000,518,501,4.466767611387624,4.451207881549385,11.38855550398256,10.888743248898258,True,False
7284,4599498834000000,0,1473,0,0,0,0,0,0.0,0.0,10.524541715035848,0,False,True
7285,14199496290000000,1,2707,1212,1172,1212,1212,1172,10.243173983472953,10.169560715363321,11.402479172214964,10.194756854422248,False,False
7286,4531570613165612451,453,1643,1631,1347,2000,62,62,4.27578074336811,4.27578074336811,10.682116764950074,10.395534135462302,True,False
7287,14432953581310366252,1443,2217,2204,1846,2000,65,65,4.274345220570437,4.274345220570438,11.114393054867307,10.850186837645774,True,False
7288,4030150627351979,0,581,0,0,0,0,0,0.0,0.0,9.18239435340453,0,False,True
7289,9033982197437925000,903,1624,1620,1448,2000,70,68,4.410455305052864,4.408284297587921,10.665335917185176,10.499845887083206,True,False
7290,1004159605885242530,100,1408,1202,1049,2000,258,254,4.494675667224544,4.491804897774967,10.459431618637296,10.034798962577268,True,False
7291,30075187969924812,3,1168,941,927,2000,626,623,5.283686648760668,5.280348865049053,10.189824558880018,9.85642552862553,True,False
7292,570236144034608281,57,3121,2892,2527,2000,635,632,4.430386142241102,4.429385742081038,11.607792641919211,11.303209948944776,True,False
7293,10526315789473684210,1053,4485,4414,3535,2000,209,207,5.267774263519803,5.267166742240361,12.130892269806624,11.787494499696761,True,False
7294,100000000000000000,10,4006,2661,2483,2000,1012,986,4.515776767925516,4.504048584192152,11.967946705812707,11.27786854617684,True,False
7295,168173375267931821,17,4639,3276,2941,2000,1093,1060,4.530613200264101,4.516182824011722,12.179598130849836,11.522091068887065,True,False
7296,3971490894264879,0,1385,0,0,0,0,0,0.0,0.0,10.43567026093655,0,False,True
7297,379050000000000000,38,506,494,461,2000,62,62,4.3109073451059094,4.3109073451059094,8.98299357469431,8.848622940429339,True,False
7298,12358483970250285527,1236,9717,8179,6710,2000,1216,1176,5.048553978130416,5.045262727727982,13.246295253516342,12.712097051087547,True,False
7299,3990000000000000000,399,3645,3606,2912,2000,209,209,4.489899314365129,4.489899314365129,11.8317030992143,11.507794640198696,True,False
7300,165583672553199389,17,1178,1128,1017,2000,193,193,4.491204982937781,4.491204982937781,10.20212382383046,9.9901039638575,True,False
7301,590774586067490966,59,2034,1965,1611,2000,191,190,4.390519718829077,4.388518050772364,10.9901039638575,10.653740778706569,True,False
7302,10393297927433356540,1039,9433,7920,6441,2000,1243,1203,4.922151571285883,4.91800392102465,13.203500952361395,12.65306897657993,True,False
7303,9576000000000000000,958,2916,2892,2375,2000,139,138,4.685708179498426,4.6854894600860355,11.509775004326936,11.213711798105672,True,False
7304,2793000000000000,0,1237,0,0,0,0,0,0.0,0.0,10.27262978497637,0,False,True
7305,10626566416040100,1,28,12,12,12,12,12,3.584962500721156,3.584962500721156,4.807354922057604,3.584962500721156,False,False
7306,27209975627284802232,2721,3505,3480,2862,2000,145,144,4.9202142046621455,4.920044620265852,11.775198728897985,11.482807956726667,True,False
7307,9975000000000000000,998,4326,4258,3426,2000,196,195,4.415548286772233,4.41443784865392,12.078817949961978,11.742309436084,True,False
7308,26149744449643852730,2615,5022,4958,4011,2000,202,201,4.58135910083846,4.580573246221563,12.2940463132715,11.96974625081451,True,False
7309,80352892312971067877,8035,3728,3703,3033,2000,131,130,4.966791333468805,4.966627679638636,11.86418614465428,11.56652978262417,True,False
7310,1119289520608665,0,608,0,0,0,0,0,0.0,0.0,9.247927513443585,0,False,True
7311,186666666666666666666,18667,7698,6930,5718,0,0,0,0.0,0.0,12.91026795581084,12.481294904631097,False,True
7312,177233082706766917293,17723,7753,6951,5791,0,0,0,0.0,0.0,12.920538949583786,12.499596781489753,False,True
7313,10416040100250626566,1042,8745,7377,6128,2000,1035,1005,5.406709801898832,5.402496571549333,13.094242668809015,12.581200581924957,True,False
7314,60286145181524671277,6029,4170,4138,3371,2000,126,124,5.061831434967314,5.06151525628937,12.025831668332026,11.71896091198421,True,False
7315,99901487140938850,10,3729,2562,2337,2000,1062,1023,5.6497272163030114,5.621598040124979,11.86457308177364,11.190442018782825,True,False
7316,989880361853523979,99,6117,4937,4278,2000,1009,989,4.420744706798953,4.416505431350522,12.578608560737752,12.062720767165045,True,False
7317,6969643181930769366,697,5454,5186,4329,2000,702,698,4.638369977512588,4.636817371605223,12.413098984915264,12.079818085212354,True,False
7318,247795135210017535,25,3293,2687,2446,2000,762,756,4.432351655642415,4.427867277104076,11.685186796595348,11.256208688527387,True,False
7319,78954282549611522,8,2578,1813,1745,2000,794,788,4.6218711251680755,4.619469790202532,11.332036548361652,10.769011321097015,True,False
7320,37925182512956906,4,3204,1699,1610,2000,964,935,5.103735991496467,5.082977401183179,11.64565843240871,10.65284497300198,True,False
7321,19492080384806170,2,277,234,233,2000,197,197,6.431253347626363,6.431253347626364,8.113742166049189,7.864186144654281,True,False
7322,31521000000000000000,3152,7431,6403,5173,2000,959,920,4.422185580405178,4.408976124095551,12.85934065396752,12.336785476203755,True,False
7323,24803735564055366,2,3144,1737,1653,2000,1225,1182,6.573879629149938,6.532376312032852,11.618385502258606,10.690871009292314,True,False
7324,88657391131939640,9,81,79,78,2000,39,39,4.131480423702435,4.131480423702435,6.339850002884624,6.285402218862249,True,False
7325,88645127910544926,9,785,738,704,2000,205,205,4.4562698319603,4.456269831960299,9.61654884377899,9.459431618637296,True,False
7326,47994072078976812,5,553,502,483,2000,189,188,4.488180856760462,4.485980856760462,9.111135670234708,8.915879378835774,True,False
7327,155636659551589278,16,1174,916,832,2000,321,315,4.413712162932886,4.406962854429834,10.197216693110052,9.700439718141093,True,False
5954,5727295347530760,1,1624,176,175,176,176,175,7.459431618637299,7.4480679822736615,10.665335917185176,7.451211111832329,False,False
5955,50125313283208020,5,663,603,576,2000,203,202,4.60743116202981,4.605096449093379,9.372865060112588,9.169925001442312,True,False
5956,149625000000000000,15,5051,3522,3170,2000,1227,1186,4.552913341617765,4.537448366231738,12.302353326431202,11.63026712502677,True,False
5957,145635000000000000,15,5017,3498,3152,2000,1224,1184,4.560235322006946,4.549124792339867,12.292609222764296,11.622051819456376,True,False
5958,293012654786886954,29,5706,4203,3712,2000,1252,1209,4.620761150501474,4.613460025319214,12.47826403158172,11.857980995127573,True,False
5959,95523680898156454,10,3927,2687,2452,2000,1126,1086,5.735187759674814,5.706734483226187,11.939211882666397,11.259743263690781,True,False
5960,98188109618441804,10,4136,2521,2306,2000,1059,1029,4.421088679017798,4.40953624647754,12.014020470314934,11.171176797651771,True,False
5961,2776356919947757305,278,7926,6321,5328,2000,1015,986,4.6854734789528285,4.681128982249535,12.952377251967985,12.379378367071261,True,False
5962,49875000000000000,5,96,91,90,2000,55,55,4.486078769414861,4.486078769414861,6.584962500721156,6.491853096329675,True,False
5963,180785514305607100686,18079,2445,2438,2020,0,0,0,0.0,0.0,11.255618749839597,10.980139577639157,False,True
5964,13372340359816770,1,1405,669,643,669,669,643,9.38586240064146,9.298620953740713,10.456354415108288,9.328674927327947,False,False
5965,148072894460678998,15,1132,1064,962,2000,194,193,4.384797618026191,4.383327531801431,10.144658242831882,9.909893083770042,True,False
5966,5410082496201970379,541,3879,3810,3032,2000,197,196,4.532967013724954,4.5320435816356905,11.921469060531411,11.566054038171092,True,False
5967,9357121161318000000,936,1975,1968,1688,2000,88,86,4.305793466864737,4.3042571072412334,10.947636937951827,10.721099188707186,True,False
5968,595848021737964086385,59585,1629,1624,1399,0,0,0,0.0,0.0,10.669770888525518,10.450180247164754,False,True
5969,1385878566032608505,139,4358,4068,3456,2000,717,713,4.51365469977949,4.512447395589138,12.089450481115907,11.754887502163468,True,False
5970,3742686716791979,0,1425,0,0,0,0,0,0.0,0.0,10.476746203939467,0,False,True
5971,73066875000000000,7,4164,2620,2421,2000,1225,1184,4.551075266362766,4.53415774855428,12.023754353299417,11.241387363998937,True,False
5972,440396250000000000000,44040,9861,8416,6915,0,0,0,0.0,0.0,13.267518241801467,12.755513536037856,False,True
5973,931975091578125000,93,6496,5048,4370,2000,1027,998,4.419726218973683,4.413134882963675,12.665335917185176,12.093417564387961,True,False
5974,12169500000000000,1,40,14,14,14,14,14,3.8073549220576055,3.8073549220576055,5.321928094887363,3.807354922057604,False,False
5975,399000000000000000,40,1714,1656,1408,2000,201,200,4.383617206216453,4.382381667633953,10.7431513941125,10.459431618637296,True,False
5976,49875000000000000,5,577,522,501,2000,199,198,4.779433761992495,4.776869659428392,9.172427508645482,8.968666793195208,True,False
5977,20103016500000000000,2010,4874,4802,3880,2000,291,291,4.826962790962295,4.826962790962295,12.250890535723341,11.92184093707449,True,False
5978,4089750000000000000,409,3823,3742,3090,2000,306,306,4.730004265056517,4.730004265056516,11.90048948483465,11.593391122791736,True,False
5979,7211925000000000000,721,4954,4766,3963,2000,563,561,5.044249058631725,5.0439387128618876,12.274378153246364,11.952377251967985,True,False
5980,32418750000000000000,3242,6865,6506,5349,2000,762,757,5.394998980335435,5.394555647622221,12.745044005034464,12.38505348834615,True,False
5981,8079750000000000000,808,6195,5755,4767,2000,761,756,4.830262611084644,4.829533394369873,12.596888567027964,12.218865910069676,True,False
5982,14139562500000000000,1414,6936,6182,5090,2000,790,784,4.703345879350057,4.702357736740858,12.759888183221834,12.313449940963057,True,False
5983,6536617500000000000,654,8158,6965,5811,2000,1037,1016,5.709447293565968,5.707501395390445,12.993999791792524,12.50457073932441,True,False
5984,2278512509602675272,228,7317,6054,5094,2000,1003,979,4.421695060936121,4.41629737420668,12.83703654351734,12.314583244274194,True,False
5985,764960790274973072,76,6916,5376,4633,2000,1210,1170,4.512518352883292,4.506018643769334,12.755722153642282,12.177730967033272,True,False
5986,2294250000000000000,229,6904,5749,4771,2000,1067,1025,4.5475797883208795,4.5371218461562215,12.753216749178955,12.220075970984304,True,False
5987,1841786091631375462,184,3625,3468,2926,2000,472,470,4.833496173654619,4.832992253437849,11.82376527978966,11.514714054138487,True,False
5988,84985001713328357384,8499,9089,7975,6663,2000,1016,1000,6.2108068299234604,6.20982600978486,13.149905858025047,12.701956178268137,True,False
5989,399000000000000000000,39900,9512,8312,6892,0,0,0,0.0,0.0,13.215532999745657,12.750706986224948,False,True
5990,1613295360579558293,161,7263,5823,4946,2000,1027,998,4.372832695074437,4.3645128895328895,12.826349864720093,12.272046524389937,True,False
5991,54092085252798021,5,669,605,577,2000,193,192,4.491856605280834,4.4896544030786325,9.38586240064146,9.172427508645482,True,False
5992,5110551710120921,1,490,82,82,82,82,82,6.357552004618085,6.357552004618085,8.936637939002571,6.357552004618084,False,False
5993,149625000000000000,15,348,341,330,2000,67,66,4.380922320977638,4.37895309116401,8.442943495848729,8.366322214245816,True,False
5994,350000000000000000,35,5036,3773,3339,2000,1001,977,4.374725893057461,4.367978700301533,12.298062567719017,11.705200378063116,True,False
5995,15717818988718049048,1572,2402,2390,2005,2000,87,85,4.589899805294465,4.588851717801473,11.230020435705635,10.969386521342283,True,False
5996,46474206042402268167,4647,4032,4004,3271,2000,122,119,4.936649040470014,4.925511298482894,11.977279923499916,11.675516044082778,True,False
5997,371911538301093901,37,3901,3037,2670,2000,827,794,4.450083895067599,4.4374105238877695,11.929628283024561,11.382624026574916,True,False
5998,588856940257851684,59,1962,1894,1542,2000,186,184,4.487769534692706,4.4846451228175965,10.938109326219239,10.590587049915035,True,False
5999,2086367158739207654,209,3533,3431,2876,2000,397,395,4.9163960705339145,4.915850015002336,11.786678033890652,11.489847960439297,True,False
6000,1431114814536255032,143,4765,4353,3680,2000,749,744,4.388162980469859,4.3861834472547905,12.218260498797305,11.845490050944376,True,False
6001,1482366339188515908,148,3276,3171,2672,2000,414,412,4.415179557971356,4.414179457961357,11.677719641641009,11.383704292474052,True,False
6002,12568500000000000000,1257,9460,7973,6456,2000,1265,1219,5.08710999940505,5.082596403604867,13.207624468226758,12.656424863277781,True,False
6003,751725975000000000,75,6808,5350,4582,2000,1235,1192,4.409162090803658,4.3999360560994045,12.733015321685963,12.161761743304675,True,False
6004,298574066070000000,30,452,447,432,2000,68,67,4.34363992588108,4.341877146880127,8.820178962415188,8.754887502163468,True,False
6005,89775000000000000,9,2768,1953,1866,2000,831,821,4.39269511636436,4.389336802980719,11.434628227636725,10.86573327085176,True,False
6006,315095933157698729,32,473,468,453,2000,65,64,4.31246590853146,4.310285079634344,8.885696373339394,8.823367240046235,True,False
6007,2713200000000000000,271,3217,3149,2509,2000,182,181,4.388257448431562,4.386088612929392,11.65150022065274,11.292896755409172,True,False
6008,29070726956478197,3,395,327,319,2000,180,179,5.297119783532073,5.292653197034909,8.625708843064466,8.31741261376487,True,False
6009,3389200496659763,0,617,0,0,0,0,0,0.0,0.0,9.269126679149418,0,False,True
6010,298416928823000723,30,1809,1432,1275,2000,410,399,4.609208943264095,4.5967693743602265,10.82097669262124,10.31628153174622,True,False
6011,25864661654135338345,2586,9428,8074,6632,2000,1127,1094,5.981978651370107,5.980476717861645,13.202736043250168,12.69522829149575,True,False
6012,2305764411027568922,231,8167,6682,5614,2000,1192,1151,4.795064478513362,4.789680560927353,12.9955905123663,12.454813348512525,True,False
6013,5456227791127779290,546,9060,7516,6184,2000,1243,1202,5.12578277774976,5.12271374658787,13.145295334933598,12.594324603924848,True,False
6014,199500000000000000000,19950,5671,5612,4549,0,0,0,0.0,0.0,12.469387440964345,12.151333719291655,False,True
6015,28129241900623294598,2813,9930,8335,6739,2000,1252,1205,5.742800066961035,5.739243645243008,13.277578002415737,12.71831881047926,True,False
6016,1203007518796992,0,439,0,0,0,0,0,0.0,0.0,8.778077129535358,0,False,True
6017,51870000000000000,5,3024,1986,1840,2000,974,935,5.101884617113605,5.077734714100579,11.562242424221072,10.845490050944376,True,False
6018,18557799770737501,2,584,337,330,2000,291,286,6.45835952496242,6.4408463901112825,9.189824558880018,8.366322214245816,True,False
6019,36031739623431163,4,1914,1201,1124,2000,693,670,5.249669891225629,5.225710944786901,10.902375114486025,10.134426320220927,True,False
6020,5800596703070108067,580,1802,1791,1501,2000,70,70,4.964825390474879,4.964825390474881,10.815383295813538,10.55170826162069,True,False
6021,992463341422341770,99,5978,4844,4210,2000,980,963,4.598569284200537,4.5955756706009,12.545447181678094,12.039604517953759,True,False
6022,123606812111180347161,12361,5833,5735,4712,0,0,0,0.0,0.0,12.510022358813766,12.20212382383046,False,True
6023,1800999107439888577,180,7392,5920,5017,2000,1021,989,5.042410961287168,5.037988485652544,12.851749041416058,12.292609222764296,True,False
6024,10025062656641604,1,2530,944,911,944,944,911,9.882643049361839,9.80518604143942,11.304921669581672,9.831307243802051,False,False
6025,49723908126263019254,4972,2360,2353,1956,2000,99,97,4.9135131561138765,4.912844511092161,11.204571144249204,10.933690654952233,True,False
6026,238514444796600000,24,372,359,348,2000,65,65,4.305854755630436,4.3058547556304365,8.539158811108031,8.442943495848729,True,False
6027,39900000000000000,4,620,422,402,2000,243,239,5.22113761066349,5.20911958362293,9.276124405274238,8.651051691178928,True,False
6028,698250000000000000,70,217,184,174,2000,54,54,4.373451970108883,4.373451970108885,7.7615512324444795,7.442943495848728,True,False
6029,39900000000000000,4,80,50,49,2000,49,48,4.54607938530849,4.544768796387709,6.321928094887363,5.614709844115208,True,False
6030,22831874629946923884,2283,3442,3417,2808,2000,127,126,4.435284891025422,4.4349704556856775,11.749031382040204,11.45532722030456,True,False
6031,6555210882757279734,656,2720,2692,2199,2000,134,133,4.62754978177359,4.627317854154502,11.409390936137703,11.102631888854969,True,False
6032,15577069136047173140,1558,3446,3418,2783,2000,120,118,5.01647033665358,5.006866990617359,11.750706986224948,11.442425193331607,True,False
6033,10419416090993945854,1042,3324,3292,2674,2000,126,124,5.061831434967314,5.06151525628937,11.698704666770345,11.384783750093353,True,False
6034,5571310646956523212,557,2907,2874,2332,2000,135,133,5.292484296940079,5.2922843339634085,11.505315356136236,11.187352073200497,True,False
6035,8584717409891670142,858,3206,3166,2555,2000,141,140,5.0690333180295974,5.057834501005666,11.646558710154547,11.319107575824983,True,False
6036,46411144762963776707,4641,4682,4620,3759,2000,184,183,5.192195793516253,5.191676916667005,12.192909219112012,11.876133200043016,True,False
6037,20891841838802715867,2089,4457,4394,3564,2000,202,200,5.562005062997952,5.560151409387807,12.121857245612654,11.799281621521923,True,False
6038,6175626379640001054,618,3623,3559,2867,2000,183,181,4.625176386707734,4.624136131536911,11.822969090453288,11.485326189240524,True,False
6039,41156850000000000000,4116,5330,5271,4270,2000,221,220,5.2321677555949355,5.231787159096421,12.379919817646538,12.060020354507852,True,False
6040,987876311313467382,99,2766,2664,2269,2000,389,387,4.593460132307275,4.592641049009908,11.433585441150495,11.147840893672337,True,False
6041,9088631655531413,1,1997,536,528,536,536,528,9.066089190457772,9.032507100905534,10.963618617443972,9.044394119358454,False,False
6042,42967759419900000,4,147,136,133,2000,76,75,5.06579934599714,5.0634348900454,7.199672344836364,7.05528243550119,True,False
6043,96448221754650381,10,3818,2472,2312,2000,1013,987,4.99531784659426,4.980629335888236,11.898601387403938,11.174925682500678,True,False
6044,287320828273500000,29,553,545,522,2000,86,84,4.319638501788286,4.3179373951558855,9.111135670234708,9.027905996569885,True,False
6045,7301776826780366,1,944,224,221,224,224,221,7.807354922057605,7.777199174280088,9.88264304936184,7.787902559391432,False,False
6046,42748758705580653,4,537,484,465,2000,193,190,4.706372043504208,4.701875854492634,9.068778277985412,8.861086905995395,True,False
6047,99750000000000000,10,723,536,500,2000,225,221,4.8752263105202065,4.865200128474694,9.497851836951117,8.965784284662087,True,False
6048,997500000000000000,100,712,600,550,2000,130,130,4.467208220208155,4.467208220208155,9.475733430966399,9.103287808412022,True,False
6049,2493750000000000000,249,659,584,533,2000,111,111,4.450750236388729,4.4507502363887275,9.364134655008051,9.057991722759176,True,False
6050,498750000000000000,50,364,305,286,2000,101,101,4.279197937512618,4.279197937512617,8.507794640198696,8.159871336778389,True,False
6051,1880863987676575664,188,19,16,16,77,16,16,3.854170178568577,3.8541701785685776,4.247927513443585,4.0,False,False
6052,1048098812547094,0,12,0,0,0,0,0,0.0,0.0,3.584962500721156,0,False,True
6053,133353230500827637,13,362,355,337,2000,73,72,4.332612353403424,4.3311371100601175,8.499845887083206,8.396604781181859,True,False
6054,5504839985284511956,550,1632,1627,1427,2000,75,74,4.6118584216182015,4.610832209704071,10.672425341971495,10.478769619475763,True,False
6055,3405626680501201428,341,1567,1560,1346,2000,86,84,4.382126714158507,4.380138926525537,10.61378946447258,10.394462694610317,True,False
6056,22330348863929351,2,243,146,145,2000,108,108,6.27066492245672,6.27066492245672,7.924812503605781,7.1799090900149345,True,False
6057,2740993975872125789,274,3207,3139,2506,2000,187,184,4.392202887015269,4.389523734193414,11.647008638441648,11.29117069932186,True,False
6058,30000000000000000,3,2832,1677,1575,2000,1051,1012,6.5065258177641,6.465154831900258,11.467605550082997,10.621136113274641,True,False
6059,156880437079671388,16,2955,2350,2187,2000,764,758,4.667498187684149,4.663374606843574,11.528942415064895,11.094737505048093,True,False
6060,945735426456238,0,302,0,0,0,0,0,0.0,0.0,8.238404739325079,0,False,True
6061,9975000000000000,1,10,5,5,5,5,5,2.321928094887362,2.321928094887362,3.321928094887362,2.321928094887362,False,False
6062,155291864708047379,16,5134,3631,3265,2000,1251,1208,4.4019255771111965,4.390167354457142,12.325867580575418,11.672867276433793,True,False
6063,1186860387388412071,119,5191,4387,3761,2000,832,823,4.742362792059934,4.74095957129686,12.34179677239183,11.876900591040306,True,False
6064,3490637189435521093,349,6080,5265,4445,2000,841,831,4.965599496916523,4.9643788263268736,12.569855608330949,12.117967703717133,True,False
6065,49824050538801967382,4982,9133,7961,6623,2000,1007,989,5.2382727691077795,5.235958647880351,13.156873117949567,12.693269142893206,True,False
6066,49381232472780174467,4938,9168,7990,6625,2000,1044,1022,6.004074770301145,5.98224837180933,13.162391328756906,12.693704739225286,True,False
6067,78313206909559626,8,785,718,663,2000,183,182,4.561417023888874,4.5589284299444515,9.61654884377899,9.372865060112588,True,False
6068,4037427573530144656,404,7972,6723,5509,2000,1143,1099,4.65511040459697,4.647788217882594,12.960725994839057,12.42757474756509,True,False
6069,2361538046090753079,236,6629,5669,4816,2000,961,950,5.241578033400554,5.2408046622567035,12.694575537525989,12.233619676759702,True,False
6070,691853402281131057,69,2430,2336,2012,2000,362,361,4.590032947917662,4.58960437648909,11.246740598493144,10.974414589805527,True,False
6071,618588503050372425,62,4394,3629,3162,2000,784,778,5.2877050562600525,5.2825617402119995,12.101319154423276,11.62662165235837,True,False
6072,8692127843971686,1,1395,373,366,373,373,366,8.543031820255237,8.500136377895988,10.44604940671655,8.515699838284043,False,False
6073,2406015037593984,0,312,0,0,0,0,0,0.0,0.0,8.285402218862249,0,False,True
6074,141977860276522155552,14198,10180,8677,7003,0,0,0,0.0,0.0,13.313449940963057,12.7737573721398,False,True
6075,1342135852548005627,134,7130,5780,4913,2000,1097,1065,4.873608649613367,4.870038264367592,12.79968636133125,12.262388523751019,True,False
6076,1398904480708765096,140,5848,4808,4035,2000,981,941,4.399617526924533,4.389053878465845,12.513727595952437,11.978352958165143,True,False
6077,1211393531299521116,121,7099,5726,4878,2000,1107,1074,4.653125254174704,4.648133080836163,12.793400098483819,12.252074042796185,True,False
6078,23713860314833895,2,3065,1580,1505,2000,1183,1142,6.560298731090943,6.516689161133942,11.581671358578143,10.555547771647065,True,False
6079,65000000000000000,7,3971,2461,2274,2000,1183,1142,4.545416918916057,4.529103712795282,11.955286645524469,11.151016538892248,True,False
6080,7927778013075966340,793,9278,7764,6419,2000,1206,1164,5.268680227699865,5.265403492028424,13.179598130849836,12.648132845652658,True,False
6081,14713125000000000,1,2227,1051,1012,1051,1051,1012,10.037546953962178,9.957276232766553,11.12088584278779,9.98299357469431,False,False
6082,46991039555272705,5,425,291,280,2000,153,150,4.733644205463747,4.72217777661931,8.731319031025064,8.129283016944967,True,False
6083,125503034649367397400,12550,4823,4247,3442,0,0,0,0.0,0.0,12.235715094761895,11.749031382040204,False,True
6084,220547250000000000000,22055,2923,2910,2400,0,0,0,0.0,0.0,11.513234113806053,11.228818690495881,False,True
6085,987850453561974609,99,2422,2364,1937,2000,200,198,4.376983592725322,4.370099397117555,11.24198314969433,10.919608238603253,True,False
6086,10487069985226343,1,1150,514,502,514,514,502,9.005624549193882,8.955040891606334,10.167418145831737,8.971543553950772,False,False
6087,2623425000000000000,262,1734,1718,1439,2000,114,113,4.751191760416358,4.750587079318533,10.759888183221834,10.490850876740298,True,False
6088,15494167500000000000,1549,8609,7436,6196,2000,997,979,4.744437640739565,4.740493504282876,13.071629952153245,12.597121428789569,True,False
6089,2988987234276394123,299,3674,3578,2986,2000,369,368,4.511517311267797,4.511009718526374,11.84313591111135,11.543998450134541,True,False
6090,853759419649784196,85,2238,2179,1801,2000,210,208,4.6417537137561515,4.640610087805372,11.127994320976393,10.814582465906277,True,False
6091,6087135517605652426,609,8534,7074,5872,2000,1031,1001,5.122211181784363,5.117712497537447,13.059006395201111,12.519636252843213,True,False
6092,3443588739780000000,344,1805,1790,1485,2000,100,99,4.5111635311816265,4.510634452525493,10.817783121774534,10.536247215688128,True,False
6093,14238121859569580181,1424,8556,7385,6148,2000,1015,997,5.627240747636138,5.6259346957060705,13.062720767165045,12.585901449690772,True,False
6094,272371304239676948,27,5065,3561,3164,2000,969,940,4.616626591017823,4.610272458817213,12.3063465536885,11.627533884472792,True,False
6095,60310220693699445,6,1425,996,928,2000,444,433,4.755521532872979,4.741346436407268,10.476746203939467,9.857980995127573,True,False
6096,259348370927318295,26,4079,3148,2860,2000,934,923,4.824108998558768,4.818598586645713,11.993999791792524,11.481799431665753,True,False
6097,6486690917184739716,649,2764,2736,2237,2000,126,126,4.53783754465878,4.53783754465878,11.432541900388259,11.127349541059118,True,False
6098,1171860645017302579,117,6993,5457,4660,2000,966,937,4.391647319521058,4.379641788278557,12.771695789850023,12.186114239541643,True,False
6099,8075646412536646,1,247,78,78,78,78,78,6.285402218862252,6.285402218862252,7.948367231584678,6.285402218862249,False,False
6100,7900028408796991323,790,8998,7637,6211,2000,1229,1184,4.9226748531045486,4.916588320862555,13.135388651579046,12.600609852446706,True,False
6101,235588972431077694,24,5357,3859,3431,2000,1182,1141,4.544976810844268,4.527226259988451,12.38720958071964,11.744413410557655,True,False
6102,5366136922025012,1,1218,182,178,182,182,178,7.507794640198698,7.452849585253643,10.250298417906333,7.475733430966398,False,False
6103,397410508022542734938,39741,1582,1577,1362,0,0,0,0.0,0.0,10.627533884472792,10.411510988012072,False,True
6104,15964325060250000,2,34,29,29,353,29,29,4.772345422422742,4.772345422422742,5.087462841250339,4.857980995127572,False,False
6105,4125173857499883,0,42,0,0,0,0,0,0.0,0.0,5.392317422778761,0,False,True
6106,997500000000000,0,487,0,0,0,0,0,0.0,0.0,8.927777962082342,0,False,True
6107,9975000000,0,0,0,0,0,0,0,0.0,0.0,0,0,False,True
6108,997500000000,0,0,0,0,0,0,0,0.0,0.0,0,0,False,True
6109,997500000000,0,0,0,0,0,0,0,0.0,0.0,0,0,False,True
6110,64457023999437773766,6446,5600,5546,4459,2000,216,215,5.0769116833791434,5.076471648176326,12.451211111832329,12.122504484313904,True,False
6111,4942612500000000000,494,2924,2879,2334,2000,136,135,4.354712119718719,4.3540882467747295,11.513727595952437,11.188588845707349,True,False
6112,807077250000000000,81,4024,3267,2825,2000,741,713,4.566492478034672,4.5545267608004085,11.974414589805527,11.464035152189913,True,False
6113,70817759765831852381,7082,8619,7663,6431,2000,971,959,5.841926469456644,5.8412405517656865,13.07330477825368,12.650827374138768,True,False
6114,1809120078838672,0,622,0,0,0,0,0,0.0,0.0,9.280770770130603,0,False,True
6115,54142857529285079,5,2919,1915,1775,2000,921,884,5.103944616739954,5.079371917511466,11.511258495502268,10.793603309279407,True,False
6116,84787500000000000,8,3015,2118,2019,2000,910,899,5.299845288638729,5.291701472507329,11.557942286787448,10.979425195331473,True,False
6117,99754395895648672500,9975,5434,4742,3829,2000,718,695,6.003794890183933,6.001147469484678,12.407798850221974,11.902751944850161,True,False
6118,3032650014491359623,303,4362,4169,3497,2000,582,580,5.125429791508442,5.125143318490132,12.09077405464075,11.771902080697716,True,False
6119,4243072533125884775,424,4479,3842,3169,2000,639,619,4.733698255208651,4.72310987409087,12.128960950855697,11.629811944382233,True,False
6120,25024419767799264180,2502,4952,4329,3500,2000,653,633,5.6843821077020475,5.680948634559607,12.273795599214264,11.77313920671969,True,False
6121,1607306301395764313,161,3846,3231,2727,2000,614,596,4.773022665531759,4.756246578580313,11.909143047339898,11.413098984915264,True,False
6122,996296359847099131,100,5599,4643,4037,2000,942,931,4.405894807780946,4.403402738611977,12.450953464712992,11.97906787148051,True,False
6123,3803121038293435248,380,1333,1329,1194,2000,70,68,4.397452289770158,4.3954523741141305,10.380461065088973,10.221587121264806,True,False
6124,649964811438753100,65,4894,4030,3543,2000,887,877,4.650418621578411,4.648799597077918,12.25679838607939,11.790755750118313,True,False
6125,86081700603808,0,62,0,0,0,0,0,0.0,0.0,5.954196310386875,0,False,True
6126,21695625000000000000,2170,9229,7741,6353,2000,987,958,5.509906189344634,5.506400129262268,13.17195861907712,12.633222303800789,True,False
6127,2992500000000000000,299,5530,4954,4151,2000,757,752,4.460583460470717,4.4591437064467865,12.43306376512207,12.019243216603607,True,False
6128,177596116926626339,18,5098,3586,3215,2000,1199,1159,4.390724695873238,4.379893897575072,12.315715658022201,11.650603022215309,True,False
6129,49875000000000000,5,3042,1929,1784,2000,1020,981,5.090967412842661,5.066979451877986,11.570804437724497,10.800899899920305,True,False
6130,4966761163608512131,497,8004,6745,5632,2000,1009,985,4.916815543909063,4.912591536648318,12.966505451905741,12.459431618637296,True,False
6131,2191881983171152178,219,8096,6509,5448,2000,1220,1178,4.833984971591559,4.829840671246979,12.98299357469431,12.411510988012072,True,False
6132,97665434629644020,10,4366,2825,2584,2000,1208,1169,4.441600432409773,4.428765555414127,12.092096414990792,11.335390354693924,True,False
6133,1177050000000000,0,432,0,0,0,0,0,0.0,0.0,8.754887502163468,0,False,True
6134,99750000000000000,10,3217,2221,2036,2000,916,880,5.5440048523351155,5.516479061655563,11.65150022065274,10.991521846075695,True,False
6135,1104628420183638,0,86,0,0,0,0,0,0.0,0.0,6.426264754702098,0,False,True
6136,1122187500000000000,112,6407,5265,4520,2000,985,968,4.464951748118007,4.461395929372052,12.64543327516426,12.14210705730255,True,False
6137,88673123465640161,9,4311,2849,2602,2000,1237,1194,4.443907146130919,4.43007155412589,12.073806847178492,11.345405246717796,True,False
6138,33533226104081962,3,2327,1425,1335,2000,839,806,6.460589234331827,6.422862311351761,11.184255495405349,10.382624026574916,True,False
6139,50000000000000000,5,637,578,553,2000,197,196,5.196819891668998,5.19314832958622,9.3151495622563,9.111135670234708,True,False
6140,19950000000000000,2,294,235,233,2000,190,189,6.419909389304132,6.4144038837986255,8.199672344836364,7.864186144654281,True,False
6141,29800000000000001,3,380,336,333,2000,198,198,5.323688898309609,5.323688898309609,8.569855608330949,8.379378367071261,True,False
6142,27931684749643941,3,730,599,592,2000,435,433,5.529706596285914,5.52611335158595,9.51175265376738,9.20945336562895,True,False
6143,50125313283208020,5,3958,2463,2278,2000,1235,1196,5.303381664059063,5.278987815679726,11.950555897047511,11.153552031708111,True,False
6144,4987500000000000,0,1240,0,0,0,0,0,0.0,0.0,10.276124405274238,0,False,True
6145,365914786967418546,37,2231,1766,1548,2000,473,461,4.416506716509797,4.407028264614164,11.12347479824414,10.59618975614441,True,False
6146,129078437297882187,13,3499,2590,2427,2000,918,907,4.39261864824948,4.389690226188713,11.77272694923985,11.244958393151133,True,False
6147,13000417500000000000,1300,4546,4487,3614,2000,254,254,5.118608820574713,5.118608820574712,12.150381968817848,11.8193807908646,True,False
6148,72826477500000000000,7283,10229,8672,7042,2000,1230,1190,4.96452697896506,4.960976511558693,13.32037749183128,12.781769511863132,True,False
6149,24588351814916481643,2459,9303,7771,6379,2000,979,950,4.711748425790909,4.707008192818547,13.183480311333778,12.639114563179414,True,False
6150,2736906247968150401,274,1129,1125,1023,2000,67,65,4.433333680645162,4.430958305104673,10.140829770773001,9.99859042974533,True,False
6151,901298448735233849,90,701,696,656,2000,65,64,4.261552758849782,4.259793971649104,9.453270634010623,9.357552004618084,True,False
6152,373735323002136848,37,562,555,529,2000,70,69,4.359874674736463,4.357992300523428,9.134426320220927,9.047123912114026,True,False
6153,235737644332677256,24,4025,3016,2691,2000,934,896,4.565632399413419,4.549965278878631,11.974773067889341,11.393926675640417,True,False
6154,412709166313556388,41,1768,1723,1480,2000,208,208,4.423963475544803,4.423963475544802,10.787902559391432,10.531381460516313,True,False
6155,4180861144660838162,418,3630,3563,2878,2000,196,195,4.588927923875282,4.588059679898725,11.825753832883112,11.490850876740298,True,False
6156,22863618294752979984,2286,7005,6421,5268,2000,773,768,5.20263880372031,5.202143982278061,12.77416933531818,12.363039630256514,True,False
6157,169575000000000000,17,1164,1104,998,2000,198,197,4.3925083644739775,4.390673502088656,10.184875342908283,9.96289600533726,True,False
6158,2578553947780054233,258,3268,3201,2611,2000,194,193,4.374524377667131,4.3733018837796,11.674192268145683,11.350386742312843,True,False
6159,1008848901779377548,101,6271,5139,4415,2000,967,949,4.390929390530221,4.381371564505798,12.61447980424533,12.108197722535829,True,False
6160,14960691870222968481,1496,9743,8192,6709,2000,1234,1193,5.0450205018955305,5.0416428127270505,13.250150350472438,12.711882028352088,True,False
6161,19950000000000000,2,948,533,515,2000,436,425,6.507079373296834,6.478725634818522,9.888743248898258,9.00842862207058,True,False
6162,29925000000000000,3,3396,1810,1717,2000,1206,1165,5.297415481831105,5.272098964419974,11.729620743553038,10.745674324002135,True,False
6163,199500000000000000,20,5395,3766,3355,2000,1219,1173,5.142968753335312,5.119671598885169,12.39740724437538,11.712097051087547,True,False
6164,183543479316156000966,18354,5585,5518,4451,0,0,0,0.0,0.0,12.447341565370678,12.119913785452269,False,True
6165,642863322695262086,64,4599,3766,3307,2000,857,847,4.7430902707457605,4.741577902385247,12.167104482379933,11.691307330191115,True,False
6166,2653350000000000000,265,7789,6423,5406,2000,1108,1075,4.783669524534676,4.779185248249747,12.927222402724643,12.400345796534694,True,False
6167,2992500000000000000,299,8510,6966,5822,2000,1208,1169,4.391487352721631,4.3818636015143335,13.054943416573325,12.507299124122765,True,False
6168,847875000000000000,85,6980,5430,4662,2000,1228,1185,4.658161903264411,4.651915430071233,12.769011321097015,12.186733289128867,True,False
6169,19930050000000000000,1993,5470,5309,4387,2000,500,498,4.873324433829027,4.872924433829027,12.417325117679919,12.09901899101923,True,False
6170,110881171121456400000,11088,2585,2577,2107,0,0,0,0.0,0.0,11.335948565202298,11.040974598817305,False,True
6171,333090834440923121,33,3510,2724,2400,2000,752,724,4.536357827917277,4.517888595608104,11.777255315191923,11.228818690495881,True,False
6172,39730454526456954964,3973,9592,8007,6584,2000,1027,997,5.71021079837093,5.708360186470849,13.227615943414223,12.684748620421626,True,False
6173,39032882227500000,4,3408,1766,1651,2000,1052,1022,4.751845814529453,4.7326229222604805,11.734709620225837,10.689124404913258,True,False
6174,2793796179358073730,279,1312,1300,1115,2000,68,68,4.287305031506049,4.287305031506049,10.357552004618084,10.122827994807666,True,False
6175,1966013736114638868,197,1173,1161,1022,2000,71,71,4.4453477899702465,4.445347789970245,10.19598729802851,9.997179480937621,True,False
6176,2983650944290827030,298,1588,1573,1334,2000,88,87,4.411773809510126,4.410942066580675,10.632995197142957,10.381542951184585,True,False
6177,9775500000000000000,978,4259,4191,3386,2000,196,195,4.652713037029145,4.651883448366856,12.056299014550337,11.725366257895642,True,False
6178,304237500000000000,30,1575,1509,1313,2000,195,194,4.355366796317787,4.353991280499355,10.621136113274641,10.358651200892886,True,False
6179,58313850000000000000,5831,6072,5898,4885,2000,561,557,6.459772176804477,6.443008454465179,12.567956075415466,12.254142846855748,True,False
6180,5496225000000000000,550,5369,5094,4266,2000,707,702,4.733997304630271,4.732393317333338,12.390437689560537,12.058668250340572,True,False
6181,109725000000000000,11,4302,2831,2609,2000,1012,981,4.51587581695064,4.499892396944498,12.070791809423062,11.349281228817452,True,False
6182,577105432968750000,58,6032,4564,3973,2000,990,960,4.426754676431214,4.41955741895576,12.558420713268664,11.956013078088098,True,False
6183,71943592326100277,7,894,646,602,2000,298,293,4.505890767211552,4.498885162727965,9.804131021183318,9.233619676759702,True,False
6184,936448202097706,0,243,0,0,0,0,0,0.0,0.0,7.924812503605781,0,False,True
6185,997500000000000,0,167,0,0,0,0,0,0.0,0.0,7.383704292474052,0,False,True
6186,993227591730384708,99,4742,3967,3438,2000,811,802,4.555926345919283,4.554047244685687,12.211279947482009,11.747353829478062,True,False
6187,29926233456152007243,2993,5062,4994,4049,2000,198,197,4.581524356358619,4.580703813804474,12.305491792110685,11.983349927676457,True,False
6188,847512926141897082,85,1344,1318,1082,2000,127,126,4.287122779809136,4.286709890998098,10.39231742277876,10.079484783826816,True,False
6189,5000000000000000,1,1630,127,124,127,127,124,6.988684686772164,6.935496596203949,10.67065624911844,6.954196310386875,False,False
6190,251020875000000000000,25102,8979,7972,6684,0,0,0,0.0,0.0,13.132339064219257,12.706496018061188,False,True
6191,2892351369330955404,289,8361,6857,5686,2000,1257,1212,5.082107205373363,5.077581795108404,13.029459787824965,12.473198383677527,True,False
6192,4587193046127838080,459,8656,7260,5965,2000,1232,1189,4.78890545440631,4.784259388268361,13.079484783826816,12.542306422582591,True,False
6193,7408737962855218,1,1531,336,334,336,336,334,8.392317422778762,8.380412660873997,10.580258567499788,8.383704292474052,False,False
6194,8089725000000000000,809,4241,4191,3349,2000,202,202,4.644355495833268,4.644355495833269,12.050188767596435,11.709514660706716,True,False
6195,5982285939751498860,598,8534,7184,5965,2000,1092,1060,4.72599357305207,4.720240255366354,13.059006395201111,12.542306422582591,True,False
6196,29426250000000000,3,3400,1913,1804,2000,1251,1207,6.170740714210121,6.13260948712779,11.731319031025064,10.81698362325538,True,False
6197,81842852026790509373,8184,5437,5390,4331,2000,221,221,5.039050798414257,5.039050798414255,12.408595112798102,12.080484457067568,True,False
6198,2194500000000000,0,1045,0,0,0,0,0,0.0,0.0,10.029287226968245,0,False,True
6199,3251556986419293,0,1296,0,0,0,0,0,0.0,0.0,10.339850002884624,0,False,True
6200,68595500743852750495,6860,4100,4072,3325,2000,115,113,4.70175002397133,4.701287670742636,12.001408194392809,11.699138625275914,True,False
6201,1888583929115714349,189,7902,6409,5376,2000,1257,1216,5.049984834488456,5.044681672047486,12.94800213097767,12.39231742277876,True,False
6202,658792753603724890292,65879,5669,5601,4517,0,0,0,0.0,0.0,12.468878553819426,12.141149198437516,False,True
6203,17655028717774596941,1766,2053,2046,1734,2000,82,80,4.8195531830756835,4.771822776095131,11.003517912108602,10.759888183221834,True,False
6204,87283955727364374908,8728,7398,6920,5699,2000,799,793,6.112035054468674,6.111536830579325,12.852919585123995,12.47649307734159,True,False
6205,426930000000000000,43,5752,4476,3894,2000,1162,1119,4.435030479781038,4.419557022402248,12.489847960439297,11.927037168720295,True,False
6206,249375000000000000,25,4269,3206,2856,2000,987,948,4.4256048482047055,4.4115731155692455,12.059682447247638,11.479780264029099,True,False
6207,2154600000000000000,215,4389,3691,3098,2000,682,659,4.516474673018098,4.5090359415972765,12.099676554859643,11.597121428789569,True,False
6208,2144625000000000000,214,341,306,289,2000,68,68,4.360477964716383,4.360477964716383,8.413627929024173,8.174925682500678,True,False
6209,4058717901752253181,406,1687,1676,1385,2000,86,85,4.576509465568009,4.576044769294849,10.720244258287567,10.43567026093655,True,False
6210,10025062656641604,1,2194,924,895,924,924,895,9.85174904141606,9.785996998664803,11.099347810403193,9.805743872151618,False,False
6211,57090658803911883,6,858,610,574,2000,297,292,4.728112900319189,4.719355237364104,9.744833837499545,9.164906926675688,True,False
6212,4987500000000000,0,484,0,0,0,0,0,0.0,0.0,8.918863237274595,0,False,True
6213,4421269311767456,0,398,0,0,0,0,0,0.0,0.0,8.63662462054365,0,False,True
6214,8156295222864893,1,391,127,127,127,127,127,6.988684686772164,6.988684686772164,8.611024797307353,6.9886846867721655,False,False
6215,324590239512782214,32,5876,4321,3814,2000,1236,1194,4.409010280635535,4.400303254334445,12.52061868055628,11.897089128312755,True,False
6216,724782659172454807,72,6866,5280,4538,2000,1215,1172,4.550302716193337,4.532348475178175,12.745254141957256,12.147840893672337,True,False
6217,3338345864661654135,334,3604,3548,2856,2000,197,196,4.488229762413447,4.487312981149123,11.815383295813538,11.479780264029099,True,False
6218,27252398527511979729,2725,5335,4637,3746,2000,719,696,5.980926188114367,5.978239420328105,12.381272555711787,11.871135184243045,True,False
6219,101745000000000000,10,4745,3252,2961,2000,1239,1199,4.788929017988729,4.770136680935274,12.212192371908472,11.531868775177553,True,False
6220,55843866004972962000,5584,10100,8556,6917,2000,1267,1224,6.028304545587944,6.026133160922855,13.302067672526519,12.755930741084399,True,False
6221,1691843452960557962,169,5546,4580,3853,2000,898,863,4.443723665288603,4.42981452589137,12.437231901039478,11.91176647065955,True,False
6222,92443960154804558391,9244,7546,6771,5622,2000,835,826,5.570505822607712,5.569577814690552,12.88149638481011,12.456867738380343,True,False
6223,77129390128146705774,7713,7581,6801,5643,2000,832,823,5.048586558825789,5.047350605755249,12.888172449665932,12.462246634244352,True,False
6224,42892500000000000,4,3563,2214,2056,2000,1212,1169,5.298193848458094,5.270312804789787,11.798876768133299,11.005624549193879,True,False
6225,880358475182325842,88,718,711,661,2000,64,63,4.254271146526579,4.252546438338796,9.487840033823051,9.368506461507693,True,False
6226,15297980088386284,2,261,207,206,2000,192,191,6.420954595430832,6.415954595430833,8.027905996569885,7.6865005271832185,True,False
6227,10082542643312966,1,2405,992,961,992,992,961,9.954196310386873,9.888919206050016,11.231821178657404,9.90839262077375,False,False
6228,87830972928300000,9,220,207,203,2000,72,71,4.35708321407423,4.355009706807709,7.78135971352466,7.6653359171851765,True,False
6229,2967084060177300000,297,1443,1432,1221,2000,78,77,4.322809778682212,4.322076537406491,10.494855584491198,10.253847484987404,True,False
6230,1094922500672182541,109,7505,5874,4966,2000,1223,1178,4.472289032433012,4.4638188776005565,12.873636356508051,12.27786854617684,True,False
6231,897750000000000000,90,4603,3835,3332,2000,789,783,4.388470576950687,4.386541913807027,12.168358727223886,11.702172685365548,True,False
6232,7272772500000000000,727,6057,5186,4234,2000,842,808,4.926555787953878,4.91964800296195,12.564387696052629,12.047805554007589,True,False
6233,3989205731000351339,399,8638,7138,5890,2000,1245,1203,4.604004076470804,4.598295202491091,13.076481601207021,12.524051918717824,True,False
6234,3338345864661654135,334,8528,7029,5812,2000,1246,1204,4.401465138798832,4.390189442575391,13.057991722759176,12.504818987632841,True,False
6235,207062401053900000,21,494,486,468,2000,89,87,4.287543933177662,4.2859386501363295,8.948367231584678,8.870364719583405,True,False
6236,3292721201876521008,329,1582,1574,1350,2000,91,89,4.478100721999893,4.4769428695865185,10.627533884472792,10.398743691938193,True,False
6237,1371899815197998212,137,2789,2741,2247,2000,205,205,4.8673194435425735,4.867319443542573,11.445532219028312,11.133784409179908,True,False
6238,32725713568338787059,3273,9358,7847,6442,2000,986,957,5.00532641920265,5.002211975284038,13.19198451336031,12.653292945382814,True,False
6239,132592680431235230108,13259,10418,8829,7184,0,0,0,0.0,0.0,13.346790721750702,12.810571634741146,False,True
6240,1257435618183166048,126,1035,880,793,2000,190,186,4.537545069390259,4.533788536563115,10.015415052386688,9.63117705570398,True,False
6241,7980000000000000,1,337,104,104,104,104,104,6.700439718141093,6.700439718141093,8.396604781181859,6.700439718141092,False,False
6242,1586702706189374,0,862,0,0,0,0,0,0.0,0.0,9.751544059089099,0,False,True
6243,5990807613223104,1,889,161,159,161,161,159,7.330916878114615,7.3013834153682575,9.79603960882977,7.312882955284356,False,False
6244,15499245538118011798,1550,8789,7540,6080,2000,1166,1122,5.477669890386744,5.473548199304677,13.101483311565275,12.569855608330949,True,False
6245,1791477445919690453,179,6595,5514,4705,2000,971,958,4.616561993273486,4.613400001984017,12.687156944138907,12.1999790076159,True,False
6246,97492883818604896,10,4252,2915,2663,2000,1209,1166,4.39788891680927,4.385941036177355,12.053925881531105,11.378836713210614,True,False
6247,22418768611601689,2,2919,1615,1544,2000,1175,1132,6.55852775831103,6.516380811471606,11.511258495502268,10.59245703726808,True,False
6248,4531025695388916452,453,1718,1711,1483,2000,89,87,4.523525169880809,4.522443291549896,10.746514321138463,10.53430288245463,True,False
6249,1431585128444616785,143,1062,1055,936,2000,85,83,4.341161151918106,4.339433485369747,10.052568050804153,9.870364719583405,True,False
6250,997500000000000,0,198,0,0,0,0,0,0.0,0.0,7.6293566200796095,0,False,True
6251,85487111221860724841,8549,3952,3924,3211,2000,159,157,5.54300650901939,5.512227342080746,11.948367231584678,11.64880694972577,True,False
6252,15908632674071584979,1591,1741,1737,1530,2000,77,75,4.659381932141753,4.657969830793133,10.7657004876511,10.579315937580015,True,False
6253,990578929875192476,99,2339,2273,1867,2000,197,196,4.405945817582194,4.404845542513428,11.191676146352428,10.866506212226202,True,False
6254,21919862670248984750,2192,4945,4880,3941,2000,213,212,5.036190404915066,5.035732023833704,12.271754805646474,11.944346034137833,True,False
6255,338365042066520591,34,5289,3821,3372,2000,979,949,4.428797530182237,4.421560052087255,12.368779260041338,11.719388820942083,True,False
6256,105467487546755093188,10547,7909,7080,5923,0,0,0,0.0,0.0,12.949279579076595,12.532112370794998,False,True
6257,1186065358879997622,119,6130,5133,4414,2000,982,971,4.96329622224222,4.962276796038306,12.581671358578143,12.107870914279614,True,False
6258,3966276974111760,0,1011,0,0,0,0,0,0.0,0.0,9.981567281903015,0,False,True
6259,6459413677522660085,646,3979,3909,3113,2000,198,197,4.82624394682905,4.825600687649207,11.958190183693738,11.604089861469179,True,False
6260,16672104943879875000,1667,2352,2339,1939,2000,83,82,4.66710506956088,4.666495206929757,11.199672344836364,10.921097088106793,True,False
6261,17988324865851675349,1799,2360,2349,1926,2000,76,75,4.4479996930815355,4.447093826842343,11.204571144249204,10.911391987843459,True,False
6262,4654407852657838121,465,5799,5329,4440,2000,769,763,5.069227358731944,5.06798044175704,12.501588422932391,12.116343961237469,True,False
6263,80315357045007618,8,4314,2782,2541,2000,1233,1192,4.443368479862811,4.4304848666183005,12.074810461160453,11.311180660053354,True,False
6264,10374000000000000,1,206,140,139,140,140,139,7.129283016944968,7.114997302659254,7.6865005271832185,7.118941072723508,False,False
6265,1274390778607697792,127,4373,4067,3454,2000,718,713,4.4225091812234965,4.418259727089328,12.094407633081207,11.754052367528924,True,False
6266,15215965013220299,2,1497,761,732,2000,711,685,6.510135609194696,6.470507460239972,10.547858506058416,9.515699838284043,True,False
6267,11391283453822428402,1139,7290,6239,5055,2000,1003,962,5.311064495204395,5.306249204585682,12.8317030992143,12.303495376790377,True,False
6268,6153702981471284620,615,3986,3918,3141,2000,206,204,4.952101436517157,4.93343772129945,11.960725994839057,11.617008227651965,True,False
6269,19918531507740962406,1992,7093,6307,5228,2000,825,816,4.648913824265374,4.647285223926274,12.792180232254807,12.352043425795433,True,False
6270,1653983546450496018,165,3426,3303,2794,2000,435,433,4.6387571709294235,4.638090459815348,11.742309436084,11.448116305409464,True,False
6271,1979890893979615409,198,3025,2975,2433,2000,200,198,4.863779355542274,4.863105193633135,11.56271942704932,11.24852060493843,True,False
6272,1743599444580299402,174,7846,6245,5246,2000,1229,1184,5.1288570515988825,5.124246956209,12.937741620077096,12.357002092264985,True,False
6273,45672157052927598692,4567,5401,5351,4295,2000,218,217,5.372386264260181,5.372052930926848,12.39901083295199,12.068442416025826,True,False
6274,17472904035496748107,1747,7149,6331,5288,2000,842,832,5.034325247124503,5.033166765912634,12.803525736911427,12.368506461507693,True,False
6275,7282863851196777,1,1892,307,304,307,307,304,8.262094845370179,8.242550871428811,10.885696373339394,8.247927513443585,False,False
6276,8947575000000000000,895,4182,4117,3306,2000,205,204,4.628280960070075,4.627547504494147,12.029977346589579,11.690871009292314,True,False
6277,7490034868532760,1,96,38,38,38,38,38,5.247927513443588,5.247927513443588,6.584962500721156,5.247927513443585,False,False
6278,358332395278924987,36,5452,4039,3536,2000,1063,1032,4.42312961838607,4.416127663385204,12.41256984680521,11.787902559391432,True,False
6279,87733430529267245003,8773,4904,4305,3483,2000,638,619,5.840716973458376,5.837802006072776,12.259743263690781,11.766114757586722,True,False
6280,589522500000000000,59,2015,1948,1642,2000,196,195,4.406145988149692,4.405045658050663,10.97656412341533,10.681238411777805,True,False
6281,22277206175056666,2,2390,1301,1268,2000,961,947,6.543408258650739,6.5274704211696095,11.222794902868111,10.308339030139408,True,False
6282,20026232705406216148,2003,7354,6527,5446,2000,869,859,5.541118770571749,5.540412038648849,12.844313461203296,12.410981267043796,True,False
6283,1347718047759260,0,820,0,0,0,0,0,0.0,0.0,9.679480099505446,0,False,True
6284,1506041402104461,0,362,0,0,0,0,0,0.0,0.0,8.499845887083206,0,False,True
6285,1207459889832881,0,337,0,0,0,0,0,0.0,0.0,8.396604781181859,0,False,True
6286,30075187969924812,3,3081,1608,1539,2000,963,935,6.552665104283916,6.519503615952082,11.589182967039351,10.58777751632821,True,False
6287,29638681570214448,3,2876,1674,1573,2000,1077,1038,6.518361446146842,6.476990460283,11.489847960439297,10.619302955415687,True,False
6288,7491069559196238601,749,4439,4340,3571,2000,392,390,5.161989009169617,5.160720304414411,12.116018993325094,11.802112418586066,True,False
6289,27929751761681175000,2793,1918,1712,1461,2000,289,285,5.786710885380784,5.785955969712887,10.905387005018131,10.512740462803498,True,False
6290,4235828570055265,0,1535,0,0,0,0,0,0.0,0.0,10.584022940257542,0,False,True
6291,20050125313283208,2,3069,1527,1463,2000,1205,1165,6.567006406094817,6.528471664722961,11.583552930466485,10.514714054138487,True,False
6292,7728420146267434,1,1966,397,389,397,397,389,8.632995197142957,8.587655146765123,10.94104760634058,8.603626344986193,False,False
6293,7000000000000000,1,1436,297,293,297,297,293,8.214319120800766,8.180649087130734,10.487840033823051,8.194756854422248,False,False
6294,19950000000000000000,1995,9014,7673,6360,2000,1029,1003,5.443300270603266,5.441625150875177,13.137951734715358,12.634811050171718,True,False
6295,4850460245565311818,485,8129,6756,5660,2000,1015,988,4.498635086769771,4.4921657949295,12.988862172783449,12.466586337719244,True,False
6296,1027807492147224032,103,6458,5277,4516,2000,1017,997,4.685100442219826,4.680822114717835,12.65687172561398,12.140829770773001,True,False
6297,977020956819978052,98,419,416,396,2000,54,54,4.168558507135542,4.1685585071355415,8.710806433699352,8.62935662007961,True,False
6298,60351631586803012,6,3042,2050,1965,2000,970,959,4.537881736661637,4.5319243689068465,11.570804437724497,10.940313597145968,True,False
6299,39734377051564833,4,3225,1661,1554,2000,958,929,4.774354121412644,4.756535728486906,11.65508344519798,10.60177078840771,True,False
6300,5513867458920803240,551,4022,3968,3191,2000,202,200,4.385119819202732,4.380314286062686,11.973697366305352,11.639792893279312,True,False
6301,7404932323079258727,740,2021,2015,1703,2000,83,82,4.453384376042859,4.452518018266743,10.980853606379736,10.733862719678543,True,False
6302,4703941436818012715,470,1819,1813,1536,2000,93,92,4.428533183399351,4.427911930098382,10.828929827651486,10.584962500721156,True,False
6303,3766312717643376286,377,1690,1683,1418,2000,79,78,4.291237960772173,4.290105934291084,10.722807531169547,10.469641817239516,True,False
6304,20428800000000000000,2043,9030,7753,6406,2000,1017,991,4.685129890154442,4.681465565749248,13.140510272368221,12.645208082774683,True,False
6305,3192000000000000000,319,7788,6411,5397,2000,1015,989,4.779696412276478,4.776439235027418,12.927037168720295,12.397941971972639,True,False
6306,12668250000000000000,1267,8994,7526,6207,2000,1013,982,5.508190941537767,5.505808125706207,13.134747168669016,12.599680430581166,True,False
6307,5486250000000000000,549,8392,6918,5760,2000,977,949,4.508156744179859,4.502521585024213,13.034798962577268,12.491853096329674,True,False
6308,4309200000000000000,431,8149,6645,5541,2000,975,946,4.84472215353325,4.840864633107762,12.992407315348498,12.435930651703595,True,False
6309,6184500000000000000,618,8529,6988,5797,2000,977,948,5.277081925332939,5.274261701456123,13.058160884398683,12.501090770274512,True,False
6310,2593500000000000000,259,7757,6194,5204,2000,967,936,4.787556276659688,4.781344151528433,12.921283086307383,12.345405246717796,True,False
6311,867825000000000000,87,6680,5044,4368,2000,1044,1013,4.733988593533246,4.728689618276875,12.705632387361415,12.092757140919852,True,False
6312,648375000000000000,65,6226,4782,4156,2000,1070,1040,4.594119929966652,4.5892612171548635,12.604089861469179,12.020979938904212,True,False
6313,598500000000000000,60,6097,4737,4114,2000,1089,1057,4.644636249227557,4.633530021293336,12.573883830656468,12.006326078524934,True,False
6314,598500000000000000,60,6342,4918,4264,2000,1149,1113,4.611281450751586,4.605583701057732,12.630722162103838,12.057991722759176,True,False
6315,2034900000000000000,203,6638,5516,4589,2000,1035,995,4.485749872242338,4.475921054448868,12.6965329140783,12.163964091412273,True,False
6316,4987500000000000,0,50,0,0,0,0,0,0.0,0.0,5.643856189774724,0,False,True
6317,15261750000000000000,1526,7869,6749,5446,2000,1059,1018,5.469514718766023,5.465216730943867,12.94196459298614,12.410981267043796,True,False
6318,142642500000000000000,14264,7916,7089,5923,0,0,0,0.0,0.0,12.950555897047511,12.532112370794998,False,True
6319,158602500000000000000,15860,8017,7180,5997,0,0,0,0.0,0.0,12.968846758896294,12.550025257465784,False,True
6320,36822942813605476492,3682,7705,6868,5724,2000,885,874,5.685477493113531,5.684841841586306,12.911579241402148,12.482807956726667,True,False
6321,408704330557347,0,192,0,0,0,0,0,0.0,0.0,7.584962500721156,0,False,True
6322,10028934267111931168,1003,6049,5743,4747,2000,733,728,5.149555999770945,5.148376682622626,12.562480945349316,12.212800334429431,True,False
6323,31652491158734501095,3165,8568,7571,6334,2000,999,988,5.691385385260837,5.690846996858396,13.064742764750257,12.62890115202819,True,False
6324,711529466468769037,71,5939,4726,4036,2000,1094,1051,4.526772533918978,4.514087641431734,12.53600431728855,11.978710459106358,True,False
6325,753197219812415076,75,4631,3710,3196,2000,860,825,4.535327625353717,4.526112551134094,12.177108041703693,11.642051692927977,True,False
6326,783073232102393735,78,2179,1813,1574,2000,408,397,4.457424301027003,4.444353120785673,11.089450481115907,10.620219825507487,True,False
6327,3280419370431666489,328,3572,3517,2844,2000,201,200,4.383238247716159,4.381829706836461,11.802516365121223,11.473705749619416,True,False
6328,15006200830230935,2,1363,682,661,2000,656,635,6.509177918913971,6.474180373693461,10.41256984680521,9.368506461507693,True,False
6329,4587936074676446,0,817,0,0,0,0,0,0.0,0.0,9.674192268145683,0,False,True
6330,169725766297209843,17,5117,3574,3201,2000,1202,1162,4.439805690464415,4.426807355521352,12.32108251801004,11.644306961545581,True,False
6331,10374000000000000000,1037,4573,4518,3625,2000,207,206,4.5809094795922825,4.580123456511787,12.158925203806964,11.82376527978966,True,False
6332,3990000000000000,0,1007,0,0,0,0,0,0.0,0.0,9.975847968006784,0,False,True
6333,237405000000000000000,23741,2790,2784,2260,0,0,0,0.0,0.0,11.44604940671655,11.14210705730255,False,True
6334,174562500000000000,17,672,647,577,2000,130,129,4.292643475728095,4.29209977516032,9.39231742277876,9.172427508645482,True,False
6335,9494427444166016090,949,3086,2707,2240,2000,433,421,5.235166178891775,5.22977160813357,11.591522346570734,11.129283016944967,True,False
6336,28458675000000000,3,3395,1888,1785,2000,1247,1203,5.30547566445077,5.278041771295082,11.729195859132094,10.801708358916462,True,False
6337,30075187969924812,3,3325,1840,1741,2000,1183,1142,6.1003881054991975,6.0641514450731755,11.699138625275914,10.7657004876511,True,False
6338,6140029670377470,1,1356,288,288,288,288,288,8.169925001442312,8.169925001442312,10.405141463136344,8.169925001442312,False,False
6339,11353365618929617500,1135,4509,4441,3602,2000,196,195,4.67616307636148,4.6754129357101055,12.13859179463752,11.814582465906277,True,False
6340,3954090000000000,0,1368,0,0,0,0,0,0.0,0.0,10.417852514885897,0,False,True
6341,9722930744520000,1,384,138,137,138,138,137,7.108524456778168,7.09403170315498,8.584962500721156,7.098032082960526,False,False
6342,241101407897799254,24,62,53,51,2000,30,30,4.13692444875516,4.13692444875516,5.954196310386875,5.672425341971495,True,False
6343,5986059545044087081,599,8596,7009,5829,2000,1016,987,5.0432626307516415,5.040334936480537,13.069449767427784,12.509032686306501,True,False
6344,501134976464209516,50,2455,2315,2027,2000,457,455,4.6889583149158724,4.688367074774041,11.261507309202056,10.985130373466898,True,False
6345,133845824027279990,13,1711,1537,1444,2000,496,494,4.7527475577641685,4.750746557263918,10.740624044489413,10.49585502688717,True,False
6346,118825597682606361,12,2017,1505,1367,2000,537,520,5.115441074815376,5.094914033423231,10.977995368612962,10.41679752760606,True,False
6347,2293692710557332637,229,8256,6705,5625,2000,1222,1181,4.56134442043703,4.554207879531752,13.011227255423254,12.45763738099176,True,False
6348,9975000000000000,1,1685,518,504,518,518,504,9.016808287686555,8.95743591799126,10.71853287606922,8.977279923499916,False,False
6349,1117200000000000000,112,7451,5966,5074,2000,1189,1148,4.741097353552907,4.735765435331668,12.86321834758244,12.308907804063939,True,False
6350,57484117264370880,6,4112,2523,2322,2000,1215,1173,5.300500148919625,5.273646742696954,12.005624549193879,11.181152256865566,True,False
6351,5467952581599225,1,1683,153,152,153,153,152,7.257387842692654,7.244315947267817,10.71681946132995,7.247927513443585,False,False
6352,978609664608787301,98,1258,1239,1034,2000,111,110,4.308052015026321,4.307415082994124,10.296916206879288,10.014020470314934,True,False
6353,2593465734806007508,259,5841,4889,4077,2000,900,863,4.558390955546864,4.547989424845399,12.511999669441451,11.993292241488547,True,False
6354,8003096484495903341,800,4168,4108,3287,2000,211,210,4.724398539663812,4.723751290472874,12.025139562278508,11.68255574108031,True,False
6355,5975025000000000000,598,3939,3870,3084,2000,203,202,4.745377003455907,4.744639947992484,11.943613701614042,11.590587049915035,True,False
6356,13366500000000000,1,1606,804,797,804,804,797,9.651051691178928,9.633638755855545,10.649256177517314,9.638435913990472,False,False
6357,1439503479442642232,144,1829,1801,1477,2000,112,112,4.275014749659686,4.275014749659687,10.836839359748716,10.52845411076479,True,False
6358,490984918853949726,49,2350,2227,1945,2000,436,434,4.69518537509599,4.694543485372643,11.198445041452363,10.925554439873554,True,False
6359,115779739951697118,12,1775,1582,1501,2000,570,568,4.382173488449201,4.381242392946216,10.793603309279407,10.55170826162069,True,False
6360,14962500000000000,1,972,485,472,485,485,472,8.921840937074489,8.860790131972557,9.92481250360578,8.88264304936184,False,False
6361,3012450000000000000,301,6515,5469,4523,2000,989,948,4.647930226367188,4.6371505793074554,12.669549463455496,12.14306428063141,True,False
6362,288315325685288570,29,3410,2614,2325,2000,763,735,4.432643235947807,4.419135624973332,11.735556023911535,11.183015000882756,True,False
6363,7146458905262727253,715,1453,1284,1120,2000,224,220,4.819907651822513,4.8178018899315385,10.504818987632841,10.129283016944967,True,False
6364,8912142542417502309,891,4177,4111,3298,2000,208,207,4.774860094998435,4.774245552692784,12.028251428162793,11.687375683437468,True,False
6365,2350699765174817138,235,4032,3847,3244,2000,541,539,4.393118209977601,4.392229074106526,11.977279923499916,11.663558104217273,True,False
6366,30221921758193806256,3022,5132,5065,4084,2000,198,197,4.770631241785038,4.769964445463532,12.325305455089682,11.995767150877802,True,False
6367,250626566416040100,25,801,636,583,2000,199,195,4.390568453932674,4.383229616471244,9.64565843240871,9.187352073200497,True,False
6368,1691878818528183119,169,1034,885,798,2000,175,172,4.384836954568906,4.378329362378016,10.014020470314934,9.640244936222345,True,False
6369,1165292778351923677,117,451,448,425,2000,56,56,4.235273290243516,4.235273290243516,8.81698362325538,8.731319031025064,True,False
6370,88479226466799291834,8848,1135,1132,977,2000,83,83,5.399089916252475,5.399089916252474,10.148476582178278,9.932214751968385,True,False
6371,984396922581190,0,246,0,0,0,0,0,0.0,0.0,7.94251450533924,0,False,True
6372,498750000000000000,50,697,689,648,2000,90,89,4.351333737315066,4.350557241646071,9.445014845868423,9.339850002884624,True,False
6373,2612865474079428989,261,1414,1407,1212,2000,86,84,4.349829974116996,4.312492051580575,10.4655664048094,10.243173983472952,True,False
6374,6367190130130174748,637,1845,1832,1529,2000,71,71,4.60949647670628,4.60949647670628,10.849405100947758,10.578372691360805,True,False
6375,21262379425508406787,2126,2376,2364,1974,2000,78,78,4.798896891713132,4.798896891713134,11.214319120800766,10.946906274456397,True,False
6376,5012531328320802,1,1361,169,165,169,169,165,7.4008794362821835,7.3417078386490475,10.410451351503994,7.366322214245816,False,False
6377,33689353502902396804,3369,5157,5088,4087,2000,201,200,4.820745884270613,4.820108332469528,12.332316330199218,11.996826528020659,True,False
6378,7880345095162652018,788,4079,4012,3229,2000,198,197,4.728766696572989,4.728053048044888,11.993999791792524,11.65687172561398,True,False
6379,1934513415060452128,193,2935,2864,2306,2000,193,192,4.401985097415956,4.400784316908625,11.519144787997414,11.171176797651771,True,False
6380,1288103593263937146,129,6571,5404,4622,2000,999,981,4.752685989876811,4.7486316711431815,12.681897226786235,12.174301544467632,True,False
6381,4357939363040007457,436,8909,7367,6125,2000,1223,1184,5.241686179871723,5.239031306178788,13.121047788686921,12.580494128777294,True,False
6382,471164189603478646,47,1050,1026,864,2000,132,131,4.386549372533617,4.385794408308966,10.036173612553485,9.754887502163468,True,False
6383,1695750000000000000,170,5280,4364,3672,2000,849,816,4.480893535132837,4.468485174253028,12.366322214245816,11.842350343413807,True,False
6384,837900000000000,0,476,0,0,0,0,0,0.0,0.0,8.894817763307943,0,False,True
6385,6982500000000000,1,1203,307,307,307,307,307,8.262094845370179,8.262094845370179,10.232420927176076,8.262094845370179,False,False
6386,5508123619548915,1,884,148,145,148,148,145,7.209453365628952,7.155399311574898,9.787902559391432,7.1799090900149345,False,False
6387,199500000000000000,20,2232,2005,1852,2000,624,621,4.6715420063187,4.669409810156654,11.124121311829187,10.854868383260236,True,False
6388,1915200000000000000,192,8055,6506,5499,2000,1233,1192,4.850323250105813,4.84567874914673,12.97566887359393,12.424953571261042,True,False
6389,86383500000000000000,8638,4213,4185,3412,2000,132,129,5.289594604997884,5.281634118030918,12.040632200562253,11.73640193131829,True,False
6390,18131099807873763264,1813,9740,8197,6651,2000,1245,1204,5.242217211228299,5.2395301222882855,13.249706056969705,12.699355555588463,True,False
6391,481656027037812818,48,1850,1782,1509,2000,185,184,4.708482772541338,4.70548089636873,10.853309555403674,10.559377090526683,True,False
6392,35860125000000000000,3586,5175,5109,4134,2000,198,197,4.373408407279275,4.372185845456547,12.33734314727405,12.013322673425447,True,False
6393,998369205627049551,100,2478,2416,2013,2000,274,274,5.205481185889944,5.205481185889944,11.274960472140602,10.97513145692134,True,False
6394,983111407540890600,98,2905,2770,2379,2000,460,458,5.200444778324047,5.200087629089239,11.50432244829189,11.216139556425135,True,False
6395,3007518796992481203,301,6108,5282,4462,2000,849,839,4.603350533780078,4.601431994542909,12.576484346796851,12.12347479824414,True,False
6396,3007518796992481203,301,7912,6441,5413,2000,1021,990,5.58776266119756,5.584072771516472,12.94982671075911,12.402212672714642,True,False
6397,32402307923150792,3,1377,882,830,2000,506,491,5.900746368785468,5.873831741778909,10.427312844134963,9.696967526234287,True,False
6398,2913989010834161,0,930,0,0,0,0,0,0.0,0.0,9.861086905995395,0,False,True
6399,5864044832802894849,586,4177,4085,3382,2000,359,358,5.086553843826872,5.0863088758768455,12.028251428162793,11.723660944409984,True,False
6400,1002506265664160401,100,5979,4987,4304,2000,973,962,4.530330694390329,4.52769077910653,12.545688495560213,12.071462362556623,True,False
6401,2025150690244370229,203,6692,5676,4819,2000,979,966,4.835841186898048,4.821762669951428,12.708221730038353,12.234518085739989,True,False
6402,960263123625682048,96,6430,5017,4344,2000,1013,986,4.456074833048104,4.44979801573046,12.650603022215309,12.084808387804362,True,False
6403,349125000000000000,35,67,65,64,2000,35,35,4.16625335683657,4.16625335683657,6.066089190457772,6.0,True,False
6404,4987500000000000000,499,277,275,256,2000,39,39,4.286400238923982,4.2864002389239815,8.113742166049189,8.0,True,False
6405,329175000000000000,33,3858,3043,2738,2000,833,823,4.435750007637259,4.433064263765644,11.913637428049103,11.4189067312579,True,False
6406,193408734705145200,19,3648,2771,2553,2000,904,894,4.393422227330653,4.390583539087584,11.832890014164741,11.31797782240712,True,False
6407,14167678817500075,1,244,179,178,179,179,178,7.483815777264256,7.472642592906714,7.930737337562887,7.475733430966398,False,False
6408,14447790000000000000,1445,9094,7623,6290,2000,1017,986,4.870868534941204,4.86549826563739,13.15069928874454,12.618844301766652,True,False
6409,36872784190245104624,3687,4535,4475,3640,2000,191,189,5.59107053379169,5.588670878366448,12.146886835415884,11.829722735086058,True,False
6410,7803688666870739179,780,3029,2654,2200,2000,426,414,5.122228149229763,5.116232249103929,11.564625862795372,11.103287808412022,True,False
6411,25743529484312478,3,2828,1611,1525,2000,1089,1049,6.523658748352018,6.482221596861553,11.4655664048094,10.57459352733761,True,False
7328,99750000000000000,10,1956,1680,1606,2000,697,693,4.520782891525406,4.518382891525405,10.933690654952233,10.649256177517314,True,False
7329,911672871283920858,91,4187,3771,3248,2000,753,748,4.558116470152384,4.555989224187042,12.031701202740303,11.665335917185176,True,False
7330,14437707270000000,1,2459,1010,982,1010,1010,982,9.980139577639157,9.916996570202706,11.263856019596082,9.939579214314692,False,False
7331,41560817879614656105,4156,2692,2679,2207,2000,84,83,4.517146222424237,4.51642821815936,11.394462694610317,11.107870914279614,True,False
7332,7923131553285012,1,1674,394,388,394,394,388,8.622051819456374,8.586518824532513,10.709083812550343,8.599912842187127,False,False
7333,99447061045913228700,9945,5656,5605,4507,2000,227,223,5.592957349020656,5.5912747831251925,12.4655664048094,12.137951734715358,True,False
7334,75737423017200000,8,189,178,175,2000,68,67,4.227230026566131,4.2248683524901285,7.562242424221073,7.451211111832329,True,False
7335,981468435238945502,98,4106,3752,3232,2000,738,733,4.505279475261651,4.504077143790662,12.003517912108602,11.658211482751796,True,False
7336,31321500000000000000,3132,4767,4703,3809,2000,198,195,5.2659855726070575,5.263655806053704,12.218865910069676,11.89519657256334,True,False
7337,94762500000000000,9,3812,2593,2363,2000,1097,1056,5.059079141235582,5.037243110408907,11.896332403909941,11.206403913973848,True,False
7338,2992500000000000,0,777,0,0,0,0,0,0.0,0.0,9.60177078840771,0,False,True
7339,1596000000000000,0,136,0,0,0,0,0,0.0,0.0,7.087462841250339,0,False,True
7340,452450309503801761,45,625,619,574,2000,80,79,4.548454401313621,4.546888608687971,9.287712379549449,9.164906926675688,True,False
7341,1845375000000000000,185,7701,6271,5312,2000,1157,1120,4.890157796301733,4.8847468630815385,12.910830081296574,12.375039431346925,True,False
7342,2101953389199069,0,102,0,0,0,0,0,0.0,0.0,6.672425341971495,0,False,True
7343,15943383332204344,2,1401,720,693,2000,657,636,6.509960239453345,6.474953942658635,10.452241240430817,9.436711542137214,True,False
7344,4197990418965652050,420,3719,3657,2991,2000,273,273,5.039854423268192,5.039854423268191,11.860699032611988,11.546412195119352,True,False
7345,3597029321252667,0,1384,0,0,0,0,0,0.0,0.0,10.434628227636725,0,False,True
7346,23078864199727701679,2308,9774,8256,6685,2000,1230,1190,4.649712810272999,4.644689369459526,13.254733389246674,12.706711844980715,True,False
7347,9854782836776109889,985,5360,5146,4289,2000,619,617,4.489563754818018,4.489002771226788,12.388017285345136,12.066425600635556,True,False
7348,109725000000000000,11,245,234,228,2000,53,53,4.42680014796162,4.426800147961621,7.936637939002571,7.832890014164741,True,False
7349,57246562326567191,6,3644,2173,2044,2000,1002,972,4.993596227313675,4.9759350916237945,11.831307243802051,10.997179480937621,True,False
7350,997500000000000000,100,3346,3143,2707,2000,603,601,4.785384276060939,4.784995333152201,11.708221730038353,11.402479172214964,True,False
7351,99351000000000000000,9935,6570,6350,5272,2000,632,629,4.876300292130629,4.875014503216031,12.681677655209691,12.364134655008051,True,False
7352,14357017500000000000,1436,5910,5099,4143,2000,794,764,5.34650031878026,5.341589540940025,12.528942415064895,12.016460104979208,True,False
7353,79800000000000000,8,2505,1789,1723,2000,776,770,5.044434880282127,5.040165508070659,11.290594888082572,10.750706986224948,True,False
7354,595694494724743977045,59569,1626,1621,1396,0,0,0,0.0,0.0,10.667111542075027,10.447083226209653,False,True
7355,491967000000000000,49,6288,4825,4198,2000,1246,1203,4.6042322704527425,4.597079208447957,12.618385502258606,12.035486451292154,True,False
7356,27914040000000000000,2791,5909,5705,4716,2000,615,612,5.240042626401399,5.239128720560694,12.528698283574188,12.203348002979762,True,False
7357,1797481166056574,0,830,0,0,0,0,0,0.0,0.0,9.696967526234287,0,False,True
7358,5153909377575158,1,123,20,20,20,20,20,4.321928094887363,4.321928094887363,6.94251450533924,4.321928094887363,False,False
7359,4859552679983045,0,96,0,0,0,0,0,0.0,0.0,6.584962500721156,0,False,True
7360,122791235131624617995,12279,9903,8459,6948,0,0,0,0.0,0.0,13.273649923943692,12.762382038710392,False,True
7361,478800000000000000,48,646,633,592,2000,76,75,4.250480305593809,4.249018352163741,9.335390354693924,9.20945336562895,True,False
7362,618024284469776619,62,5016,4115,3635,2000,919,908,4.750558092562395,4.749030148316882,12.29232163280204,11.827739648806956,True,False
7363,1531838026950000000,153,6087,5181,4451,2000,920,909,4.557610445947189,4.555775394370416,12.571515650477815,12.119913785452269,True,False
7364,417026820577317974,42,4549,3618,3223,2000,935,924,4.4839489007146,4.4805170144887185,12.151333719291655,11.654188473059545,True,False
7365,534582560678121348,53,6458,4975,4316,2000,1195,1154,4.72253664542975,4.716182747375685,12.65687172561398,12.075479149488016,True,False
7366,1476300000000000000,148,2839,2790,2280,2000,191,191,4.374350666674232,4.37435066667423,11.471167133724391,11.154818109052105,True,False
7367,179550000000000000,18,1197,1152,1037,2000,198,198,4.355587433661835,4.355587433661834,10.225207436943501,10.018200178813226,True,False
7368,17669116500000000,2,2402,1215,1165,2000,1068,1029,6.513096104107177,6.471714772910536,11.230020435705635,10.186114239541643,True,False
7369,395998896142311,0,40,0,0,0,0,0,0.0,0.0,5.321928094887363,0,False,True
7370,78964892535165000,8,614,448,422,2000,203,199,4.419316523041804,4.411856999434107,9.262094845370179,8.721099188707186,True,False
7371,77949305204452170,8,521,374,357,2000,171,168,4.405585710044597,4.398827188223009,9.025139562278508,8.479780264029099,True,False
7372,41539884286531286,4,130,93,91,2000,70,70,5.003588351599778,5.0035883515997766,7.022367813028454,6.507794640198696,True,False
7373,1083873139070043046,108,6892,5382,4600,2000,977,948,4.7066479170327575,4.702182165604702,12.750706986224948,12.167418145831737,True,False
7374,14883724452450000,1,339,174,170,174,174,170,7.442943495848731,7.396966484354477,8.405141463136344,7.409390936137702,False,False
7375,155952505961278,0,10,0,0,0,0,0,0.0,0.0,3.321928094887362,0,False,True
7376,7017543859649122,1,1128,303,303,303,303,303,8.243173983472953,8.243173983472953,10.139551352398794,8.243173983472952,False,False
7377,3609022556390977443,361,6510,5652,4772,2000,889,879,4.90902320542259,4.907790015333034,12.668441828052998,12.220378327695228,True,False
7378,1605975000000000000,161,5341,4575,3867,2000,796,790,4.69411745677049,4.693153095058587,12.382894168892134,11.916999049082808,True,False
7379,16658250000000000,2,2748,1106,1070,2000,1034,1005,6.496159094079733,6.461715484702029,11.4241662888181,10.06339508128851,True,False
7380,99750000000000000,10,652,607,564,2000,134,133,4.378808847626531,4.3779157310324335,9.348728154231077,9.139551352398794,True,False
7381,6332817799208649509,633,1915,1688,1441,2000,289,283,5.001152365869786,4.998013383540798,10.903128676812319,10.492854620174748,True,False
7382,30024750000000000000,3002,4872,4809,3882,2000,199,197,5.118208422297372,5.1176045265836105,12.250298417906333,11.922584402713664,True,False
7383,49875000000000000000,4988,5078,5012,4053,2000,183,181,4.381755517536855,4.380005222845822,12.310044679647506,11.984774460046841,True,False
7384,48877500000000000000,4888,5087,5020,4062,2000,200,198,5.0774848920027305,5.076858717771007,12.312599378862629,11.987974524296153,True,False
7385,79800000000000000000,7980,8411,7508,6306,2000,937,926,5.478476920702595,5.477765689671611,13.0380616201336,12.622509454683335,True,False
7386,59850000000000000000,5985,9406,8129,6716,2000,1032,1005,5.567325313523277,5.564200158862069,13.199365616857982,12.71338651493703,True,False
7387,50373750000000000000,5037,9600,8164,6724,2000,1044,1014,5.236612777261916,5.233938186410415,13.228818690495881,12.715104009236168,True,False
7388,411797818464007500,41,5796,4171,3652,2000,1041,1011,5.418839153238959,5.396189638408497,12.50084187955693,11.834471049984222,True,False
7389,139585791160248036,14,3626,2617,2374,2000,933,895,4.7405659842974535,4.721444151406594,11.824163209744158,11.213104219641906,True,False
7390,1995000000000000,0,940,0,0,0,0,0,0.0,0.0,9.876516946565,0,False,True
7391,38485572848870732,4,2731,1622,1565,2000,964,948,4.771255319827079,4.75641619052991,11.415213598765286,10.61194694181998,True,False
7392,117549723787386788,12,1195,1114,1051,2000,298,298,4.50337833666757,4.50337833666757,10.222794902868111,10.037546953962178,True,False
7393,448875000000000000,45,1818,1763,1495,2000,201,200,4.416732792736891,4.415094913046599,10.828136484194108,10.545929769085467,True,False
7394,4960950393945858,0,57,0,0,0,0,0,0.0,0.0,5.832890014164741,0,False,True
7395,50000000000000000,5,619,568,547,2000,191,190,4.70572863909521,4.703107934454652,9.273795599214264,9.095397022792557,True,False
7396,1995000000000000,0,673,0,0,0,0,0,0.0,0.0,9.394462694610317,0,False,True
7397,1080609811130978744,108,187,185,177,2000,36,36,4.144256876407722,4.144256876407722,7.546894459887636,7.467605550082998,True,False
7398,530948836133428510,53,4885,3970,3508,2000,930,918,4.513223651533846,4.510033323191822,12.254142846855748,11.776433032444734,True,False
7399,36372372564667844,4,2913,1776,1653,2000,1036,996,5.250290165359058,5.2220334225355565,11.508289986140348,10.690871009292314,True,False
7400,848868990140763487,85,6402,4919,4264,2000,964,935,4.392369108153556,4.375196301891407,12.644306961545581,12.057991722759176,True,False
7401,23411254207693670,2,2121,1196,1138,2000,854,820,6.579724524347821,6.538469760531708,11.050528905530555,10.152284842306582,True,False
7402,2014423945396590000,201,1487,1288,1127,2000,249,245,4.381119736035312,4.377117957467059,10.53818893205242,10.138271800172221,True,False
7403,2992500000000000000,299,1496,1302,1141,2000,243,239,4.59051429226751,4.587921379562237,10.546894459887637,10.156083076288681,True,False
7404,2992500000000000000,299,1001,871,782,2000,159,157,4.576136764545764,4.573912383769672,9.967226258835993,9.611024797307353,True,False
7405,3015921274547866808,302,1553,1547,1300,2000,88,87,4.336421467467705,4.335391569643599,10.600842114387302,10.344295907915816,True,False
7406,14293341043950121270,1429,1844,1839,1604,2000,76,75,4.851448431285036,4.8505880661709115,10.848622940429339,10.64745842645492,True,False
7407,120774145619606772,12,1060,997,918,2000,195,194,4.372651994250418,4.371058830371789,10.049848549450562,9.842350343413807,True,False
7408,32161030393933288,3,446,378,367,2000,181,180,5.298440814846593,5.293972693176203,8.800899899920305,8.519636252843213,True,False
7409,1980788240127427018,198,2953,2887,2368,2000,203,202,4.77466118943546,4.77404688736638,11.527965641133955,11.20945336562895,True,False
7410,22438788674779135815,2244,9270,7825,6441,2000,1039,1010,5.082842516040448,5.080181289815403,13.178353623512892,12.65306897657993,True,False
7411,9321392850088631,1,114,60,60,60,60,60,5.906890595608518,5.906890595608518,6.832890014164741,5.906890595608519,False,False
7412,29810117302877670618,2981,9173,7907,6364,2000,1203,1158,6.1125929072832905,6.110046018416266,13.16317792440416,12.635718120331047,True,False
7413,2677709968349418,0,508,0,0,0,0,0,0.0,0.0,8.988684686772165,0,False,True
7414,57275415027911018,6,3908,2393,2213,2000,1190,1148,4.7833840439295425,4.7630136357775426,11.932214751968385,11.11178773580101,True,False
7415,2992500000000000,0,752,0,0,0,0,0,0.0,0.0,9.554588851677638,0,False,True
7416,995471892190202214,100,2357,2298,1889,2000,204,203,4.636909023864155,4.636166357692598,11.202736043250168,10.88340698638837,True,False
7417,996856693983145910,100,6591,5158,4448,2000,1026,998,4.375898592345551,4.366680117343696,12.686281655144432,12.118941072723507,True,False
7418,498750000000000000,50,1757,1459,1283,2000,365,358,4.399865469539618,4.392629779810632,10.778898476008376,10.325305455089682,True,False
7419,219450000000000000,22,1077,850,770,2000,275,270,4.4571902674626775,4.451210876787146,10.072802534544207,9.588714635582264,True,False
7420,171570000000000000,17,316,253,242,2000,98,98,4.258648798985815,4.258648798985815,8.303780748177102,7.918863237274595,True,False
7421,69871699965479522614,6987,5409,5363,4304,2000,250,250,5.885447259481719,5.885447259481719,12.401146182153498,12.071462362556623,True,False
7422,8924034000000000000,892,9272,7686,6306,2000,1222,1180,5.128474432484564,5.124885232083857,13.178664851006472,12.622509454683335,True,False
7423,997500000000000000,100,1214,1196,1012,2000,104,103,4.273919900040834,4.273034836207377,10.245552706255681,9.98299357469431,True,False
7424,595819997229126256598,59582,1629,1624,1399,0,0,0,0.0,0.0,10.669770888525518,10.450180247164754,False,True
7425,1015860826284374466,102,456,453,432,2000,51,51,4.1742341665443385,4.1742341665443385,8.832890014164741,8.754887502163468,True,False
7426,3920951043880226871,392,1217,1213,1087,2000,69,68,4.422076269408618,4.388654184179198,10.249113452713729,10.086136225027309,True,False
7427,480000000000000000,48,3301,2625,2289,2000,663,641,4.545539429040597,4.53468135080197,11.688687423222536,11.160501747555687,True,False
7428,194736613969818597,19,1712,1589,1459,2000,431,429,4.419870310000638,4.418870159978134,10.741466986401146,10.510764167917891,True,False
7429,3374324949801573,0,1300,0,0,0,0,0,0.0,0.0,10.344295907915816,0,False,True
7430,3075018416763628702,308,7192,6098,5158,2000,995,980,5.656624992262565,5.654981637412964,12.812177305514448,12.332596057789214,True,False
7431,28412495385517873,3,2472,1453,1370,2000,938,900,6.55569946845468,6.5141797241291535,11.271463027904375,10.419960177847889,True,False
7432,984586548904813850,98,229,227,215,2000,42,41,4.132106965825512,4.131422641846061,7.839203788096944,7.7481928495894605,True,False
7433,963047021752682241,96,893,880,772,2000,89,87,4.616321464359083,4.615398357221559,9.802516365121223,9.59245703726808,True,False
7434,89775000000000000000,8978,3097,3084,2572,2000,112,110,5.47474577654492,5.474348054462722,11.596655667674662,11.328674927327947,True,False
7435,2493750000000000000,249,5665,4910,4122,2000,787,781,4.703172641021596,4.702184593340917,12.467860240707878,12.009128789539256,True,False
7436,1710689133895195,0,535,0,0,0,0,0,0.0,0.0,9.06339508128851,0,False,True
7437,987796463791497862,99,219,217,206,2000,38,38,4.1297087232637635,4.129708723263764,7.774787059601174,7.6865005271832185,True,False
7438,15798091405956874130,1580,1781,1777,1555,2000,66,63,4.35404718159409,4.319036273171184,10.798471801101618,10.602698865017965,True,False
7439,200271654995580000,20,2277,1752,1568,2000,548,531,4.500167319426479,4.488047489749878,11.152918576136623,10.614709844115207,True,False
7440,20078841806743722,2,2312,1241,1212,2000,960,948,6.5460919990392785,6.533375131579345,11.174925682500678,10.243173983472952,True,False
7441,17885175000000000000,1789,4681,4632,3713,2000,229,229,5.406687675544563,5.406687675544562,12.192601049711953,11.85836959985474,True,False
7442,11770500000000000000,1177,4477,4422,3561,2000,239,239,4.680261840516273,4.680261840516272,12.128316602903544,11.798066720363062,True,False
7443,4029900000000000000,403,3674,3614,2953,2000,262,262,4.870004706748487,4.870004706748487,11.84313591111135,11.527965641133955,True,False
7444,15089865327371116016,1509,8612,7443,6189,2000,1008,989,4.876000674695947,4.87255026479323,13.072132604167233,12.59549060660764,True,False
7445,77222040890439018709,7722,9743,8393,6871,2000,1133,1100,6.152313734129313,6.151002108989436,13.250150350472438,12.746304367701304,True,False
7446,581453634085213032,58,1728,1450,1274,2000,349,342,4.464729265980986,4.458966882262761,10.754887502163468,10.3151495622563,True,False
7447,30075187969924812,3,3519,1907,1802,2000,1212,1170,5.297695888073556,5.269445631030617,11.780949798749665,10.815383295813538,True,False
7448,149279526711949208,15,293,282,274,2000,62,62,4.277911650912068,4.277911650912068,8.194756854422248,8.098032082960527,True,False
7449,707712924679672654,71,860,845,737,2000,84,83,4.246080980081651,4.2448275142826555,9.74819284958946,9.52552080909507,True,False
7450,80997000000000000,8,2711,1861,1707,2000,807,776,4.550723293500194,4.535865030864079,11.404609397837712,10.737247343027738,True,False
7451,335870935599883,0,99,0,0,0,0,0,0.0,0.0,6.6293566200796095,0,False,True
7452,348757527114075,0,110,0,0,0,0,0,0.0,0.0,6.78135971352466,0,False,True
7453,4666616663227922589,467,8866,7237,5981,2000,1232,1186,5.128734341834238,5.123715910087367,13.114067647165264,12.54617100226735,True,False
7454,2224590577982986460,222,4663,3925,3289,2000,726,698,4.603132842462655,4.590469459357138,12.187042714339894,11.683433292835403,True,False
7455,14858298062806280977,1486,2284,2276,1904,2000,86,85,4.394609722833162,4.393936839432998,11.157346935362844,10.894817763307943,True,False
7456,1037400000000000000,104,7402,5815,4935,2000,1214,1174,4.47165255917687,4.464711479107401,12.85369942030022,12.26883436934376,True,False
7457,6266894721604467,1,129,30,30,30,30,30,4.906890595608519,4.906890595608519,7.011227255423254,4.906890595608519,False,False
7458,3236402094601338,0,170,0,0,0,0,0,0.0,0.0,7.409390936137702,0,False,True
7459,2456758479965651,0,121,0,0,0,0,0,0.0,0.0,6.918863237274595,0,False,True
7460,48120300751879699,5,523,358,342,2000,186,182,4.764540570058654,4.752390029222466,9.030667136246942,8.417852514885897,True,False
7461,914591231400000,0,3,0,0,0,0,0,0.0,0.0,1.584962500721156,0,False,True
7462,124555833199173753,12,290,277,266,2000,71,70,4.957047850437673,4.954257148818468,8.179909090014934,8.055282435501189,True,False
7463,22997554426405444,2,60,48,48,372,48,48,4.933939413527817,4.933939413527816,5.906890595608519,5.584962500721156,False,False
7464,77645623360195532,8,4279,2745,2510,2000,1230,1189,4.788311412793528,4.768978743175655,12.06305796362349,11.293471648838134,True,False
7465,6490276398895995,1,916,188,186,188,188,186,7.554588851677638,7.529296896878896,9.839203788096944,7.539158811108031,False,False
7466,5811482023302891,1,1725,213,208,213,213,208,7.734709620225836,7.6783715920568225,10.752380646552893,7.700439718141092,False,False
7467,4957575000000000000,496,3774,3730,3017,2000,215,215,4.5351539718350695,4.535153971835069,11.881878707600446,11.558898981146703,True,False
7468,394149230631597982,39,1002,976,822,2000,130,129,4.271462818070405,4.270839734476082,9.968666793195208,9.682994583681683,True,False
7469,207430335518848344,21,775,747,660,2000,111,111,4.283012870091853,4.283012870091854,9.5980525001616,9.366322214245816,True,False
7470,51699948858488113189,5170,10193,8561,6930,2000,1252,1206,5.765756584716636,5.763113113032299,13.315291107023732,12.758639637024576,True,False
7471,1270791481981841800,127,935,928,837,2000,79,77,4.573641243163802,4.511175092726704,9.868822554774999,9.709083812550343,True,False
7472,3011756676896793132,301,5355,4982,4177,2000,745,740,4.399862028359797,4.398258808392451,12.386670859637618,12.028251428162793,True,False
7473,17457240439361279,2,240,128,128,2000,112,112,6.30552479397159,6.305524793971589,7.906890595608519,7.0,True,False
7474,18478174246725060000,1848,368,335,314,2000,81,81,5.527386959084609,5.527386959084609,8.523561956057012,8.294620748891626,True,False
7475,976821470995410548,98,782,770,687,2000,68,68,4.268762187382985,4.268762187382985,9.611024797307353,9.4241662888181,True,False
7476,47310951880257522089,4731,4205,4164,3386,2000,136,135,4.632723947242665,4.63244015143328,12.037890085142507,11.725366257895642,True,False
7477,997500000000000,0,558,0,0,0,0,0,0.0,0.0,9.124121311829187,0,False,True
7478,497821386960895735,50,6337,4811,4190,2000,1233,1192,4.437083815890004,4.429349780925815,12.62958430019385,12.032734528586714,True,False
7479,2243374292947234210,224,8030,6622,5497,2000,1237,1193,4.534615637689506,4.523780405777709,12.971184272404678,12.424428764037762,True,False
7480,54189904917554891,5,2919,1915,1775,2000,921,884,5.103944616739954,5.079371917511466,11.511258495502268,10.793603309279407,True,False
7481,679217700000000000,68,4390,3635,3166,2000,784,778,4.554084374948431,4.552897653680265,12.10000522442272,11.62844554013718,True,False
7482,5107682997933074,1,1129,154,150,154,154,150,7.266786540694904,7.201851475759838,10.140829770773001,7.22881869049588,False,False
7483,74397278124369362,7,643,471,446,2000,214,210,4.495499976638038,4.487492770152199,9.328674927327947,8.800899899920305,True,False
7484,997500000000000,0,163,0,0,0,0,0,0.0,0.0,7.348728154231077,0,False,True
7485,5218573390585559041,522,5007,4785,4005,2000,630,627,4.806267263313701,4.8057142730186815,12.289730740083755,11.967586527296072,True,False
7486,2024925000000000000,202,1661,1645,1380,2000,105,103,4.373589676155234,4.352624844642718,10.697836357962377,10.430452551665532,True,False
7487,8020050125313283,1,436,238,238,238,238,238,7.894817763307943,7.894817763307943,8.768184324776927,7.894817763307944,False,False
7488,13000000000000000,1,2712,1125,1086,1125,1125,1086,10.1357092861044,10.056454833252195,11.405141463136344,10.084808387804362,False,False
7489,6770978932686694,1,1082,222,219,222,222,219,7.794415866350104,7.758379830314068,10.079484783826816,7.774787059601174,False,False
7490,99724151426700917932,9972,10434,8890,7238,2000,1249,1210,6.049793258565955,6.048465798831854,13.349004718027743,12.82137539237254,True,False
7491,366675869326319799,37,1670,1603,1335,2000,186,185,4.487769534692707,4.485268669555012,10.705632387361415,10.382624026574916,True,False
7492,1731448738068032,0,951,0,0,0,0,0,0.0,0.0,9.893301530860564,0,False,True
7493,2256056911687073003,226,5493,4588,3837,2000,852,817,4.575304262022125,4.567441726613357,12.423378576518493,11.905763049602793,True,False
7494,43792965975865841,4,3116,1944,1799,2000,1066,1026,5.259607079465465,5.231557924587586,11.605479518061669,10.812979471251483,True,False
7495,33088432849612980,3,3531,2033,1907,2000,1231,1192,5.302498669527378,5.278104821148043,11.7858611057596,10.897089128312755,True,False
7496,249375000000000000,25,405,400,389,2000,61,60,4.209219451060275,4.206175972233583,8.661778097771988,8.603626344986193,True,False
7497,9442764634541111668,944,8731,7282,6033,2000,1035,1006,4.825637208964994,4.822168249084786,13.091931186216529,12.558659867026508,True,False
7498,1004715903358422233,100,2625,2569,2106,2000,198,196,4.534216863889451,4.529935220425556,11.358101707440847,11.040289721025717,True,False
7499,993556352354264200,99,2439,2383,1952,2000,206,205,4.818395573401874,4.817816549846143,11.252074042796185,10.930737337562887,True,False
7500,88007914041553124,9,1332,1169,1127,2000,489,487,4.492182720744632,4.4907932287776315,10.379378367071261,10.138271800172221,True,False
7501,3742292089590069515,374,4318,4146,3479,2000,521,518,5.444316493233856,5.444036287462819,12.076147528022505,11.76445696361989,True,False
7502,455707875000000000,46,4864,3797,3310,2000,991,951,4.37968021584198,4.367901811765238,12.247927513443585,11.69261550169458,True,False
7503,9975000000000000,1,1768,539,525,539,539,525,9.074141462752504,9.017082302266116,10.787902559391432,9.036173612553485,False,False
7504,563106274419193468,56,6490,5090,4383,2000,1236,1193,4.658367863315736,4.65259910702731,12.6640027628865,12.097702963524654,True,False
7505,29796679262350618160,2980,3644,3616,2974,2000,124,124,4.68661430268148,4.686614302681481,11.831307243802051,11.53818893205242,True,False
7506,1093851755211036513,109,5700,4818,4153,2000,916,906,4.703104833983763,4.701205573034359,12.476746203939467,12.019938156424795,True,False
7507,8129625000000000000,813,2557,2538,2077,2000,121,120,4.694606148993828,4.694384486252654,11.32023644524165,11.020285500844647,True,False
7508,1529608909082111596,153,7748,6163,5190,2000,1213,1173,4.435386316548683,4.427751024340447,12.919608238603253,12.341518823245243,True,False
7509,20150753136759902,2,2885,1453,1391,2000,1147,1110,6.547752794105653,6.508279673163152,11.494355603532846,10.44190670454224,True,False
7510,99251250000000000,10,4157,2541,2324,2000,1062,1032,5.650266560724721,5.62712154789109,12.021327032624372,11.18239435340453,True,False
7511,56744132351902962718,5674,7888,7035,5869,2000,922,910,6.410866751213006,6.396165294613073,12.945443836377912,12.518898992777315,True,False
7512,8257771809319040441,826,8077,6942,5816,2000,995,978,5.164905588300276,5.163415909958432,12.97960382407446,12.505811553919594,True,False
7513,9290000000000000000,929,8577,7223,6012,2000,1027,1001,5.122024785965648,5.119769686999049,13.066257405352255,12.553629293916364,True,False
7514,9176904799864721283,918,8774,7301,6051,2000,1021,989,5.042410961287168,5.037988485652544,13.09901899101923,12.562957869334118,True,False
7515,1190000000000000000,119,7010,5476,4673,2000,972,943,4.510722559452191,4.501441011050918,12.775198728897985,12.1901333218648,True,False
7516,1000000000000000000,100,7323,5795,4947,2000,1201,1161,4.470830863991386,4.462919475626007,12.83821908050231,12.272338184158624,True,False
7517,545138949416426195,55,6591,5048,4377,2000,1207,1167,4.397687183678721,4.3866225467053965,12.686281655144432,12.095726668639047,True,False
7518,537734046355970571,54,6548,4993,4332,2000,1220,1179,4.40819461526164,4.399643056884643,12.676838606474153,12.080817527608327,True,False
7519,557656098361283299,56,6537,4947,4279,2000,1214,1173,4.533474036209942,4.526812846903399,12.674412981837063,12.06305796362349,True,False
7520,439056388187934386,44,6311,4672,4073,2000,1222,1175,4.44241675916466,4.427541592389723,12.623652908052925,11.991876099003415,True,False
7521,378889202234532890,38,6125,4531,3970,2000,1218,1173,4.3987860686358164,4.378457001212653,12.580494128777294,11.95492329203032,True,False
7522,408641533686497055,41,6209,4674,4084,2000,1236,1195,5.236526795205658,5.22857899208301,12.600145216358667,11.995767150877802,True,False
7523,1047087652935171975,105,7480,5945,5034,2000,1242,1200,4.7904944463473536,4.782106371216562,12.868822554774999,12.29748950116098,True,False
7524,8078428579428937307,808,9264,7732,6316,2000,1249,1205,5.38206129434193,5.344229671501681,13.177419537989236,12.624795455860237,True,False
7525,5855065217699490863,586,8750,7419,6049,2000,1213,1171,4.922120727918032,4.918185723489948,13.095067301607054,12.562480945349316,True,False
7526,1994661503375300709,199,3650,3084,2596,2000,570,552,4.382063059278375,4.371599595119656,11.833680748654741,11.342074667999139,True,False
7527,8029666919800392131,803,3020,2647,2193,2000,418,407,4.82517312899313,4.817332488096355,11.560332834212442,11.098690096673593,True,False
7528,5566050000000000000,557,2758,2423,2022,2000,396,386,4.740361549438905,4.732795411169731,11.429406741513981,10.981567281903015,True,False
7529,1281266753084310884,128,376,336,316,2000,87,87,4.5531558136258665,4.5531558136258665,8.554588851677638,8.303780748177102,True,False
7530,419383066684202358798,41938,6470,6289,5194,0,0,0,0.0,0.0,12.65954999687987,12.342630298678408,False,True
7531,792285222200683291,79,1556,1306,1151,2000,308,302,4.493961892837916,4.488507025172466,10.603626344986193,10.16867211813223,True,False
7532,3087569945276890408,309,6515,5648,4781,2000,896,885,5.010583364814528,5.008821611962857,12.669549463455496,12.223096690347695,True,False
7533,10025062656641604,1,2236,793,775,793,793,775,9.63117705570398,9.581353884197892,11.12670447284319,9.5980525001616,False,False
7534,4955268826297965000,496,3170,2754,2279,2000,453,440,4.69529864342335,4.685543580648373,11.63026712502677,11.154185209265297,True,False
7535,36295320241494303,4,338,220,215,2000,130,130,5.137585937420409,5.137585937420409,8.400879436282183,7.7481928495894605,True,False
7536,4787840982855084196,479,1271,1266,1135,2000,68,67,4.549520047854748,4.526850590018916,10.311748315004959,10.148476582178278,True,False
7537,58421202753823855,6,2202,1487,1377,2000,693,670,4.7475936516097565,4.729629684766362,11.10459875356437,10.427312844134963,True,False
7538,58608771047588790,6,1412,978,912,2000,444,433,4.755521532872979,4.741346436407268,10.46352437327118,9.832890014164741,True,False
7539,986249506725000000,99,5964,4830,4201,2000,981,964,4.398845645296642,4.3945012249710285,12.542064542283443,12.036517070486518,True,False
7540,4757634457163648,0,1334,0,0,0,0,0,0.0,0.0,10.381542951184585,0,False,True
7541,49426125000000000000,4943,3196,3181,2652,2000,116,115,5.122975369846596,5.122713882259371,11.642051692927977,11.372865060112588,True,False
7542,660826999427799,0,283,0,0,0,0,0,0.0,0.0,8.144658242831882,0,False,True
7543,97780035506811773,10,2824,1971,1804,2000,811,779,5.438477070093687,5.411987360313182,11.46352437327118,10.81698362325538,True,False
7544,67143480751369815,7,2736,1884,1809,2000,861,851,4.4009820973774545,4.397368299570363,11.417852514885897,10.82097669262124,True,False
7545,45853390746497816,5,3682,2141,1989,2000,1203,1163,4.783657173885262,4.764152357164397,11.846273911349906,10.957827560833744,True,False
7546,3487097362446745919,349,8572,7076,5852,2000,1253,1211,4.789682800370847,4.785242318359847,13.065416134676548,12.514714054138487,True,False
7547,49851779740824598347,4985,3537,3516,2889,2000,122,121,4.53764808188824,4.537376796173386,11.788310503700918,11.496354488564615,True,False
7548,279300000000000000,28,4943,3553,3181,2000,1013,987,4.374076265311363,4.3657006666709215,12.271171191139773,11.635264656539514,True,False
7549,5508831313283206116,551,9006,7511,6151,2000,1270,1224,5.278845559786888,5.2751653731033095,13.136670762341845,12.58660526060361,True,False
7550,2783025000000000000,278,8147,6707,5638,2000,1166,1128,4.920511218840613,4.916234641316853,12.992053192852639,12.460967762570421,True,False
7551,12905531773051790,1,144,71,71,71,71,71,6.1497471195046804,6.1497471195046804,7.169925001442312,6.149747119504682,False,False
7552,1062383883750000000,106,3822,3587,3065,2000,640,637,4.429479307063681,4.428375371533514,11.900112062977456,11.581671358578143,True,False
7553,39900000000000000,4,15,13,13,99,13,13,3.497862637727725,3.497862637727725,3.9068905956085187,3.700439718141092,False,False
7554,65096799264936247,7,52,50,50,2000,31,31,4.2506462894548624,4.2506462894548624,5.700439718141092,5.643856189774724,True,False
7555,76965511558315742,8,76,74,73,2000,40,40,4.123143546631313,4.123143546631312,6.247927513443585,6.189824558880018,True,False
7556,49846884572237619013,4985,3129,3114,2601,2000,103,102,4.708004151234707,4.707599276877261,11.611485943240922,11.34485068394299,True,False
7557,905239965161640232,91,6462,5031,4365,2000,1032,1003,5.2056592120308975,5.197691260857386,12.657765035265363,12.091765938516803,True,False
7558,98587532921194530,10,887,832,765,2000,199,198,4.486982062720853,4.48477986051865,9.792790294301064,9.579315937580015,True,False
7559,64837500000000000,6,64,44,44,2000,34,34,4.222954132944254,4.2229541329442535,6.0,5.459431618637297,True,False
7560,67286172943382442,7,2316,1584,1463,2000,710,686,4.524852559720511,4.510045880634463,11.177419537989236,10.514714054138487,True,False
7561,61845000000000000000,6185,4621,4562,3716,2000,172,171,5.2662166686795056,5.264924363657258,12.173989374166535,11.859534786382653,True,False
7562,518700000000000000,52,1919,1851,1512,2000,185,183,4.708319453801723,4.7044124716385465,10.90613899619538,10.562242424221072,True,False
7563,99750000000000000,10,4281,2796,2557,2000,1180,1140,4.437221688764584,4.422452882704435,12.063732120196919,11.32023644524165,True,False
7564,474810000000000000,47,5669,4234,3722,2000,1028,999,4.38990341166627,4.3825112644426065,12.468878553819426,11.861862340059151,True,False
7565,3501225000000000000,350,7988,6531,5476,2000,1025,995,4.732793440504412,4.728282140972212,12.963618617443972,12.4189067312579,True,False
7566,847875000000000000,85,6434,4963,4305,2000,1008,977,5.124886301742549,5.119771344854369,12.65150022065274,12.071797522284207,True,False
7567,1326675000000000000,133,7111,5643,4799,2000,992,962,4.643637061982709,4.63881199616427,12.795836740933648,12.228518097716194,True,False
7568,3491250000000000000,349,7975,6504,5460,2000,977,947,4.419530529247733,4.411518665834604,12.961268803539594,12.414685235807214,True,False
7569,311742662397730376506,31174,3856,3396,2759,0,0,0,0.0,0.0,11.912889336229961,11.429929741353273,False,True
7570,550273909406320,0,274,0,0,0,0,0,0.0,0.0,8.098032082960527,0,False,True
7571,56529870031857545,6,3623,2182,2062,2000,1030,1001,4.519994773984828,4.506688908982232,11.822969090453288,11.00982861736811,True,False
7572,14999155357253115586,1500,4139,4076,3300,2000,177,176,4.788954572393495,4.788145697884596,12.015066533230291,11.688250309133178,True,False
7573,49201991109130658671,4920,4925,4861,3941,2000,204,201,5.531445706150614,5.529593714780146,12.2659080092311,11.944346034137833,True,False
7574,18666930106287666162,1867,4522,4458,3591,2000,177,175,4.483885537960688,4.480762689855284,12.14274527675153,11.810169937664659,True,False
7575,3380681481620074,0,1374,0,0,0,0,0,0.0,0.0,10.4241662888181,0,False,True
7576,1028594233867873,0,130,0,0,0,0,0,0.0,0.0,7.022367813028454,0,False,True
7577,10168743121257604800,1017,4549,4494,3607,2000,206,204,4.543651722138198,4.539320008875963,12.151333719291655,11.81658370778757,True,False
7578,9956574061556042093,996,3851,3788,3068,2000,189,188,5.266028347756567,5.26556161885938,11.911017407796985,11.583082767502933,True,False
7579,49712800484509828057,4971,5300,5235,4243,2000,224,223,5.471031788182592,5.4707262029173584,12.371776644337924,12.050868963290736,True,False
7580,1356167372615070372,136,714,709,671,2000,64,64,4.441900367907688,4.441900367907688,9.479780264029099,9.390168956200183,True,False
7581,1666002044280000000,167,2840,2774,2273,2000,198,197,4.511733627844329,4.510660561801991,11.471675214392045,11.150381968817848,True,False
7582,284120702890129263,28,5696,4176,3699,2000,1231,1191,4.834257696941362,4.830291822614936,12.475733430966399,11.852919585123995,True,False
7583,33848199594518347,3,2466,1511,1417,2000,891,856,6.525065151941036,6.485554369035709,11.26795708440284,10.468624042918018,True,False
7584,99750000000000000,10,3089,2143,1965,2000,885,850,5.517061569851128,5.4903135678939,11.592924155627637,10.940313597145968,True,False
7585,164562728172286673,16,3431,2512,2265,2000,848,815,4.443002723776621,4.4293956223567035,11.744413410557655,11.145295334933598,True,False
7586,1666556248231707239,167,2288,1976,1691,2000,376,369,4.403723807316224,4.398672333341679,11.159871336778389,10.723660944409984,True,False
7587,9940652219198642090,994,9391,7760,6340,2000,1222,1176,4.43595544353314,4.424225876415098,13.197063076004984,12.63026712502677,True,False
7588,802005012531328320,80,5929,4749,4137,2000,1009,989,4.5451394454676395,4.541171196054824,12.533573081389802,12.014369242235137,True,False
7589,19949874686716791979,1995,9093,7701,6379,2000,1021,995,4.739199787247388,4.735645964517694,13.150540637505486,12.639114563179414,True,False
7590,1906979211695925320,191,7071,5849,4875,2000,1108,1066,4.3819608555556755,4.370218906007429,12.787698543971324,12.251186503524336,True,False
7591,6364050000000000000,636,3644,3580,2880,2000,176,174,4.399614979708309,4.39805449288493,11.831307243802051,11.491853096329674,True,False
7592,226110487665900,0,75,0,0,0,0,0,0.0,0.0,6.22881869049588,0,False,True
7593,350000000000000000,35,5988,4489,3935,2000,1251,1207,4.555464078184949,4.5379035350889545,12.547858506058416,11.942147920394849,True,False
7594,9496720295142250,1,2020,551,542,551,551,542,9.105908508571158,9.069610867917799,10.980139577639157,9.08214904135387,False,False
7595,2503725000000000000,250,1734,1718,1433,2000,105,103,4.420568268570745,4.401103549095971,10.759888183221834,10.484822894262146,True,False
7596,467827500000000000,47,5441,4232,3676,2000,1090,1048,4.4459415980297035,4.433588843161519,12.409656113059851,11.843921051289035,True,False
7597,3154368813750000000,315,3500,3454,2809,2000,211,211,4.446854384493853,4.446854384493852,11.77313920671969,11.455840909126398,True,False
7598,752754007427489130,75,6856,5341,4592,2000,1241,1199,4.473345294250663,4.461111112493793,12.7431513941125,12.164906926675688,True,False
7599,1909827139213132933,191,7922,6408,5374,2000,1237,1198,4.473046982254942,4.466338627303784,12.951648985904619,12.391780606013166,True,False
7600,7067669172932330827,707,7445,6524,5490,2000,936,924,4.74250185663791,4.741042706648956,12.862056133469462,12.42259043389256,True,False
7601,14763000000000000000,1476,8591,7416,6168,2000,1003,984,4.688875605144484,4.685158758438773,13.068610356779276,12.590587049915035,True,False
7602,5000000000000000000,500,8551,6921,5767,2000,1031,1001,4.638682833413567,4.633982181746614,13.061877431055866,12.49360530705712,True,False
7603,4488750000000000000,449,8913,7368,6130,2000,1235,1193,4.746722590695013,4.740842870734772,13.121695390556571,12.581671358578143,True,False
7604,10000000000000000000,1000,9381,7888,6419,2000,1265,1220,5.44792379904536,5.44366368992738,13.195526004646197,12.648132845652658,True,False
7605,102060146753889419,10,4555,3219,2923,2000,1208,1165,4.398145520297889,4.386193370736207,12.153235338689413,11.513234113806053,True,False
7606,2624367626634312395,262,8239,6773,5610,2000,1244,1200,4.558375668289262,4.5488610066441275,13.008253527096048,12.453785055496155,True,False
7607,902255639097744360,90,5360,4454,3901,2000,924,913,4.558117937051884,4.556314443865885,12.388017285345136,11.929628283024561,True,False
7608,2506265664160401002,251,6814,5822,4942,2000,979,968,4.8314263335499446,4.829803801356881,12.734286232096347,12.270879295328784,True,False
7609,4898260711648571729,490,7599,6487,5466,2000,977,961,4.895378053433114,4.8930484338071025,12.891593862433657,12.416269744523207,True,False
7610,13932010309656202,1,2465,940,912,940,940,912,9.876516946564998,9.803894965175113,11.267371931265274,9.832890014164741,False,False
7611,19950000000000000,2,1821,968,923,2000,806,774,6.5652300397727625,6.52291806211936,10.830515206976838,9.850186837645774,True,False
7612,24266374544766990,2,3076,1586,1510,2000,1175,1135,6.556133212645626,6.5158833203142725,11.586839787961827,10.560332834212442,True,False
7613,1530876500898969893,153,1136,1123,979,2000,77,76,4.283052870323962,4.281925615927922,10.149747119504681,9.935165049603695,True,False
7614,316931762202396677,32,1605,1538,1319,2000,184,183,4.38559557030603,4.383594069180185,10.648357582009666,10.365228849251544,True,False
7615,2826797475693135000,283,3808,3246,2708,2000,568,549,4.522610565555983,4.515170548028865,11.894817763307943,11.403012023574997,True,False
7616,19910100000000000000,1991,9952,8413,6880,2000,1211,1168,4.74202932921291,4.734728753303858,13.280770770130603,12.74819284958946,True,False
7617,27507516306411186,3,1404,1060,1042,2000,725,721,5.264865314110956,5.261055553655503,10.45532722030456,10.025139562278508,True,False
7618,15208084500000000000,1521,9522,8057,6506,2000,1247,1204,4.604098148268435,4.598169102965993,13.217048913556338,12.667555107041132,True,False
7619,4986428943134600115,499,3848,3795,3059,2000,204,201,4.822987135419932,4.821956333007094,11.909893083770042,11.578844391558203,True,False
7620,46383750000000000,5,1394,917,857,2000,472,460,4.922449632588943,4.906864208095412,10.445014845868423,9.7431513941125,True,False
7621,3991818835183655407,399,8654,7152,5895,2000,1264,1220,4.983519081419238,4.9765724771120485,13.079151405421891,12.525276097867126,True,False
7622,39417612940572845,4,486,420,403,2000,192,191,4.77284205499352,4.770025153585069,8.92481250360578,8.654636028527968,True,False
7623,2508722255272709,0,1175,0,0,0,0,0,0.0,0.0,10.198445041452363,0,False,True
7624,4564567775841268,0,1421,0,0,0,0,0,0.0,0.0,10.47269083924278,0,False,True
7625,15441548730885441,2,1391,710,687,2000,657,636,6.509960239453345,6.474953942658635,10.44190670454224,9.4241662888181,True,False
7626,11920150551655715085,1192,7143,6311,5281,2000,878,868,5.657653174227243,5.657041043133326,12.80231440599149,12.366595426071438,True,False
7627,14888128709693209,1,589,320,314,320,320,314,8.321928094887364,8.284428094887364,9.20212382383046,8.294620748891626,False,False
7628,3491250000000000000,349,1962,1946,1601,2000,105,104,4.36851294668627,4.367882675879168,10.938109326219239,10.644757592516257,True,False
7629,56266101756090963,6,4008,2456,2283,2000,1214,1174,5.199577766860642,5.177195909054818,11.968666793195208,11.156715144224702,True,False
7630,144151933033252810,14,2590,1912,1731,2000,661,640,4.664132193980514,4.649147160702626,11.338736382573916,10.757390009366638,True,False
7631,2727223880275651,0,1198,0,0,0,0,0,0.0,0.0,10.226412192788786,0,False,True
7632,4257536014537165193,426,4969,4724,3972,2000,666,663,4.874028459706736,4.873556044782929,12.27873982655011,11.955649907528374,True,False
7633,39097744360902255,4,2634,1625,1513,2000,932,894,5.296850155334987,5.267925034534437,11.363039630256514,10.563196272216738,True,False
7634,79800000000000000,8,1603,1126,1037,2000,475,463,4.49377553171613,4.4835926036088605,10.646558710154547,10.018200178813226,True,False
7635,11027568922305764,1,418,204,202,204,204,202,7.672425341971495,7.65281749883424,8.707359132080883,7.658211482751795,False,False
7636,475596724682062,0,21,0,0,0,0,0,0.0,0.0,4.392317422778761,0,False,True
7637,39298528203323145238,3930,7412,6391,5163,2000,969,929,5.47577364846477,5.471419239828283,12.855647166027266,12.33399388276136,True,False
7638,109662991608508158443,10966,2812,2800,2275,0,0,0,0.0,0.0,11.457380879072534,11.151650829973422,False,True
7639,56785402762232497,6,1414,975,910,2000,446,435,4.756324881204971,4.742284874830727,10.4655664048094,9.829722735086058,True,False
7640,1995000000000000000,200,2955,2888,2350,2000,195,194,4.442032806164113,4.440941003780345,11.528942415064895,11.198445041452363,True,False
7641,2217442500000000000,222,3124,3057,2490,2000,191,190,4.497083103571226,4.496068046897227,11.60917873814198,11.281930026955443,True,False
7642,9935100000000000000,994,4315,4247,3418,2000,200,199,4.633553198748282,4.632815265631858,12.075144844066317,11.73893668167614,True,False
7643,20125161000000000000,2013,8496,7287,5867,2000,1112,1069,5.444668822056353,5.4403776661196375,13.052568050804153,12.518407276671365,True,False
7644,201099485587288837,20,5413,3828,3411,2000,1209,1168,4.397827729496897,4.38614826001478,12.402212672714642,11.735979039613404,True,False
7645,50411213450640000,5,1821,1237,1151,2000,586,569,4.971605667568758,4.954180071799532,10.830515206976838,10.16867211813223,True,False
7646,29734449158241160175,2973,9379,7827,6418,2000,999,969,5.477746424267991,5.475328531347363,13.195218393762113,12.647908074281807,True,False
7647,25372366277146684508,2537,9464,8003,6584,2000,1103,1070,5.752720044683837,5.699737725050983,13.208234358339789,12.684748620421626,True,False
7648,29911241218679999834,2991,9439,8099,6652,2000,1114,1082,5.912361090642418,5.910988058329419,13.204418308289435,12.699572453287269,True,False
7649,180067072322638534,18,2782,2077,1868,2000,688,664,4.675862010286149,4.662463528477343,11.44190670454224,10.867278739709661,True,False
7650,997500000000000000,100,2661,2579,2179,2000,321,321,4.580850865755119,4.580850865755119,11.37775279502222,11.089450481115907,True,False
7651,119650522389843787,12,697,531,497,2000,198,194,4.832188097521639,4.820638025333688,9.445014845868423,8.957102041562287,True,False
7652,49875000000000000,5,580,511,488,2000,189,188,4.602734352267447,4.60019789063143,9.179909090014934,8.930737337562887,True,False
7653,498750000000000000,50,1867,1798,1485,2000,192,191,4.3534658713372405,4.351750114974644,10.866506212226202,10.536247215688128,True,False
7654,38519822987195726,4,491,423,407,2000,188,187,4.830834628129846,4.827690797896681,8.939579214314692,8.668884984266247,True,False
7655,138017363800301893,14,3085,2317,2175,2000,791,785,5.415787935506246,5.410984891768345,11.591054774036781,11.086799685623452,True,False
7656,1314705000000000000,131,2689,2624,2161,2000,199,198,4.405033060520337,4.403932785451571,11.392854039872873,11.077483356859508,True,False
7657,65668773557625000,7,164,151,149,2000,63,63,4.305088019510866,4.305088019510865,7.357552004618084,7.219168520462161,True,False
7658,1986605081711460000,199,105,96,94,2000,32,32,4.22026474939021,4.220264749390209,6.714245517666122,6.554588851677638,True,False
7659,1895250000000000,0,967,0,0,0,0,0,0.0,0.0,9.917372079476841,0,False,True
7660,6173243672405229,1,496,106,106,106,106,106,6.7279204545632,6.7279204545632,8.954196310386875,6.727920454563199,False,False
7661,53899583331738,0,12,0,0,0,0,0,0.0,0.0,3.584962500721156,0,False,True
7662,983944528014000000,98,876,864,771,2000,74,73,4.409893917137735,4.408007780684435,9.774787059601174,9.590587049915035,True,False
7663,13802984760655410,1,2529,944,915,944,944,915,9.882643049361839,9.808210144164285,11.304351321663239,9.837627933171404,False,False
7664,98988327016823581,10,2481,1749,1598,2000,710,686,5.3103990574647995,5.287930573733284,11.276706019892432,10.642051692927977,True,False
7665,6516290726817042,1,1441,289,289,289,289,289,8.174925682500678,8.174925682500678,10.492854620174748,8.174925682500678,False,False
7666,199500000000000000,20,1501,1166,1054,2000,386,378,4.474701145126648,4.467076989980362,10.55170826162069,10.041659151637214,True,False
7667,606480000000000000,61,1848,1551,1358,2000,363,356,4.371145185031718,4.363983960490394,10.851749041416058,10.407267764244732,True,False
7668,265335000000000000,27,1433,1154,1034,2000,349,343,4.392152699259981,4.387552942024946,10.484822894262146,10.014020470314934,True,False
7669,965779500000000000,97,1843,1566,1374,2000,346,339,4.5084628929631405,4.503167352844807,10.847840355630714,10.4241662888181,True,False
7670,1201987500000000000,120,1915,1649,1428,2000,337,330,4.553600975439278,4.548629592840001,10.903128676812319,10.479780264029099,True,False
7671,119201250000000000,12,1085,831,764,2000,310,305,4.946891658973677,4.93756223314457,10.083479327331842,9.57742882803575,True,False
7672,240397500000000000,24,884,704,642,2000,220,216,4.424888485158828,4.418099618899493,9.787902559391432,9.326429487122303,True,False
7673,2614681738593855,0,497,0,0,0,0,0,0.0,0.0,8.957102041562287,0,False,True
7674,6137838416379273385,614,7597,6602,5561,2000,985,974,4.919873473804601,4.918603373517327,12.89121410590583,12.441128621804697,True,False
7675,1093383587282030520,109,875,868,784,2000,68,67,4.246157782207565,4.244462334341071,9.77313920671969,9.614709844115207,True,False
7676,1805811774272309634,181,1175,1168,1014,2000,84,83,4.282658321145686,4.28160198852593,10.198445041452363,9.985841937003341,True,False
7677,498099411907235503,50,655,648,599,2000,78,77,4.2340595399990475,4.232621102960975,9.355351096424812,9.226412192788786,True,False
7678,5454012567025386608,545,1863,1852,1522,2000,83,82,4.463742779741576,4.4629707943995625,10.863411958941638,10.571752643503546,True,False
7679,222295356330621322,22,1399,1332,1151,2000,185,184,4.352591122940572,4.351029255389916,10.450180247164754,10.16867211813223,True,False
7680,3025443304766400000,303,1561,1555,1308,2000,83,82,4.617091001114797,4.61443554952188,10.608254821977908,10.353146825498083,True,False
7681,794919804525334,0,223,0,0,0,0,0,0.0,0.0,7.800899899920305,0,False,True
7682,3066491679266895629,307,5816,5048,4249,2000,798,792,4.757498458780996,4.756547091212786,12.505811553919594,12.052907628313287,True,False
7683,7318193443882586668,732,2724,2699,2213,2000,138,137,4.538426355027984,4.538161027904693,11.411510988012072,11.11178773580101,True,False
7684,4189500000000000,0,1080,0,0,0,0,0,0.0,0.0,10.076815597050832,0,False,True
7685,86565602929864259,9,851,781,716,2000,190,189,4.708993411519233,4.705988904759094,9.733015321685963,9.483815777264256,True,False
7686,50007999996675000000,5001,3486,3467,2850,2000,125,124,4.8770270695538,4.876847263302141,11.767356854125685,11.476746203939467,True,False
7687,11380637290293863582,1138,6560,6029,4968,2000,767,761,4.919422113734987,4.918026686508187,12.679480099505446,12.278449458220482,True,False
7688,2088969365602249202,209,1814,1793,1484,2000,119,118,4.633462426695801,4.633224104071295,10.824958740528523,10.535275376620802,True,False
7689,1546125000000000000,155,1143,1132,983,2000,76,75,4.361909372624206,4.360414212633686,10.158609688214478,9.94104760634058,True,False
7690,983762737186314219,98,877,866,769,2000,76,75,4.313668645675157,4.312655614965279,9.776433032444734,9.586839787961827,True,False
7691,16901590589295470908,1690,4845,4763,3879,2000,327,327,5.006833951045972,5.006833951045973,12.242280950302444,11.921469060531411,True,False
7692,24408825000000000000,2441,5046,4964,4039,2000,322,322,4.5905152442110735,4.590515244211073,12.3009244909763,11.979782430703086,True,False
7693,96167951399365125,10,265,201,197,2000,97,97,4.600132947865339,4.600132947865339,8.049848549450562,7.622051819456376,True,False
7694,24453635692435283400,2445,9271,7739,6348,2000,994,964,5.380295714335571,5.37761779711992,13.178509245652183,12.632086412835182,True,False
7695,46646696198161936422,4665,7058,6685,5504,2000,776,771,5.814046651448216,5.81374144256559,12.785043714779723,12.426264754702098,True,False
7696,595742781205065624743,59574,1626,1621,1396,0,0,0,0.0,0.0,10.667111542075027,10.447083226209653,False,True
7697,99750000000000000,10,213,202,197,2000,69,68,4.246438824688226,4.243679299037734,7.734709620225838,7.622051819456376,True,False
7698,99248120300751879,10,4471,2978,2715,2000,1247,1204,4.554288351344657,4.538175770435496,12.126381830542641,11.406736482691723,True,False
7699,20679521634583176239,2068,2428,2416,2042,2000,71,71,4.794677436978023,4.794677436978022,11.245552706255681,10.995767150877802,True,False
7700,27930000000000000,3,2946,1580,1498,2000,1094,1061,6.005974468137298,5.976566731735463,11.524541715035848,10.54882190845875,True,False
7701,1041215704438702,0,728,0,0,0,0,0,0.0,0.0,9.507794640198696,0,False,True
7702,467923272441094,0,344,0,0,0,0,0,0.0,0.0,8.426264754702098,0,False,True
7703,9962118109958700000,996,2118,2105,1752,2000,89,88,4.770000513352137,4.769471594924674,11.048486873992337,10.774787059601174,True,False
7704,391145068249783132,39,2144,2039,1787,2000,412,410,4.507716288176525,4.506150975505319,11.066089190457772,10.80332391904149,True,False
7705,1107225000000000000,111,2594,2530,2089,2000,200,199,4.459932593011702,4.458915251971241,11.3409627642517,11.028596777067108,True,False
7706,8600445000000000000,860,5570,5304,4416,2000,678,674,4.828513359353827,4.827230895194868,12.443461612227393,12.108524456778168,True,False
7707,3702445687500000000,370,7695,6473,5314,2000,1110,1068,4.505970968281274,4.498075056512306,12.909705611215573,12.375582512490507,True,False
7708,59022872180487386,6,2439,1674,1623,2000,786,780,4.4360704173102325,4.433498759286206,11.252074042796185,10.664447284547972,True,False
7709,1187025000000000000,119,2675,2607,2146,2000,201,199,4.725056862670577,4.701650123468746,11.385323176175872,11.067434360756522,True,False
7710,148606449938118462,15,1120,1054,958,2000,193,192,4.711628534827796,4.708876126470484,10.129283016944967,9.90388184573618,True,False
7711,2225745789900913151,223,3179,3132,2565,2000,207,207,4.408910985048268,4.408910985048269,11.634357301137976,11.324743110494417,True,False
7712,1593724325187890244,159,2964,2895,2402,2000,270,270,4.405673325298851,4.405673325298851,11.533329732305834,11.230020435705635,True,False
7713,1829908104835975528,183,3259,3167,2669,2000,353,352,4.453797631857115,4.45325217731166,11.670213636738564,11.382083590141967,True,False
7714,1428264760264868237,143,3199,3097,2616,2000,396,394,4.593311905115031,4.592492821817664,11.643405277115674,11.353146825498083,True,False
7715,1051700000182330088,105,3295,3137,2674,2000,483,481,4.434455845995375,4.433204482594846,11.686062749895415,11.384783750093353,True,False
7716,988224203770323266,99,3368,3160,2739,2000,616,613,4.553468815618684,4.552868213830518,11.717676423066395,11.419433550705378,True,False
7717,2095590556093519986,210,4429,4184,3538,2000,669,666,5.275672746005963,5.275339357107811,12.112765281885316,11.788718332690458,True,False
7718,5758100030061234421,576,3542,3479,2811,2000,176,174,4.550218351684918,4.548980218074844,11.790348496751914,11.456867738380343,True,False
7719,2333201090795430730,233,8185,6613,5530,2000,1230,1189,4.965681893039186,4.960116937284962,12.998766701361516,12.43306376512207,True,False
7720,18961193962733285740,1896,9794,8182,6653,2000,1232,1190,4.965955036393779,4.962025195067129,13.257682480708766,12.699789318382136,True,False
7721,561889040623988878,56,5373,4245,3737,2000,968,952,4.467760743386578,4.464225702595837,12.391512122707118,11.867664848380745,True,False
7722,1520052835198413037,152,6793,5610,4769,2000,1007,988,4.388842211543322,4.384284483764583,12.729833138848363,12.219471067394357,True,False
7723,933627465392397835,93,5236,4215,3617,2000,949,910,4.46955459407482,4.459549227207149,12.354249381945241,11.820577882655774,True,False
7724,299509833758662931,30,552,545,516,2000,82,81,4.334131223073846,4.33261106410774,9.108524456778168,9.011227255423254,True,False
7725,339150000000000000,34,259,221,211,2000,77,77,4.262749923833988,4.262749923833987,8.016808287686555,7.721099188707185,True,False
7726,26586619696083216,3,1478,903,859,2000,578,561,6.057156117288752,6.030331789278688,10.52943055414615,9.746514321138463,True,False
7727,2448753162532702,0,890,0,0,0,0,0,0.0,0.0,9.79766152585376,0,False,True
7728,1595178798150000000,160,2845,2785,2285,2000,206,205,4.513035783598332,4.512089384217795,11.474212937193943,11.157978449945432,True,False
7729,653480249042635,0,89,0,0,0,0,0,0.0,0.0,6.475733430966398,0,False,True
7730,31405996105725198923,3141,9713,8070,6643,2000,1070,1041,5.7882842062092905,5.786818520703853,13.245701246285764,12.697619199078714,True,False
7731,10569510000000000000,1057,4457,4391,3541,2000,203,202,4.629285892892324,4.6285524373163955,12.121857245612654,11.789941128390916,True,False
7732,377913427361098668,38,512,500,471,2000,71,70,4.231850104433143,4.229849324343044,9.0,8.879583249612784,True,False
7733,13108506120892524,1,514,267,262,267,267,262,8.060695931687555,8.023242748166954,9.005624549193879,8.03342300153745,False,False
7734,39455708880740613,4,102,95,92,2000,67,66,4.517050405120185,4.51448249577926,6.672425341971495,6.523561956057013,True,False
7735,781954887218045112,78,6394,4947,4285,2000,1064,1033,4.525433271622681,4.511553872870735,12.64250302878052,12.065079488999862,True,False
7736,941181931508602436,94,2461,2387,2014,2000,287,287,4.588926014992956,4.588926014992955,11.26502894245816,10.975847968006784,True,False
7737,1092238223254717741,109,2802,2724,2286,2000,298,298,4.731380592585443,4.731380592585442,11.452241240430817,11.158609688214478,True,False
7738,992900223671047215,99,2597,2516,2129,2000,300,300,4.36314736124022,4.36314736124022,11.342630298678408,11.055960234452295,True,False
7739,2974222711979987936,297,3588,3508,2916,2000,322,322,4.778329679452333,4.778329679452333,11.80896417491926,11.509775004326936,True,False
7740,932571065379209123,93,2607,2518,2150,2000,353,352,4.839521228938602,4.8391051401729985,11.348174867535556,11.070120944476823,True,False
7741,882551603319707136,88,2590,2496,2134,2000,367,366,4.419894922126763,4.419294802102758,11.338736382573916,11.059344460824425,True,False
7742,2678802821560732586,268,6845,5852,4966,2000,975,964,4.599279402694194,4.597091981148623,12.740834826145262,12.27786854617684,True,False
7743,9442274029268850000,944,1871,1864,1609,2000,81,78,4.5659118058360235,4.5044651255389505,10.869593843240784,10.651948610723446,True,False
7744,1981254129545770908,198,7668,6348,5298,2000,1201,1159,4.701265783359749,4.695902515227267,12.904634621668151,12.371232128369622,True,False
7745,4976380358379065476,498,359,357,328,2000,43,43,4.433644413650299,4.433644413650299,8.487840033823051,8.357552004618084,True,False
7746,44777143654245856180,4478,5644,5539,4536,2000,432,430,5.409524516899524,5.409226902280693,12.462502272597265,12.147204924942228,True,False
7747,933246179445905243,93,633,535,496,2000,118,118,4.377761697790246,4.377761697790246,9.306061689428342,8.954196310386875,True,False
7748,119700000000000000,12,1069,1002,916,2000,191,190,4.418896355176,4.4170335270642305,10.06204613772049,9.839203788096944,True,False
7749,3771805468702384287,377,3533,3465,2813,2000,194,193,4.675302238961976,4.674552098310603,11.786678033890652,11.4578938373147,True,False
7750,579961326200577,0,203,0,0,0,0,0,0.0,0.0,7.6653359171851765,0,False,True
7751,14344050000000000000,1434,4663,4595,3714,2000,197,196,4.5341789814455495,4.533295300806289,12.187042714339894,11.858758099935422,True,False
7752,13394031103860414,1,2523,940,911,940,940,911,9.876516946564998,9.801767305600645,11.3009244909763,9.831307243802051,False,False
7753,3309710636693842249,331,4702,3991,3309,2000,694,670,4.422574106599465,4.411304606798966,12.199058823653022,11.692179576312538,True,False
7754,133765098691972387,13,1098,1037,951,2000,197,196,4.443182844268656,4.441288578727068,10.100662339005199,9.893301530860564,True,False
7755,5627162897196941,1,1118,234,234,234,234,234,7.870364719583403,7.870364719583403,10.12670447284319,7.870364719583405,False,False
7756,494297734219437509,49,5496,4284,3716,2000,1088,1046,4.384208479362707,4.370586276474054,12.4241662888181,11.859534786382653,True,False
7757,1095217161350525,0,552,0,0,0,0,0,0.0,0.0,9.108524456778168,0,False,True
7758,32545575235044040,3,452,385,374,2000,184,183,5.198318826722534,5.194146539604761,8.820178962415188,8.546894459887637,True,False
7759,6881764988034703923,688,6327,5676,4717,2000,785,779,4.713552058583642,4.712510969019503,12.627305880514848,12.203653885529597,True,False
7760,350548537076902500,35,1471,1201,1070,2000,329,322,4.414592859512274,4.40450922943078,10.522581531254831,10.06339508128851,True,False
7761,388109122056197095,39,6048,4496,3950,2000,1221,1180,4.408368719126657,4.399816210470922,12.562242424221072,11.947636937951827,True,False
7762,16558500000000000000,1656,4700,4657,3726,2000,227,227,5.0785363319068715,5.078536331906873,12.198445041452363,11.863411958941638,True,False
7763,19187496168330346655,1919,6956,6188,5115,2000,808,802,5.092241728045535,5.091604601734881,12.764042217306587,12.320518524632691,True,False
7764,14943461322504150633,1494,8311,7244,6070,2000,992,978,5.311753086803763,5.303076089622216,13.020806360724265,12.567480801143045,True,False
7765,457537379950035261,46,6244,4640,4039,2000,1216,1174,4.407886185378079,4.398366831894325,12.608254821977908,11.979782430703086,True,False
7766,10025062656641604,1,1564,674,652,674,674,652,9.39660478118186,9.327235511890816,10.611024797307353,9.348728154231077,False,False
7767,133060452945564509986,13306,9075,7994,6686,0,0,0,0.0,0.0,13.147681927770476,12.706927639617403,False,True
7768,189525000000000000,19,408,397,379,2000,77,76,4.375271254858677,4.373930877822413,8.672425341971495,8.566054038171092,True,False
7769,3331650000000000000,333,1487,1476,1225,2000,72,72,4.738837807035111,4.738837807035111,10.53818893205242,10.258566033889933,True,False
7770,123525799344890467888,12353,5627,5567,4508,0,0,0,0.0,0.0,12.458150248057557,12.138271800172221,False,True
7771,2325729734003550000,233,966,962,875,2000,69,67,4.580950100663896,4.520929522955757,9.915879378835774,9.77313920671969,True,False
7772,496415776106897825,50,5725,4183,3654,2000,974,945,4.535777667097722,4.521523309160631,12.483059977871669,11.835260918627489,True,False
7773,2144625000000000000,214,1220,1209,1038,2000,70,69,4.4427501926139294,4.4410926743635155,10.252665432450248,10.019590728357882,True,False
7774,14779079250831747260,1478,2297,2290,1916,2000,88,87,4.460109953191499,4.459399791211742,11.165535141377925,10.90388184573618,True,False
7775,27660445787572090,3,2755,1478,1417,2000,1004,978,5.2389885815448425,5.219445518050479,11.42783660345852,10.468624042918018,True,False
7776,1985025000000000000,199,7336,5916,5020,2000,1027,998,4.970699101709254,4.96325668963768,12.840777923595054,12.293471648838134,True,False
7777,4993426003349009877,499,8276,6831,5700,2000,1040,1011,5.23421805364405,5.23175126369177,13.014717929860009,12.476746203939467,True,False
7778,4977525000000000000,498,8272,6823,5689,2000,1045,1016,5.271658622491468,5.26942392659373,13.014020470314934,12.47395936569476,True,False
7779,1196923367667663117,120,7100,5621,4790,2000,1078,1047,4.652327762071012,4.647531342693761,12.793603309279407,12.225809940623543,True,False
7780,947666710883445000,95,131,112,109,2000,42,42,4.309747912147182,4.309747912147182,7.03342300153745,6.768184324776926,True,False
7781,199500000000000000,20,309,305,298,2000,61,59,4.257700356074929,4.254273142060553,8.271463027904375,8.219168520462162,True,False
7782,26821387060284703,3,695,448,433,2000,294,289,5.586075160780275,5.5731600316289835,9.44086916761087,8.758223214726724,True,False
7783,798000000000000000,80,9,8,8,1,1,1,-0.0,-0.0,3.169925001442312,3.0,False,False
7784,498750000000000000,50,84,82,81,2000,39,39,4.260409846038347,4.260409846038346,6.392317422778761,6.339850002884624,True,False
7785,526332377743565522,53,1957,1890,1548,2000,183,182,4.761620563344824,4.75855111712408,10.934428040626804,10.59618975614441,True,False
9618,2969125676506798,0,436,0,0,0,0,0,0.0,0.0,8.768184324776927,0,False,True
9619,13675187969924812030,1368,9091,7798,6289,2000,1195,1150,5.161840103684109,5.156309096542367,13.15022328267779,12.618614920250803,True,False
9620,79800000000000000,8,1992,1671,1612,2000,726,722,4.760037306224582,4.757179390384608,10.960001932068081,10.654636028527968,True,False
9621,682209607861846114,68,4405,3637,3178,2000,796,790,4.512051673523644,4.510765630135337,12.104926303807776,11.63390340934852,True,False
9622,897750000000000000,90,4604,3832,3334,2000,794,786,4.432902509312672,4.42960241151896,12.16867211813223,11.703038388986418,True,False
9623,109002980631538284,11,3286,2417,2268,2000,884,873,4.443939103438336,4.439620576188637,11.682116764950074,11.147204924942228,True,False
9624,997104533408451098,100,6133,4958,4280,2000,1002,983,4.54782830120688,4.543698535327924,12.582377235640692,12.06339508128851,True,False
9625,1096526705873960142,110,6905,5382,4597,2000,980,946,4.508805021359628,4.491667797229224,12.753425699145414,12.166476950816804,True,False
9626,47271849982399124,5,3374,1788,1665,2000,976,946,4.534892375706834,4.52035251392213,11.720244258287567,10.701306461958625,True,False
9627,637402500000000000,64,6626,5129,4449,2000,1188,1147,4.51117096097612,4.503667675023199,12.693922488081014,12.119265383175787,True,False
9628,3273037121202353,0,1051,0,0,0,0,0,0.0,0.0,10.037546953962178,0,False,True
9629,15203136696780826,2,1385,704,681,2000,656,635,6.509177918913971,6.474180373693461,10.43567026093655,9.411510988012072,True,False
9630,1835400000000000000,184,1803,1778,1466,2000,131,130,4.489976698424181,4.489690392042339,10.816183681432342,10.517669388133811,True,False
9631,6824044689105000,1,35,7,7,7,7,7,2.807354922057604,2.807354922057604,5.129283016944966,2.807354922057604,False,False
9632,18316818958093430865,1832,4705,4658,3733,2000,224,224,5.160934528081339,5.160934528081339,12.1999790076159,11.86611979330307,True,False
9633,173201627330563138,17,5029,3669,3291,2000,1213,1168,4.549429302255673,4.530663544239641,12.296055838078784,11.68431031112435,True,False
9634,161540246545198198652,16154,8565,7655,6433,0,0,0,0.0,0.0,13.064237530971361,12.651275973346639,False,True
9635,59432703363975578,6,4036,2579,2373,2000,1231,1188,4.788821994001257,4.768070335442714,11.978710459106358,11.212496385193948,True,False
9636,968299112733040726,97,2052,1989,1628,2000,179,178,4.549490135380988,4.548426226679305,11.002815015607053,10.668884984266247,True,False
9637,6780157125000000,1,1083,274,274,274,274,274,8.098032082960525,8.098032082960525,10.080817527608327,8.098032082960527,False,False
9638,2100305484707141637,210,3272,3199,2653,2000,284,284,4.4966508372241245,4.496650837224125,11.67595703294175,11.373408960228696,True,False
9639,40520847937108607,4,194,133,131,2000,99,99,5.017117249419198,5.017117249419198,7.599912842187128,7.03342300153745,True,False
9640,2730015547770000000,273,1416,1410,1214,2000,86,85,4.370960527379177,4.370177028708533,10.467605550082997,10.245552706255681,True,False
9641,10090100170126195855,1009,2193,2186,1837,2000,86,85,4.664958388983407,4.664232333359117,11.098690096673593,10.84313591111135,True,False
9642,271320000000000000,27,5671,4154,3682,2000,1231,1192,4.551881894846181,4.537248025203417,12.469387440964345,11.846273911349906,True,False
9643,2627028872330921847,263,3221,3154,2556,2000,193,192,4.4208990113463456,4.4196769531967455,11.653292945382814,11.319672120946995,True,False
9644,94874001212178754,9,2471,1735,1587,2000,718,691,4.895535281650606,4.877619745866937,11.270879295328784,10.632086412835182,True,False
9645,9357283792614992,1,2049,549,540,549,549,540,9.100662339005199,9.064232466509752,11.000704269011246,9.076815597050832,False,False
9646,21000000000000000,2,2992,1633,1564,2000,1216,1172,6.570824076675979,6.528509481434433,11.546894459887637,10.611024797307353,True,False
9647,844391270467710000,84,621,523,484,2000,122,122,4.558158248979597,4.558158248979597,9.278449458220482,8.918863237274595,True,False
9648,732169014422790000,73,3942,3191,2756,2000,733,706,4.425833446904439,4.416447108187596,11.944712061043486,11.428360172704291,True,False
9649,19832838296092999135,1983,3758,3720,3025,2000,131,131,4.663399843132064,4.663399843132063,11.875749351420055,11.56271942704932,True,False
9650,299145887758627118,30,4566,3455,3062,2000,1021,982,4.952271976606195,4.9317472339564565,12.156715144224702,11.580258567499788,True,False
9651,2291383600540194,0,1016,0,0,0,0,0,0.0,0.0,9.988684686772165,0,False,True
9652,1725828669639872545,173,432,387,355,2000,89,89,4.475143757040108,4.475143757040109,8.754887502163468,8.471675214392045,True,False
9653,36421910440828789112,3642,9924,8404,6796,2000,1253,1213,5.685308772822418,5.683556409747951,13.276706019892432,12.73047013718422,True,False
9654,192413903029322351636,19241,6111,5338,4320,0,0,0,0.0,0.0,12.577192765687045,12.076815597050832,False,True
9655,308347118286880183,31,3342,2591,2280,2000,731,704,4.761989945483251,4.739130378612256,11.706496018061188,11.154818109052105,True,False
9656,1296750000000000000,130,3975,3738,3192,2000,650,647,5.0050521433713415,5.004617360762646,11.95673914505908,11.640244936222345,True,False
9657,945509276292524071,95,2101,2037,1657,2000,176,174,4.360684988798341,4.358714096602185,11.036860446673046,10.694357887221452,True,False
9658,2927696775678924226,293,3280,3212,2558,2000,193,192,4.537796633850122,4.536829322658958,11.679480099505446,11.320800548881637,True,False
9659,2231095164864334142,223,3150,3082,2509,2000,192,191,4.446476802880804,4.44450083701917,11.621136113274641,11.292896755409172,True,False
9660,56857500000000000,6,654,605,583,2000,191,191,5.20211356031685,5.202113560316847,9.353146825498083,9.187352073200497,True,False
9661,125084777521393169243,12508,10307,8762,7089,0,0,0,0.0,0.0,13.331336856296485,12.791366414695004,False,True
9662,3976306097152014354,398,4933,4667,3920,2000,677,672,4.795980417995768,4.786769199198742,12.268249571994492,11.936637939002571,True,False
9663,439573727434377715,44,3989,3213,2863,2000,812,803,4.627869534180876,4.62404708265343,11.961811408087163,11.483311954999353,True,False
9664,5037375000000000000,504,3862,3817,3069,2000,211,209,5.077978930928768,5.077498264133541,11.91513244895065,11.583552930466485,True,False
9665,1086757307336919,0,328,0,0,0,0,0,0.0,0.0,8.357552004618084,0,False,True
9666,129910606972032241,13,3706,2710,2534,2000,973,962,4.430189354711442,4.426451458630418,11.855647166027266,11.30720080914081,True,False
9667,3249883825938681442,325,5232,4427,3684,2000,773,745,4.612475450594964,4.605631933186217,12.353146825498083,11.847057346091336,True,False
9668,997500000000000,0,625,0,0,0,0,0,0.0,0.0,9.287712379549449,0,False,True
9669,129526633864919561288,12953,3200,3185,2660,0,0,0,0.0,0.0,11.643856189774725,11.377210530388552,False,True
9670,30766367310000000,3,106,99,96,2000,81,79,4.977772713277902,4.973049294555174,6.727920454563199,6.584962500721156,True,False
9671,5944464486366000000,594,1272,1267,1127,2000,67,67,4.555920858878473,4.555920858878472,10.312882955284355,10.138271800172221,True,False
9672,1745625000000000000,175,792,787,741,2000,67,66,4.344819494880559,4.315537311206438,9.62935662007961,9.533329732305834,True,False
9673,18553500000000000,2,2566,1098,1062,2000,978,948,6.529260586437308,6.493056903490449,11.325305455089682,10.052568050804153,True,False
9674,7926506178668973260,793,4148,4088,3274,2000,203,202,4.374348816718348,4.373125643138898,12.018200178813226,11.676838606474153,True,False
9675,3448693246282052,0,319,0,0,0,0,0,0.0,0.0,8.31741261376487,0,False,True
9676,60118562607311200627,6012,4044,4016,3284,2000,135,133,5.609697030627536,5.574711799919829,11.981567281903015,11.681238411777805,True,False
9677,977320575000000000,98,6769,5134,4432,2000,1043,1014,4.374396381254692,4.365785478910265,12.724727001534445,12.113742166049189,True,False
9678,312687040726200000,31,500,494,474,2000,71,69,4.520503383015526,4.509350201761088,8.965784284662087,8.888743248898258,True,False
9679,3185452023238005569,319,4235,4061,3408,2000,508,506,4.7817571102456125,4.781312616412963,12.04814625421956,11.734709620225837,True,False
9680,17944245452243953346,1794,9768,8156,6633,2000,1236,1194,5.198682549285289,5.195453486621527,13.253847484987404,12.695445810537382,True,False
9681,113314972148572295,11,1442,1319,1246,2000,430,428,4.377146678163446,4.375718106734874,10.493855449240822,10.283088353024002,True,False
9682,8899695000000000000,890,8380,7145,5795,2000,1146,1103,5.086689017187834,5.081189990400809,13.032734528586714,12.500592945893834,True,False
9683,80285620635661253800,8029,6631,6398,5311,2000,682,679,6.027293880486574,6.027118428038574,12.695010739653238,12.374767814092825,True,False
9684,1626918951552692173,163,4338,4067,3455,2000,698,694,5.272032559440975,5.271632559440973,12.082814337672273,11.75446999527562,True,False
9685,847539816407456,0,527,0,0,0,0,0,0.0,0.0,9.041659151637214,0,False,True
9686,4987500000000000,0,1180,0,0,0,0,0,0.0,0.0,10.204571144249204,0,False,True
9687,3002475000000000000,300,1882,1866,1542,2000,109,107,4.559324369217009,4.540334299356337,10.878050912728536,10.590587049915035,True,False
9688,2394000000000000,0,20,0,0,0,0,0,0.0,0.0,4.321928094887363,0,False,True
9689,54861578816641611050,5486,9063,7930,6621,2000,985,968,5.126945640317998,5.1246819759582145,13.145772969449098,12.69283341500077,True,False
9690,229628863145095582,23,1420,1372,1207,2000,192,192,4.563861932111074,4.563861932111074,10.471675214392045,10.237209960755022,True,False
9691,5878407158247535809,588,2435,2416,1979,2000,117,116,4.544917869246767,4.544648883995358,11.249706056969705,10.950555897047511,True,False
9692,5330504487780699555,533,2399,2380,1951,2000,114,113,4.410070046826046,4.409705908907393,11.228217442293435,10.929998062609027,True,False
9693,1393836887647830854,139,1552,1532,1266,2000,118,117,4.653611110986097,4.653199782423964,10.599912842187127,10.306061689428342,True,False
9694,2117656583596357743,212,1857,1835,1507,2000,121,120,4.389288745445009,4.388943988329592,10.858758099935422,10.557463701597824,True,False
9695,13189518290164071777,1319,2961,2938,2411,2000,120,119,4.389438985942293,4.389097985028646,11.531868775177553,11.235415935602527,True,False
9696,3177490379251870323,318,2165,2139,1731,2000,122,121,4.392073182770138,4.391732354793601,11.080151309614088,10.757390009366638,True,False
9697,37795348359425032735,3780,3549,3524,2902,2000,143,142,5.03831600232176,5.0381576679781706,11.793196859060945,11.502831804066744,True,False
9698,601442723896266,0,284,0,0,0,0,0,0.0,0.0,8.149747119504681,0,False,True
9699,1339119774577667415,134,7086,5820,4868,2000,1159,1115,4.53239076089271,4.518765734623692,12.790755750118313,12.249113452713729,True,False
9700,1650122936771759575,165,2829,2768,2275,2000,205,204,4.682272811392747,4.681577049216909,11.466076461396252,11.151650829973422,True,False
9701,4500000000000000,0,1069,0,0,0,0,0,0.0,0.0,10.06204613772049,0,False,True
9702,742138358214540,0,22,0,0,0,0,0,0.0,0.0,4.459431618637297,0,False,True
9703,1546125000000000000,155,6081,5184,4445,2000,913,902,4.698233291931839,4.694966444863947,12.570092874188056,12.117967703717133,True,False
9704,238381426790823725,24,5521,3972,3537,2000,1221,1180,4.4420180373823595,4.429190699816864,12.430713885791938,11.788310503700918,True,False
9705,59118978120649677033,5912,7631,6867,5653,2000,823,816,5.653791258051828,5.653016908448274,12.897656411251145,12.464800981655417,True,False
9706,35379780536358456,4,2520,1547,1446,2000,899,864,5.303347508258853,5.275519950518829,11.29920801838728,10.497851836951117,True,False
9707,50847295382653614120,5085,7358,6349,5125,2000,973,933,5.840275738371537,5.8371190338346715,12.845097960972975,12.32333628928017,True,False
9708,1700238750000000000,170,7950,6407,5410,2000,1211,1171,4.47325075352956,4.465010403846654,12.95673914505908,12.401412878714178,True,False
9709,1017600439185664,0,668,0,0,0,0,0,0.0,0.0,9.383704292474052,0,False,True
9710,1770262666043550000,177,1142,1135,984,2000,76,75,4.241166691673313,4.240114883098227,10.157346935362844,9.94251450533924,True,False
9711,10560151455000000000,1056,4606,4548,3640,2000,212,210,4.907904336433846,4.905170704285099,12.169298695792845,11.829722735086058,True,False
9712,5685750000000000,1,1057,170,167,170,170,167,7.4093909361377035,7.362332112608291,10.045759661382682,7.383704292474052,False,False
9713,491228070175438596,49,1871,1816,1535,2000,198,197,4.707988934117699,4.705236181364945,10.869593843240784,10.584022940257542,True,False
9714,984523267951197,0,301,0,0,0,0,0,0.0,0.0,8.233619676759702,0,False,True
9715,2779929949855535,0,562,0,0,0,0,0,0.0,0.0,9.134426320220927,0,False,True
9716,11770500000000000,1,1124,526,510,526,526,510,9.038918989292299,8.969784905686597,10.134426320220927,8.994353436858859,False,False
9717,15608385330791802802,1561,5189,4493,3641,2000,696,673,5.343134491080689,5.338556387287208,12.341240820538749,11.830119025444516,True,False
9718,1706415796158003,0,77,0,0,0,0,0,0.0,0.0,6.266786540694901,0,False,True
9719,8352647130746644,1,1465,378,370,378,378,370,8.562242424221074,8.514623376602026,10.51668494930961,8.531381460516313,False,False
9720,4672200618015000000,467,1835,1828,1552,2000,82,81,4.33967264822504,4.3385073257826665,10.841564347730575,10.599912842187127,True,False
9721,5913100565844384547,591,1207,1058,938,2000,188,185,4.861323446572104,4.859372861396551,10.237209960755022,9.873444112515376,True,False
9722,5375450286904668,1,1528,159,158,159,159,158,7.312882955284357,7.300304338932155,10.57742882803575,7.303780748177103,False,False
9723,8693940162530968538,869,1548,1544,1379,2000,73,72,4.656664327734416,4.653236015104324,10.59618975614441,10.429406741513981,True,False
9724,2434815606951288120,243,1106,1101,996,2000,65,64,4.290642751628994,4.288827534448548,10.111135670234708,9.960001932068081,True,False
9725,34862625000000000000,3486,5159,5091,4074,2000,204,203,4.996521878694055,4.995974829854045,12.332875731152674,11.992230264965889,True,False
9726,7988323087197457,1,2033,412,403,412,412,403,8.686500527183217,8.637956837862827,10.989394499844732,8.654636028527968,False,False
9727,43970266662253415,4,516,448,430,2000,180,179,5.298326193235501,5.293860373929421,9.011227255423254,8.74819284958946,True,False
9728,16583838510897896,2,847,640,637,2000,602,600,6.542684233194108,6.539684233194109,9.726218159332198,9.3151495622563,True,False
9729,204987197320272204,20,5084,3454,3066,2000,1044,1014,4.44064591610226,4.429059960437141,12.311748315004959,11.582141981658777,True,False
9730,14962500000000000000,1496,8194,7018,5664,2000,1094,1052,5.378305064956038,5.373799401980668,13.0003521774803,12.467605550082997,True,False
9731,1955405412444440008,196,2931,2864,2340,2000,186,185,4.351026837555406,4.34952608718022,11.51717725268954,11.192292814470767,True,False
9732,902885065236787386,90,2246,2179,1796,2000,189,188,4.419818023777183,4.418596276678834,11.133142212400601,10.810571634741146,True,False
9733,5012531328320802,1,1641,120,120,120,120,120,6.906890595608516,6.906890595608516,10.680359523513713,6.906890595608519,False,False
9734,305379715238794659096,30538,9936,8616,6933,0,0,0,0.0,0.0,13.278449458220482,12.759264045188788,False,True
9735,10025062656641604,1,2272,745,725,745,745,725,9.541096615349524,9.480533641552526,11.149747119504681,9.501837184902296,False,False
9736,5675775000000000000,568,9036,7507,6167,2000,1245,1203,5.242222952867388,5.23935001395698,13.141468555393084,12.590353130978018,True,False
9737,9682444643610988791,968,2464,2448,2040,2000,108,107,4.674717894511334,4.674293726146488,11.266786540694902,10.994353436858859,True,False
9738,99292120551241013,10,3460,2380,2173,2000,998,959,5.577632051670978,5.54977377764314,11.756556322524087,11.085472459181283,True,False
9739,8824939120095000,1,245,79,79,79,79,79,6.303780748177105,6.303780748177105,7.936637939002571,6.303780748177103,False,False
9740,1265415969812088,0,67,0,0,0,0,0,0.0,0.0,6.066089190457772,0,False,True
9741,137156250000000000,14,1103,1049,961,2000,200,197,4.4776410321972815,4.475399692869109,10.107217075591382,9.90839262077375,True,False
9742,3929037947444635,0,743,0,0,0,0,0,0.0,0.0,9.537218400538595,0,False,True
9743,28070175438596491,3,2978,1729,1629,2000,1129,1089,6.540559095591439,6.499933222225434,11.5401280385821,10.669770888525518,True,False
9744,1680760678845550463,168,5958,5091,4347,2000,894,883,4.923350313465952,4.9214586701407175,12.54061240824953,12.085804380278086,True,False
9745,119680578899437500000,11968,2783,2772,2244,0,0,0,0.0,0.0,11.442425193331607,11.131856960608793,False,True
9746,48125278227946810800,4813,10056,8512,6881,2000,1265,1221,5.983882890836698,5.98142927421731,13.295768934420508,12.748402528398184,True,False
9747,1196672562070253161,120,2693,2637,2164,2000,197,196,4.4450131313344565,4.444012904010064,11.394998514501673,11.079484783826816,True,False
9748,15234150557381929,2,1873,957,946,2000,922,911,6.567138194231917,6.555638194231914,10.871135184243045,9.885696373339394,True,False
9749,8620776641846615243,862,7642,6685,5622,2000,953,942,5.191658984462888,5.190614976619755,12.89973454235751,12.456867738380343,True,False
9750,959801109338399,0,6,0,0,0,0,0,0.0,0.0,2.584962500721156,0,False,True
9751,43789294381320302,4,2867,1801,1673,2000,986,947,5.266355639614822,5.238280473432761,11.485326189240524,10.708221730038353,True,False
9752,11231859999441502,1,1819,810,778,810,810,778,9.661778097771984,9.577827480488034,10.828929827651486,9.603626344986193,False,False
9753,13533834586466165,1,1739,813,780,813,813,780,9.667111542075027,9.578102282571214,10.764042217306587,9.60733031374961,False,False
9754,39097744360902255,4,826,567,538,2000,322,316,5.245835180122555,5.232842867569726,9.689997971419446,9.071462362556623,True,False
9755,9164733277386431,1,39,11,11,11,11,11,3.4594316186372978,3.4594316186372978,5.285402218862249,3.4594316186372973,False,False
9756,1409820055854769,0,893,0,0,0,0,0,0.0,0.0,9.802516365121223,0,False,True
9757,3210523684725000000,321,3437,3370,2729,2000,196,195,4.542188360755844,4.541252286806003,11.746934136372298,11.414156679274141,True,False
9758,815307667158389033,82,5205,4322,3794,2000,917,907,4.557723599491179,4.5560095236068445,12.34568244818678,11.889503963411476,True,False
9759,2149519564106344,0,803,0,0,0,0,0,0.0,0.0,9.649256177517314,0,False,True
9760,76691091687546760,8,792,724,675,2000,189,188,4.490501401418376,4.488202929770658,9.62935662007961,9.398743691938193,True,False
9761,36061236431161614926,3606,10209,8671,7073,2000,1219,1177,5.128397934510187,5.124008240765939,13.317553936686165,12.788106545965245,True,False
9762,3898487229315000,0,560,0,0,0,0,0,0.0,0.0,9.129283016944967,0,False,True
9763,73776233664748227,7,2068,1435,1320,2000,621,603,4.539282500101029,4.525865993631407,11.014020470314934,10.366322214245816,True,False
9764,1084321386288218957,108,2086,2035,1654,2000,146,146,4.3376800735688965,4.3376800735688965,11.026523442519766,10.691743519171276,True,False
9765,40284145948740425,4,1443,1175,1155,2000,664,660,5.264448144619651,5.257894134771348,10.494855584491198,10.17367713630342,True,False
9766,2276295000000000000,228,1672,1451,1258,2000,275,269,4.493394060510689,4.487565814653543,10.707359132080883,10.296916206879288,True,False
9767,7194062384508531,1,71,20,20,20,20,20,4.321928094887363,4.321928094887363,6.149747119504682,4.321928094887363,False,False
9768,17264034112174253,2,1765,911,870,2000,810,778,6.566656840463697,6.524344862810294,10.785452468158542,9.76487159073609,True,False
9769,78799935413926815,8,2936,1996,1835,2000,881,847,4.564543344889366,4.548283533697457,11.519636252843213,10.841564347730575,True,False
9770,369752616239241681,37,1137,925,830,2000,260,256,4.385319139465511,4.381253582357139,10.151016538892248,9.696967526234287,True,False
9771,19365832322813445000,1937,4646,4055,3289,2000,622,603,5.628685110881623,5.625037685838761,12.181773438808808,11.683433292835403,True,False
9772,1800000000000000,0,576,0,0,0,0,0,0.0,0.0,9.169925001442312,0,False,True
9773,1677795000000000000,168,7928,6387,5395,2000,1213,1173,4.602440004403816,4.596908081082759,12.952741247186488,12.39740724437538,True,False
9774,1778917872637161883,178,1172,1165,1014,2000,87,86,4.352653943849524,4.351915197766412,10.194756854422248,9.985841937003341,True,False
9775,2713275157417433560,271,3296,3228,2625,2000,196,195,4.445077597778952,4.444077188520619,11.686500527183219,11.358101707440847,True,False
9776,9975000000000000,1,960,312,306,312,312,306,8.285402218862252,8.24452116917583,9.906890595608518,8.257387842692651,False,False
9777,160603388376352304,16,1671,1534,1418,2000,454,452,4.52869354469536,4.52680119777212,10.706496018061188,10.469641817239516,True,False
9778,410846636992204124,41,2351,2196,1934,2000,461,459,4.42488728868269,4.4233101225824445,11.199058823653022,10.917372079476841,True,False
9779,11905162500000000000,1191,4291,3745,3044,2000,578,559,5.203242314849032,5.197805702433408,12.067098185748385,11.571752643503546,True,False
9780,1757947375924428186,176,1279,1106,978,2000,217,213,4.358023543143589,4.353020729060668,10.320800548881637,9.933690654952233,True,False
9781,10916981253911465,1,332,165,164,165,165,164,7.366322214245816,7.354201002124604,8.375039431346925,7.357552004618084,False,False
9782,10125313283208020,1,197,129,128,129,129,128,7.011227255423254,6.995723379454258,7.622051819456376,7.0,False,False
9783,64797449232398513978,6480,1993,1989,1712,2000,90,87,5.401721849059129,5.367181411215258,10.960725994839057,10.741466986401146,True,False
9784,34624690684497854597,3462,3060,3045,2547,2000,108,107,4.729082303078137,4.7286831800762466,11.579315937580015,11.314583244274194,True,False
9785,10495207119928911721,1050,7374,6307,5112,2000,1014,973,5.31245067451612,5.307368750577531,12.848231701093818,12.319672120946995,True,False
9786,10425476974680587029,1043,7238,6192,5025,2000,1002,961,5.3457769034647695,5.341109836066499,12.82137539237254,12.294907880953653,True,False
9787,22858577302585901,2,1752,1009,964,2000,719,693,6.5195204709313685,6.479852654159874,10.774787059601174,9.912889336229961,True,False
9788,22075638261711442,2,652,404,394,2000,296,291,6.461603051201049,6.444067981060769,9.348728154231077,8.622051819456376,True,False
9789,1481821162500000000,148,2742,2676,2197,2000,203,202,4.629518593744219,4.62878511371488,11.421012855779226,11.101319154423276,True,False
9790,165098453362321539,17,1632,1509,1391,2000,431,429,4.749399892418429,4.746899892418429,10.672425341971495,10.44190670454224,True,False
9791,1585125839897593946,159,7620,6230,5209,2000,1228,1184,4.513556038587136,4.503235089898011,12.895575282380685,12.346790721750702,True,False
9792,2992500000000000000,299,6446,5401,4474,2000,987,946,4.611033742152686,4.600300142529235,12.654188473059545,12.127349541059118,True,False
9793,19861590600763708784,1986,9269,7684,6324,2000,994,963,5.164937914161309,5.161361163241935,13.17819798458498,12.62662165235837,True,False
9794,819818383779121,0,226,0,0,0,0,0,0.0,0.0,7.820178962415188,0,False,True
9795,11592945000000000000,1159,4317,3760,3057,2000,584,565,5.412148246292493,5.407690059815234,12.075813377461454,11.57790083688697,True,False
9796,169575000000000000,17,4,3,3,0,0,0,0.0,0.0,2.0,1.584962500721156,False,False
9797,997500000000000000,100,365,362,344,2000,51,51,4.241321332697903,4.241321332697903,8.51175265376738,8.426264754702098,True,False
9798,989391196141260006,99,524,519,498,2000,54,54,4.466415372142733,4.466415372142733,9.03342300153745,8.960001932068081,True,False
9799,1984402037904518154,198,833,828,772,2000,64,64,4.225109571166133,4.225109571166133,9.702172685365548,9.59245703726808,True,False
9800,1965589085025330176,197,1002,996,897,2000,67,66,4.400659234173762,4.399327218752113,9.968666793195208,9.80896417491926,True,False
9801,8721307636357846,1,2000,482,471,482,482,471,8.912889336229963,8.863096805109631,10.965784284662087,8.879583249612784,False,False
9802,396737765929054798366,39674,5840,5760,4678,0,0,0,0.0,0.0,12.51175265376738,12.191676146352428,False,True
9803,29141752346500474,3,100,65,64,2000,59,59,4.991443187415176,4.991443187415176,6.643856189774724,6.0,True,False
9804,8478750000000000,1,275,88,88,88,88,88,6.459431618637298,6.459431618637298,8.103287808412022,6.459431618637297,False,False
9805,8070175438596491228,807,6773,5950,4984,2000,841,831,4.408081334419687,4.405096809750619,12.7255792804196,12.283088353024002,True,False
9806,81836966446535644,8,3201,2209,2104,2000,965,955,4.770797228587776,4.765797228587776,11.644306961545581,11.038918989292302,True,False
9807,2603475000000000000,260,1733,1717,1438,2000,113,112,4.579683450971012,4.579215534746246,10.75905593916017,10.489847960439297,True,False
9808,1957484945988791408,196,2103,2073,1698,2000,115,113,4.412918456755416,4.412197783499353,11.03823313473178,10.729620743553038,True,False
9809,3911561437696353153,391,2629,2597,2109,2000,114,112,4.41309090915134,4.412527189446698,11.360298426618046,11.042343379793692,True,False
9810,14935143605895011787,1494,6932,6166,5090,2000,810,804,5.347186049931531,5.34669796538059,12.75905593916017,12.313449940963057,True,False
9811,6897895040856482766,690,3701,3637,2913,2000,186,184,4.817203731897005,4.8163790840533585,11.85369942030022,11.508289986140348,True,False
9812,1216950000000000000,122,2671,2603,2141,2000,190,189,4.353711949847158,4.352211011760856,11.38316426063511,11.06406908038551,True,False
9813,299250000000000000,30,1842,1748,1546,2000,366,365,4.376454582875497,4.37559731755188,10.847057346091336,10.594324603924848,True,False
9814,1147125000000000000,115,5175,4371,3747,2000,831,822,4.6958311977351945,4.694340275674428,12.33734314727405,11.871520262329113,True,False
9815,45885000000000000,5,2682,1701,1640,2000,956,945,4.54228059269451,4.537794668804894,11.389093521904474,10.679480099505446,True,False
9816,72318750000000000,7,3670,2288,2156,2000,1009,983,4.515061116084839,4.503334105287141,11.841564347730575,11.074141462752506,True,False
9817,21209935220621169,2,644,397,387,2000,295,290,6.4610094751752465,6.443478796487542,9.330916878114618,8.59618975614441,True,False
9818,14784249983907827513,1478,9711,8071,6560,2000,1233,1187,4.8345850173509195,4.829945205117269,13.245404150930328,12.679480099505446,True,False
9819,997500000000000000,100,6587,5076,4374,2000,974,945,4.40070941552549,4.392750011902394,12.68540583478614,12.094737505048093,True,False
9820,6683250000000000,1,1230,235,231,235,235,231,7.876516946565001,7.833963755075641,10.264442600226602,7.851749041416057,False,False
9821,2959888896209541926,296,1065,1061,962,2000,69,68,4.508666509363661,4.483439136183938,10.056637715113201,9.909893083770042,True,False
9822,51471000000000000000,5147,7574,6820,5609,2000,801,795,5.127377372225927,5.126783954532451,12.88683970588442,12.453527867681785,True,False
9823,4921671615420000,0,267,0,0,0,0,0,0.0,0.0,8.060695931687555,0,False,True
9824,2493750000000000000,249,1353,1345,1166,2000,89,87,4.458453661944083,4.456832057466194,10.401946123976536,10.187352073200497,True,False
9825,2706911758986492366,271,1437,1429,1240,2000,92,91,4.390274167481093,4.389571880361628,10.488844346457336,10.276124405274238,True,False
9826,4176799962564622659,418,1708,1699,1408,2000,73,72,4.353567224734624,4.3523102483329525,10.73809225962049,10.459431618637296,True,False
9827,5280307050809792320,528,1804,1792,1479,2000,78,77,4.560807953739078,4.559941980594141,10.81698362325538,10.530406337099068,True,False
9828,20897290009235551,2,2063,1142,1093,2000,847,814,6.576177978655464,6.53534646396443,11.010528105886484,10.094077685671905,True,False
9829,109725000000000000,11,4,3,3,1,2,2,1.0,1.0,2.0,1.584962500721156,False,False
9830,80200501253132832,8,804,737,679,2000,189,188,4.485392107690256,4.482986574964988,9.651051691178928,9.407267764244732,True,False
9831,305577398837273941,31,5635,4288,3769,2000,1215,1172,4.593514841306245,4.578012164416248,12.460199895059583,11.879966079664356,True,False
9832,7648384680583324588,765,2137,1887,1605,2000,320,314,5.1604791680264,5.157965392161123,11.061371192659811,10.648357582009666,True,False
9833,40743080626635030,4,3704,2207,2048,2000,1242,1200,4.7896800401047415,4.7697908559655,11.854868383260236,11.0,True,False
9834,1430035997511981,0,349,0,0,0,0,0,0.0,0.0,8.447083226209653,0,False,True
9835,489367803595135729,49,5707,4166,3645,2000,981,951,4.480273813522268,4.47210845863547,12.47851684767645,11.8317030992143,True,False
9836,52651679937219423630,5265,5328,5260,4222,2000,214,213,5.470259132351222,5.469897935957629,12.379378367071261,12.043710863347156,True,False
9837,6107682734851319249,611,6382,5616,4688,2000,800,794,4.877195673639029,4.876424266244353,12.639792893279312,12.194756854422248,True,False
9838,658350000000000000,66,4387,3619,3162,2000,794,788,4.600649728626218,4.599547576350016,12.09901899101923,11.62662165235837,True,False
9839,2749699771875000000,275,3307,3260,2671,2000,208,208,4.377296427878748,4.377296427878748,11.691307330191115,11.38316426063511,True,False
9840,600076604964521,0,525,0,0,0,0,0,0.0,0.0,9.036173612553485,0,False,True
9841,2394000000000000000,239,3694,3589,3010,2000,415,413,4.495899106899448,4.495065738842446,11.850968150982439,11.555547771647065,True,False
9842,9915211351979627033,992,2041,2030,1696,2000,78,77,4.607457820926506,4.60647089188412,10.995060467032719,10.727920454563199,True,False
9843,299250000000000000,30,3614,2846,2570,2000,791,785,4.388700266947985,4.386771603804325,11.8193807908646,11.32755264408124,True,False
9844,412874633741725,0,70,0,0,0,0,0,0.0,0.0,6.129283016944966,0,False,True
9845,1764507902771913300,176,3861,3251,2742,2000,612,594,4.385929944578227,4.377545571559736,11.914758838941857,11.421012855779226,True,False
9846,9783287367319615,1,1925,564,553,564,564,553,9.139551352398794,9.09565970789141,10.910642730469625,9.111135670234708,False,False
9847,1668892501487466003,167,452,401,369,2000,94,94,4.289960716558485,4.289960716558486,8.820178962415188,8.527477006060396,True,False
9848,622440000000000000,62,6665,5195,4466,2000,1246,1202,4.394796734557817,4.384181146027013,12.702389159976336,12.124767535822473,True,False
9849,595750838069152500000,59575,1629,1624,1399,0,0,0,0.0,0.0,10.669770888525518,10.450180247164754,False,True
9850,129088812970168762508,12909,616,566,514,0,0,0,0.0,0.0,9.266786540694902,9.005624549193879,False,True
9851,48155379780633924096,4816,4779,4716,3838,2000,184,183,4.836217067017557,4.835479306088869,12.222493052246467,11.90613899619538,True,False
9852,58917542295653936,6,3266,2146,1979,2000,1027,988,4.746142883759521,4.725204773563826,11.673309075561695,10.950555897047511,True,False
9853,5012531328320802005,501,9007,7450,6129,2000,1237,1195,5.313431382093657,5.310546578952573,13.136830946102725,12.581435989454384,True,False
9854,141622848227381373336,14162,5523,5456,4395,0,0,0,0.0,0.0,12.431236412071062,12.101647450030766,False,True
9855,109604658780301933,11,1023,961,887,2000,192,191,4.706278108961131,4.703527077324269,9.99859042974533,9.792790294301064,True,False
9856,260817049821106925825,26082,515,477,445,0,0,0,0.0,0.0,9.00842862207058,8.79766152585376,False,True
9857,800000000000000000,80,6396,4932,4285,2000,1016,986,4.374499892719818,4.364798925753524,12.642954223480332,12.065079488999862,True,False
9858,192780583762420476,19,5110,3613,3233,2000,1183,1142,4.5451249244222485,4.527230004944771,12.319107575824983,11.658657792126085,True,False
9859,18278902317768068954,1828,2038,2031,1725,2000,80,79,4.8086301559620885,4.8081156650010035,10.992938336165814,10.752380646552893,True,False
9860,182628308732544026,18,1253,1184,1037,2000,189,188,4.487832885011105,4.485430482608702,10.29117069932186,10.018200178813226,True,False
9861,790560645000000000,79,4072,3656,3172,2000,752,747,4.440065558814582,4.438459303760118,11.991521846075695,11.63117705570398,True,False
9862,36271779658103425,4,1968,1240,1161,2000,708,684,5.25751314342469,5.232826290385461,10.94251450533924,10.181152256865566,True,False
9863,31441200000000000000,3144,8165,7038,5674,2000,1040,1000,4.500666648058917,4.4928124584808735,12.995237170449057,12.470150435274359,True,False
9864,34912500000000000,3,466,412,399,2000,196,193,5.200147620198763,5.194538499492625,8.86418614465428,8.640244936222345,True,False
9865,592268619848441140,59,3355,3084,2699,2000,679,675,4.369933543491374,4.368433543491375,11.712097051087547,11.398209261466851,True,False
9866,40055871456481716764,4006,10086,8530,6942,2000,1242,1202,5.415018883981798,5.412784549367243,13.300066509957324,12.761135649828645,True,False
9867,398150358754332428,40,6062,4491,3945,2000,1219,1178,4.50136759592743,4.489094922821236,12.565578136784328,11.945809584900822,True,False
9868,43477609371696110,4,237,165,163,2000,99,99,5.034117172734355,5.034117172734355,7.888743248898259,7.348728154231077,True,False
9869,2810759281790730579,281,6766,5653,4678,2000,1028,988,4.457421763952359,4.4488605274372075,12.724087461793989,12.191676146352428,True,False
9870,104639323256623808,10,641,479,447,2000,187,183,4.828309889457682,4.815882694066991,9.324180546618742,8.804131021183318,True,False
9871,837022518748888922,84,2743,2257,1947,2000,498,483,4.594908573434593,4.584047981229567,11.421538906848276,10.927037168720295,True,False
9872,28539360043562447221,2854,5101,5034,4046,2000,199,198,4.67526029419661,4.674509942469237,12.316564385396942,11.982280604558284,True,False
9873,11554553196276071165,1155,2202,2189,1821,2000,83,82,4.536033932888312,4.535275733618828,11.10459875356437,10.830515206976838,True,False
9874,140229013793046172,14,315,302,289,2000,71,70,4.25893230464957,4.257172595563955,8.29920801838728,8.174925682500678,True,False
9875,773832353054323061,77,726,713,641,2000,76,75,4.347896205840882,4.34630399937791,9.50382573799575,9.324180546618742,True,False
9876,835918527578113212,84,760,747,669,2000,70,69,4.343989841849949,4.341864402932555,9.569855608330949,9.38586240064146,True,False
9877,162451154250000000,16,329,316,302,2000,69,68,4.30792560076632,4.3056280955873385,8.361943773735241,8.238404739325079,True,False
9878,716801743805562682,72,684,673,608,2000,68,67,4.217647830033146,4.215271960218573,9.417852514885897,9.247927513443585,True,False
9879,464372193120496701,46,546,534,501,2000,67,67,4.222536003895876,4.222536003895876,9.092757140919852,8.968666793195208,True,False
9880,266388723852871849,27,403,390,377,2000,63,63,4.1862290485450515,4.186229048545052,8.654636028527968,8.558420713268664,True,False
9881,188182464750000000,19,317,306,295,2000,57,57,4.1906286498643475,4.190628649864348,8.308339030139408,8.204571144249204,True,False
9882,1108954665000000000,111,912,901,792,2000,61,61,4.279702468408289,4.279702468408289,9.832890014164741,9.62935662007961,True,False
9883,985996790100000000,99,807,796,707,2000,64,64,4.541440408649838,4.541440408649838,9.656424863277781,9.4655664048094,True,False
9884,507126506250000000,51,615,603,551,2000,62,62,4.282565800498931,4.282565800498932,9.264442600226602,9.105908508571158,True,False
9885,1048432350000000000,105,995,983,859,2000,75,73,4.366539489961493,4.36245420850952,9.958552715431011,9.746514321138463,True,False
9886,660649995600000000,66,794,780,685,2000,87,85,4.276089022772329,4.274436204621774,9.632995197142957,9.419960177847889,True,False
9887,10132106250000000,1,136,63,63,63,63,63,5.977279923499918,5.977279923499918,7.087462841250339,5.977279923499917,False,False
9888,11607194791581784399,1161,7782,6660,5389,2000,1054,1013,5.377164673846312,5.372670209204301,12.925925264972856,12.395801871389747,True,False
9889,9433311675489428,1,3,1,1,1,1,1,-0.0,-0.0,1.584962500721156,0.0,False,False
9890,949862525868290753,95,1863,1807,1480,2000,153,152,4.370531144798269,4.366274133795513,10.863411958941638,10.531381460516313,True,False
9891,3957019841185670,0,36,0,0,0,0,0,0.0,0.0,5.169925001442312,0,False,True
9892,3605439294854628,0,937,0,0,0,0,0,0.0,0.0,9.871905237659186,0,False,True
9893,197175825000000000000,19718,2920,2907,2397,0,0,0,0.0,0.0,11.51175265376738,11.227014193649133,False,True
9894,79000000000000000000,7900,7463,6454,5205,2000,986,946,6.006049546772033,6.0033312897497915,12.865539970785697,12.34568244818678,True,False
9895,137000000000000000,14,3004,2193,1985,2000,771,743,4.701638545572642,4.684431652569046,11.552669097514272,10.95492329203032,True,False
9896,2169369890549716019,217,4850,4543,3820,2000,725,719,4.503546601029913,4.501979920335026,12.243769031961852,11.899356922923111,True,False
9897,18952500000000000,2,2913,1371,1321,2000,1202,1162,6.5659494108865255,6.526954406057335,11.508289986140348,10.367414751246828,True,False
9898,57855000000000000,6,2931,1933,1789,2000,918,882,4.785858538976617,4.764600656866212,11.51717725268954,10.804937672051908,True,False
9899,4736903135764807850,474,4245,4122,3433,2000,436,434,4.779519339515128,4.778963753093659,12.0515488384404,11.745254141957256,True,False
9900,9975000000000000,1,1703,519,505,519,519,505,9.019590728357883,8.960332756292058,10.733862719678543,8.980139577639157,False,False
9901,12967500000000000,1,2149,984,945,984,984,945,9.942514505339242,9.856778196419931,11.069449767427784,9.884170519108435,False,False
9902,8070158539538214,1,11,4,4,4,4,4,2.0,2.0,3.4594316186372973,2.0,False,False
9903,1639291500000000000,164,7799,6300,5278,2000,1247,1204,4.514605506717399,4.507154634817942,12.929073435876813,12.365775635326269,True,False
9904,309113261614166635,31,4503,3437,3025,2000,989,949,4.759817764044245,4.736593210724011,12.136670762341845,11.56271942704932,True,False
9905,60150375939849624,6,677,486,462,2000,229,225,4.725925911573082,4.7167953876344555,9.403012023574997,8.851749041416058,True,False
9906,17771324181758381913,1777,2804,2788,2321,2000,99,98,4.333899210099278,4.333204379917712,11.453270634010623,11.180530807344482,True,False
9907,99750000000000000,10,1011,930,887,2000,300,300,4.504606115369116,4.504606115369116,9.981567281903015,9.792790294301064,True,False
9908,9634584172500000000,963,4386,4305,3517,2000,306,306,4.585665619220306,4.585665619220304,12.098690096673593,11.780129619625306,True,False
9909,15203165827500000000,1520,4806,4723,3854,2000,329,329,4.8251860269800595,4.8251860269800595,12.230620933129867,11.912140856295721,True,False
9910,1335804634909413,0,688,0,0,0,0,0,0.0,0.0,9.426264754702098,0,False,True
9911,2431644559289324904,243,3871,3716,3130,2000,465,463,4.462833963016472,4.461973899168006,11.918490592292311,11.61194694181998,True,False
9912,5012531328320802,1,1696,177,173,177,177,173,7.4676055500829985,7.411108374941755,10.727920454563199,7.434628227636725,False,False
9913,992588510803342438,99,2339,2270,1825,2000,193,191,4.4865001646399465,4.4565117248765365,11.191676146352428,10.833680748654741,True,False
9914,218910771664280805,22,4373,3202,2902,2000,993,975,4.550058325321752,4.54600513891301,12.094407633081207,11.502831804066744,True,False
9915,114637774942104044,11,4681,3181,2891,2000,1182,1141,4.544976810844268,4.528666867364716,12.192601049711953,11.49735289347705,True,False
9916,112739933722702,0,87,0,0,0,0,0,0.0,0.0,6.442943495848728,0,False,True
9917,139428843794205000,14,2594,1906,1725,2000,665,644,4.6615674292568094,4.646671992982467,11.3409627642517,10.752380646552893,True,False
9918,498750000000000000,50,9,8,8,1,3,3,1.584962500721156,1.584962500721156,3.169925001442312,3.0,False,False
9919,1685775000000000000,169,26,25,24,1517,25,24,4.348816575043642,4.2518616316079365,4.700439718141092,4.584962500721156,False,False
9920,407792525186711887558,40779,5899,5813,4736,0,0,0,0.0,0.0,12.5262546938286,12.20945336562895,False,True
9921,4284367075527418,0,1558,0,0,0,0,0,0.0,0.0,10.605479518061669,0,False,True
9922,2766650191387519,0,719,0,0,0,0,0,0.0,0.0,9.489847960439297,0,False,True
9923,4974296830161910,0,1526,0,0,0,0,0,0.0,0.0,10.57553924683453,0,False,True
9924,14552413634383923,1,1044,526,509,526,526,509,9.038918989292299,8.965982624317775,10.027905996569885,8.991521846075695,False,False
9925,9869698528059533,1,1906,566,554,566,566,554,9.144658242831882,9.097388123570111,10.896332403909941,9.113742166049189,False,False
9926,3049843424895495140,305,6693,5797,4916,2000,916,904,4.7057975562833,4.702928440120878,12.708437298965297,12.263269200372662,True,False
9927,8393347915609665400,839,3553,3494,2817,2000,164,162,4.675742767295216,4.669612174140689,11.794821973331223,11.45994384837493,True,False
9928,25885125000000000000,2589,2595,2583,2171,2000,91,89,4.7155297321848115,4.714455608261846,11.341518823245243,11.084144010615145,True,False
9929,49653941541935746393,4965,5392,5312,4325,2000,338,338,5.760409692553487,5.760409692553486,12.396604781181859,12.078484417411449,True,False
9930,35002848562974139630,3500,8003,7135,5969,2000,902,891,5.205758553719978,5.204332290495776,12.966325193888277,12.543273538449803,True,False
9931,52368750000000000000,5237,2674,2663,2179,2000,86,85,4.714020694972918,4.713442713384284,11.384783750093353,11.089450481115907,True,False
9932,6982500000000000000,698,1950,1938,1605,2000,79,78,4.496374429934929,4.495569424015893,10.929258408636972,10.648357582009666,True,False
9933,46477270065875605,5,145,132,130,2000,72,71,4.607658146730019,4.605116120599333,7.1799090900149345,7.022367813028454,True,False
9934,370695876103278609,37,577,564,535,2000,75,74,4.247614679756271,4.246156269544709,9.172427508645482,9.06339508128851,True,False
9935,2947498285563001530,295,1361,1350,1164,2000,65,65,4.48846320112823,4.488463201128229,10.410451351503994,10.184875342908283,True,False
9936,498750000000000000,50,572,560,515,2000,67,67,4.413445170968561,4.413445170968561,9.159871336778389,9.00842862207058,True,False
9937,67119315590161090,7,739,668,627,2000,185,184,5.2964857559858185,5.292359917924963,9.52943055414615,9.29232163280204,True,False
9938,3690750000000000000,369,8743,7202,6003,2000,1211,1169,4.74202932921291,4.735361876235973,13.093912683665561,12.551467952626897,True,False
9939,1114059078037140952,111,1006,998,880,2000,85,84,4.331124093863122,4.330079088276521,9.974414589805527,9.78135971352466,True,False
9940,13501595406393961200,1350,8410,7278,6082,2000,981,963,4.822508203533207,4.818479652867122,13.037890085142507,12.570330101030798,True,False
9941,1313906605474785000,131,444,393,363,2000,96,96,4.347836746557498,4.3478367465574985,8.794415866350105,8.50382573799575,True,False
9942,10949766215071210862,1095,1843,1838,1606,2000,66,65,4.224113671895849,4.222141400621548,10.847840355630714,10.649256177517314,True,False
9943,119700000000000000,12,1045,990,926,2000,232,232,5.353077877844428,5.353077877844429,10.029287226968245,9.854868383260236,True,False
9944,154612500000000000,15,3413,2576,2390,2000,855,844,4.3935464286707395,4.387667492521115,11.736824699098866,11.222794902868111,True,False
9945,39900000000000000,4,3219,1776,1688,2000,1023,994,4.746867947256255,4.7302210499678825,11.652396861477678,10.721099188707186,True,False
9946,6982500000000000,1,1834,321,316,321,321,316,8.3264294871223,8.289046309552207,10.840777923595054,8.303780748177102,False,False
9947,3980466786560248981,398,8814,7265,6064,2000,1235,1193,4.879333666446522,4.874807312800394,13.105581181277437,12.566054038171092,True,False
9948,37637013551509340,4,2648,1629,1518,2000,940,902,5.294213594551875,5.265622029455129,11.370687406807217,10.567956075415466,True,False
9949,80973502259125114,8,3399,2290,2096,2000,1022,983,4.547632487558822,4.530826836784266,11.730894646541671,11.03342300153745,True,False
9950,1035667731109943975,104,7440,5934,5006,2000,1248,1204,4.43771641363798,4.428593366936428,12.861086905995395,12.289442575688332,True,False
9951,287134983648125767,29,1580,1521,1335,2000,245,245,4.623851141797583,4.623851141797584,10.625708843064466,10.382624026574916,True,False
9952,1380656673417479,0,359,0,0,0,0,0,0.0,0.0,8.487840033823051,0,False,True
9953,997500000000000,0,9,0,0,0,0,0,0.0,0.0,3.169925001442312,0,False,True
9954,3087943805652286546,309,7261,6139,5196,2000,973,957,4.693143687512347,4.6907134574387355,12.825952537523726,12.34318571544788,True,False
9955,1375081943320094138,138,5888,5006,4298,2000,920,910,4.632215336260708,4.630465316275755,12.523561956057012,12.069449767427784,True,False
9956,12031962476496768,1,2417,1080,1039,1080,1080,1039,10.076815597050832,9.994996589665089,11.239001757765582,10.020979938904212,False,False
9957,6982500000000000,1,1047,224,221,224,224,221,7.807354922057605,7.771640636343317,10.032045726930809,7.787902559391432,False,False
9958,24355956630164021903,2436,538,495,452,2000,115,115,5.658721743508267,5.6587217435082655,9.071462362556623,8.820178962415188,True,False
9959,4304237459967734025,430,3654,3588,2906,2000,202,201,4.770520295558466,4.7698157319075465,11.835260918627489,11.504818987632841,True,False
9960,488843047306055395,49,1838,1779,1507,2000,198,197,4.354839193390446,4.353463505546523,10.843921051289035,10.557463701597824,True,False
9961,3405047706212272369,341,3879,3778,3135,2000,389,387,4.95939750119709,4.957877406462362,11.921469060531411,11.614249727689401,True,False
9962,1290754977436895,0,343,0,0,0,0,0,0.0,0.0,8.422064766172813,0,False,True
9963,146544053612210485,15,18,17,17,150,17,17,3.812171384207844,3.812171384207844,4.169925001442312,4.087462841250339,False,False
9964,44887500000000000,4,146,134,132,2000,75,73,4.928082974719446,4.923564336483959,7.189824558880018,7.044394119358453,True,False
9965,5669737170989600133,567,3913,3871,3109,2000,234,234,5.4069976985182,5.406997698518199,11.934059394900794,11.602234901341063,True,False
9966,60825469227500220144,6083,8772,7776,6514,2000,1003,992,5.876202856621409,5.87575515077867,13.098690096673593,12.669328004395904,True,False
9967,595428437283730633170,59543,1626,1621,1396,0,0,0,0.0,0.0,10.667111542075027,10.447083226209653,False,True
9968,98227143013772379,10,4461,2959,2701,2000,1248,1204,4.401585225650331,4.388423941833432,12.123151432773575,11.399277924508967,True,False
9969,109725000000000,0,84,0,0,0,0,0,0.0,0.0,6.392317422778761,0,False,True
9970,48961568008670821776,4896,2594,2585,2101,2000,88,86,4.822979702453853,4.775059162780094,11.3409627642517,11.036860446673046,True,False
9971,996858100879725000,100,2588,2144,1849,2000,459,446,4.504048167694547,4.491802142138904,11.337621901992508,10.852529509404196,True,False
9972,3000180750000000000,300,4814,4079,3387,2000,723,696,4.607767886074777,4.59687893095309,12.233020426474496,11.725792271494157,True,False
9973,2793000000000000000,279,3309,3241,2633,2000,199,197,4.62951132669399,4.603480907217348,11.692179576312538,11.362491806046062,True,False
9974,49875000000000000,5,3230,2037,1879,2000,1075,1035,5.123522340980795,5.099234939370065,11.657318449581288,10.875749351420055,True,False
9975,49677076223934657,5,3153,1996,1842,2000,1057,1017,5.113012541550191,5.088788087848604,11.622509454683335,10.847057346091336,True,False
9976,4987500000000000,0,1164,0,0,0,0,0,0.0,0.0,10.184875342908283,0,False,True
9977,4969094295134591158,497,359,357,328,2000,46,46,4.441120800608477,4.441120800608476,8.487840033823051,8.357552004618084,True,False
9978,5952756385404755714,595,1963,1957,1659,2000,91,89,4.689415306654382,4.639176257959301,10.938844457466171,10.696098170955864,True,False
9979,5727170036511897841,573,1928,1922,1627,2000,83,82,4.315739841399279,4.314918204106348,10.912889336229961,10.667998535672528,True,False
9980,798000000000000,0,202,0,0,0,0,0,0.0,0.0,7.658211482751795,0,False,True
9981,4929873920296758994,493,1767,1756,1445,2000,75,74,4.264362830660012,4.2626646613613985,10.787086324551616,10.496853777388042,True,False
9982,3034042060257279426,303,2553,2518,2040,2000,128,126,4.892864790899711,4.892572180081485,11.31797782240712,10.994353436858859,True,False
9983,20089650000000000000,2009,7185,6431,5291,2000,799,793,5.087834079232179,5.087216959487944,12.8107724413447,12.36932470240734,True,False
9984,49988470244437398264,4999,9996,8476,6853,2000,1254,1215,5.403077242566647,5.400802465298648,13.287135186086704,12.742519971661299,True,False
9985,1965157243376250000,197,1238,1226,1076,2000,82,80,4.251525945640159,4.249651869051565,10.273795599214264,10.071462362556623,True,False
9986,8666130178845975866,867,4229,4170,3345,2000,213,211,4.780270510206353,4.779316960757238,12.046100845028802,11.707790495528823,True,False
9987,9928641329332556344,993,9390,7777,6344,2000,1232,1186,5.343867232639879,5.340462898462216,13.196909442541138,12.63117705570398,True,False
9988,4010025062656641,0,234,0,0,0,0,0,0.0,0.0,7.870364719583405,0,False,True
9989,7274309146115642172,727,8598,7129,5912,2000,991,961,4.505512053447144,4.49951598846197,13.069785394983302,12.52943055414615,True,False
9990,977550000000000000,98,4854,4036,3509,2000,831,821,4.505078639126529,4.501619980749006,12.244958393151133,11.776844232402167,True,False
9991,1995000000000000000,200,7408,5940,5036,2000,992,962,5.013238915266852,5.010096237184876,12.854868383260236,12.298062567719017,True,False
9992,8977500000000000000,898,9121,7692,6370,2000,1150,1113,4.452386767702058,4.441160616696566,13.154976290625738,12.637077657143664,True,False
9993,4758075000000000000,476,8566,7244,5927,2000,1208,1166,4.741891473099085,4.737030360586843,13.064405961891042,12.533086342167612,True,False
9994,16957500000000000,2,855,465,451,2000,414,404,6.480532762897138,6.45482067876373,9.73978060977326,8.81698362325538,True,False
9995,13152548396586490,1,2690,1157,1117,1157,1157,1117,10.176173149107488,10.097755641801351,11.393390457443987,10.125413470483315,False,False
9996,321605408015186,0,128,0,0,0,0,0,0.0,0.0,7.0,0,False,True
9997,15960000000000000000,1596,4656,4595,3716,2000,270,270,5.158989942248265,5.158989942248266,12.184875342908283,11.859534786382653,True,False
9998,33575108411272174,3,2429,1489,1396,2000,878,843,6.51134665571696,6.472077642723506,11.246146774635864,10.447083226209653,True,False
9999,20141952432517722864,2014,9763,8258,6682,2000,1243,1204,4.923126786520282,4.919612802641487,13.253108815655365,12.70606426733497,True,False
10000,417540071519313180,42,6136,4593,4020,2000,1211,1171,4.458904269484039,4.4496811032943535,12.583082767502933,11.972979786066292,True,False
10001,24510071250000000000,2451,9927,8295,6727,2000,1250,1204,5.680897873626931,5.678032732119295,13.277142077033695,12.715747542831355,True,False
10002,209475000000000000,21,1347,1281,1140,2000,200,199,4.490463811022151,4.489262872106272,10.395534135462302,10.154818109052105,True,False
10003,3419684847122799,0,1340,0,0,0,0,0,0.0,0.0,10.388017285345136,0,False,True
10004,78000510000000000000,7800,5437,5369,4307,2000,207,206,5.07646537196941,5.075985227926197,12.408595112798102,12.072467608241858,True,False
10005,5589247105025539668,559,2163,2148,1784,2000,104,103,4.625800024756707,4.625350728076029,11.078817949961978,10.800899899920305,True,False
10006,12220468421458705,1,1150,542,525,542,542,525,9.082149041353869,9.011365779404422,10.167418145831737,9.036173612553485,False,False
10007,502509406347949,0,269,0,0,0,0,0,0.0,0.0,8.071462362556623,0,False,True
10008,53813349754396315,5,849,601,566,2000,297,292,4.825412308409639,4.8163272986757,9.729620743553038,9.144658242831882,True,False
10009,87949575000000000000,8795,6570,6343,5265,2000,705,702,6.714455221289848,6.714181105334494,12.681677655209691,12.362217815913079,True,False
10010,53796798294326702212,5380,9430,8091,6695,2000,1040,1014,5.595955086998505,5.594489357236428,13.20304205556246,12.708868340211673,True,False
10011,1421458126117429,0,142,0,0,0,0,0,0.0,0.0,7.149747119504682,0,False,True
10012,2493750000000000,0,12,0,0,0,0,0,0.0,0.0,3.584962500721156,0,False,True
10013,3475997043502554126,348,3851,3753,3119,2000,380,379,4.9220858799692975,4.921795175252614,11.911017407796985,11.606867837374152,True,False
10014,16436805000000000000,1644,9107,7661,6320,2000,1047,1018,5.440800107664411,5.438871330085973,13.1527601687754,12.625708843064466,True,False
10015,39401659072261478,4,813,555,526,2000,314,308,5.2418428028238635,5.228340808348951,9.667111542075027,9.038918989292302,True,False
10016,4196382750000000,0,40,0,0,0,0,0,0.0,0.0,5.321928094887363,0,False,True
10017,50125313283208020,5,653,598,584,2000,216,216,4.497059928018923,4.497059928018924,9.350939181546432,9.189824558880018,True,False
10018,71091588249680672,7,1128,1004,972,2000,432,430,4.61352997340596,4.611440109247131,10.139551352398794,9.92481250360578,True,False
10019,6780007500000000000,678,2025,1783,1522,2000,308,302,4.999405213437787,4.996494008667331,10.98370619265935,10.571752643503546,True,False
10020,2271211597096252108,227,1135,1129,1002,2000,69,68,4.359118754827799,4.3579374688617225,10.148476582178278,9.968666793195208,True,False
10021,2170861385428185676,217,1112,1106,983,2000,66,65,4.302106083901774,4.300820570318498,10.118941072723507,9.94104760634058,True,False
10022,1229242487393374860,123,1043,1035,916,2000,91,90,4.351512578113016,4.350735959164651,10.026523442519766,9.839203788096944,True,False
10023,490000000000000000,49,731,601,553,2000,154,152,4.340567078352305,4.3362770740623,9.513727595952437,9.111135670234708,True,False
10024,1784783147486224674,178,5504,4692,3993,2000,837,827,4.845900351460472,4.843752341214211,12.426264754702098,11.963257356633047,True,False
10025,2623711248853913505,262,3356,3300,2679,2000,197,196,4.406205145056424,4.405104759921626,11.712527000439824,11.387478865842379,True,False
10026,287116929871541496,29,3378,2590,2303,2000,755,727,4.431079800088664,4.417572189114189,11.721953612801386,11.169298695792845,True,False
10027,99750000000000000,10,261,250,242,2000,76,75,4.269357226973393,4.268123807051558,8.027905996569885,7.918863237274595,True,False
10028,3391500000000000000,339,8135,6535,5499,2000,1022,993,5.376419005528891,5.373858804220229,12.98992663055989,12.424953571261042,True,False
10029,7458150894807562901,746,4030,3963,3187,2000,196,195,4.8161751409798015,4.815543462293693,11.97656412341533,11.637983303777853,True,False
10030,335160000000000000,34,5947,4456,3916,2000,1243,1202,4.514386514203222,4.504012004014089,12.537946360376203,11.935165049603695,True,False
10031,211869000000000000,21,1357,1291,1149,2000,195,194,4.355464985054173,4.354089383228374,10.406205005418855,10.166163082646113,True,False
10032,6675258472315057483,668,8889,7539,6143,2000,1231,1187,5.167284334315307,5.163779565758708,13.117805411682438,12.584727667963922,True,False
10033,16219055554522243,2,2144,1017,999,2000,961,945,6.543408258650739,6.5239664180618595,11.066089190457772,9.964340867792417,True,False
10034,7602558365021641645,760,8880,7255,6018,2000,1050,1020,4.871448548016852,4.867461041563536,13.116343961237469,12.555068391333338,True,False
10035,8335555111595070,1,14,3,3,3,3,3,1.584962500721156,1.584962500721156,3.807354922057604,1.584962500721156,False,False
10036,99650250000000000000,9965,8685,7725,6480,2000,979,968,5.914458151614088,5.914026851765318,13.084310133597755,12.661778097771988,True,False
10037,154160068520800609,15,4452,3039,2772,2000,1010,983,4.418036063331934,4.411141224877783,12.12023787734196,11.436711542137214,True,False
10038,19158861936165000,2,354,199,195,2000,170,166,6.407873856855016,6.383357642386992,8.467605550082997,7.60733031374961,True,False
10039,2992500000000000,0,935,0,0,0,0,0,0.0,0.0,9.868822554774999,0,False,True
10040,25126683406538234013,2513,9963,8466,6924,2000,1218,1175,5.8164212079578945,5.813784686083658,13.282364508223864,12.757390009366638,True,False
10041,26526784323561673,3,701,578,572,2000,423,421,5.510930999280648,5.507345484759316,9.453270634010623,9.159871336778389,True,False
10042,466407419818952301,47,588,575,538,2000,74,73,4.2489730028762445,4.247659181840595,9.199672344836364,9.071462362556623,True,False
10043,8881265655508500188,888,1236,1231,1088,2000,65,65,4.494920280715689,4.49492028071569,10.271463027904375,10.087462841250339,True,False
10044,12947214573627058751,1295,1532,1527,1351,2000,71,70,4.502491214075859,4.479273926927615,10.581200581924957,10.399811959325685,True,False
10045,12978178694642019896,1298,1542,1537,1354,2000,76,75,4.803681565284242,4.772754549289676,10.590587049915035,10.403012023574997,True,False
10046,7012425000000000000,701,9186,7564,6203,2000,1230,1187,5.167258347059382,5.163657458654807,13.165221068220944,12.598750409571753,True,False
10047,125723553996422110398,12572,9314,8147,6787,0,0,0,0.0,0.0,13.185185166820329,12.728558297786716,False,True
10048,45129518631015000,5,1440,949,885,2000,499,484,4.918335920621243,4.900417946224636,10.491853096329674,9.78953364497036,True,False
10049,25260358743310893,3,1248,760,729,2000,496,482,5.908939717843433,5.883727641692335,10.285402218862249,9.509775004326936,True,False
10050,365085000000000000,37,6070,4458,3900,2000,1221,1179,4.614590017680927,4.608163413888505,12.567480801143045,11.929258408636972,True,False
10051,169532070196983016755,16953,3881,3856,3155,0,0,0,0.0,0.0,11.922212717785449,11.623424289869911,False,True
10052,46918110623641751,5,1530,1021,950,2000,528,512,4.928396934035401,4.909820822355042,10.579315937580015,9.89178370321831,True,False
10053,113847664084086718,11,3173,2340,2204,2000,849,839,4.45260676106788,4.449609965876769,11.631631805917637,11.105908508571158,True,False
10054,3559346728422427,0,1323,0,0,0,0,0,0.0,0.0,10.369597346278677,0,False,True
10055,359100000000000000,36,1663,1615,1398,2000,209,209,4.456367296612925,4.456367296612925,10.699572453287269,10.449148645375436,True,False
10056,221655900855910332878,22166,3360,3345,2789,0,0,0,0.0,0.0,11.714245517666123,11.445532219028312,False,True
10057,15907609496043052,2,2155,1078,1031,2000,987,949,6.514489068105185,6.473082764297866,11.07347215397646,10.00982861736811,True,False
10058,997500000000000000,100,6661,5385,4573,2000,1167,1123,4.5098603112665385,4.498610130542267,12.701523066574435,12.158925203806964,True,False
10059,23141562614469326,2,2712,1503,1431,2000,1082,1041,6.52051727171051,6.477747457188327,11.405141463136344,10.482807956726667,True,False
10060,99750000000000000,10,3617,2489,2270,2000,1033,995,5.611076166001719,5.583348669628517,11.820577882655774,11.148476582178278,True,False
10061,34121543991498317,3,544,477,471,2000,267,267,5.226687662285595,5.226687662285594,9.087462841250339,8.879583249612784,True,False
10062,1994956307272925241,199,6471,5356,4473,2000,1025,985,4.372281967842751,4.360556799231376,12.659772961881611,12.127027043004599,True,False
10063,207274327948440186,21,466,455,433,2000,78,77,4.389228465960972,4.387712845098666,8.86418614465428,8.758223214726724,True,False
10064,7968249269698015,1,380,121,121,121,121,121,6.918863237274596,6.918863237274596,8.569855608330949,6.918863237274595,False,False
10065,23752901500787923,2,2406,1325,1290,2000,961,948,6.543408258650739,6.52919457040767,11.232420927176076,10.333155350310616,True,False
10066,112094764711267330619,11209,9771,8339,6876,0,0,0,0.0,0.0,13.25429050511706,12.747353829478062,False,True
10067,192702071251796921,19,2210,1688,1517,2000,546,529,4.52702661573536,4.512895800508591,11.109830654278793,10.567005370247033,True,False
10068,673781355901822,0,211,0,0,0,0,0,0.0,0.0,7.721099188707185,0,False,True
10069,84787500000000000,8,1777,1511,1456,2000,667,663,4.775333482060807,4.7728438921443965,10.795227966028678,10.507794640198696,True,False
10070,150622500000000000,15,2309,2040,1904,2000,667,663,4.521234957486979,4.5176521139232655,11.173052457774116,10.894817763307943,True,False
10071,20500704351170070148,2050,4865,4797,3843,2000,187,186,4.382866978903453,4.381465759084145,12.248224089668474,11.908017261062803,True,False
10072,14234325000000000000,1423,9661,8030,6533,2000,1238,1192,5.403252729804117,5.399493762999251,13.237956813306198,12.673529924401144,True,False
10073,240198000000000000,24,5100,3824,3392,2000,1159,1117,4.581438370444076,4.566015744260011,12.31628153174622,11.727920454563199,True,False
10074,104907773256044529,10,3789,2676,2433,2000,1021,983,5.595100199222751,5.5674842636061195,11.88760142450871,11.24852060493843,True,False
10075,6726632141105372,1,113,29,29,29,29,29,4.85798099512757,4.85798099512757,6.820178962415188,4.857980995127572,False,False
8244,976664855398766513,98,6514,5044,4364,2000,981,951,4.598495309461617,4.593325202145517,12.669328004395904,12.091435386323607,True,False
8245,94724503542150370,9,4114,2498,2289,2000,1060,1030,4.525396554917005,4.51177721063055,12.006326078524934,11.160501747555687,True,False
8246,71620500000000000,7,756,690,645,2000,191,190,5.1993493810082825,5.19567965623764,9.562242424221072,9.333155350310616,True,False
8247,47308693487065514336,4731,2701,2688,2215,2000,82,81,4.564024266946188,4.563154237720944,11.399277924508967,11.113090983442381,True,False
8248,268773562496018759,27,5310,4010,3546,2000,1181,1138,4.459916919827117,4.447950551535275,12.374496145691516,11.79197682089869,True,False
8249,38902500000000000,4,3200,1960,1821,2000,1126,1085,5.276934054854523,5.249174219332013,11.643856189774725,10.830515206976838,True,False
8250,7780000000000000000,778,1580,1397,1213,2000,240,236,5.07841042057415,5.076810164533184,10.625708843064466,10.24436383512051,True,False
8251,9576000000000000000,958,1409,1243,1088,2000,227,223,5.347781481328803,5.346351726174375,10.460455896309636,10.087462841250339,True,False
8252,99750000000000000,10,3392,2343,2209,2000,972,958,4.560199129091297,4.551575957233361,11.727920454563199,11.109177703355275,True,False
8253,503479175182143543,50,5212,4117,3632,2000,967,952,4.391167230274529,4.38408978967103,12.347621368568134,11.826548487290914,True,False
8254,28627793512028343,3,565,371,357,2000,235,231,5.493143974384608,5.480149929988291,9.14210705730255,8.479780264029099,True,False
8255,149625000000000000,15,3850,2788,2519,2000,986,947,4.53080939437542,4.513970473056261,11.910642730469625,11.298635406734242,True,False
8256,19950000000000000,2,333,274,273,2000,234,234,6.446041831268788,6.446041831268788,8.379378367071261,8.092757140919852,True,False
8257,78433482043492370842,7843,5587,5537,4448,2000,218,215,5.438938706635975,5.438425758032823,12.44785810495403,12.118941072723507,True,False
8258,809576511452408557,81,6442,4872,4226,2000,969,940,4.801463958502904,4.789344117940575,12.653292945382814,12.04507705193494,True,False
8259,329175000000000000,33,4408,3375,2972,2000,964,925,4.540850215432997,4.522343317024233,12.105908508571158,11.537218400538595,True,False
8260,847875000000000000,85,5198,4172,3589,2000,962,922,4.647409219639746,4.637681998513447,12.3437409184722,11.809366207816078,True,False
8261,1195005000000000000,120,5540,4531,3823,2000,940,900,4.573941723235768,4.562139216932939,12.43567026093655,11.90048948483465,True,False
8262,1137150000000000000,114,5398,4409,3726,2000,916,879,4.47267120091905,4.463996991414236,12.398209261466851,11.863411958941638,True,False
8263,698250000000000000,70,4776,3810,3286,2000,901,864,4.535811090654114,4.523412243820604,12.221587121264806,11.682116764950074,True,False
8264,599497500000000000,60,4568,3633,3146,2000,876,840,4.59834493306809,4.582417515125299,12.157346935362844,11.619302955415687,True,False
8265,341195413907425,0,118,0,0,0,0,0,0.0,0.0,6.882643049361842,0,False,True
8266,86597483205131381,9,814,760,709,2000,198,197,4.57194750512158,4.569767218398985,9.668884984266247,9.469641817239516,True,False
8267,598803111302550000,60,6666,5128,4442,2000,1206,1166,4.4348340087333185,4.426935007767479,12.702605602110248,12.116993677546981,True,False
8268,2864677943801053,0,1155,0,0,0,0,0,0.0,0.0,10.17367713630342,0,False,True
8269,486841045074252001,49,680,557,514,2000,144,143,4.334832597592147,4.332401595161144,9.409390936137703,9.005624549193879,True,False
8270,7275285150716177,1,1860,363,356,363,363,356,8.50382573799575,8.459748603009523,10.861086905995395,8.475733430966399,False,False
8271,2837195520020064,0,77,0,0,0,0,0,0.0,0.0,6.266786540694901,0,False,True
8272,29925000000000000,3,376,327,323,2000,191,191,5.671097498614964,5.671097498614962,8.554588851677638,8.335390354693924,True,False
8273,119700000000000000,12,1022,973,901,2000,197,197,4.39164180321227,4.391641803212272,9.997179480937621,9.815383295813538,True,False
8274,2942625000000000000,294,5993,5016,4166,2000,912,875,4.575263002907581,4.566902727547966,12.54906265857043,12.024447124040647,True,False
8275,1845375000000000000,185,5579,4620,3885,2000,896,860,4.400485374036435,4.387160335848587,12.445790836048076,11.923698883295073,True,False
8276,2251147027500000000,225,5739,4788,4009,2000,895,859,4.575547148746129,4.567352834053407,12.486583659067268,11.96902670215077,True,False
8277,3780525000000000000,378,5954,5025,4152,2000,873,837,4.661985220806739,4.651813123453998,12.539643506238036,12.019590728357882,True,False
8278,2314200000000000000,231,5586,4662,3899,2000,863,827,4.617970108878553,4.60708123538917,12.44759985827995,11.928888439397635,True,False
8279,3003591177562500000,300,5708,4797,3980,2000,855,820,4.617832024730798,4.607682991881169,12.478769619475763,11.958552715431011,True,False
8280,3990000000000000000,399,5767,4886,4033,2000,844,809,4.661361000301992,4.651885798561868,12.49360530705712,11.977637690405876,True,False
8281,10773011083521750000,1077,6160,5303,4306,2000,836,802,5.299775702974815,5.294549266951999,12.588714635582264,12.072132604167233,True,False
8282,69825000000000000,7,2532,1721,1590,2000,771,743,4.540613346002212,4.5247231753300925,11.306061689428342,10.634811050171718,True,False
8283,818947500000000000,82,6253,4865,4236,2000,1016,990,4.371176316830543,4.363846751824532,12.610332801911134,12.048486873992337,True,False
8284,7530939509607360896,753,8888,7561,6143,2000,1219,1176,5.1283774725494675,5.123532701118626,13.117643101389092,12.584727667963922,True,False
8285,1631997281250000000,163,3296,3194,2687,2000,397,395,4.781329172296735,4.7806921075098945,11.686500527183219,11.391780606013166,True,False
8286,45885000000000000,5,3748,2161,2012,2000,1210,1169,4.7847988289282135,4.7658106494319075,11.871905237659186,10.974414589805527,True,False
8287,445788334726191,0,131,0,0,0,0,0,0.0,0.0,7.03342300153745,0,False,True
8288,14398464888256419118,1440,9718,8211,6741,2000,1223,1182,5.536915483715462,5.534751077158926,13.246443717117286,12.718746909901064,True,False
8289,15088317919148548,2,1825,902,866,2000,848,815,6.573822759488243,6.5330116605545525,10.833680748654741,9.758223214726724,True,False
8290,34757576018052614695,3476,5157,5089,4075,2000,204,203,5.1162407355286685,5.115740514276959,12.332316330199218,11.992584344005802,True,False
8291,105026995086654443,11,2640,1908,1736,2000,711,687,5.259298981630254,5.234608010683928,11.366322214245816,10.761551232444479,True,False
8292,6741455109222320,1,1904,308,302,308,308,302,8.266786540694904,8.221331995240359,10.894817763307943,8.238404739325079,False,False
8293,43997142426327232,4,541,484,465,2000,198,197,4.706656186947015,4.703903089712627,9.079484783826816,8.861086905995395,True,False
8294,3662520750000000000,366,8642,7110,5892,2000,1243,1202,4.67782595202117,4.671125624425862,13.077149515589733,12.524541715035848,True,False
8295,1897635473088705,0,63,0,0,0,0,0,0.0,0.0,5.977279923499917,0,False,True
8296,21945000000000000000,2195,4933,4888,3918,2000,215,213,5.303084865766671,5.267210832436836,12.268249571994492,11.935901682267588,True,False
8297,1097250000000000000,110,4432,4079,3465,2000,732,727,4.4256731517799714,4.423268388635354,12.113742166049189,11.758639637024576,True,False
8298,304138489089125529,30,169,167,164,2000,42,41,4.2352188739882815,4.234377671278767,7.400879436282184,7.357552004618084,True,False
8299,10404836717951656,1,189,133,132,133,133,132,7.05528243550119,7.040244841516227,7.562242424221073,7.044394119358453,False,False
8300,59850000000000000000,5985,5630,5532,4534,2000,375,374,4.692566533220596,4.692187254482327,12.458919206967591,12.146568675740786,True,False
8301,2525124189171303022,253,5767,5002,4205,2000,786,780,4.436024255682772,4.433452811981441,12.49360530705712,12.037890085142507,True,False
8302,4987500000000000,0,1585,0,0,0,0,0,0.0,0.0,10.63026712502677,0,False,True
8303,1353549721227496691,135,1081,1073,944,2000,87,86,4.48977644756567,4.489209407702907,10.07815080773465,9.88264304936184,True,False
8304,41187772500000000000,4119,9542,8071,6633,2000,1036,1004,5.86431809292646,5.862144888025916,13.220075970984304,12.695445810537382,True,False
8305,100250626566416040,10,818,620,577,2000,245,241,4.894656551388933,4.885225724263963,9.67595703294175,9.172427508645482,True,False
8306,8020050125313283,1,280,86,86,86,86,86,6.426264754702099,6.426264754702099,8.129283016944967,6.426264754702098,False,False
8307,166582500000000000,17,5250,3653,3271,2000,1217,1173,4.441748666158996,4.42761106748065,12.358101707440847,11.675516044082778,True,False
8308,6417675466259704494,642,3982,3914,3136,2000,198,197,4.475621644185303,4.474586983036829,11.959277505720502,11.614709844115207,True,False
8309,170478689265840364,17,5226,3694,3310,2000,1229,1188,4.795148813688861,4.777530197286113,12.35149140932002,11.69261550169458,True,False
8310,37276575000000000000,3728,7439,6674,5485,2000,797,791,4.786857047566804,4.785999899666362,12.860892982338823,12.421275905290555,True,False
8311,39900000000000000,4,821,562,533,2000,319,313,5.244813799990232,5.231645416858106,9.681238411777805,9.057991722759176,True,False
8312,1313653138408985,0,241,0,0,0,0,0,0.0,0.0,7.912889336229962,0,False,True
8313,595438583706609567645,59544,1629,1624,1399,0,0,0,0.0,0.0,10.669770888525518,10.450180247164754,False,True
8314,50872500000000000,5,1941,1310,1218,2000,621,603,4.985683663628305,4.967661524063333,10.922584402713664,10.250298417906333,True,False
8315,29925000000000000,3,2523,1442,1398,2000,962,949,5.2814687626378864,5.271991390913887,11.3009244909763,10.449148645375436,True,False
8316,95460750000000000000,9546,6469,6266,5202,2000,689,685,6.857670739461124,6.857224216650229,12.659326997414105,12.34485068394299,True,False
8317,1055409698119847449,106,216,186,179,2000,53,53,4.412615633491499,4.412615633491498,7.754887502163468,7.483815777264256,True,False
8318,2992500000000000000,299,5768,5000,4213,2000,798,792,4.786930011701478,4.786072935230026,12.493855449240822,12.040632200562253,True,False
8319,199500000000000000,20,416,408,392,2000,73,72,4.258748952770687,4.257077187070698,8.700439718141093,8.614709844115207,True,False
8320,72369632673767273,7,215,208,197,2000,78,76,4.531266741818943,4.527443081348686,7.7481928495894605,7.622051819456376,True,False
8321,2921856491078340570,292,3297,3230,2616,2000,191,190,4.351931932227553,4.350430618578111,11.686938171670388,11.353146825498083,True,False
8322,12607342650000000000,1261,9587,7989,6491,2000,1235,1192,5.313374642008127,5.31068317889678,13.226863716982411,12.664225040837929,True,False
8323,19799491397531021222,1980,7160,6397,5262,2000,793,787,4.510594483954383,4.5093086549423695,12.805743872151618,12.36139553316589,True,False
8324,1971083630056800000,197,1226,1215,1048,2000,77,76,4.2506023327111695,4.24933764632222,10.259743263690781,10.03342300153745,True,False
8325,12707543176587286567,1271,9535,8017,6510,2000,1239,1200,4.669560138440992,4.664247424829533,13.219017223200119,12.668441828052998,True,False
8326,32821803272572348,3,3358,2022,1894,2000,1208,1165,5.298755446229125,5.270860452739101,11.71338651493703,10.887220615468385,True,False
8327,21039086437296071,2,643,395,385,2000,294,289,6.460386150610279,6.442859861176126,9.328674927327947,8.588714635582264,True,False
8328,6226682999503688,1,922,179,176,179,179,176,7.483815777264256,7.439123039834088,9.848622940429339,7.459431618637297,False,False
8329,997500000000000000,100,2352,2284,1820,2000,183,182,4.352815216294846,4.350956480235366,11.199672344836364,10.829722735086058,True,False
8330,11021377500000000000,1102,4531,3939,3205,2000,612,593,5.342673522768173,5.3380352960080835,12.14561377551339,11.646108641506103,True,False
8331,99740200382462353269,9974,5452,5384,4359,2000,203,202,4.772167891114323,4.771556695114879,12.41256984680521,12.089781488353998,True,False
8332,4571740042785300000,457,1831,1824,1549,2000,83,82,4.369521647974353,4.3684778715494375,10.838416075797337,10.597121428789569,True,False
8333,124232798698532951527,12423,10122,8653,6971,0,0,0,0.0,0.0,13.305206759008723,12.767149912284852,False,True
8334,59850000000000000,6,191,184,175,2000,74,73,4.514925507883688,4.513085526336097,7.577428828035749,7.451211111832329,True,False
8335,40701706191945112,4,132,125,121,2000,72,71,4.517739462443899,4.515892199596543,7.044394119358453,6.918863237274595,True,False
8336,10025062656641604010,1003,4538,4483,3591,2000,212,210,4.832259995968889,4.831528858769072,12.147840893672337,11.810169937664659,True,False
8337,11228070175438596491,1123,4646,4590,3675,2000,204,203,4.580643192728939,4.57985739425053,12.181773438808808,11.843528534611089,True,False
8338,29925000000000000,3,405,338,331,2000,180,179,5.188686071149607,5.184682735036178,8.661778097771988,8.370687406807217,True,False
8339,3509697406001765778,351,3515,3446,2762,2000,198,197,4.6755891880754925,4.674838789426209,11.779308973959898,11.43149760425805,True,False
8340,851474879896620000,85,3057,2528,2179,2000,560,541,4.642252283026801,4.632105730301552,11.57790083688697,11.089450481115907,True,False
8341,963159888838663333,96,2983,2474,2134,2000,538,521,4.517040656475194,4.509514583639678,11.542548262335213,11.059344460824425,True,False
8342,248855555573556396,25,2031,1566,1394,2000,469,458,4.42552897692359,4.416246802510296,10.987974524296153,10.445014845868423,True,False
8343,766882876063220618,77,1757,1481,1299,2000,342,335,4.520928943589554,4.51556840486883,10.778898476008376,10.34318571544788,True,False
8344,257415605162089424,26,1191,949,858,2000,294,289,4.371158372125039,4.366155513348595,10.217957697864113,9.744833837499545,True,False
8345,287462671562674077,29,1067,855,775,2000,259,255,4.406588190468652,4.401249073091494,10.059344460824425,9.5980525001616,True,False
8346,111572520699598056,11,557,415,394,2000,157,154,5.170545653188109,5.155679300470353,9.121533517340032,8.622051819456376,True,False
8347,706384496259526401,71,6494,4851,4204,2000,1054,1024,4.3797052829226715,4.368637201341555,12.664891669286089,12.037546953962178,True,False
8348,6982500000000000,1,237,64,64,64,64,64,6.0,6.0,7.888743248898259,6.0,False,False
8349,8658836901678185,1,418,142,142,142,142,142,7.149747119504683,7.149747119504683,8.707359132080883,7.149747119504682,False,False
8350,19950000000000000000,1995,4881,4822,3891,2000,206,205,4.62885808944958,4.6281245849651995,12.252961036393684,11.925925264972856,True,False
8351,4309451253290958575,431,3160,3100,2513,2000,173,171,4.9475769780391365,4.943301448795834,11.625708843064466,11.295194955880655,True,False
8352,7485160231066145,1,1919,386,377,386,386,377,8.592457037268082,8.540643565765492,10.90613899619538,8.558420713268664,False,False
8353,11306149013755927,1,2570,1028,994,1028,1028,994,10.00562454919388,9.932551187833216,11.32755264408124,9.957102041562287,False,False
8354,99748938223202156371,9975,9377,8167,6752,2000,1042,1017,6.120790444942088,6.118593273905059,13.194910717275365,12.721099188707186,True,False
8355,30986778744446390803,3099,5211,5157,4127,2000,201,199,4.406225410911482,4.404983625479404,12.34734453943155,12.010877723007034,True,False
8356,41245497528946261242,4125,5358,5307,4261,2000,213,210,5.0772731297980975,5.076494207208402,12.387478865842379,12.05697633617822,True,False
8357,24837750000000000000,2484,2573,2562,2151,2000,88,86,4.472628618413507,4.471454256521783,11.3292357417338,11.070791809423062,True,False
8358,24339000000000000,2,841,534,518,2000,367,361,6.50212050915129,6.484627102878758,9.715961990255144,9.016808287686555,True,False
8359,398000000000000000,40,1291,1053,940,2000,290,284,4.400917507309838,4.391737273163802,10.33427328530719,9.876516946565,True,False
8360,37449081239503254323,3745,9276,7999,6611,2000,1017,990,4.779037745728975,4.775141866626651,13.179287104646004,12.690652799348483,True,False
8361,22386614985387897,2,2850,1281,1225,2000,960,931,6.544287742693076,6.508655411439829,11.476746203939467,10.258566033889933,True,False
8362,100703199596336182,10,1054,987,938,2000,270,270,4.444931003444329,4.44493100344433,10.041659151637214,9.873444112515376,True,False
8363,4653337500000000000,465,8191,6680,5579,2000,982,953,4.876067333207169,4.872485621476281,12.999823879015725,12.445790836048076,True,False
8364,26403825000000000000,2640,9669,8267,6794,2000,1141,1106,5.0461334477377395,5.042603229152267,13.239150973780701,12.7300455028792,True,False
8365,7076294836759111810,708,8629,7284,6038,2000,1084,1051,4.651962250530487,4.646292260174611,13.074977662301151,12.559855041513625,True,False
8366,29135288628495000,3,1795,1087,1025,2000,687,664,6.178796608158978,6.147591124285324,10.809768128710413,10.001408194392809,True,False
8367,3586937778053227,0,1461,0,0,0,0,0,0.0,0.0,10.512740462803498,0,False,True
8368,200000000000000,0,110,0,0,0,0,0,0.0,0.0,6.78135971352466,0,False,True
8369,367305887242014566003,36731,2322,2315,1920,0,0,0,0.0,0.0,11.181152256865566,10.906890595608518,False,True
8370,3630077481276426063,363,8661,7067,5860,2000,1230,1185,5.161266183590262,5.15542827218575,13.080317892957138,12.51668494930961,True,False
8371,8141657951826679595,814,8927,7609,6169,2000,1206,1161,4.921878719211895,4.915338707157041,13.12395971059229,12.590820930930525,True,False
8372,199500000000000000,20,1553,1204,1086,2000,397,388,4.47428456055259,4.465669069900398,10.600842114387302,10.084808387804362,True,False
8373,139650000000000000,14,926,712,660,2000,260,256,4.558479909859414,4.551911091220392,9.854868383260236,9.366322214245816,True,False
8374,9975000000000000,1,18,6,6,6,6,6,2.584962500721156,2.584962500721156,4.169925001442312,2.584962500721156,False,False
8375,291669000000000000000,29167,8992,7987,6699,0,0,0,0.0,0.0,13.134426320220927,12.709730036543629,False,True
8376,1146093302291758409,115,6969,5537,4733,2000,1035,1007,5.099613474547578,5.093672641826809,12.766735939529964,12.208539206738363,True,False
8377,892197778921680869,89,2664,2563,2183,2000,383,381,4.422397170455087,4.419898619676242,11.379378367071261,11.092096414990792,True,False
8378,49875000000000000,5,118,111,105,2000,62,61,4.318295179325881,4.315642815126806,6.882643049361842,6.714245517666122,True,False
8379,120000000000000000,12,1820,1622,1537,2000,577,575,4.535704127981417,4.534214468286194,10.829722735086058,10.585901449690772,True,False
8380,3988358754606975000,399,4281,3671,3030,2000,620,600,4.6565257514737,4.6469902860731755,12.063732120196919,11.565102078360313,True,False
8381,774965466813207318,77,6351,4990,4315,2000,1099,1066,4.888245631643864,4.882901472659473,12.632768054728745,12.075144844066317,True,False
8382,25037250000000000000,2504,5581,5424,4478,2000,491,489,5.378930602426629,5.378643936196253,12.446307931050345,12.128638812852598,True,False
8383,124444886254500004086,12444,6608,6393,5314,0,0,0,0.0,0.0,12.689997971419446,12.375582512490507,False,True
8384,950638195237636,0,277,0,0,0,0,0,0.0,0.0,8.113742166049189,0,False,True
8385,5515404830654780,1,760,126,126,126,126,126,6.977279923499918,6.977279923499918,9.569855608330949,6.977279923499917,False,False
8386,2768226671896013182,277,3317,3257,2645,2000,207,206,4.500952880321061,4.500021229605386,11.695663296788021,11.369052007001388,True,False
8387,1318386805535310767,132,4215,3940,3355,2000,701,697,4.68748107647564,4.685453364410754,12.041316915829444,11.712097051087547,True,False
8388,257025671395878975,26,3773,2936,2669,2000,854,844,4.535646840186644,4.531890208766375,11.88149638481011,11.382083590141967,True,False
8389,99748559111250000000,9975,7557,6784,5628,2000,852,843,6.245386322626439,6.244624264459915,12.883597907455398,12.458406613236532,True,False
8390,45000000000000000,5,3598,2240,2074,2000,1215,1171,5.299384346826121,5.271165210286243,11.812979471251483,11.018200178813226,True,False
8391,9975000000000000000,998,2083,2075,1768,2000,87,86,4.46424027127391,4.463575061613024,11.024447124040647,10.787902559391432,True,False
8392,2133914717110166360,213,2031,2004,1637,2000,128,127,4.3760221054113355,4.375683469511609,10.987974524296153,10.676838606474153,True,False
8393,349125000000000000,35,1969,1871,1646,2000,370,369,4.413077353549433,4.412396656969934,10.943247395901553,10.684748620421626,True,False
8394,329175000000000000,33,1988,1886,1662,2000,386,384,4.422493255173185,4.4213465385568735,10.957102041562287,10.698704666770345,True,False
8395,415957500000000000,42,2499,2322,2048,2000,520,518,4.731387770864809,4.730917182629517,11.287135186086704,11.0,True,False
8396,4334027193547733811,433,3735,3696,2989,2000,214,214,4.587975221452324,4.587975221452323,11.8668925276766,11.545447181678094,True,False
8397,41078020109991284110,4108,9896,8396,6772,2000,1302,1257,6.612580694442437,6.596128927071648,13.27262978497637,12.725366257895642,True,False
8398,1575052500000000000,158,2854,2786,2277,2000,198,197,4.47231859613521,4.471248140705082,11.478769619475763,11.152918576136623,True,False
8399,9690703654170000,1,1100,344,337,344,344,337,8.426264754702096,8.377558686381853,10.103287808412022,8.396604781181859,False,False
8400,2495833318828727263,250,6321,5451,4627,2000,889,878,4.575507593081948,4.572391996663534,12.625937099538463,12.175861383565296,True,False
8401,46115288220551378,5,3555,2236,2067,2000,1194,1151,5.190249816815947,5.164459381262493,11.795633844506778,11.013322673425447,True,False
8402,99807433976161010453,9981,2559,2551,2099,2000,114,112,5.3421883147878795,5.341746726256232,11.321364432039447,11.035486451292154,True,False
8403,787027500000000000,79,3050,2859,2483,2000,562,560,4.426536852157135,4.425295262146113,11.57459352733761,11.27786854617684,True,False
8404,216901276192965000,22,1064,840,763,2000,272,267,4.454346180036171,4.448370862206781,10.055282435501189,9.57553924683453,True,False
8405,886777500000000000,89,5883,4723,4032,2000,1068,1026,4.547650770707962,4.5371928613233194,12.522336320913306,11.977279923499916,True,False
8406,10860126791912336,1,1644,718,693,718,718,693,9.487840033823048,9.412631120174023,10.682994583681683,9.436711542137214,False,False
8407,3527032922158830000,353,1887,1647,1420,2000,297,291,4.4543588502046045,4.448435146070279,10.881878707600446,10.471675214392045,True,False
8408,65768618040860214188,6577,5388,5320,4270,2000,192,191,4.486534800301859,4.485450789461751,12.395534135462302,12.060020354507852,True,False
8409,2069942858470554527,207,3948,3763,3176,2000,547,545,5.083346012063627,5.083025999263116,11.946906274456397,11.632995197142957,True,False
8410,1112212500000000000,111,6435,5249,4406,2000,1076,1035,4.3949373373761205,4.384456937065114,12.651724433108065,12.105253779700883,True,False
8411,137754750000000000000,13775,5690,5633,4563,0,0,0,0.0,0.0,12.474212937193943,12.155766938445653,False,True
8412,2531335866809473663,253,3356,3287,2723,2000,272,272,4.368420288123023,4.368420288123023,11.712527000439824,11.410981267043796,True,False
8413,16673603735372168,2,568,321,315,2000,290,285,6.457637622507111,6.440128868129923,9.149747119504681,8.29920801838728,True,False
8414,41651279862744114470,4165,3721,3695,3040,2000,151,150,5.168029715311503,5.16789712060679,11.861474675125773,11.569855608330949,True,False
8415,3149788351212919341,315,4999,4720,3963,2000,711,707,4.643589293212889,4.642750337712487,12.287423811683523,11.952377251967985,True,False
8416,80000000000000000,8,2733,1879,1723,2000,815,783,4.552713034421667,4.53758891402307,11.416269744523207,10.750706986224948,True,False
8417,8067709899749373433,807,4111,4052,3257,2000,199,198,4.443297851344253,4.442297714962018,12.005273656563938,11.669328004395904,True,False
8418,14962500000000000000,1496,4723,4664,3774,2000,204,203,4.538683128132653,4.5378306132136395,12.205487820150566,11.881878707600446,True,False
8419,24837750000000000000,2484,5371,5247,4304,2000,427,425,4.543815450134831,4.543046189778663,12.390975006155534,12.071462362556623,True,False
8420,199583172857086463286,19958,5557,5492,4461,0,0,0,0.0,0.0,12.440090524950488,12.123151432773575,False,True
8421,845588099662631657,85,1573,1538,1255,2000,120,118,4.3201046955640905,4.319350630772707,10.619302955415687,10.293471648838134,True,False
8422,235240411217403812,24,515,507,487,2000,81,80,4.605968587877265,4.604093936955625,9.00842862207058,8.927777962082342,True,False
8423,47417818663748260,5,292,264,258,2000,105,103,4.404701684145404,4.403135010885412,8.189824558880018,8.011227255423254,True,False
8424,3020913125506203323,302,1558,1552,1304,2000,88,87,4.336421467467705,4.335391569643599,10.605479518061669,10.348728154231077,True,False
8425,299250000000000000,30,491,478,454,2000,78,77,4.4244008766836895,4.422941394584569,8.939579214314692,8.826548487290914,True,False
8426,7495678061383170,1,1610,333,329,333,333,329,8.379378367071261,8.355354343047239,10.65284497300198,8.361943773735241,False,False
8427,47066390497663308,5,2517,1634,1578,2000,912,902,4.7863118196402965,4.780739894294357,11.29748950116098,10.623881490013458,True,False
8428,738618102350296806,74,5141,4245,3739,2000,913,902,4.66014212327779,4.656624854293593,12.327833296750327,11.868436755858168,True,False
8429,977550000000000000,98,2331,2271,1868,2000,203,202,4.421219822381645,4.419944164258023,11.186733289128867,10.867278739709661,True,False
8430,1499242500000000000,150,1033,1021,889,2000,72,71,4.357776316512563,4.3565422267245095,10.01262453886506,9.79603960882977,True,False
8431,29562511108817084008,2956,8289,7142,5749,2000,1105,1063,6.267882785160121,6.2657014154602315,13.016982347533649,12.489095315413504,True,False
8432,24917550000000000000,2492,5070,5022,4015,2000,198,198,4.533982572743342,4.5339825727433425,12.307770031890703,11.971184272404678,True,False
8433,56517456467210550000,5652,2178,2171,1822,2000,83,82,5.153860612818235,5.1533907675096104,11.088788238716907,10.831307243802051,True,False
8434,29925000000000000,3,362,299,292,2000,162,161,5.179103900082483,5.1744302229000425,8.499845887083206,8.189824558880018,True,False
8435,210897392805750004,21,119,91,87,2000,42,42,4.143841254145046,4.143841254145046,6.894817763307944,6.442943495848728,True,False
8436,238402500000000000000,23840,8070,7233,6047,0,0,0,0.0,0.0,12.978352958165143,12.562003863651553,False,True
8437,182534083521207696769,18253,8101,7248,6063,0,0,0,0.0,0.0,12.983884292164655,12.565816107100892,False,True
8438,40659828422644368,4,1282,1053,1036,2000,627,624,5.282750355944971,5.279413129180414,10.324180546618742,10.016808287686555,True,False
8439,5184617025890866093,518,5401,4623,3803,2000,756,728,4.567764542527901,4.560230284370031,12.39901083295199,11.892922223630592,True,False
8440,5984501302104049605,598,3262,2839,2339,2000,454,442,4.59436716410901,4.588656247506579,11.671541066711884,11.191676146352428,True,False
8441,3490831690559047318,349,2999,2592,2170,2000,438,426,4.458740679568488,4.451470767278826,11.55026580686874,11.083479327331842,True,False
8442,8432325830432175000,843,1899,1892,1631,2000,88,85,4.7769734649809354,4.730166130192395,10.891024190149498,10.671541066711884,True,False
8443,561950931909983868,56,2056,2001,1681,2000,201,200,4.3579711423487115,4.3565423668093475,11.005624549193879,10.715104009236168,True,False
8444,1562456244677639468,156,7496,5857,4963,2000,1050,1021,4.687138846233523,4.6828333950613095,12.871905237659186,12.27699673929712,True,False
8445,200854518357572334,20,5412,3913,3483,2000,1243,1201,4.437389524341201,4.429396701128443,12.401946123976536,11.766114757586722,True,False
8446,9539103075929566494,954,4126,4058,3249,2000,199,198,4.911050984813826,4.910449053069824,12.010528105886484,11.665780028329483,True,False
8447,33589340434920638,3,2894,1635,1567,2000,997,973,5.912300329517425,5.890727920064572,11.498849206531725,10.61378946447258,True,False
8448,9862761938523531,1,134,66,66,66,66,66,6.044394119358453,6.044394119358453,7.066089190457772,6.044394119358453,False,False
8449,16321756194719884,2,1467,758,728,2000,685,662,6.490681007316319,6.454257440713011,10.51865315567339,9.507794640198696,True,False
8450,109725000000000000,11,1418,1295,1226,2000,430,428,4.377146678163446,4.375718106734874,10.469641817239516,10.259743263690781,True,False
8451,2089833700627995931,209,1073,1067,953,2000,71,70,4.607531988992874,4.606539740920431,10.067434360756522,9.896332403909941,True,False
8452,66708819360809088,7,2854,1970,1887,2000,911,901,5.299670599965961,5.292241985377394,11.478769619475763,10.881878707600446,True,False
8453,300751879699248120,30,1040,1012,852,2000,106,104,4.3181748252424015,4.316872619685795,10.022367813028454,9.734709620225837,True,False
8454,4872787500000000000,487,858,756,675,2000,125,125,4.463255536008897,4.463255536008896,9.744833837499545,9.398743691938193,True,False
8455,15083796000000000000,1508,4697,4629,3747,2000,201,200,4.822509266087358,4.821871612652,12.197523878257787,11.871520262329113,True,False
8456,12169500000000000000,1217,9592,7959,6479,2000,1229,1184,4.742807606760417,4.73731659111331,13.227615943414223,12.661555442467758,True,False
8457,14334250348793181,1,2715,1196,1156,1196,1196,1156,10.224001674198107,10.148141259521516,11.406736482691723,10.174925682500678,False,False
8458,7980000000000000,1,153,41,41,41,41,41,5.357552004618084,5.357552004618084,7.257387842692652,5.357552004618084,False,False
8459,1201031299723228,0,337,0,0,0,0,0,0.0,0.0,8.396604781181859,0,False,True
8460,8373756242489400000,837,89,83,83,2000,42,42,5.0731602360245915,5.0731602360245915,6.475733430966398,6.3750394313469245,True,False
8461,256871372734410000,26,1219,972,876,2000,300,295,4.366971395915847,4.361968537139403,10.251482410620213,9.774787059601174,True,False
8462,6106439444228513896,611,9087,7580,6206,2000,1258,1214,4.964626465850063,4.960333373602052,13.149588363516528,12.59944798152872,True,False
8463,15447471384539123265,1545,2272,2261,1887,2000,72,71,4.393395011865433,4.391849275836833,11.149747119504681,10.881878707600446,True,False
8464,727177500000000000,73,4577,3661,3154,2000,852,818,4.436640718759107,4.427019340625426,12.160186576600662,11.62296694479051,True,False
8465,16391765101765861380,1639,7169,6149,4976,2000,968,928,5.3815132350040535,5.37636972069611,12.807556176858919,12.280770770130603,True,False
8466,2475640511583682001,248,7731,6151,5171,2000,979,949,4.38282481900644,4.372766491370239,12.916439322580777,12.33622758948339,True,False
8467,13929568618912551927,1393,9529,8033,6503,2000,1285,1239,5.761440499305108,5.758889518967183,13.218109106274904,12.666889708440257,True,False
8468,36020915296296626,4,2003,1260,1179,2000,720,694,5.263415275822955,5.236978885592986,10.967946705812707,10.203348002979762,True,False
8469,66702825000000000000,6670,7584,6780,5658,2000,840,830,4.965572947812977,4.96321778191085,12.888743248898258,12.466076461396252,True,False
8470,723637719066751356,72,2158,2101,1738,2000,203,202,4.417509017438647,4.416232989366028,11.075479149488016,10.7632123668144,True,False
8471,498750000000000000,50,5784,4422,3872,2000,1098,1065,4.549731000808133,4.543473854631842,12.497851836951117,11.918863237274595,True,False
8472,997500000000000,0,162,0,0,0,0,0,0.0,0.0,7.339850002884624,0,False,True
8473,54260867861891716,5,851,603,568,2000,297,292,4.825412308409639,4.8163272986757,9.733015321685963,9.149747119504681,True,False
8474,3033763221443300409,303,2179,2154,1749,2000,131,130,4.526633654464934,4.526351125903553,11.089450481115907,10.772314573921653,True,False
8475,4189742067768009059,419,4414,4251,3562,2000,508,506,5.201209449873081,5.200923735587365,12.107870914279614,11.798471801101618,True,False
8476,5139456541116220365,514,2667,2639,2161,2000,117,117,4.301165537064711,4.30116553706471,11.381002109550925,11.077483356859508,True,False
8477,2677013956911331126,268,8270,6790,5623,2000,1259,1215,4.70360591715885,4.698122346113411,13.013671614058637,12.457124331540804,True,False
8478,14893681304509915815,1489,2047,2039,1725,2000,93,91,5.069081923757761,5.068158183319082,10.99929538702341,10.752380646552893,True,False
8479,1999942181829577868,200,1519,1503,1280,2000,106,105,4.606727674580334,4.6062151429068185,10.568906154502084,10.321928094887362,True,False
8480,10034850000000000000,1003,3635,3581,2894,2000,159,158,4.814764355831234,4.811273313266864,11.827739648806956,11.498849206531725,True,False
8481,8178816866367306244,818,1947,1935,1628,2000,65,65,4.5889978140918535,4.5889978140918535,10.927037168720295,10.668884984266247,True,False
8482,1875300000000000000,188,4251,4006,3394,2000,665,662,5.12593305856767,5.125548324803434,12.053586543639176,11.728770849542663,True,False
8483,14768896010045582522,1477,3561,3528,2873,2000,142,140,5.5247452171349,5.524583142812137,11.798066720363062,11.488342277532524,True,False
8484,196049706142246440,20,5115,3629,3239,2000,1187,1146,4.437995319529033,4.423245780035064,12.320518524632691,11.661332752795186,True,False
8485,99750000000000,0,2,0,0,0,0,0,0.0,0.0,1.0,0,False,True
8486,99750000000000,0,1,0,0,0,0,0,0.0,0.0,0.0,0,False,True
8487,2992500000000000000,299,3596,3084,2573,2000,545,526,4.604472923626263,4.592506225997553,11.812177305514448,11.3292357417338,True,False
8488,251808021483596856988,25181,5796,5715,4643,0,0,0,0.0,0.0,12.50084187955693,12.180841565566661,False,True
8489,692240062500000000000,69224,3600,3584,2973,0,0,0,0.0,0.0,11.813781191217037,11.537703747907644,False,True
8490,112382832200545449941,11238,5527,5456,4402,0,0,0,0.0,0.0,12.432280897214161,12.103943429891558,False,True
8491,14939486937885960025,1494,9582,8064,6545,2000,1241,1200,5.121856807376199,5.117053842083198,13.226111098132389,12.676177476832603,True,False
8492,902255639097744360,90,2233,2166,1749,2000,186,185,4.442809778079991,4.441674261805156,11.124767535822473,10.772314573921653,True,False
8493,2005012531328320802,201,3065,2995,2398,2000,196,195,4.627832143304106,4.627031796487153,11.581671358578143,11.227615943414223,True,False
8494,1702962757669052594,170,2119,2084,1703,2000,125,123,4.608117280094559,4.607711129522175,11.04916787237217,10.733862719678543,True,False
8495,1287152159298600000,129,992,979,853,2000,79,78,4.311727315522154,4.310273502687879,9.954196310386875,9.73640193131829,True,False
8496,2190762093165803617,219,1215,1203,1037,2000,71,71,4.433297162746983,4.433297162746983,10.246740598493144,10.018200178813226,True,False
8497,1788574682762381336,179,1089,1076,944,2000,65,65,4.2339642633028625,4.233964263302863,10.088788238716907,9.88264304936184,True,False
8498,81234604340400000,8,233,226,215,2000,85,84,4.606445266564496,4.603805922741624,7.864186144654281,7.7481928495894605,True,False
8499,1979611799618780926,198,3091,3027,2503,2000,273,273,4.731734737787269,4.731734737787269,11.593857938858223,11.289442575688332,True,False
8500,825035219106490206,83,2375,2304,1949,2000,285,285,4.512848701093155,4.512848701093156,11.213711798105672,10.92851837525789,True,False
8501,4898286957376019,0,821,0,0,0,0,0,0.0,0.0,9.681238411777805,0,False,True
8502,430735184389663,0,182,0,0,0,0,0,0.0,0.0,7.507794640198696,0,False,True
8503,34545548708218798961,3455,6044,5843,4833,2000,594,592,4.919430022291255,4.919075332966456,12.561287945164828,12.238703279427725,True,False
8504,50183477568022131106,5018,5278,5210,4190,2000,197,195,4.8171950440110916,4.816457910932245,12.365775635326269,12.032734528586714,True,False
8505,18165413533834586466,1817,4799,4732,3783,2000,196,195,4.634455942214242,4.633646471405784,12.228518097716194,11.885315061049376,True,False
8506,59850000000000000,6,4089,2569,2366,2000,1230,1191,4.7874422499485245,4.76914991289507,11.997532347526366,11.208234358339789,True,False
8507,631817780440029532,63,6682,5171,4483,2000,1202,1162,4.512110076581634,4.504850759458287,12.70606426733497,12.13024878405069,True,False
8508,49667835147656250000,4967,5489,5434,4387,2000,218,217,4.994278901233537,4.9938005259698866,12.422327623974558,12.09901899101923,True,False
8509,5911256109191890183,591,4135,4052,3338,2000,331,331,4.54472008842034,4.54472008842034,12.013671614058637,11.704768239362599,True,False
8510,600890926981800000,60,737,726,669,2000,79,78,4.323240713738499,4.322507361010994,9.52552080909507,9.38586240064146,True,False
8511,1235004750000000000,124,5615,4603,3882,2000,947,908,4.511909726873258,4.50384376085503,12.455070307287963,11.922584402713664,True,False
8512,6982500000000000,1,1686,328,324,328,328,324,8.357552004618086,8.327064199740038,10.719388820942083,8.339850002884624,False,False
8513,414149279421750535,41,2358,2203,1940,2000,462,460,4.379724970332251,4.378542268291959,11.203348002979762,10.92184093707449,True,False
8514,25815274717009724334,2582,5655,5492,4542,2000,527,525,5.982087009569237,5.9819331886617615,12.465311308877183,12.149111990706889,True,False
8515,7840350000000000000,784,7500,6579,5534,2000,937,925,4.893364283057638,4.891529248598706,12.872674880270605,12.434106928609955,True,False
8516,3680775000000000000,368,6934,5999,5074,2000,938,927,4.4712726720508105,4.469233634275908,12.759472121202833,12.308907804063939,True,False
8517,4189500000000000000,419,7095,6146,5194,2000,948,937,4.8336282669845225,4.832447785552507,12.792586968947914,12.342630298678408,True,False
8518,7381500000000000000,738,7611,6642,5587,2000,960,949,4.469199627874166,4.467160311985451,12.893870304785095,12.44785810495403,True,False
8519,9809523809523809523,981,8622,7360,5967,2000,1171,1127,5.2033897986414805,5.198112393101571,13.073806847178492,12.5427900615549,True,False
8520,12406017401762892405,1241,336,304,286,2000,68,68,5.016538614240207,5.016538614240206,8.39231742277876,8.159871336778389,True,False
8521,33280006694946264110,3328,9348,7971,6591,2000,1033,1003,5.596803112181865,5.593309991789881,13.190442018782825,12.686281655144432,True,False
8522,11812431007899424845,1181,7938,6796,5493,2000,1065,1023,5.200276226859851,5.194958378426885,12.954559846999834,12.423378576518493,True,False
8523,60025560000000000000,6003,1847,1843,1605,2000,84,83,5.186495920479881,5.184547545383329,10.850968150982439,10.648357582009666,True,False
8524,39949875000000000000,3995,1832,1828,1597,2000,83,82,5.188113926071406,5.18739991000192,10.839203788096944,10.641148597411233,True,False
8525,498750000000000000,50,554,549,528,2000,64,63,4.24735063004304,4.245331719075864,9.113742166049189,9.044394119358454,True,False
8526,189415729703890158,19,383,376,364,2000,69,68,4.247127726810166,4.245431847129119,8.581200581924957,8.507794640198696,True,False
8527,5286750000000000000,529,402,400,369,2000,45,45,4.307962391288213,4.307962391288213,8.651051691178928,8.527477006060396,True,False
8528,576441102756892230,58,2778,2269,1966,2000,534,516,4.477698043547127,4.462923817504118,11.439830883981392,10.94104760634058,True,False
8529,69825000000000000,7,1622,1135,1052,2000,494,481,4.525724568465308,4.513783967581325,10.663558104217273,10.038918989292302,True,False
8530,5955176920521876,1,448,98,98,98,98,98,6.61470984411521,6.61470984411521,8.807354922057604,6.614709844115208,False,False
8531,2344125000000000000,234,1669,1449,1258,2000,274,269,4.632259742287736,4.629627398924959,10.704768239362599,10.296916206879288,True,False
8532,119620200000000000000,11962,2895,2884,2393,0,0,0,0.0,0.0,11.4993476328766,11.2246046815385,False,True
8533,9570706828471206425,957,8755,7219,5968,2000,976,947,4.693040561566262,4.687737938389401,13.09589146332092,12.543031820255237,True,False
8534,97681621189799339,10,129,126,125,2000,48,48,4.23311500466541,4.23311500466541,7.011227255423254,6.965784284662087,True,False
8535,6669792970283688,1,1833,304,298,304,304,298,8.247927513443585,8.201874881864638,10.839991070539886,8.219168520462162,False,False
8536,4454163232695090746,445,4497,4316,3614,2000,535,533,5.000432843732777,5.000085017645821,12.134747168669016,11.8193807908646,True,False
8537,32388899950421834146,3239,4143,4098,3332,2000,149,147,4.854637011332059,4.854043038368678,12.016460104979208,11.702172685365548,True,False
8538,15293509497195808,2,352,280,280,2000,270,270,6.468675654889017,6.468675654889015,8.459431618637296,8.129283016944967,True,False
8539,99750000000000000,10,3018,2091,1916,2000,861,827,5.493462138308244,5.467236551892528,11.559377090526683,10.90388184573618,True,False
8540,3259720774091250673,326,3448,3389,2758,2000,213,210,5.083154293106558,5.023441582025185,11.751544059089099,11.429406741513981,True,False
8541,166049945296480218001,16605,9887,8304,6814,0,0,0,0.0,0.0,13.271317116901379,12.734286232096347,False,True
8542,1886304516019128406,189,6223,5145,4301,2000,998,958,4.380778459759503,4.3674046549611525,12.603394530887375,12.07045641594465,True,False
8543,2974802439647850000,297,1505,1498,1292,2000,92,91,4.379298814842419,4.378621963327314,10.555547771647065,10.335390354693924,True,False
8544,22038057804558339,2,650,403,393,2000,296,291,6.461603051201049,6.444067981060769,9.344295907915816,8.618385502258606,True,False
8545,71049152659922271969,7105,5427,5372,4327,2000,248,247,5.732787243482234,5.73180429682918,12.405939193342396,12.079151405421891,True,False
8546,997500000000000000,100,6626,5086,4386,2000,966,937,4.554134217927327,4.54854702973501,12.693922488081014,12.098690096673593,True,False
8547,225114346846219094,23,3007,2592,2377,2000,748,743,4.429128799278827,4.426819481340287,11.554109152574004,11.214926187942435,True,False
8548,8488725000000000000,849,8429,7144,5944,2000,1026,1000,5.2364598018522255,5.233826914374378,13.04114576747633,12.537218400538595,True,False
8549,13043712391711023,1,1531,716,688,716,716,688,9.483815777264256,9.396714481207551,10.580258567499788,9.426264754702098,False,False
8550,195011250000000000,20,1172,918,835,2000,309,304,4.45296429635573,4.447069088414122,10.194756854422248,9.705632387361415,True,False
8551,718252060577374521,72,6314,4869,4218,2000,1067,1037,4.488883658604024,4.4823861135871965,12.624338545312986,12.042343379793692,True,False
8552,551970873964965000,55,2287,1875,1631,2000,441,428,4.465061054357073,4.45039279283114,11.159240650411673,10.671541066711884,True,False
8553,108027592072322745788,10803,4725,4667,3799,0,0,0,0.0,0.0,12.206098613995797,11.891403996665023,False,True
8554,109466630328725912046,10947,2861,2848,2330,0,0,0,0.0,0.0,11.482303782323182,11.186114239541643,False,True
8555,149625000000000000,15,1115,1056,959,2000,199,198,4.390568453932674,4.388733744567316,10.122827994807666,9.905387005018131,True,False
8556,6183855194728523970,618,3657,3593,2884,2000,183,181,4.628928347307026,4.627882477429626,11.836444911341369,11.493855449240822,True,False
8557,1543805733585658,0,369,0,0,0,0,0,0.0,0.0,8.527477006060396,0,False,True
8558,95760000000000000,10,4510,2885,2640,2000,1216,1170,4.549844872393214,4.532482581498935,12.138911718142744,11.366322214245816,True,False
8559,15140501005532836,2,1007,521,506,2000,482,469,6.513963389416647,6.483893906672939,9.975847968006784,8.98299357469431,True,False
8560,47692517676821448,5,3272,1876,1780,2000,1006,980,4.5152407602078535,4.5035090562592615,11.67595703294175,10.79766152585376,True,False
8561,49875000000000000,5,2290,1481,1377,2000,765,737,5.036168339911212,5.013997873661021,11.161131882984307,10.427312844134963,True,False
8562,9974569069807926993,997,9372,7812,6372,2000,1231,1189,5.086540385944989,5.082879676115967,13.194141238863136,12.63753055152531,True,False
8563,70175438596491228,7,2702,1873,1799,2000,841,831,4.442806489151469,4.438329204561225,11.399811959325685,10.812979471251483,True,False
8564,30075187969924812,3,2651,1525,1478,2000,962,946,5.925920536276539,5.9104874419412505,11.37232095486726,10.52943055414615,True,False
8565,30075187969924812,3,2747,1572,1520,2000,998,979,5.2510672943825245,5.2369596807533565,11.423641195075856,10.569855608330949,True,False
8566,10025062656641604,1,2089,804,787,804,804,787,9.651051691178928,9.604397742168572,11.028596777067108,9.620219825507487,False,False
8567,18569921670969833,2,2585,1125,1089,2000,1009,979,6.485143680349137,6.451181805498393,11.335948565202298,10.088788238716907,True,False
8568,16098860979839357,2,2566,1025,992,2000,973,944,6.535176624142451,6.499526467811042,11.325305455089682,9.954196310386875,True,False
8569,11786900156090913,1,2281,931,905,931,931,905,9.862637357558798,9.801284601942509,11.155450731312138,9.821773981970567,False,False
8570,811274847274096,0,505,0,0,0,0,0,0.0,0.0,8.980139577639157,0,False,True
8571,23673179018461804,2,3134,1600,1527,2000,1196,1156,6.56502054961015,6.52256608847661,11.61378946447258,10.576484346796851,True,False
8572,11804576622007954,1,2700,1067,1026,1067,1067,1026,10.059344460824425,9.97394669561471,11.398743691938193,10.002815015607053,False,False
8573,9743976685317467,1,2069,562,549,562,562,549,9.134426320220928,9.081917823771947,11.014717929860009,9.100662339005199,False,False
8574,34085213032581453,3,3266,1978,1844,2000,1167,1125,6.555527751533889,6.513901878167885,11.673309075561695,10.848622940429339,True,False
8575,21615971581813456,2,2514,1392,1329,2000,1026,987,6.494588106646865,6.45269617481711,11.295768934420508,10.376125389276174,True,False
8576,17939752011796353,2,2083,1074,1027,2000,935,898,6.564566713274582,6.52208912852079,11.024447124040647,10.004220466318195,True,False
8577,14035087719298245,1,1534,731,704,731,731,704,9.513727595952437,9.431149582304556,10.583082767502933,9.459431618637296,False,False
8578,20459267459571793,2,1281,752,724,2000,547,530,6.518052480350216,6.483905882164056,10.323054760341646,9.499845887083206,True,False
8579,15129965065746016,2,701,392,385,2000,363,357,6.495427107912319,6.477955573865685,9.453270634010623,8.588714635582264,True,False
8580,20947500000000000,2,360,215,211,2000,160,157,6.391245998135359,6.370455901088559,8.491853096329674,7.721099188707185,True,False
8581,34912500000000000,3,448,402,390,2000,197,197,5.3161312757130466,5.316131275713047,8.807354922057604,8.60733031374961,True,False
8582,194458482898888603,19,4493,3150,2860,2000,1007,981,4.411975541132999,4.402204009385816,12.133463346523438,11.481799431665753,True,False
8583,760000000000000000,76,6334,4796,4168,2000,966,936,4.771822558081911,4.751493205200903,12.62890115202819,12.025139562278508,True,False
8584,406771249512388,0,348,0,0,0,0,0,0.0,0.0,8.442943495848729,0,False,True
8585,55301320292635672,6,3669,2082,1929,2000,998,969,4.748549602692137,4.730981241020306,11.841171189248543,10.913637428049103,True,False
8586,7822093257931193217,782,8705,7320,6062,2000,1090,1058,5.309753465712889,5.307158224167665,13.087628582538464,12.565578136784328,True,False
8587,208477500000000000,21,2892,2187,1951,2000,689,666,4.415094163800291,4.402949938116898,11.497851836951117,10.929998062609027,True,False
8588,149984567912232090,15,3600,2605,2358,2000,913,877,4.551126767635969,4.534121737803327,11.813781191217037,11.203348002979762,True,False
8589,10909022262314400000,1091,2151,2143,1819,2000,96,95,4.579373115875404,4.578878475466602,11.070791809423062,10.828929827651486,True,False
8590,5917852811682939,1,469,97,97,97,97,97,6.599912842187128,6.599912842187128,8.873444112515376,6.599912842187128,False,False
8591,99307934973094260,10,812,602,562,2000,253,249,4.905507090252363,4.89685531304295,9.665335917185176,9.134426320220927,True,False
8592,8123699677831500000,812,2071,2064,1757,2000,88,87,4.393813466658354,4.393143682146292,11.016111838220512,10.778898476008376,True,False
8593,16753044183655726,2,2951,1322,1266,2000,1217,1171,6.571166609983611,6.527760882747915,11.526988205432007,10.306061689428342,True,False
8594,51035351929814768,5,3729,2086,1942,2000,1046,1017,4.750444297485622,4.733378131858999,11.86457308177364,10.923327485419192,True,False
8595,8951787926643460160,895,2850,2825,2318,2000,136,135,4.3839410067146725,4.383603214268177,11.476746203939467,11.178664851006472,True,False
8596,1927425782341722,0,542,0,0,0,0,0,0.0,0.0,9.08214904135387,0,False,True
8597,140148750000000000000,14015,4147,3655,2964,0,0,0,0.0,0.0,12.017852331905962,11.533329732305834,False,True
8598,64613590097700000,6,148,144,139,2000,66,64,4.482716101399112,4.478604983352102,7.20945336562895,7.118941072723508,True,False
8599,130672500000000000,13,2829,2072,1877,2000,734,708,4.7628863785006,4.743169289600322,11.466076461396252,10.874212934830874,True,False
8600,17944862155388471177,1794,9764,8142,6616,2000,1229,1186,4.965720639054105,4.962069815955424,13.253256579781153,12.691743519171276,True,False
8601,200364727496166463,20,2715,2403,2219,2000,730,726,4.456278746461751,4.455092903418516,11.406736482691723,11.115693952197011,True,False
8602,9975000000000000,1,1090,354,345,354,354,345,8.467605550082995,8.408975924370669,10.090112419664289,8.430452551665532,False,False
8603,16725020098570331,2,467,267,262,2000,239,235,6.454823366963507,6.437070666616178,8.867278739709661,8.03342300153745,True,False
8604,9974418309885743790,997,8878,7464,6170,2000,1080,1048,5.124889461428989,5.121503742285178,13.116018993325094,12.591054774036781,True,False
8605,8558328304354522,1,1028,292,287,292,292,287,8.189824558880018,8.148728668469058,10.005624549193879,8.164906926675688,False,False
8606,996079629788624778,100,6140,4962,4290,2000,1011,990,4.639914033888716,4.634560596852044,12.584022940257542,12.066761932386909,True,False
8607,4987500000000000,0,1009,0,0,0,0,0,0.0,0.0,9.978710459106358,0,False,True
8608,145152866125545646,15,3354,2432,2203,2000,854,820,4.552142389927775,4.535537480131144,11.711666973564347,11.105253779700883,True,False
8609,47191725000000000000,4719,3567,3542,2903,2000,134,133,5.130428135582038,5.130288257003086,11.800495500466813,11.503328856626661,True,False
8610,34912500000000000,3,463,396,384,2000,181,180,5.29547243285639,5.291348721516184,8.854868383260236,8.584962500721156,True,False
8611,81559099138880211,8,3030,2057,1889,2000,902,867,4.566265998033171,4.549715474695744,11.565102078360313,10.88340698638837,True,False
8612,69440790283265802,7,2251,1539,1420,2000,691,668,4.518859329295142,4.5044037330343745,11.136350341454156,10.471675214392045,True,False
8613,25764442720273071471,2576,965,863,765,2000,158,158,5.878524102015318,5.878524102015318,9.914385132155443,9.579315937580015,True,False
8614,19950000000000000,2,281,233,232,2000,187,187,6.416718802129218,6.416718802129218,8.134426320220927,7.857980995127572,True,False
8615,29924737340764246132,2992,9016,7767,6250,2000,1186,1142,6.005190033126226,6.002526914797977,13.138271800172221,12.609640474436812,True,False
8616,18866207005732140173,1887,4834,4765,3814,2000,201,200,4.907359561853822,4.906787942742688,12.239001757765582,11.897089128312755,True,False
8617,9924812030075187,1,1356,419,408,419,419,408,8.71080643369935,8.651725556605882,10.405141463136344,8.672425341971495,False,False
8618,120300751879699248,12,3060,2215,2013,2000,794,763,5.291701620147455,5.265396270995065,11.579315937580015,10.97513145692134,True,False
8619,70175438596491228,7,2501,1710,1576,2000,757,730,4.5374893686160895,4.5216107892114605,11.28828934218097,10.622051819456376,True,False
8620,70175438596491228,7,2439,1671,1539,2000,742,716,4.533807595858095,4.518037080418801,11.252074042796185,10.58777751632821,True,False
8621,185463659147869674,19,2868,2143,1927,2000,707,683,4.523954207934371,4.509031477056926,11.485829308701904,10.912140856295721,True,False
8622,199500000000000000,20,964,756,693,2000,254,250,4.440921284921406,4.435311490319147,9.912889336229961,9.436711542137214,True,False
8623,2693250000000000000,269,7406,6162,5191,2000,1001,980,4.460689603594085,4.454330504807617,12.85447883417163,12.34179677239183,True,False
8624,4858822500000000000,486,8921,7288,6014,2000,1230,1184,4.965681893039186,4.960202140935513,13.12298972285457,12.554109152574004,True,False
8625,479684307056997726,48,6300,4780,4164,2000,1226,1186,4.5605665389537595,4.549452731844303,12.621136113274641,12.023754353299417,True,False
8626,997500000000000000,100,295,293,279,2000,45,45,4.2738200293798245,4.273820029379824,8.204571144249204,8.124121311829187,True,False
8627,897750000000000000,90,813,807,725,2000,77,76,4.3903839160922065,4.388584820713954,9.667111542075027,9.501837184902296,True,False
8628,8576316954836749,1,2015,483,471,483,483,471,8.915879378835774,8.860486237009347,10.97656412341533,8.879583249612784,False,False
8629,149625000000000000,15,366,355,339,2000,77,76,4.3494005487023735,4.347350943188377,8.515699838284043,8.405141463136344,True,False
8630,72796446184958168925,7280,2981,2969,2481,2000,101,99,5.438668580306786,5.433544864739186,11.541580659991169,11.276706019892432,True,False
8631,269325000000000000,27,2578,2339,2120,2000,646,643,4.382590673524627,4.381340595394743,11.332036548361652,11.049848549450562,True,False
8632,3251850000000000000,325,7918,6416,5377,2000,965,936,4.433061592738921,4.420887394886215,12.950920352030098,12.392585756275468,True,False
8633,5785500000000000,1,562,105,105,105,105,105,6.714245517666122,6.714245517666122,9.134426320220927,6.714245517666122,False,False
8634,2987207611865333001,299,8391,6779,5638,2000,1216,1175,4.441538983886408,4.428946802543813,13.034627039197348,12.460967762570421,True,False
8635,1261712223126018524,126,7049,5613,4780,2000,1024,995,4.457064070133175,4.451015674750386,12.78320289006439,12.222794902868111,True,False
8636,3154559949460574173,315,7903,6458,5422,2000,1029,1000,4.499779021324201,4.494286332869824,12.948184692830605,12.404609397837712,True,False
8637,11275405926861228646,1128,9416,7942,6430,2000,1251,1208,4.789614177384069,4.785031018537966,13.200898605038445,12.650603022215309,True,False
8638,515208750000000000,52,5774,4552,3923,2000,1105,1063,4.397802199664633,4.387306836705581,12.495355392235982,11.937741620077096,True,False
8639,10025062656641604,1,2233,800,783,800,800,783,9.643856189774727,9.596968971019317,11.124767535822473,9.612868497291041,False,False
8640,13504197114172573256,1350,4592,4524,3663,2000,208,207,4.994654307773303,4.994132443849322,12.164906926675688,11.83880998570856,True,False
8641,2896255097280832620,290,4012,3855,3242,2000,469,467,4.50491958938301,4.504131236345861,11.970105890612182,11.662668375517542,True,False
8642,10783914645000000000,1078,4607,4553,3648,2000,206,205,4.6286882557013636,4.627954824577214,12.169611882604212,11.832890014164741,True,False
8643,35551801366226831254,3555,9474,8007,6574,2000,1018,988,5.625117664182145,5.623331140966338,13.209757956581393,12.68255574108031,True,False
8644,269090510980135912,27,5698,4168,3691,2000,1236,1195,4.393887653663711,4.384224943730329,12.476239906323851,11.84979602224561,True,False
8645,101553219864277726735,10155,10357,8772,7131,0,0,0,0.0,0.0,13.338318553240237,12.799888688663591,False,True
8646,969974739216000000,97,860,854,766,2000,87,86,4.403239129753552,4.402536020226106,9.74819284958946,9.581200581924957,True,False
8647,2796219141127154,0,296,0,0,0,0,0,0.0,0.0,8.20945336562895,0,False,True
8648,1156055651838130006,116,5127,4363,3706,2000,787,781,4.393960393105287,4.391756324745241,12.323899182397296,11.855647166027266,True,False
8649,36466031349800246,4,3201,1729,1646,2000,997,967,4.749623653970916,4.731953686609231,11.644306961545581,10.684748620421626,True,False
8650,299123687270226075,30,4918,3711,3277,2000,1084,1044,5.003108568079209,4.982054528598355,12.263856019596082,11.67815995754276,True,False
8651,10947562500000000,1,2538,1023,990,1023,1023,990,9.99859042974533,9.928688401393106,11.309476353841106,9.951284714966972,False,False
8652,299250000000000,0,35,0,0,0,0,0,0.0,0.0,5.129283016944966,0,False,True
8653,1106227500000000000,111,6820,5436,4646,2000,1015,989,4.3744415588928485,4.366064763567358,12.735556023911535,12.181773438808808,True,False
8654,1029378654978460,0,326,0,0,0,0,0,0.0,0.0,8.348728154231077,0,False,True
8655,798000000000000000,80,20,19,18,133,18,17,3.891167189557093,3.77675971355255,4.321928094887363,4.169925001442312,False,False
8656,49775250000000000000,4978,6967,6649,5474,2000,755,751,5.568232816567001,5.567939806913509,12.76632184795396,12.418379719364957,True,False
8657,22942500000000000,2,2136,1201,1146,2000,864,830,6.580732506230463,6.53947774241435,11.060695931687555,10.162391328756906,True,False
8658,727779297874650000,73,4582,3663,3156,2000,852,818,4.436640718759107,4.427019340625426,12.161761743304675,11.623881490013458,True,False
8659,497256071587937792,50,1084,1059,888,2000,131,130,4.31848658160045,4.318063410072687,10.08214904135387,9.794415866350105,True,False
8660,20455831957744774,2,3188,1566,1498,2000,1211,1168,6.570311306625292,6.530150426671772,11.638435913990472,10.54882190845875,True,False
8661,3892466222798615,0,1134,0,0,0,0,0,0.0,0.0,10.147204924942228,0,False,True
8662,466165413533834586,47,1693,1398,1234,2000,357,350,4.407538368325704,4.400606602624407,10.725366257895642,10.269126679149418,True,False
8663,54584877697752460641,5458,5420,5342,4331,2000,318,318,5.625547046668089,5.625547046668087,12.404077136241234,12.080484457067568,True,False
8664,571871252131185944,57,147,145,141,2000,38,38,4.34370059455257,4.343700594552569,7.199672344836364,7.139551352398794,True,False
8665,186843764321030770,19,126,124,122,2000,42,41,4.139460953288736,4.13889288996388,6.977279923499917,6.930737337562887,True,False
8666,299249351816992290822,29925,10137,8505,6984,0,0,0,0.0,0.0,13.307343135884958,12.76983784362944,False,True
8667,18804140672734163,2,2933,1418,1365,2000,1229,1190,6.575217937424966,6.538321985193597,11.518161355756956,10.414685235807214,True,False
8668,4358298747387119350,436,1684,1677,1455,2000,89,87,4.727036169883776,4.726062889745605,10.717676423066395,10.506803437795647,True,False
8669,5346600000000000000,535,8405,6873,5699,2000,984,953,4.830913609077431,4.815610842211043,13.03703210412353,12.47649307734159,True,False
8670,748085252604925264,75,6910,5272,4526,2000,1226,1179,4.500121940659492,4.491535241155142,12.75446999527562,12.144020869266893,True,False
8671,7650675870702113,1,982,246,242,246,246,242,7.942514505339242,7.901864098835176,9.939579214314692,7.918863237274595,False,False
8672,1407195984866979740,141,6169,5068,4245,2000,1022,982,4.455259807733618,4.445362844044335,12.590820930930525,12.0515488384404,True,False
8673,9975000000000000,1,2065,569,552,569,569,552,9.15228484230658,9.082672117395443,11.011926066306808,9.108524456778168,False,False
8674,19950000000000000,2,2889,1374,1318,2000,1184,1143,6.559465759946507,6.519002179372086,11.496354488564615,10.364134655008051,True,False
8675,24937500000000000000,2494,9816,8320,6733,2000,1259,1220,5.4264117288210985,5.424075691907304,13.260919533662905,12.717033749490891,True,False
8676,967962988282839475,97,872,865,777,2000,86,85,4.32812145712538,4.327133274949182,9.768184324776927,9.60177078840771,True,False
8677,877978819185189442,88,6955,5458,4670,2000,1250,1207,4.395076287040716,4.384912941898262,12.7638347994296,12.189206834597025,True,False
8678,209983306955619123464,20998,5576,5509,4471,0,0,0,0.0,0.0,12.445014845868423,12.126381830542641,False,True
8679,29504988542056921,3,83,71,70,2000,58,57,4.992655163224122,4.986138483788445,6.3750394313469245,6.129283016944966,True,False
8680,3987712837177430663,399,7825,6540,5491,2000,1020,994,4.914414060738757,4.911589174955088,12.933875036707343,12.422853195944265,True,False
8681,13714821163826326,1,2714,1183,1142,1183,1183,1142,10.208234358339787,10.12824349571672,11.406205005418855,10.157346935362844,False,False
8682,79819893744339500294,7982,10081,8564,6913,2000,1270,1228,5.9513831652699425,5.929276558235812,13.299351135796343,12.75509621030718,True,False
8683,5486250000000000000,549,4872,4176,3427,2000,681,659,4.602991001922988,4.596804221958193,12.250298417906333,11.742730476519174,True,False
8684,300000000000000000,30,3684,2918,2624,2000,788,782,4.67831259613239,4.675354326432267,11.847057346091336,11.357552004618084,True,False
8685,160781571251342985,16,3569,2687,2490,2000,911,901,5.289151317470526,5.283596754474536,11.801304186049023,11.281930026955443,True,False
8686,547328320802005012,55,1743,1463,1286,2000,353,346,4.449568519895733,4.443152951446789,10.767356854125685,10.328674927327947,True,False
8687,13754454174900926516,1375,9735,8215,6734,2000,1218,1176,5.235513751971058,5.2315906618341295,13.248965263607657,12.717248005827646,True,False
8688,927675000000000000,93,5642,4541,3880,2000,1021,981,4.45514627735581,4.445249815005706,12.461990950585571,11.92184093707449,True,False
8689,2179723412425833547,218,6906,5741,4767,2000,1067,1025,4.460778655478596,4.448503236917176,12.753634618853386,12.218865910069676,True,False
8690,1002506265664160,0,476,0,0,0,0,0,0.0,0.0,8.894817763307943,0,False,True
8691,689954754375959370,69,6807,5267,4548,2000,1211,1171,4.648827871505822,4.643628537528598,12.732803394393494,12.151016538892248,True,False
8692,930483660217161043,93,7098,5502,4717,2000,1230,1185,5.006080929004356,5.000600440296367,12.793196859060945,12.203653885529597,True,False
8693,933772530382256,0,466,0,0,0,0,0,0.0,0.0,8.86418614465428,0,False,True
8694,1995000000000000,0,599,0,0,0,0,0,0.0,0.0,9.226412192788786,0,False,True
8695,9572844125456177287,957,5020,4843,4015,2000,524,522,5.12225538055857,5.1219476823336025,12.293471648838134,11.971184272404678,True,False
8696,1135840456218032178,114,6963,5523,4717,2000,1030,1001,4.604564483660187,4.59963291514805,12.765493308065638,12.203653885529597,True,False
8697,495236723494050563,50,2269,1830,1592,2000,450,438,4.412063920055137,4.4025410003318814,11.147840893672337,10.63662462054365,True,False
8698,27604155484133396,3,366,318,315,2000,195,195,5.201785884591395,5.201785884591396,8.515699838284043,8.29920801838728,True,False
8699,150373125000000000000,15037,5508,5440,4432,0,0,0,0.0,0.0,12.427312844134963,12.113742166049189,False,True
8700,20237280000000000000,2024,7037,6395,5255,2000,791,785,5.477710462698417,5.476899291998341,12.78074479767779,12.359475048849541,True,False
8701,59112505809793338,6,671,620,597,2000,191,190,4.391435203430169,4.389601258781951,9.390168956200183,9.221587121264806,True,False
8702,3770452882502250000,377,1675,1669,1409,2000,85,84,4.3673003721580494,4.3664913913937005,10.709945380232497,10.460455896309636,True,False
8703,577195231572993898,58,2901,2701,2370,2000,581,579,4.432937035837893,4.432082186936695,11.502334580197997,11.210671343785622,True,False
8704,10551623876146519793,1055,9547,8063,6635,2000,1198,1157,4.843247602051517,4.837991220330508,13.220831743981257,12.695880750257556,True,False
8705,3844794510701381417,384,8629,7139,5966,2000,1194,1153,5.125437205937263,5.121502455809331,13.074977662301151,12.542548262335213,True,False
8706,78259868658403394795,7826,2420,2413,2001,2000,95,93,4.682397298477592,4.6815504675336514,11.240791332161956,10.966505451905741,True,False
8707,1875772406968994118,188,6154,5090,4256,2000,989,948,4.540869431307309,4.5265625089191115,12.587308728333545,12.055282435501189,True,False
8708,307325352634548579,31,4395,3358,2956,2000,976,936,4.768195665786611,4.7447997042161045,12.101647450030766,11.52943055414615,True,False
8709,149625000000000000,15,3685,2672,2419,2000,941,903,4.546779576845468,4.529630929819351,11.847448903982432,11.240195053979924,True,False
8710,2873788797898349273,287,5404,4554,3786,2000,815,781,4.572943400711802,4.560727075893794,12.399811959325685,11.886458695703706,True,False
8711,5536125000000000000,554,8396,6896,5723,2000,975,946,4.786052723675509,4.781971252758652,13.035486451292154,12.48255589154897,True,False
8712,5985000000000000000,599,9175,7627,6311,2000,1235,1193,5.201717739379478,5.198543867701673,13.163492442617937,12.623652908052925,True,False
8713,5513784461152882,1,1731,198,193,198,198,193,7.629356620079611,7.568750559473552,10.757390009366638,7.592457037268081,False,False
8714,13911838148816844,1,1775,892,884,892,892,884,9.800899899920303,9.78296268018936,10.793603309279407,9.787902559391432,False,False
8715,8751723855000000000,875,9284,7770,6335,2000,1244,1204,5.049362992440505,5.04583210829429,13.180530807344482,12.629128904028171,True,False
8716,9527481600000000000,953,9312,7826,6384,2000,1276,1234,5.891115854088294,5.888822898820203,13.184875342908283,12.640244936222345,True,False
8717,4633387500000000000,463,8832,7339,6043,2000,1266,1221,5.5108456493890605,5.506792891520698,13.108524456778168,12.561049226699671,True,False
8718,996135096283475227,100,5034,4070,3495,2000,901,864,4.514205603738523,4.502974455253845,12.29748950116098,11.7710767402628,True,False
8719,19209987406775150949,1921,4711,4644,3734,2000,208,206,5.1164665027801,5.115866347869305,12.20181761666792,11.866506212226202,True,False
8720,1280178710904672954,128,4186,3911,3332,2000,700,696,4.379944955000345,4.378230669286058,12.031356596255709,11.702172685365548,True,False
8721,179490150000000000000,17949,5596,5548,4463,0,0,0,0.0,0.0,12.450180247164754,12.123798091251855,False,True
8722,595383143495118577305,59538,1627,1622,1397,0,0,0,0.0,0.0,10.667998535672528,10.448116305409464,False,True
8723,47849251697476557407,4785,9497,8203,6585,2000,1208,1162,5.6528910777711845,5.649255752486044,13.213256138247942,12.684967725143876,True,False
8724,2173552500000000000,217,7565,6120,5155,2000,1029,1000,4.544805171078593,4.539735029624325,12.8851243671041,12.331756712255471,True,False
8725,7070557671222322,1,947,219,217,219,219,217,7.774787059601174,7.753075244522801,9.887220615468385,7.7615512324444795,False,False
8726,10057896561933150000,1006,1808,1803,1584,2000,71,70,4.604112259336638,4.602982725634689,10.820178962415188,10.62935662007961,True,False
8727,5386500000000000000,539,7991,6808,5688,2000,1020,1000,5.123340264751971,5.120661069524056,12.964160339100337,12.473705749619416,True,False
8728,42683025000000000000,4268,10038,8483,6861,2000,1243,1200,5.5287635669684665,5.526000201587343,13.29318423075951,12.74420315113283,True,False
8729,1841846144250000000,184,3061,2988,2477,2000,280,280,4.495990602822191,4.495990602822192,11.579787329526992,11.274378153246364,True,False
8730,284964567185037951,28,1512,1445,1210,2000,186,184,4.352023651018761,4.350071993053607,10.562242424221072,10.240791332161956,True,False
8731,10025062656641604010,1003,6657,5701,4633,2000,915,878,5.258783627766274,5.253715016169798,12.700656452918167,12.177730967033272,True,False
8732,3990000000000000,0,213,0,0,0,0,0,0.0,0.0,7.734709620225838,0,False,True
8733,70423500000000000,7,2794,1938,1854,2000,872,862,5.130297951741433,5.123730776769586,11.448116305409464,10.85642552862553,True,False
8734,399000000000000,0,225,0,0,0,0,0,0.0,0.0,7.813781191217037,0,False,True
8735,19426927305331202,2,2582,1333,1278,2000,1131,1090,6.540156376364687,6.4990202189593305,11.33427328530719,10.319672120946995,True,False
8736,1097250000000000,0,254,0,0,0,0,0,0.0,0.0,7.9886846867721655,0,False,True
8737,6982500000000000,1,621,137,137,137,137,137,7.0980320829605255,7.0980320829605255,9.278449458220482,7.098032082960526,False,False
8738,14962500000000000,1,925,461,450,461,461,450,8.848622940429337,8.793070574975026,9.853309555403674,8.813781191217037,False,False
8739,78714175265589586019,7871,4340,3829,3104,2000,593,574,6.241221070469427,6.238645102198927,12.083479327331842,11.599912842187127,True,False
8740,12775249706480346,1,2345,1068,1027,1068,1068,1027,10.060695931687556,9.977957609612087,11.19537220740274,10.004220466318195,False,False
8741,136949470511740508,14,1097,1037,946,2000,200,199,4.525730885872979,4.523971448892811,10.099347810403193,9.885696373339394,True,False
8742,796005000000000000,80,6838,5247,4514,2000,1216,1175,4.645390070527631,4.636550878989592,12.739358707433395,12.140190703191836,True,False
8743,21346500000000000,2,1422,824,794,2000,594,577,6.54515191113626,6.513096665908135,10.473705749619416,9.632995197142957,True,False
8744,5470414755285616916,547,3847,3779,3040,2000,191,190,4.404498044284295,4.403297684176261,11.909518114296615,11.569855608330949,True,False
8745,129675000000000000,13,4994,3400,3068,2000,1215,1173,4.4413291943973565,4.427904729069873,12.285980105928212,11.583082767502933,True,False
8746,4110275689223057644,411,6007,5081,4190,2000,865,830,4.558118200844574,4.550626056423683,12.55242894852647,12.032734528586714,True,False
8747,1596000000000000,0,402,0,0,0,0,0,0.0,0.0,8.651051691178928,0,False,True
8748,13712953744616414,1,374,196,192,196,196,192,7.614709844115208,7.573893517584596,8.546894459887637,7.584962500721156,False,False
8749,2005012531328320,0,691,0,0,0,0,0,0.0,0.0,9.432541900388259,0,False,True
8750,13751581535213684308,1375,3439,3408,2776,2000,110,108,4.367213422222851,4.366422659127828,11.74777340052679,11.43879185257826,True,False
8751,24784997404141356,2,359,304,301,2000,194,193,6.431700988027922,6.426187203566769,8.487840033823051,8.233619676759702,True,False
8752,595704484101898528245,59570,1626,1621,1396,0,0,0,0.0,0.0,10.667111542075027,10.447083226209653,False,True
8753,3780525000000000000,378,3979,3877,3220,2000,407,405,4.591823437625627,4.591037695277686,11.958190183693738,11.65284497300198,True,False
8754,4738125000000000,0,630,0,0,0,0,0,0.0,0.0,9.29920801838728,0,False,True
8755,119720059463166892980,11972,1592,1587,1372,0,0,0,0.0,0.0,10.63662462054365,10.422064766172813,False,True
8756,19889964030368812,2,996,731,725,2000,659,656,6.511499020587705,6.506995643054555,9.960001932068081,9.501837184902296,True,False
8757,9311596310357524,1,566,300,300,300,300,300,8.228818690495883,8.228818690495883,9.144658242831882,8.228818690495881,False,False
8758,538650000000000000,54,1934,1867,1518,2000,192,190,4.353644663789664,4.351756306818404,10.917372079476841,10.567956075415466,True,False
8759,2015664110963118,0,476,0,0,0,0,0,0.0,0.0,8.894817763307943,0,False,True
8760,8130295205030689,1,1463,395,395,395,395,395,8.625708843064468,8.625708843064468,10.514714054138487,8.625708843064466,False,False
8761,86734208339634903,9,131,127,126,2000,52,52,4.496776747337618,4.496776747337618,7.03342300153745,6.977279923499917,True,False
8762,151620000000000000,15,3251,2451,2283,2000,823,814,4.4068890747938365,4.404238546685807,11.666667840690355,11.156715144224702,True,False
8763,57363013874821991992,5736,4045,4017,3286,2000,118,116,4.841187121263578,4.829627883901643,11.981923987317339,11.682116764950074,True,False
8764,6150817281091059698,615,5206,4977,4162,2000,646,643,4.831314698463828,4.830788174836079,12.345959596404112,12.023061249735335,True,False
8765,99750000000000000,10,897,830,758,2000,182,181,4.7040451931261735,4.701043316953566,9.80896417491926,9.566054038171092,True,False
8766,1639890000000000000,164,4283,3572,3014,2000,692,669,4.511219172303152,4.498444013549712,12.064405961891042,11.557463701597824,True,False
8767,99550500000000000000,9955,7761,7006,5764,2000,828,822,5.960428405570031,5.960142708122186,12.922026839405897,12.492854620174748,True,False
8768,3298163268806889,0,38,0,0,0,0,0,0.0,0.0,5.247927513443585,0,False,True
8769,118223970348553897,12,4345,2828,2587,2000,973,944,4.9148000618961625,4.900654988257532,12.085140461701762,11.33706433868474,True,False
8770,97675817264529101,10,3627,2485,2267,2000,1043,1004,5.624397629182258,5.596238693875181,11.82456102997028,11.146568675740786,True,False
8771,12824333195777183994,1282,4537,4465,3615,2000,287,287,5.04862072020917,5.048620720209172,12.147522944350744,11.81977993183848,True,False
8772,2665305840817306,0,1171,0,0,0,0,0,0.0,0.0,10.193525360501216,0,False,True
8773,45100250626566416,5,3351,1770,1652,2000,985,956,4.729692239352854,4.714109036313047,11.71037597120447,10.689997971419446,True,False
8774,471177944862155388,47,4094,3293,2921,2000,826,817,4.398270824208141,4.394862515453708,11.99929538702341,11.51224664282918,True,False
8775,26004621103268123068,2600,8036,7148,5986,2000,932,921,5.130816667107534,5.1293180854659255,12.972261848733291,12.547376563498101,True,False
8776,25698317261149120,3,2260,1325,1292,2000,932,921,5.295344661963357,5.28786637703967,11.14210705730255,10.335390354693924,True,False
8777,16056343856788654,2,263,219,219,2000,204,204,6.425642649010852,6.425642649010853,8.038918989292302,7.774787059601174,True,False
8778,365834908871947692,37,1543,1479,1232,2000,176,174,4.470395773371992,4.468923162913036,10.591522346570734,10.266786540694902,True,False
8779,4010025062656641,0,1390,0,0,0,0,0,0.0,0.0,10.44086916761087,0,False,True
8780,798000000000000000,80,5636,4512,3867,2000,1039,998,4.5622953170741,4.550743972693432,12.460455896309636,11.916999049082808,True,False
8781,6070266555419850000,607,1983,1976,1675,2000,87,86,4.386330543669691,4.38423994167388,10.953468962228849,10.709945380232497,True,False
8782,21989787326153225317,2199,4941,4873,3913,2000,201,199,5.03818443199146,5.02151566821261,12.270587340447511,11.934059394900794,True,False
8783,734771872699143883,73,5435,4344,3723,2000,1013,973,4.4183402725858345,4.408933472105941,12.408064319914672,11.862249900851513,True,False
8784,19436231030969532977,1944,9799,8191,6644,2000,1247,1201,5.739259977486896,5.737075095848336,13.258418812598832,12.697836357962377,True,False
8785,219450000000000000,22,5531,3944,3496,2000,1215,1173,4.785153726665151,4.765014511272002,12.433324626715926,11.7714894695006,True,False
8786,8099574931011081,1,1812,378,373,378,378,373,8.562242424221074,8.535787397766047,10.823367240046235,8.543031820255237,False,False
8787,4987500000000000,0,702,0,0,0,0,0,0.0,0.0,9.45532722030456,0,False,True
8788,2342582908115414985,234,4065,3449,2888,2000,622,602,4.64596965702763,4.636603204406825,11.98903963696239,11.49585502688717,True,False
8789,1723468853932279637,172,3609,3042,2564,2000,571,554,4.527269165340628,4.518099420513252,11.817383427897232,11.324180546618742,True,False
8790,14808979856801923498,1481,6833,6061,5036,2000,816,808,5.34717950450791,5.346112522251051,12.738303411474638,12.298062567719017,True,False
8791,1150621663766235,0,332,0,0,0,0,0,0.0,0.0,8.375039431346925,0,False,True
8792,9627343331000430000,963,100,93,93,2000,49,49,5.182104290711012,5.182104290711012,6.643856189774724,6.539158811108031,True,False
8793,389025000000000000,39,570,559,510,2000,82,80,4.254545297895202,4.252664725290251,9.154818109052105,8.994353436858859,True,False
8794,15760500000000000000,1576,4739,4672,3788,2000,198,197,4.862149619891813,4.861549529878312,12.2103669456326,11.887220615468385,True,False
8795,208576412155460574,21,4675,3303,2978,2000,1014,988,4.388375896411764,4.3818615419136435,12.19075064966236,11.5401280385821,True,False
8796,133966695642723109,13,4454,2985,2730,2000,1017,987,4.516862308205111,4.50272527390564,12.12088584278779,11.414685235807214,True,False
8797,196003916263805197,20,4742,3330,2967,2000,1059,1028,4.420298373219002,4.408628448217559,12.211279947482009,11.534789211480266,True,False
8798,501253132832080200,50,6535,4989,4330,2000,1221,1178,4.649298588588451,4.642993187241787,12.673971520682796,12.080151309614088,True,False
8799,405680059457049005,41,6130,4561,4000,2000,1222,1182,4.788568645429437,4.784347952830649,12.581671358578143,11.965784284662087,True,False
8800,889305949455302,0,455,0,0,0,0,0,0.0,0.0,8.829722735086058,0,False,True
8801,20227869495943200000,2023,2485,2473,2084,2000,105,102,5.676133769403946,5.6170142670497425,11.279030136449649,11.025139562278508,True,False
8802,4718175000000000000,472,1157,1152,1027,2000,64,64,4.4976521066941775,4.4976521066941775,10.17617314910749,10.004220466318195,True,False
8803,2379892661221401547,238,970,966,881,2000,65,63,4.274916693206214,4.165055958819183,9.92184093707449,9.782998208920414,True,False
8804,5782876760670939666,578,1489,1485,1334,2000,69,67,4.259558133571397,4.256897949104702,10.5401280385821,10.381542951184585,True,False
8805,2473800000000000000,247,1127,1122,1013,2000,71,69,4.496261460190208,4.494586725152149,10.138271800172221,9.984418458801137,True,False
8806,6700474630278473,1,1813,323,319,323,323,319,8.335390354693924,8.30443060237194,10.824163209744158,8.31741261376487,False,False
8807,75586614510584607,8,2335,1741,1680,2000,761,756,5.279508550411421,5.275032758249376,11.189206834597025,10.714245517666123,True,False
8808,199968923763226935,20,2992,2243,2012,2000,728,702,4.525327658214911,4.511270138188405,11.546894459887637,10.974414589805527,True,False
8809,507228750000000000,51,5693,4476,3857,2000,1093,1051,4.380131512932125,4.368266479432787,12.474973384391147,11.913263430628762,True,False
8810,43318850531855509965,4332,0,0,0,0,0,0,0.0,0.0,0,0,False,True
8811,488595809100000000,49,575,563,524,2000,69,68,4.243106766541061,4.240419385168349,9.167418145831737,9.03342300153745,True,False
8812,126915342386772870,13,714,548,510,2000,201,197,4.710715492852441,4.699701725643429,9.479780264029099,8.994353436858859,True,False
8813,65100490262301971898,6510,2746,2735,2261,2000,89,88,5.1878386293965315,5.187202201984493,11.4231159101471,11.14274527675153,True,False
8814,66753102445231604,7,2863,1921,1776,2000,883,848,4.552811601041206,4.536121190297065,11.483311954999353,10.794415866350105,True,False
8815,2211595192289405345,221,3347,3269,2721,2000,300,300,4.916063387038498,4.9160633870385,11.70865283568653,11.409921241249679,True,False
8816,5312604204741736742,531,1864,1852,1545,2000,85,83,4.7200116681843225,4.717779106621391,10.86418614465428,10.593391122791736,True,False
8817,418950000000000000,42,1831,1771,1530,2000,258,258,4.729107346357577,4.729107346357578,10.838416075797337,10.579315937580015,True,False
8818,27730500000000000000,2773,4973,4910,3962,2000,286,286,5.3074731777293485,5.307473177729348,12.279900715802762,11.952013164889486,True,False
8819,2354100000000000000,235,3722,3599,3034,2000,433,431,4.824967057835379,4.824440728195126,11.861862340059151,11.567005370247033,True,False
8820,9975000000000000000,998,4932,4777,3945,2000,471,469,4.828676523145741,4.828178584295901,12.26795708440284,11.945809584900822,True,False
8821,13466250000000000000,1347,5551,5344,4432,2000,621,618,4.920196206793906,4.919824539838159,12.438531977761583,12.113742166049189,True,False
8822,2248365000000000000,225,4686,4409,3722,2000,708,704,4.687097358112388,4.686347334674155,12.194141238863136,11.861862340059151,True,False
8823,4488750000000000,0,342,0,0,0,0,0,0.0,0.0,8.417852514885897,0,False,True
8824,49875000000000000,5,3774,2226,2075,2000,1218,1177,5.141507558226937,5.12116822804909,11.881878707600446,11.018895621121649,True,False
8825,92468250000000000,9,3601,2448,2233,2000,1051,1011,5.0248844906641414,5.003341559939186,11.81418188419028,11.124767535822473,True,False
8826,12708150000000000000,1271,6502,5578,4526,2000,874,838,5.13032396557882,5.124421932246953,12.666667840690355,12.144020869266893,True,False
8827,1380540000000000000,138,6083,4997,4183,2000,1012,971,4.521365377551551,4.508864947783569,12.570567288872004,12.030322282644034,True,False
8828,456855000000000000,46,4885,3808,3321,2000,994,954,4.378533283420799,4.366754735932688,12.254142846855748,11.697402007502708,True,False
8829,5066800171540808974,507,8975,7451,6120,2000,1232,1191,4.6033820180793175,4.597860469545955,13.131696223597777,12.579315937580015,True,False
8830,1994796176295380738,199,7762,6403,5343,2000,1218,1174,4.407502797226446,4.398099553839436,12.922212717785449,12.383434301822776,True,False
8831,308742373335921537,31,5215,3698,3271,2000,974,945,4.40070941552549,4.392750011902394,12.348451537407128,11.675516044082778,True,False
8832,431435587955967146,43,1924,1852,1606,2000,282,282,4.385798781551514,4.385798781551514,10.909893083770042,10.649256177517314,True,False
8833,79587260277475706543,7959,5544,5485,4438,2000,216,215,5.039311269771277,5.038849259607054,12.436711542137214,12.115693952197011,True,False
8834,36631705601539701946,3663,2564,2553,2085,2000,91,90,4.953295386694649,4.952861198851719,11.324180546618742,11.025831668332026,True,False
8835,99750000000000,0,61,0,0,0,0,0,0.0,0.0,5.930737337562887,0,False,True
8836,4968785482891650000,497,1856,1849,1551,2000,89,88,4.432487009628537,4.431861288195105,10.857980995127573,10.59898297103609,True,False
8837,47780250000000000,5,1377,912,853,2000,468,457,4.921098594117174,4.906461226055742,10.427312844134963,9.73640193131829,True,False
8838,3666118238161408,0,888,0,0,0,0,0,0.0,0.0,9.794415866350105,0,False,True
8839,12130138454065962223,1213,4528,4464,3607,2000,205,204,4.72485795439345,4.724210800400214,12.144658242831882,11.81658370778757,True,False
8840,997500000000000,0,121,0,0,0,0,0,0.0,0.0,6.918863237274595,0,False,True
8841,107534772144243347,11,3514,2544,2393,2000,954,943,4.544246363851381,4.539758195653235,11.778898476008376,11.2246046815385,True,False
8842,302902992644462365771,30290,5584,5526,4499,0,0,0,0.0,0.0,12.447083226209653,12.135388651579046,False,True
8843,578347887922974586,58,3835,3079,2667,2000,738,710,4.487870182968192,4.473795846949502,11.905010862390295,11.381002109550925,True,False
8844,169564891133420212,17,2905,2162,1948,2000,723,697,4.453618724161915,4.441680736828062,11.50432244829189,10.927777962082342,True,False
8845,371569950776750775,37,3287,2568,2256,2000,697,673,4.423592254924718,4.412373787680933,11.68255574108031,11.139551352398794,True,False
8846,1440534688919230601,144,3943,3299,2792,2000,644,625,4.525701385996643,4.519038565389641,11.945077995107816,11.447083226209653,True,False
8847,1969739247150595108,197,3931,3315,2794,2000,619,600,4.458066633400738,4.449654114707153,11.940680648424093,11.448116305409464,True,False
8848,194568867218920942,19,2397,1817,1628,2000,585,568,4.537491759585427,4.524563766565761,11.227014193649133,10.668884984266247,True,False
8849,159171000403707023,16,2299,1732,1557,2000,569,552,4.428094291888738,4.417155872431826,11.16679075071818,10.604553229079038,True,False
8850,2534987522232086406,253,3281,2796,2338,2000,497,482,4.629269817141516,4.617824650206711,11.67991987851842,11.191059214531656,True,False
8851,495294656024690245,50,2412,1939,1687,2000,474,462,4.416234995444651,4.406827805080292,11.236014191900084,10.720244258287567,True,False
8852,2284436561528670849,228,2555,2208,1872,2000,402,391,4.50150033287039,4.489434689865037,11.319107575824983,10.870364719583405,True,False
8853,571922393302578549,57,1983,1647,1437,2000,390,380,4.422700296776891,4.410407343271636,10.953468962228849,10.488844346457336,True,False
8854,684842394884697624,68,1927,1618,1413,2000,374,366,4.4210532857717455,4.413060869514815,10.912140856295721,10.46454575033394,True,False
8855,2659677673943799877,266,2337,2040,1732,2000,367,359,4.553948178692699,4.549232551711036,11.190442018782825,10.758223214726724,True,False
8856,216498892720288376,22,1389,1104,993,2000,352,346,4.487501034411102,4.482030660976518,10.439830883981392,9.955649907528374,True,False
8857,521778396365467962,52,1649,1379,1216,2000,334,327,4.389759721661697,4.382782115834047,10.687375683437468,10.247927513443585,True,False
8858,2230880596217008120,223,1936,1682,1453,2000,316,310,4.454891127461298,4.449347241782714,10.918863237274595,10.504818987632841,True,False
8859,1768279811950242848,177,1720,1480,1286,2000,296,291,4.4037729472052956,4.399819708373196,10.74819284958946,10.328674927327947,True,False
8860,3438975504977168396,344,1745,1526,1321,2000,272,267,4.459017053493838,4.455336015441107,10.769011321097015,10.367414751246828,True,False
8861,1630770298483809800,163,1554,1336,1166,2000,262,258,4.50482531636307,4.4984195511744005,10.60177078840771,10.187352073200497,True,False
8862,3403702066955660565,340,1647,1441,1250,2000,255,251,4.365088988063184,4.360907096382562,10.685624839726355,10.287712379549449,True,False
8863,418563065923409477,42,1095,897,807,2000,248,244,4.422169158990158,4.417460198885515,10.096715154488535,9.656424863277781,True,False
8864,750365717692082593,75,1137,955,854,2000,229,225,4.498012464557924,4.494691942405126,10.151016538892248,9.73809225962049,True,False
8865,1617166275159938997,162,1282,1106,978,2000,217,213,4.578867004292592,4.570518016607348,10.324180546618742,9.933690654952233,True,False
8866,2023002246597627538,202,1006,863,777,2000,161,158,4.395432891834996,4.390929964932509,9.974414589805527,9.60177078840771,True,False
8867,1603913670003381978,160,930,800,725,2000,160,158,4.619925428410337,4.617650029267404,9.861086905995395,9.501837184902296,True,False
8868,1948829460290605356,195,900,777,702,2000,144,143,4.336318075455886,4.334191347489414,9.813781191217037,9.45532722030456,True,False
8869,916599746521162165,92,567,484,450,2000,110,110,4.32738347224725,4.327383472247252,9.147204924942228,8.813781191217037,True,False
8870,2570914195426023884,257,645,572,521,2000,112,112,4.550615208975506,4.550615208975507,9.333155350310616,9.025139562278508,True,False
8871,547926035315730725,55,227,194,184,2000,56,56,4.353501674496295,4.353501674496295,7.826548487290915,7.523561956057013,True,False
8872,769756234046825792,77,34,31,31,2000,25,25,4.2686075693360745,4.2686075693360745,5.087462841250339,4.954196310386875,True,False
8873,3950714227373399245,395,8661,7171,5919,2000,1259,1214,5.242542004870546,5.23739117678201,13.080317892957138,12.531137741444715,True,False
8874,50423251704221070480,5042,4597,4538,3685,2000,175,174,5.300427008307793,5.299182191453776,12.166476950816804,11.847448903982432,True,False
8875,4501992774814590830350,450199,4098,4072,3331,0,0,0,0.0,0.0,12.000704269011246,11.70173963867435,False,True
8876,61917257353487591,6,2559,1722,1593,2000,787,757,4.7777776216409595,4.757056252479841,11.321364432039447,10.63753055152531,True,False
8877,20795403551677406972,2080,7090,6315,5233,2000,817,808,4.87794769450368,4.8767262951443895,12.791569912126878,12.353422543614714,True,False
8878,4475532965867614,0,1522,0,0,0,0,0,0.0,0.0,10.571752643503546,0,False,True
8879,74413500000000000,7,4216,2698,2476,2000,1222,1182,4.442381751006014,4.42982105552308,12.041659151637214,11.273795599214264,True,False
8880,29346548968469983,3,398,343,338,2000,196,195,5.195993257634727,5.192322308193713,8.63662462054365,8.400879436282183,True,False
8881,2287028649499680595,229,1760,1527,1323,2000,292,286,4.5425520780898605,4.537388936280374,10.78135971352466,10.369597346278677,True,False
8882,79164396624123185,8,155,150,149,2000,58,58,4.504586508612827,4.504586508612826,7.2761244052742375,7.219168520462161,True,False
8883,4954578844070634071,495,2674,2646,2158,2000,106,106,4.447210334950888,4.447210334950888,11.384783750093353,11.075479149488016,True,False
8884,647775348325901424,65,503,430,401,2000,108,108,4.404552538596154,4.404552538596153,8.974414589805527,8.64745842645492,True,False
8885,48271598199781821317,4827,10164,8531,6904,2000,1249,1204,5.541068799235687,5.538833921521086,13.311180660053354,12.753216749178955,True,False
8886,3806406887782971032,381,7444,6310,5327,2000,981,964,4.645210791685855,4.642476208238918,12.861862340059151,12.37910756556115,True,False
8887,20125949059344364619,2013,5623,5438,4498,2000,558,556,5.412337585911192,5.41209856232255,12.457124331540804,12.135067945777816,True,False
8888,9450625387956694,1,1883,529,520,529,529,520,9.047123912114028,9.009316728749187,10.878817284614229,9.022367813028454,False,False
8889,3804694434975000000,380,363,328,309,2000,71,71,4.616524448328393,4.616524448328394,8.50382573799575,8.271463027904375,True,False
8890,49875000000000000,5,1587,1307,1281,2000,703,699,4.992580595285551,4.989292473625049,10.632086412835182,10.323054760341646,True,False
8891,21329246002838795847,2133,7510,6673,5558,2000,875,865,5.313745826999118,5.312904946332401,12.874597192401634,12.440350119200563,True,False
8892,2447720763092495507,245,6173,5145,4291,2000,963,924,4.510249588203124,4.502397913776911,12.59175607602299,12.067098185748385,True,False
8893,5182254848062638,1,595,189,189,189,189,189,7.562242424221074,7.562242424221074,9.216745858195306,7.562242424221073,False,False
8894,85485750000000000,9,3677,2475,2258,2000,1082,1042,5.047540552420829,5.0258273435590874,11.844313461203296,11.140829770773001,True,False
8895,54839538625771095472,5484,5261,5193,4186,2000,193,191,4.676035819270661,4.674856254279273,12.36112133473479,12.031356596255709,True,False
8896,6219812105045220,1,1677,229,227,229,229,227,7.839203788096945,7.821736539188649,10.711666973564347,7.826548487290915,False,False
8897,451127819548872180,45,5307,4127,3595,2000,1070,1029,4.381855264303095,4.368430503519095,12.373680833411614,11.81177605532666,True,False
8898,9923809523809523809,992,8862,7417,6136,2000,1079,1047,5.123978765640595,5.121055170447935,13.113416611485945,12.583082767502933,True,False
8899,73457753223124098,7,744,701,671,2000,206,206,5.198974708009524,5.198974708009525,9.539158811108031,9.390168956200183,True,False
8900,99650250000000000000,9965,5452,5385,4377,2000,217,216,5.469882503108491,5.469549081788975,12.41256984680521,12.095726668639047,True,False
8901,133926006645873362645,13393,5617,5558,4517,0,0,0,0.0,0.0,12.455584087578611,12.141149198437516,False,True
8902,688275000000000000,69,4049,3262,2825,2000,757,728,4.465689338269508,4.451931652794401,11.983349927676457,11.464035152189913,True,False
8903,2493750000000000,0,1183,0,0,0,0,0,0.0,0.0,10.208234358339789,0,False,True
8904,3000000000000000,0,184,0,0,0,0,0,0.0,0.0,7.523561956057013,0,False,True
8905,5033481449879441987,503,9114,7571,6275,2000,1213,1173,4.7881629682515685,4.783830069578917,13.15386865522324,12.615399743725497,True,False
8906,30226129705139853,3,2791,1667,1566,2000,1028,990,6.495648299391827,6.454466035403527,11.446566409066067,10.612868497291041,True,False
8907,534460769627668,0,195,0,0,0,0,0,0.0,0.0,7.60733031374961,0,False,True
8908,2278004851747519,0,298,0,0,0,0,0,0.0,0.0,8.219168520462162,0,False,True
8909,997500000000000,0,549,0,0,0,0,0,0.0,0.0,9.100662339005199,0,False,True
8910,7358417858905194344,736,6542,5761,4813,2000,829,819,4.878377753569759,4.876386115221323,12.675516044082778,12.232720707964873,True,False
8911,1573919973433601,0,558,0,0,0,0,0,0.0,0.0,9.124121311829187,0,False,True
8912,36090225563909774,4,3155,1623,1532,2000,970,941,5.275416208701728,5.251661321199565,11.623424289869911,10.581200581924957,True,False
8913,119700000000000000,12,4530,2900,2634,2000,1024,994,4.389470183734494,4.381635764289568,12.145295334933598,11.363039630256514,True,False
8914,7490803390650805,1,1864,379,370,379,379,370,8.566054038171089,8.513283589622278,10.86418614465428,8.531381460516313,False,False
8915,7336640744972999,1,1910,374,367,374,374,367,8.546894459887639,8.504113711224537,10.899356922923111,8.519636252843213,False,False
8916,43633146659761287445,4363,5310,5267,4221,2000,231,231,5.502670788958551,5.502670788958554,12.374496145691516,12.04336911395769,True,False
8917,96747149083619951534,9675,5445,5377,4352,2000,209,207,5.078734228781073,5.076393775912527,12.410716333604269,12.087462841250339,True,False
8918,1852267783031852743,185,7337,5855,4962,2000,963,935,4.387255206747888,4.378729995993062,12.840974569821883,12.276706019892432,True,False
8919,531328320802005012,53,1749,1465,1290,2000,353,346,4.431661482582997,4.425343775082464,10.772314573921653,10.333155350310616,True,False
8920,50890017611170623,5,3798,2313,2148,2000,1182,1141,5.182911720584081,5.157105243449006,11.891024190149498,11.068778277985412,True,False
8921,6917293233082706766,692,7413,6300,5130,2000,1039,998,5.042270228133975,5.03612604695114,12.85584179604994,12.324743110494417,True,False
8922,9387281897599779251,939,4229,4161,3315,2000,192,191,4.443098569608914,4.44196274343653,12.046100845028802,11.69479315499995,True,False
8923,2600831183943176774,260,1188,1183,1059,2000,70,69,4.416297060007319,4.414859694544529,10.214319120800766,10.048486873992337,True,False
8924,595277563705747357680,59528,1626,1621,1396,0,0,0,0.0,0.0,10.667111542075027,10.447083226209653,False,True
8925,4230000000000000000,423,1434,1258,1096,2000,227,223,4.634577704639243,4.631891247740086,10.485829308701904,10.098032082960527,True,False
8926,99750000000000000,10,4533,2912,2666,2000,1215,1172,5.853487384573399,5.824679607186111,12.146250445885986,11.380461065088973,True,False
8927,14962500000000000000,1496,9706,8069,6559,2000,1239,1191,5.161427205588741,5.15592992780959,13.244661144764198,12.67926015971679,True,False
8928,3032400000000000000,303,5919,5154,4310,2000,797,791,4.832352096350947,4.831540043688239,12.531137741444715,12.07347215397646,True,False
8929,5089323761813396404,509,9021,7508,6228,2000,1210,1168,5.414353494907075,5.411628925775002,13.13907165329516,12.604553229079038,True,False
8930,487086266071952047,49,1814,1747,1472,2000,190,189,4.453316566117273,4.451486460886222,10.824958740528523,10.523561956057012,True,False
8931,4070666753365800000,407,1743,1737,1470,2000,89,88,4.332419526815646,4.331395327938214,10.767356854125685,10.521600439723727,True,False
8932,2008333150260763706,201,3921,3317,2786,2000,606,588,4.4016838464370265,4.392964328433539,11.937005926516589,11.443979542601253,True,False
8933,2428912500000000000,243,3078,2616,2197,2000,468,456,4.480357917122824,4.473449515324773,11.58777751632821,11.101319154423276,True,False
8934,4129650000000000000,413,2022,1772,1514,2000,306,300,4.593027479788582,4.588276236962662,10.981567281903015,10.564149489985732,True,False
8935,3755476660531803375,376,1707,1493,1292,2000,268,264,4.58726713847057,4.584980689254751,10.737247343027738,10.335390354693924,True,False
8936,20246407488735280,2,2224,1242,1215,2000,956,945,6.547632220933821,6.536418532690751,11.118941072723507,10.246740598493144,True,False
8937,69012037500000000000,6901,5362,5294,4306,2000,212,211,5.437738028062811,5.437395141529681,12.38855550398256,12.072132604167233,True,False
8938,48667036703679993346,4867,6201,5997,4969,2000,617,614,5.413271187476871,5.412472015255901,12.598285174146604,12.27873982655011,True,False
8939,591557953492800000,59,719,708,650,2000,77,76,4.317522808536084,4.316517041396677,9.489847960439297,9.344295907915816,True,False
8940,39318385022800224898,3932,9171,7967,6595,2000,1014,992,5.089279191010883,5.085149797436786,13.162863337608126,12.687156944138907,True,False
8941,99750000000000000,10,1238,915,839,2000,379,372,5.027158009998957,5.016420466610583,10.273795599214264,9.712527000439824,True,False
8942,929489891549157201,93,5534,4565,3986,2000,958,947,4.469149647681879,4.467110702594725,12.434106928609955,11.960725994839057,True,False
8943,37347252376255110,4,3519,1984,1859,2000,1197,1156,5.19110086627164,5.1635646674797835,11.780949798749665,10.860311054919482,True,False
8944,2013533681729561836,201,7526,5984,5038,2000,982,952,4.598219520169607,4.593012918358378,12.877667574067882,12.298635406734242,True,False
8945,10025062656641,0,47,0,0,0,0,0,0.0,0.0,5.554588851677638,0,False,True
8946,200511278195488721,20,5243,3746,3337,2000,1182,1142,4.433079936749936,4.425124965010159,12.356176830516356,11.704335971182319,True,False
8947,10025062656641604010,1003,9237,7835,6350,2000,1243,1199,5.129043518761468,5.1254045696379045,13.173208652765974,12.63254087654689,True,False
8948,9884825766459714000,988,2691,2672,2198,2000,116,115,4.486881541154427,4.486575439342506,11.393926675640417,11.101975670949232,True,False
8949,80960857740054018,8,3926,2339,2154,2000,998,969,4.520928233243388,4.506875300742091,11.938844457466171,11.072802534544207,True,False
8950,14221604895126736178,1422,9132,7747,6385,2000,1080,1048,4.741671203327848,4.7368185843462225,13.156715144224702,12.640470904590087,True,False
8951,4675583641922824019,468,2905,2860,2316,2000,148,145,5.069923074189643,5.069202465935204,11.50432244829189,11.177419537989236,True,False
8952,102832163166285000,10,283,220,212,2000,95,95,4.587079660289456,4.587079660289455,8.144658242831882,7.727920454563199,True,False
8953,5869437582997800000,587,1962,1955,1659,2000,86,85,4.288786007302721,4.287863279327786,10.938109326219239,10.696098170955864,True,False
8954,3956508433380060495,396,1937,1922,1591,2000,98,97,4.329882269877008,4.329181478364308,10.919608238603253,10.635718120331047,True,False
8955,2854085065187481645,285,723,720,649,2000,48,48,4.158502084386949,4.158502084386949,9.497851836951117,9.342074667999139,True,False
8956,10972500000000000,1,2544,1042,1008,1042,1042,1008,10.025139562278504,9.95531721342806,11.312882955284355,9.977279923499916,False,False
8957,49875000000000000,5,3817,2329,2150,2000,1249,1205,6.1705790016830635,6.135113423447024,11.898223471215559,11.070120944476823,True,False
8958,2854396674188009682,285,6639,5553,4593,2000,1010,969,4.457124575865049,4.444880454193844,12.696750236522167,12.165221068220944,True,False
8959,35910000000000000000,3591,6917,6565,5393,2000,759,753,5.538365063875993,5.53723268624889,12.755930741084399,12.39687231851056,True,False
8960,6982500000000000,1,1805,326,320,326,326,320,8.348728154231079,8.305783368955005,10.817783121774534,8.321928094887362,False,False
8961,20050125313283208,2,355,211,208,2000,157,154,6.387999737204458,6.36695765303612,8.471675214392045,7.700439718141092,True,False
8962,7793068500000000,1,1420,333,327,333,333,327,8.379378367071261,8.33733632502922,10.471675214392045,8.353146825498083,False,False
8963,8020050125313283,1,1809,448,440,448,448,440,8.807354922057604,8.767176350629033,10.82097669262124,8.78135971352466,False,False
8964,8209425000000000000,821,4125,4067,3274,2000,201,200,4.580979737824996,4.580193939346588,12.010178404020541,11.676838606474153,True,False
8965,20132691239675391,2,412,348,347,2000,262,262,6.453563381665159,6.453563381665161,8.686500527183219,8.43879185257826,True,False
8966,4182199394296356,0,1512,0,0,0,0,0,0.0,0.0,10.562242424221072,0,False,True
8967,49214587555219247,5,3782,2263,2094,2000,1220,1180,4.785754193613677,4.766916290563148,11.884933647949762,11.032045726930809,True,False
8968,158474335595698313,16,1196,1128,989,2000,187,186,4.388001805194565,4.386172551777242,10.224001674198105,9.94982671075911,True,False
8969,6938217928461659812,694,4356,4257,3511,2000,377,376,4.639414080997392,4.639014040993391,12.088788238716907,11.777666280880755,True,False
8970,426629756637480,0,131,0,0,0,0,0,0.0,0.0,7.03342300153745,0,False,True
8971,2892750000000000000,289,5107,4786,4015,2000,747,743,5.27769811763167,5.277302904970682,12.318260343712415,11.971184272404678,True,False
8972,5985000000000000000,599,6223,5582,4646,2000,772,766,4.553112256043669,4.551020684867211,12.603394530887375,12.181773438808808,True,False
8973,3491250000000000000,349,6893,5963,5045,2000,938,927,4.742374920919951,4.74102197974348,12.750916299978075,12.30063855399372,True,False
8974,10220760340132758773,1022,7449,6580,5521,2000,893,882,4.697054532249556,4.694586953899924,12.862831046897997,12.430713885791938,True,False
8975,5591967212446464356,559,7129,6245,5270,2000,927,916,4.883088431256658,4.881163105950426,12.799484005620014,12.363587246524578,True,False
8976,606741968774418226,61,1982,1915,1553,2000,190,188,4.4558738198492795,4.454480360681943,10.952741247186488,10.600842114387302,True,False
8977,492891689893750898,49,1825,1757,1436,2000,187,185,4.403742657203024,4.4018751551868744,10.833680748654741,10.487840033823051,True,False
8978,414244315298080849,41,3954,3189,2833,2000,785,779,4.435867635289118,4.433296191587788,11.949097155729207,11.468114886378098,True,False
8979,808076418483813561,81,4353,3517,3038,2000,795,763,4.571855566316441,4.559584668842806,12.0877943047879,11.568906154502084,True,False
8980,247405811165555,0,153,0,0,0,0,0,0.0,0.0,7.257387842692652,0,False,True
8981,16831035226320811,2,2924,1328,1274,2000,1212,1170,6.569446389586898,6.529172993604448,11.513727595952437,10.3151495622563,True,False
8982,335111902904055211,34,5039,3852,3383,2000,1072,1031,4.5603610606350165,4.543267211188432,12.298921740969753,11.724087461793989,True,False
8983,7424168492002228,1,953,227,224,227,227,224,7.826548487290916,7.796791273624998,9.896332403909941,7.807354922057604,False,False
8984,992396125560756969,99,788,776,693,2000,66,66,4.215030597827295,4.215030597827296,9.622051819456376,9.436711542137214,True,False
8985,33222132313686388364,3322,5122,5054,4093,2000,207,206,5.1167358824889115,5.116274290766788,12.322491537597468,11.998942951443086,True,False
8986,300000000000000000,30,1596,1542,1346,2000,201,199,4.373166209433766,4.371667693056793,10.640244936222345,10.394462694610317,True,False
8987,50000000000000000,5,614,564,545,2000,193,193,5.315235670139938,5.315235670139938,9.262094845370179,9.090112419664289,True,False
8988,40000000000000000,4,492,452,438,2000,204,204,5.2095635347797895,5.209563534779791,8.94251450533924,8.774787059601174,True,False
8989,63851988439799751055,6385,5386,5318,4269,2000,201,200,4.99362504060423,4.993059540462854,12.394998514501673,12.059682447247638,True,False
8990,71177944862155388,7,367,263,255,2000,119,119,4.435805722926391,4.43580572292639,8.519636252843213,7.994353436858858,True,False
8991,2658699524218321,0,165,0,0,0,0,0,0.0,0.0,7.366322214245816,0,False,True
8992,545054826804188,0,42,0,0,0,0,0,0.0,0.0,5.392317422778761,0,False,True
8993,985239436990594870,99,2661,2569,2191,2000,350,349,4.529156129584121,4.528564413607791,11.37775279502222,11.097373768990222,True,False
8994,284045245587689846,28,5091,3580,3183,2000,974,945,4.448775061250958,4.439245273064165,12.313733350263819,11.636171441635922,True,False
8995,212237703638606522,21,482,475,457,2000,81,79,4.346732514144109,4.343733502474986,8.912889336229961,8.83605035505807,True,False
8996,76270273165767359193,7627,9289,8106,6723,2000,1024,1004,5.309020410614222,5.30675302023805,13.181307577427798,12.71488943423155,True,False
8997,1002506265664160,0,651,0,0,0,0,0,0.0,0.0,9.346513733165635,0,False,True
8998,43809523809523809523,4381,9519,8060,6617,2000,1042,1012,5.624910858458987,5.623016388897987,13.216594306638793,12.691961564216788,True,False
8999,257355000000000000000,25736,2815,2804,2267,0,0,0,0.0,0.0,11.458919206967591,11.146568675740786,False,True
9000,240465879033756940,24,453,442,411,2000,80,78,4.374375882874743,4.371297299650661,8.823367240046235,8.682994583681683,True,False
9001,4973003226739026050,497,3796,3737,3012,2000,199,198,4.390568453932674,4.388733744567316,11.89026427702111,11.556506054671928,True,False
9002,1848269420272758052,185,3161,3080,2574,2000,304,304,4.612287173706363,4.612287173706362,11.626165319904498,11.329796338220701,True,False
9003,1366998820243666523,137,1085,1077,946,2000,89,88,4.270531356855624,4.269596945117478,10.083479327331842,9.885696373339394,True,False
9004,2675653096618137290,268,2642,2589,2097,2000,150,149,4.359532642561252,4.353107870583976,11.367414751246828,11.034111146096592,True,False
9005,10473750000000000000,1047,4443,4381,3545,2000,264,264,4.450758740675787,4.450758740675786,12.117318426010003,11.791569912126878,True,False
9006,5311398478397490694,531,6711,5859,4923,2000,879,868,5.3138111827850025,5.312211027652511,12.712312041780274,12.26532202423487,True,False
9007,487915309171605000,49,3326,3019,2655,2000,721,716,4.429949875054183,4.4282424391343795,11.699572453287269,11.374496145691516,True,False
9008,1057350000000000000,106,1065,900,803,2000,197,193,4.5370450332717915,4.533365932540546,10.056637715113201,9.649256177517314,True,False
9009,1635900000000000000,164,821,703,639,2000,131,131,4.37486632555892,4.374866325558921,9.681238411777805,9.319672120946995,True,False
9010,4180200679973660055,418,1555,1548,1354,2000,73,72,4.559049522548085,4.558194292710402,10.602698865017965,10.403012023574997,True,False
9011,17942291879012242,2,854,471,456,2000,408,398,6.471578853957493,6.444335311051405,9.73809225962049,8.832890014164741,True,False
9012,3359742613741149388,336,3736,3653,3021,2000,322,322,4.543990932040501,4.543990932040501,11.867278739709661,11.56081046872794,True,False
9013,24884170700689663,2,2870,1359,1301,2000,969,940,6.53757469107744,6.501750408553791,11.486835021563051,10.345405246717796,True,False
9014,522318500329674619,52,5987,4453,3884,2000,970,941,4.386588420576736,4.3761068431019865,12.547617554902802,11.923327485419192,True,False
9015,29511192216547034,3,2989,1455,1386,2000,973,944,5.925065531408826,5.896718410284525,11.545447181678094,10.436711542137214,True,False
9016,38562762661839105352,3856,5166,5120,4105,2000,242,242,5.706377215164849,5.706377215164849,12.334831928118,12.003166506665167,True,False
9017,12152136908527279741,1215,4514,4443,3594,2000,282,282,4.822669769217778,4.822669769217778,12.140190703191836,11.811374693509942,True,False
9018,38354629833526258036,3835,5607,5500,4507,2000,439,437,5.473628045617662,5.473350267839885,12.453013354466314,12.137951734715358,True,False
9019,3439586009106675358,344,4020,3902,3246,2000,431,429,5.081559599227046,5.081159599227047,11.972979786066292,11.664447284547972,True,False
9020,8987994589793953233,899,5959,5648,4679,2000,738,734,5.084849140495367,5.084392018008572,12.540854532113636,12.19198451336031,True,False
9021,25488026963876109700,2549,7315,6551,5381,2000,793,787,4.554737574420755,4.553550807507709,12.836642149025849,12.393658591454773,True,False
9022,14015213856444933516,1402,6949,6149,5125,2000,836,827,4.9333518116001125,4.932065737094233,12.762589665542569,12.32333628928017,True,False
9023,495777955405590706,50,6315,4815,4192,2000,1245,1203,4.514505945099501,4.507876769553446,12.624567018674915,12.03342300153745,True,False
9024,1373512888301388,0,82,0,0,0,0,0,0.0,0.0,6.357552004618084,0,False,True
9025,16578415119266879154,1658,4484,3917,3175,2000,592,573,5.276689863931206,5.271756990938378,12.130570562805426,11.63254087654689,True,False
9026,1096601029650355503,110,6923,5489,4689,2000,1030,1002,4.458024697049766,4.45215839477586,12.757181632816716,12.19506456372082,True,False
9027,4987500000000000,0,1132,0,0,0,0,0,0.0,0.0,10.144658242831882,0,False,True
9028,498315965436990378,50,6340,4827,4206,2000,1237,1197,4.573619653855284,4.566834129308446,12.63026712502677,12.03823313473178,True,False
9029,2818511853279860,0,1259,0,0,0,0,0,0.0,0.0,10.298062567719017,0,False,True
9030,969854642252895000,97,1920,1630,1429,2000,358,351,4.508347642384612,4.503094640692305,10.906890595608518,10.480790201095816,True,False
9031,90125166408022037,9,1500,1305,1259,2000,571,569,4.766024227404978,4.764161919997523,10.550746785383243,10.298062567719017,True,False
9032,3062325000000000000,306,8577,7026,5865,2000,1224,1183,4.47227280604123,4.465275440335896,13.066257405352255,12.51791539291587,True,False
9033,1695750000000000000,170,7830,6262,5274,2000,1225,1184,4.788636690563712,4.781869085956595,12.934796592178403,12.36468185586456,True,False
9034,169575000000000000,17,5189,3600,3239,2000,1214,1174,4.435418639745572,4.427784111104736,12.341240820538749,11.661332752795186,True,False
9035,9975000000000000,1,19,8,8,8,8,8,3.0,3.0,4.247927513443585,3.0,False,False
9036,59850000000000000,6,65,63,62,2000,37,37,4.209995724593218,4.209995724593217,6.022367813028454,5.954196310386875,True,False
9037,9177000000000000000,918,8790,7321,6064,2000,1033,1003,5.1989998525834995,5.194880338655333,13.101647450030766,12.566054038171092,True,False
9038,109395825000000000000,10940,9749,8280,6791,0,0,0,0.0,0.0,13.251038527213534,12.729408316984019,False,True
9039,15705240877882670426,1571,2377,2364,1956,2000,86,85,4.632367928885229,4.631710061949977,11.214926187942435,10.933690654952233,True,False
9040,2379759677376045,0,394,0,0,0,0,0,0.0,0.0,8.622051819456376,0,False,True
9041,9654223282375114,1,2023,561,551,561,561,551,9.131856960608793,9.092641274334284,10.982280604558284,9.105908508571158,False,False
9042,58014516767691603191,5801,9439,8108,6705,2000,1048,1021,5.958465849569188,5.957061113743606,13.204418308289435,12.711021616791836,True,False
9043,99750000000000000,10,2840,2026,1924,2000,825,815,4.549181633739986,4.543810683145531,11.471675214392045,10.909893083770042,True,False
9044,31284592500000000000,3128,7529,6703,5583,2000,852,842,4.834378650071146,4.832965093224518,12.87824254386927,12.446824840780307,True,False
9045,10972500000000000000,1097,7522,6645,5579,2000,914,904,4.966188106822212,4.965155856552005,12.876900591040306,12.445790836048076,True,False
9046,6546300832867666398,655,1896,1889,1627,2000,86,84,4.258338674789302,4.256476966353359,10.888743248898258,10.667998535672528,True,False
9047,16937515087500000000,1694,9425,8069,6511,2000,1225,1181,4.6494851552630685,4.643842644979833,13.202276903043389,12.668663423175296,True,False
9048,148446952500000000000,14845,8676,7745,6495,0,0,0,0.0,0.0,13.082814337672273,12.665113810335244,False,True
9049,90000000000000000,9,3356,2289,2093,2000,989,949,5.018436868557606,4.9959273422458,11.712527000439824,11.031356596255709,True,False
9050,7508286013617727,1,1270,288,282,288,288,282,8.169925001442312,8.121313890331201,10.310612781659529,8.139551352398794,False,False
9051,1995000000000000,0,987,0,0,0,0,0,0.0,0.0,9.946906274456397,0,False,True
9052,361852982765199242,36,5173,3971,3477,2000,1084,1043,4.3837505566913535,4.370324177711578,12.336785476203755,11.763627351727628,True,False
9053,41183722913878251,4,3252,1694,1587,2000,948,918,5.289228109576995,5.264408011829994,11.667111542075027,10.632086412835182,True,False
9054,57035098667058132,6,3751,2126,1972,2000,1016,987,5.2433916368938585,5.220551238492684,11.87305954766147,10.945443836377912,True,False
9055,2491772250733457646,249,7944,6613,5481,2000,1206,1164,4.602088267888438,4.596185550419915,12.955649907528374,12.420223419348645,True,False
9056,10025062656641604,1,497,366,364,366,366,364,8.515699838284045,8.50477087653541,8.957102041562287,8.507794640198696,False,False
9057,56207494310376722,6,3664,2077,1926,2000,990,961,4.756435339588229,4.7388647813220395,11.839203788096944,10.911391987843459,True,False
9058,8977500000000000,1,2013,510,501,510,510,501,8.994353436858855,8.955137750584345,10.97513145692134,8.968666793195208,False,False
9059,426065059075370861,43,626,620,577,2000,84,83,4.335594773986015,4.334598063894008,9.290018846932618,9.172427508645482,True,False
9060,10473750000000000000,1047,4441,4382,3526,2000,244,244,4.362094251063669,4.362094251063668,12.116668855967113,11.783816759320182,True,False
9061,1396500000000000000,140,4600,4247,3598,2000,736,731,4.549683433793733,4.547700736887229,12.167418145831737,11.812979471251483,True,False
9062,99750000000000000,10,4070,2679,2454,2000,1122,1088,4.573883523605887,4.5603232924670545,11.99081307915361,11.260919533662905,True,False
9063,6223304519831567970,622,3659,3595,2885,2000,179,177,4.4395601821912045,4.438141544904451,11.837233700339088,11.494355603532846,True,False
9064,232396085405913200,23,1611,1530,1379,2000,304,304,4.502845770348165,4.502845770348164,10.653740778706569,10.429406741513981,True,False
9065,399000000000000000,40,534,522,485,2000,69,68,4.408935135903863,4.357104256889448,9.060695931687555,8.92184093707449,True,False
9066,39635889030742555878,3964,8455,7288,5869,2000,1087,1045,5.378110556808228,5.373604852564176,13.045589039297345,12.518898992777315,True,False
9067,149625000000000000,15,10,9,9,4,8,8,2.872905595320056,2.872905595320056,3.321928094887362,3.169925001442312,False,False
9068,27545801385191129,3,15,13,13,71,13,13,3.4632534620677133,3.4632534620677133,3.9068905956085187,3.700439718141092,False,False
9069,3990000000000000,0,1103,0,0,0,0,0,0.0,0.0,10.107217075591382,0,False,True
9070,149625000000000000,15,4464,3031,2772,2000,1026,998,4.415878455123638,4.405123567621474,12.124121311829187,11.436711542137214,True,False
9071,20517635578627777,2,3113,1625,1564,2000,1240,1200,6.578835489199058,6.541250815092148,11.604089861469179,10.611024797307353,True,False
9072,63166286708853,0,58,0,0,0,0,0,0.0,0.0,5.857980995127572,0,False,True
9073,57287026267088194,6,3169,2083,1922,2000,1002,963,4.745662040589785,4.724718693902857,11.629811944382233,10.90839262077375,True,False
9074,39543154944358448,4,2465,1530,1430,2000,872,838,5.304444077710241,5.277092629538641,11.267371931265274,10.481799431665753,True,False
9075,128162663364050314,13,294,281,271,2000,69,68,4.34278611826719,4.340120495267054,8.199672344836364,8.08214904135387,True,False
9076,4456269934470023205,446,3676,3610,2920,2000,201,200,4.581725710247392,4.580939827558244,11.843921051289035,11.51175265376738,True,False
9077,24814672674110408,2,892,557,539,2000,385,377,6.510906366822068,6.488995558906245,9.800899899920305,9.074141462752506,True,False
9078,201731536297200000,20,485,478,460,2000,83,81,4.3475385775952216,4.344541796441503,8.92184093707449,8.845490050944376,True,False
9079,9507423944528788370,951,1435,1269,1108,2000,228,224,5.27150189408674,5.270055604862657,10.486835021563051,10.113742166049189,True,False
9080,72727872983883913211,7273,8413,7272,5851,2000,1087,1045,5.951117627167944,5.948258157342407,13.038404628941894,12.514467502819269,True,False
9081,81795000000000000,8,2395,1792,1725,2000,761,756,5.279508550411421,5.275032758249376,11.225809940623543,10.752380646552893,True,False
9082,28368900000000000000,2837,4206,3697,2997,2000,576,558,5.935266500588503,5.932084327291078,12.03823313473178,11.549303368513575,True,False
9083,4187857783405168242,419,8208,6737,5628,2000,1008,977,4.87265112207418,4.868067706030223,13.002815015607053,12.458406613236532,True,False
9084,37163507443894030611,3716,10117,8629,7061,2000,1214,1174,5.872819336584404,5.870935598828334,13.30449392978285,12.785656801427193,True,False
9085,198382741435292633,20,4023,2953,2705,2000,966,953,4.571197860123759,4.567981231948814,11.97405602262563,11.401412878714178,True,False
9086,7251631187305861,1,1058,247,244,247,247,244,7.948367231584679,7.915978567617067,10.047123912114026,7.930737337562887,False,False
9087,145889369475171966,15,4925,3513,3167,2000,1232,1189,4.3936822422078725,4.383304467095767,12.2659080092311,11.62890115202819,True,False
9088,140839068387170756348,14084,7733,6968,5741,0,0,0,0.0,0.0,12.916812497709833,12.48708634027127,False,True
9089,26680124776395541,3,3347,1813,1719,2000,1230,1189,5.3017744590044655,5.276007232515445,11.70865283568653,10.747353829478062,True,False
9090,498750000000000,0,237,0,0,0,0,0,0.0,0.0,7.888743248898259,0,False,True
9091,768075000000000000,77,2514,2420,2071,2000,366,365,4.627658053492178,4.626644454370631,11.295768934420508,11.016111838220512,True,False
9092,500000000000000000,50,3195,2572,2236,2000,622,603,4.431563246919574,4.4210222983358705,11.641600215834357,11.12670447284319,True,False
9093,23925790448164467,2,3188,1636,1563,2000,1216,1175,6.574464711374793,6.535953815506407,11.638435913990472,10.610102062999664,True,False
9094,1995000000000000000,200,8041,6492,5482,2000,1230,1189,4.922804270918627,4.919138531812964,12.973159214589735,12.420486612825774,True,False
9095,4987500000000000,0,509,0,0,0,0,0,0.0,0.0,8.991521846075695,0,False,True
9096,6949088629810247,1,64,19,19,19,19,19,4.247927513443585,4.247927513443585,6.0,4.247927513443585,False,False
9097,118557953328618569139,11856,10247,8731,7066,0,0,0,0.0,0.0,13.322913975268015,12.786678033890652,False,True
9098,5985000000000000,1,1271,207,203,207,207,203,7.693486957499326,7.645177778755365,10.311748315004959,7.6653359171851765,False,False
9099,49875000000000000,5,2411,1558,1446,2000,809,777,5.062464548389672,5.038946782970751,11.235415935602527,10.497851836951117,True,False
9100,89775000000000000,9,2607,1804,1653,2000,762,734,4.935996097175525,4.917961296047991,11.348174867535556,10.690871009292314,True,False
9101,99749444590164138387,9975,9401,8172,6758,2000,1026,1004,5.619546920773652,5.618348375252442,13.198598511485047,12.722380635163802,True,False
9102,106103727504346390,11,3607,2561,2331,2000,980,941,5.272762084069772,5.2446822347907665,11.81658370778757,11.186733289128867,True,False
9103,11526671761513569796,1153,2238,2229,1847,2000,76,75,4.284842002596006,4.284063476051601,11.127994320976393,10.850968150982439,True,False
9104,4235797206629152265,424,1697,1686,1390,2000,81,80,4.327130270514145,4.326267930483898,10.728770849542663,10.44086916761087,True,False
9105,61763018509946783262,6176,5980,5825,4795,2000,477,475,5.085231932200423,5.08485349309696,12.545929769085467,12.227315099905493,True,False
9106,55138699828867347531,5514,6059,5887,4877,2000,557,553,6.393029451993799,6.375475049277847,12.564863990226941,12.251778257035868,True,False
9107,1646670593335638728,165,7283,5755,4884,2000,985,956,4.551589605497019,4.546078919425085,12.830317129810208,12.253847484987404,True,False
9108,3404274092097038729,340,818,719,647,2000,119,119,4.31644231027671,4.316442310276711,9.67595703294175,9.337621901992508,True,False
9109,2976817886839974932,298,567,504,461,2000,103,103,4.47744572122588,4.477445721225881,9.147204924942228,8.848622940429339,True,False
9110,238496240601503759,24,1415,1348,1172,2000,187,186,4.351679760573496,4.349964494707287,10.466586337719244,10.194756854422248,True,False
9111,824932500000000000,82,4798,3973,3473,2000,837,827,5.299384216105147,5.290432631781056,12.228217442293435,11.761966695382092,True,False
9112,122414757617529510,12,294,281,270,2000,72,71,4.258294722031019,4.256087396705077,8.199672344836364,8.076815597050832,True,False
9113,634504302652737777,63,137,135,131,2000,34,34,4.102518066956618,4.102518066956618,7.098032082960526,7.03342300153745,True,False
9114,117058756310298161,12,271,260,249,2000,67,66,4.204376742111301,4.201651042389556,8.08214904135387,7.960001932068081,True,False
9115,241604010025062655,24,5501,4030,3578,2000,1244,1200,4.501439760258499,4.489650266942836,12.425478187645329,11.804937672051908,True,False
9116,188447191744991478,19,5141,3734,3340,2000,1231,1188,5.387126353838827,5.369512213948287,12.327833296750327,11.705632387361415,True,False
9117,38379671792446726,4,213,187,185,2000,119,118,4.609382469673491,4.608416981194928,7.734709620225838,7.531381460516312,True,False
9118,4478775000000000000,448,3682,3613,2883,2000,206,205,5.077633801816458,5.077152019220855,11.846273911349906,11.493355121494906,True,False
9119,389025000000000000,39,1695,1635,1391,2000,202,201,4.354939085568157,4.353563053544138,10.727069558023706,10.44190670454224,True,False
9120,77352773274458202,8,749,708,677,2000,206,206,5.208481939011608,5.208481939011609,9.54882190845875,9.403012023574997,True,False
9121,4139625000000000000,414,3678,3634,2947,2000,212,212,4.407056624689533,4.407056624689533,11.844705764411938,11.525031345124,True,False
9122,65121783391391131583,6512,5621,5563,4469,2000,218,216,5.1173010048168965,5.115092389162128,12.456611099574918,12.12573632939501,True,False
9123,361095000000000000000,36110,5853,5802,4650,0,0,0,0.0,0.0,12.514960563330183,12.183015000882756,False,True
9124,118019453659939052,12,1018,975,905,2000,199,199,5.205230408835645,5.205230408835645,9.991521846075695,9.821773981970567,True,False
9125,7428118965781114953,743,9231,7746,6408,2000,1206,1165,5.277373979710505,5.274343372013245,13.1722712290547,12.64565843240871,True,False
9126,37078140166245915,4,3625,2122,1978,2000,1248,1205,5.89725709229783,5.8673618218775365,11.82376527978966,10.94982671075911,True,False
9127,3990000000000000,0,1279,0,0,0,0,0,0.0,0.0,10.320800548881637,0,False,True
9128,330827067669172932,33,5769,4396,3864,2000,1223,1179,4.550803963748159,4.532288844103296,12.494105548061054,11.915879378835774,True,False
9129,315840389793887557,32,4294,3285,2894,2000,939,900,4.822286492344443,4.799078973500325,12.068106475858773,11.498849206531725,True,False
9130,31521000000000000,3,1987,1234,1159,2000,730,704,6.26804754035582,6.233359346110138,10.95637615724967,10.178664851006472,True,False
9131,20361967500000000000,2036,3093,3074,2526,2000,134,132,5.282709457219128,5.246307261930511,11.594791118089265,11.302638923787553,True,False
9132,36106507500000000000,3611,8651,7654,6406,2000,989,978,5.048669752714649,5.047696004169747,13.07865119332527,12.645208082774683,True,False
9133,5406450000000000000,541,5896,5488,4575,2000,755,750,4.691370203547584,4.690468154248714,12.52552080909507,12.159556028058768,True,False
9134,93266250000000000,9,4096,2662,2437,2000,1152,1114,4.391749511667376,4.3790169388855515,12.0,11.250890535723341,True,False
9135,25895678704804485,3,2840,1621,1534,2000,1094,1054,6.525835078575931,6.484397927085466,11.471675214392045,10.583082767502933,True,False
9136,380656226485668508,38,2200,1740,1525,2000,465,452,4.531416498016324,4.520693431271754,11.103287808412022,10.57459352733761,True,False
9137,3606845374251525387,361,1359,1190,1046,2000,217,213,4.490722924808334,4.487388341006075,10.40832974076739,10.030667136246942,True,False
9138,1845375000000000,0,537,0,0,0,0,0,0.0,0.0,9.068778277985412,0,False,True
9139,5721487919100137384,572,3255,3197,2592,2000,150,149,4.351230501748249,4.346446880283777,11.668441828052998,11.339850002884624,True,False
9140,94762500000000000,9,4512,2878,2633,2000,1220,1174,4.4419038596131495,4.427435283867917,12.139551352398794,11.362491806046062,True,False
9141,1148487243823532,0,332,0,0,0,0,0,0.0,0.0,8.375039431346925,0,False,True
9142,346887834358896912,35,3112,2428,2139,2000,663,641,4.421209937822678,4.407290447602764,11.603626344986193,11.062720767165045,True,False
9143,14961017133070813312,1496,9742,8191,6708,2000,1234,1193,5.0450205018955305,5.0416428127270505,13.250002267840449,12.711666973564347,True,False
9144,28931342417343302470,2893,1310,1305,1136,2000,74,74,5.1501099201013805,5.1501099201013805,10.355351096424812,10.149747119504681,True,False
9145,1271313750000000000,127,636,631,599,2000,55,55,4.230237938153678,4.230237938153679,9.312882955284355,9.226412192788786,True,False
9146,39114378269844890,4,2616,1612,1502,2000,921,884,5.299744220212562,5.27072499352195,11.353146825498083,10.552669097514272,True,False
9147,17785177451403883,2,1552,816,782,2000,713,687,6.51337946822102,6.473731495279827,10.599912842187127,9.611024797307353,True,False
9148,19750500562345296983,1975,9675,8173,6606,2000,1261,1217,4.849191122375788,4.841756179710831,13.240045945919135,12.689561254285525,True,False
9149,1033875553281440611,103,2649,2594,2143,2000,227,226,4.773710721808767,4.771353799019817,11.371232128369622,11.065416134676548,True,False
9150,22543500000000000000,2254,9880,8259,6702,2000,1236,1192,5.343895817025327,5.340434709802947,13.27029532647204,12.71037597120447,True,False
9151,188404878134503684951,18840,5555,5489,4460,0,0,0,0.0,0.0,12.439571196276454,12.122827994807666,False,True
9152,9924275748968874082,992,7968,6914,5797,2000,979,965,4.6700763743699705,4.666548846477731,12.960001932068081,12.501090770274512,True,False
9153,532428851452536330,53,4808,3920,3474,2000,916,905,4.393092385320589,4.388506254431063,12.231221180711186,11.762382038710392,True,False
9154,100710406936184541036,10071,5438,5370,4361,0,0,0,0.0,0.0,12.40886043602476,12.090443275081606,False,True
9155,2841159602875268664,284,3289,3223,2623,2000,199,198,4.488473973626451,4.48755703952067,11.683433292835403,11.357002092264985,True,False
9156,2697454015224618,0,1119,0,0,0,0,0,0.0,0.0,10.127994320976393,0,False,True
9157,6185497500000000000,619,3925,3858,3101,2000,192,191,4.57872387472302,4.577866456267088,11.938476938666351,11.598517810612622,True,False
9158,26643684082294611,3,3243,1836,1740,2000,1227,1184,5.301607557324098,5.273934066997653,11.663113308455806,10.76487159073609,True,False
9159,106986253668377824,11,2648,1916,1743,2000,711,687,5.259298981630254,5.234608010683928,11.370687406807217,10.767356854125685,True,False
9160,288340987919650832,29,1610,1546,1357,2000,266,266,4.379045611732459,4.379045611732458,10.65284497300198,10.406205005418855,True,False
9161,2952609004674128124,295,3499,3423,2830,2000,287,287,4.403541620505482,4.403541620505482,11.77272694923985,11.466586337719244,True,False
9162,38204250000000000,4,3673,2063,1918,2000,1213,1167,5.299540774173064,5.267971178180289,11.842743180731658,10.905387005018131,True,False
9163,508204077889222336,51,6211,4567,3983,2000,1042,1013,4.417649020145602,4.4061678170197,12.600609852446706,11.959639764364185,True,False
9164,32919220218987104490,3292,6544,6265,5165,2000,729,725,5.378131041551459,5.3777635070951035,12.67595703294175,12.334552633752422,True,False
9165,4787739305355796,0,661,0,0,0,0,0,0.0,0.0,9.368506461507693,0,False,True
9166,29925000000000000000,2993,5285,5186,4249,2000,381,380,4.806592592931151,4.806226001619365,12.367687756270046,12.052907628313287,True,False
9167,63136762500000000000,6314,9397,8137,6717,2000,1020,995,5.476300506465469,5.473492044736679,13.197984533375603,12.713601313573754,True,False
9168,1851426143630613,0,812,0,0,0,0,0,0.0,0.0,9.665335917185176,0,False,True
9169,56131175327595626633,5613,2803,2791,2342,2000,76,76,4.982931533260994,4.982931533260995,11.452756029032495,11.193525360501216,True,False
9170,12773737814729955000,1277,220,194,187,2000,58,58,5.186179726362456,5.1861797263624565,7.78135971352466,7.546894459887636,True,False
9171,497826572955495000,50,786,642,590,2000,167,164,4.3574441994573885,4.3521408343459544,9.618385502258606,9.204571144249204,True,False
9172,43063471495543318391,4306,5341,5261,4279,2000,326,326,5.408131154406109,5.408131154406108,12.382894168892134,12.06305796362349,True,False
9173,510000000000000000,51,5075,4078,3607,2000,978,967,4.6125444151319215,4.61094656841732,12.309192106959902,11.81658370778757,True,False
9174,526764410308159352,53,5346,4211,3707,2000,978,961,4.466286290991556,4.462556759766578,12.384244122243079,11.856036399819155,True,False
9175,551378446115288220,55,6008,4551,3968,2000,1017,987,4.4991930216294005,4.49277386055734,12.552669097514272,11.954196310386875,True,False
9176,857923018771104561,86,6894,5397,4650,2000,1190,1150,4.8774289922555365,4.873451506385648,12.75112558336727,12.183015000882756,True,False
9177,150000000000000000,15,4926,3414,3083,2000,1186,1145,5.32216105220988,5.305517934235825,12.266200912498961,11.590119174107175,True,False
9178,10932522988706048,1,1310,582,565,582,582,565,9.184875342908283,9.121722615241334,10.355351096424812,9.14210705730255,False,False
9179,8957741887841980431,896,4752,4620,3816,2000,460,458,5.086543599627511,5.086161869616443,12.214319120800766,11.897845456005511,True,False
9180,13327089431739796,1,514,267,262,267,267,262,8.060695931687555,8.023242748166954,9.005624549193879,8.03342300153745,False,False
9181,3737362647689051680,374,615,549,500,2000,107,107,4.542070741766605,4.542070741766604,9.264442600226602,8.965784284662087,True,False
9182,377644395224519725,38,841,676,615,2000,191,187,4.411780067148481,4.405636361827925,9.715961990255144,9.264442600226602,True,False
9183,506730000000000000,51,4788,3779,3275,2000,938,899,4.391125595673149,4.379083441414442,12.225207436943501,11.677279191312175,True,False
9184,89775000000000000,9,837,770,707,2000,182,181,4.48365733592252,4.481255895058,9.709083812550343,9.4655664048094,True,False
9185,15516742273286795032,1552,2320,2307,1916,2000,75,74,4.40493489146102,4.403846816484873,11.179909090014934,10.90388184573618,True,False
9186,49875000000000000,5,3774,2226,2075,2000,1218,1177,5.141507558226937,5.12116822804909,11.881878707600446,11.018895621121649,True,False
9187,86173801825052853,9,186,175,174,2000,57,57,4.339721980726175,4.339721980726175,7.539158811108031,7.442943495848728,True,False
9188,4137400457295000,0,85,0,0,0,0,0,0.0,0.0,6.409390936137702,0,False,True
9189,1540737579564915561,154,2684,2619,2105,2000,188,186,4.5521299302632805,4.55089785994327,11.390168956200183,11.039604517953759,True,False
9190,119700000000000000,12,9,8,8,6,7,7,2.789898095464288,2.7898980954642876,3.169925001442312,3.0,False,False
9191,65415398971167502,7,49,47,47,2000,30,30,4.224234965450488,4.224234965450488,5.614709844115208,5.554588851677638,True,False
9192,986476045871883,0,347,0,0,0,0,0,0.0,0.0,8.43879185257826,0,False,True
9193,2811335030671895,0,1133,0,0,0,0,0,0.0,0.0,10.145932145820515,0,False,True
9194,5417243002987955766,542,7600,6540,5506,2000,983,969,4.785440723952931,4.783201479119033,12.89178370321831,12.42678889459556,True,False
9195,233673465695229708520,23367,5847,5793,4666,0,0,0,0.0,0.0,12.513480875979047,12.187970591984199,False,True
9196,44282850415497203,4,3591,2087,1944,2000,1184,1143,5.291519354448783,5.264539137362988,11.810169937664659,10.92481250360578,True,False
9197,2942625000000000000,294,2480,2442,1981,2000,131,131,4.661631771099815,4.661631771099815,11.276124405274238,10.952013164889486,True,False
9198,387669805009569,0,177,0,0,0,0,0,0.0,0.0,7.467605550082998,0,False,True
9199,210526315789473684,21,1354,1299,1155,2000,196,195,4.491400849541775,4.489198647339572,10.403012023574997,10.17367713630342,True,False
9200,11231504445747355177,1123,4137,3617,2946,2000,571,552,5.411489126322245,5.406611152937652,12.014369242235137,11.524541715035848,True,False
9201,8071862011823868,1,556,162,161,162,162,161,7.339850002884623,7.327504323872278,9.118941072723507,7.330916878114617,False,False
9202,139000000000000000000,13900,9172,8058,6734,0,0,0,0.0,0.0,13.163020639580793,12.717248005827646,False,True
9203,19684506776550000,2,662,391,382,2000,325,319,6.490937276178428,6.472687474607976,9.370687406807217,8.57742882803575,True,False
9204,19950000000000000,2,2811,1181,1137,2000,1024,994,6.4913574171188975,6.456102529616734,11.456867738380343,10.151016538892248,True,False
9205,8386614346425000000,839,6945,6104,5107,2000,872,861,5.167749283438103,5.165917001358501,12.761758978868755,12.318260343712415,True,False
9206,299250000000000000,30,4044,3071,2722,2000,902,866,4.961662985431343,4.942152160164598,11.981567281903015,11.410451351503994,True,False
9207,713212500000000000,71,2641,2157,1861,2000,484,470,4.520101457658833,4.507484936594194,11.366868586167094,10.861862340059151,True,False
9208,997500000000000000,100,2605,2156,1857,2000,461,448,4.5042588974146245,4.492013082834839,11.347067657165871,10.858758099935422,True,False
9209,1380593732369067353,138,7655,6135,5167,2000,1234,1195,4.436771163967161,4.4294542291457795,12.90218666238715,12.335111168424861,True,False
9210,120000000000000000,12,4243,3022,2733,2000,1097,1057,5.269429513426389,5.24180474576608,12.050868963290736,11.416269744523207,True,False
9211,220273996320389602,22,4750,3533,3138,2000,1095,1054,4.769953187859077,4.754252154178121,12.213711798105672,11.615629636968098,True,False
9212,1347806458531956,0,69,0,0,0,0,0,0.0,0.0,6.108524456778169,0,False,True
9213,6074583977244064879,607,8352,7096,5778,2000,1156,1112,4.789266570675711,4.780900336468912,13.027905996569885,12.496354488564615,True,False
9214,5787686632449435497,579,3389,3328,2688,2000,166,165,4.575885098235039,4.573221137582999,11.726643921483994,11.39231742277876,True,False
9215,7329491857910051,1,1883,385,378,385,385,378,8.58871463558226,8.54715619402382,10.878817284614229,8.562242424221072,False,False
9216,299249683034371375481,29925,9319,8070,6494,0,0,0,0.0,0.0,13.185959435631318,12.664891669286089,False,True
9217,246088009552606992,25,5118,3841,3407,2000,1161,1119,4.434813260215117,4.420936812722491,12.321364432039447,11.734286232096347,True,False
9218,509082256934284668,51,6195,4891,4214,2000,1180,1136,4.388978465542573,4.377192372244714,12.596888567027964,12.040974598817305,True,False
9219,381448228779437579,38,5397,3956,3497,2000,1022,993,4.517621984594742,4.504314788872573,12.397941971972639,11.771902080697716,True,False
9220,2000000000000000,0,409,0,0,0,0,0,0.0,0.0,8.67595703294175,0,False,True
9221,5012531328320802,1,783,105,105,105,105,105,6.714245517666122,6.714245517666122,9.612868497291041,6.714245517666122,False,False
9222,4672406847353259980,467,3858,3782,3103,2000,293,293,4.560196367227248,4.560196367227247,11.913637428049103,11.59944798152872,True,False
9223,543637500000000,0,40,0,0,0,0,0,0.0,0.0,5.321928094887363,0,False,True
9224,34626217500000000000,3463,4682,4619,3751,2000,189,187,5.075347797835957,5.072519711955059,12.192909219112012,11.87305954766147,True,False
9225,5639797027238923,1,905,153,150,153,153,150,7.257387842692654,7.205100260993307,9.821773981970567,7.22881869049588,False,False
9226,1418227623097528798,142,7041,5785,4832,2000,1147,1104,4.430383359457033,4.420989043282932,12.781564627244327,12.238404739325079,True,False
9227,997500000000000000,100,4036,3308,2842,2000,716,690,4.502560739642694,4.490404811712651,11.978710459106358,11.47269083924278,True,False
9228,997500000000000000,100,3077,2559,2203,2000,548,529,4.50285416308848,4.489593636235524,11.587308728333545,11.105253779700883,True,False
9229,997500000000000000,100,1598,1351,1187,2000,305,299,4.494522034224604,4.489067120159365,10.642051692927977,10.213104219641906,True,False
9230,8664235058015990244,866,5849,5548,4605,2000,728,723,4.778750886865604,4.776982373392286,12.513974273740658,12.168985440978698,True,False
9231,10000000000000000,1,1351,530,519,530,530,519,9.04984854945056,9.003141214540818,10.399811959325685,9.019590728357882,False,False
9232,20000000000000000,2,1656,916,879,2000,715,689,6.5148387967825006,6.475190823841306,10.693486957499326,9.779719355143405,True,False
9233,3987007500000000000,399,3636,3594,2906,2000,208,208,4.446650377680936,4.446650377680937,11.828136484194108,11.504818987632841,True,False
9234,4554606491017800000,455,1777,1767,1470,2000,88,87,4.67103121173419,4.6706087528379205,10.795227966028678,10.521600439723727,True,False
9235,6473901548424721629,647,1953,1942,1614,2000,86,85,4.53854006074568,4.538046948249533,10.93147623388679,10.656424863277781,True,False
9236,2268955247583900908,227,1331,1320,1127,2000,79,78,4.3259177517890945,4.3251817827713275,10.378294855911891,10.138271800172221,True,False
9237,3214964428503053997,321,1567,1554,1286,2000,81,80,4.515702582167226,4.514980627708866,10.61378946447258,10.328674927327947,True,False
9238,478336322619628538,48,594,581,543,2000,74,73,4.2489730028762445,4.247659181840595,9.214319120800766,9.084808387804362,True,False
9239,718627685815661,0,217,0,0,0,0,0,0.0,0.0,7.7615512324444795,0,False,True
9240,1373919220179260079,137,4114,3418,2893,2000,678,655,4.5176870136326865,4.505609857049893,12.006326078524934,11.4983506079296,True,False
9241,1995000000000000,0,606,0,0,0,0,0,0.0,0.0,9.243173983472952,0,False,True
9242,88777500000000000,9,4318,2849,2601,2000,1239,1195,4.837264092867399,4.818141691656029,12.076147528022505,11.34485068394299,True,False
9243,18952500000000000,2,2828,1427,1371,2000,1226,1183,6.5742153453989935,6.532712028281906,11.4655664048094,10.421012855779226,True,False
9244,34417141704819438949,3442,5149,5078,4101,2000,296,296,5.008254922584228,5.008254922584227,12.330076554797458,12.001760028327217,True,False
9245,518700000000000000,52,1042,869,781,2000,218,214,4.376981533736648,4.372534865958314,10.025139562278508,9.60917873814198,True,False
9246,191824222947178759,19,1254,1187,1045,2000,190,189,4.625106725065813,4.62357445155499,10.29232163280204,10.029287226968245,True,False
9247,21446250000000000000,2145,3233,3207,2631,2000,132,131,4.966746751442425,4.9665834611448725,11.658657792126085,11.36139553316589,True,False
9248,99749923206245551118,9975,9047,7819,6282,2000,1161,1118,6.004811686546708,6.002144054520582,13.14322375612385,12.617008227651965,True,False
9249,2221941941384586859,222,8162,6548,5470,2000,1220,1178,4.572509234445052,4.566253190560989,12.9947069952581,12.417325117679919,True,False
9250,541353383458646616,54,5203,4142,3655,2000,973,961,4.429869010334954,4.427326272686341,12.345127991976693,11.8356556908398,True,False
9251,379919021252740160,38,3957,3142,2811,2000,835,825,4.5658300453391005,4.563078674715436,11.950191349972702,11.456867738380343,True,False
9252,29208425322301099628,2921,7189,6415,5308,2000,813,804,4.749301203209287,4.747096276613156,12.811575388375799,12.373952655370193,True,False
9253,2866612964305417464,287,2006,1750,1505,2000,324,317,4.551993963405646,4.546749802775356,10.970105890612182,10.555547771647065,True,False
9254,351018166238341372,35,2315,1829,1605,2000,489,475,4.423171059383452,4.410283824411148,11.1767964781476,10.648357582009666,True,False
9255,3659857500747964389,366,4240,4083,3419,2000,485,483,5.163773999556223,5.163423635027731,12.049848549450562,11.739358707433395,True,False
9256,3391500000000000000,339,7941,6454,5417,2000,967,938,4.647003216429898,4.638571745467939,12.955104980216555,12.403278375471052,True,False
9257,6341231288627099288,634,3970,3925,3163,2000,211,211,4.5362266588909,4.5362266588909,11.95492329203032,11.627077840517394,True,False
9258,805636734559878731,81,6628,4992,4327,2000,1041,1011,4.522204820772544,4.516119204370994,12.694357887221452,12.079151405421891,True,False
9259,25339023624319850,3,3226,1686,1602,2000,1198,1158,5.2944109895612925,5.268080986341832,11.655530723155643,10.64565843240871,True,False
9260,7851019108027963,1,899,224,223,224,224,223,7.807354922057605,7.798426350629032,9.812177305514448,7.800899899920305,False,False
9261,49875000000000000,5,570,503,481,2000,182,181,4.761531663125209,4.758461824291748,9.154818109052105,8.909893083770042,True,False
9262,28656207709700973,3,702,457,440,2000,290,285,5.592807614668428,5.5799115203427085,9.45532722030456,8.78135971352466,True,False
9263,84313888942907940,8,452,328,315,2000,145,143,4.387095744212394,4.381614669759626,8.820178962415188,8.29920801838728,True,False
9264,18941707993410541915,1894,8466,7378,6159,2000,973,959,4.885218284432479,4.882714765946247,13.04746477331842,12.588480412829758,True,False
9265,551378446115288220,55,6557,4956,4281,2000,1217,1173,4.473642686036344,4.462325885178335,12.678820179524028,12.063732120196919,True,False
9266,1246875000000000000,125,6677,5467,4655,2000,1012,988,4.689518232384492,4.685301331498199,12.70498432489298,12.184565452446156,True,False
9267,13468781571671009841,1347,2245,2233,1884,2000,86,86,5.296785558843695,5.296785558843694,11.13249972962851,10.879583249612784,True,False
9268,29498637070151873680,2950,5149,5100,4078,2000,209,209,5.03810351034035,5.038103510340349,12.330076554797458,11.993646060016596,True,False
9269,192411087255014292,19,4013,2949,2709,2000,973,961,4.400928202172061,4.398102781150208,11.970465440779995,11.403544678202014,True,False
9270,46072669959008023215,4607,3576,3550,2915,2000,135,134,5.052308659173746,5.052158903474238,11.804131021183318,11.509280168087859,True,False
9271,11426720887452280568,1143,4094,4031,3268,2000,190,188,5.1572119199182,5.156625472325799,11.99929538702341,11.674192268145683,True,False
9272,75122437902837039817,7512,1870,1866,1624,2000,84,83,5.266292752227053,5.265612314858343,10.868822554774999,10.665335917185176,True,False
9273,4910946123986910000,491,3116,2708,2244,2000,443,431,4.647866971671461,4.642419080959268,11.605479518061669,11.131856960608793,True,False
9274,993942864825750037,99,81,74,73,2000,30,30,4.34628987021072,4.346289870210721,6.339850002884624,6.189824558880018,True,False
9275,1995000000000000,0,884,0,0,0,0,0,0.0,0.0,9.787902559391432,0,False,True
9276,7392952654671412,1,1551,334,328,334,334,328,8.38370429247405,8.341788124809382,10.59898297103609,8.357552004618084,False,False
9277,1935150000000000000,194,7808,6405,5345,2000,1241,1197,5.008310918538406,5.00419974459681,12.930737337562887,12.383974232607853,True,False
9278,123440625000000,0,48,0,0,0,0,0,0.0,0.0,5.584962500721156,0,False,True
9279,2749366445671978,0,1125,0,0,0,0,0,0.0,0.0,10.1357092861044,0,False,True
9280,292553551721263471903,29255,9569,8317,6884,0,0,0,0.0,0.0,13.224152449663665,12.749031382040204,False,True
9281,31915012500000000000,3192,7362,6608,5428,2000,801,795,5.154480273624645,5.153892003787234,12.845882034384061,12.406205005418855,True,False
9282,71543653746551425192,7154,10367,8837,7202,2000,1250,1207,6.133599892551847,6.131798547358649,13.339710847346451,12.81418188419028,True,False
9283,2558129046487181642,256,7962,6324,5323,2000,1049,1020,4.546291096305573,4.540991875662055,12.958915156091349,12.378023850925485,True,False
9284,519473062500000000000,51947,1576,1410,1223,0,0,0,0.0,0.0,10.622051819456376,10.256208688527387,False,True
9285,2477103216222600000,248,1357,1346,1147,2000,78,77,4.455950479927784,4.454669782030941,10.406205005418855,10.163649676015824,True,False
9286,2691105892757034317,269,1407,1394,1187,2000,77,76,4.3547163831193965,4.353645853964535,10.458406613236532,10.213104219641906,True,False
9287,65872710983686046,7,131,126,125,2000,56,56,4.294538619489792,4.294538619489792,7.03342300153745,6.965784284662087,True,False
9288,1146761322144444163,115,1674,1429,1243,2000,301,295,4.505752348821997,4.500240462076792,10.709083812550343,10.279610581052484,True,False
9289,3624060150375939849,362,8612,7099,5884,2000,1244,1205,4.879151136645973,4.87534478147806,13.072132604167233,12.522581531254831,True,False
9290,24937500000000000,2,74,61,60,525,61,60,5.1822874839788975,5.175999614852545,6.20945336562895,5.906890595608519,False,False
9291,997500000000000000,100,789,777,695,2000,69,69,4.287511673544816,4.287511673544815,9.623881490013458,9.44086916761087,True,False
9292,99500625000000000,10,323,307,296,2000,98,97,4.3829423599543915,4.381673357601303,8.335390354693924,8.20945336562895,True,False
9293,188308380047869725175,18831,4482,4443,3610,0,0,0,0.0,0.0,12.129926933510394,11.817783121774534,False,True
9294,22165092544468479820,2217,4419,4356,3537,2000,173,172,4.529810969420326,4.528733714880466,12.109504215757006,11.788310503700918,True,False
9295,4847057473440033180,485,54,50,50,2000,34,34,4.6352697037593185,4.635269703759319,5.754887502163468,5.643856189774724,True,False
9296,1275865230437601877,128,7,6,6,0,0,0,0.0,0.0,2.807354922057604,2.584962500721156,False,False
9297,4531946097141869693,453,2134,2118,1740,2000,110,109,4.585646442100072,4.585143886137391,11.059344460824425,10.76487159073609,True,False
9298,1945125000000000000,195,888,884,814,2000,69,66,4.55825243544412,4.531780365469495,9.794415866350105,9.668884984266247,True,False
9299,30075187969924812,3,433,365,354,2000,180,179,5.195869438576279,5.191528146206936,8.758223214726724,8.467605550082997,True,False
9300,1955471266120056156,196,7912,6425,5367,2000,1257,1213,4.559026378255469,4.551876704669741,12.94982671075911,12.389900172773064,True,False
9301,128559100720050000,13,368,358,342,2000,78,77,4.243773793635734,4.242773707334412,8.523561956057012,8.417852514885897,True,False
9302,288277500000000000,29,1873,1772,1567,2000,383,381,4.419242824115824,4.417331629755304,10.871135184243045,10.61378946447258,True,False
9303,70175438596491228,7,3431,2237,2124,2000,1005,986,4.514144031776504,4.505940121774775,11.744413410557655,11.052568050804153,True,False
9304,229624945822650000,23,335,331,326,2000,63,62,4.3002043236454925,4.258768145493285,8.388017285345136,8.348728154231077,True,False
9305,58935499057751592,6,3762,2140,1983,2000,1016,987,4.743461986135603,4.726332401186403,11.877284133523196,10.953468962228849,True,False
9306,65560626715735634,7,728,664,626,2000,193,192,5.30843518932325,5.304647962606086,9.507794640198696,9.290018846932618,True,False
9307,2410184648830130,0,501,0,0,0,0,0,0.0,0.0,8.968666793195208,0,False,True
9308,1978105917740427508,198,3029,2979,2432,2000,202,201,4.580193764361917,4.579444804367473,11.564625862795372,11.247927513443585,True,False
9309,3753993932717799336,375,5964,5196,4356,2000,799,793,4.757572904420522,4.756621478180242,12.542064542283443,12.088788238716907,True,False
9310,997500000000000000,100,7094,5625,4783,2000,1246,1202,4.395316189371949,4.379971636299754,12.792383614935188,12.223700075986306,True,False
9311,16386012543726112722,1639,5466,4735,3833,2000,737,711,5.432820344960925,5.427905738600846,12.416269744523207,11.904258282800518,True,False
9312,188389412674760279,19,1223,1168,1048,2000,195,194,4.712180361686224,4.709427264451836,10.256208688527387,10.03342300153745,True,False
9313,85968948202280447,9,2406,1674,1533,2000,711,686,4.888440484538897,4.871724532055886,11.232420927176076,10.582141981658777,True,False
9314,41071689709902621313,4107,4762,4699,3821,2000,192,190,5.116256657602904,5.1136570488003805,12.217351905270334,11.89973454235751,True,False
9315,2302911182645573188,230,3952,3781,3194,2000,512,509,5.126433923909019,5.125349116171981,11.948367231584678,11.641148597411233,True,False
9316,11719298245614035087,1172,7690,6577,5321,2000,1044,1004,5.2001248622964455,5.194780418660748,12.908767882849189,12.377481688182957,True,False
9317,32284386407877953,3,447,391,382,2000,195,194,5.427724574351517,5.423811376201391,8.804131021183318,8.57742882803575,True,False
9318,399000000000000000,40,1702,1636,1404,2000,197,196,4.355220700855675,4.353845099029877,10.733015321685963,10.45532722030456,True,False
9319,6598114777523842,1,1204,298,298,298,298,298,8.219168520462162,8.219168520462162,10.233619676759702,8.219168520462162,False,False
9320,348796087117179603,35,4884,3749,3297,2000,1038,997,4.417088726086448,4.401365114457379,12.253847484987404,11.686938171670388,True,False
9321,131116988114103634,13,4790,3304,2988,2000,1186,1145,4.545936333845667,4.528307042257115,12.225809940623543,11.544964432789238,True,False
9322,7985429846119622,1,1018,267,263,267,267,263,8.060695931687555,8.023242748166956,9.991521846075695,8.038918989292302,False,False
9323,5734884945532104,1,736,129,129,129,129,129,7.011227255423254,7.011227255423254,9.523561956057012,7.011227255423254,False,False
9324,254851147364137768,25,578,563,513,2000,95,94,4.294013785128773,4.293117350865694,9.174925682500678,9.002815015607053,True,False
9325,8700000000000000,1,1124,316,311,316,316,311,8.3037807481771,8.265806064632796,10.134426320220927,8.280770770130603,False,False
9326,73407966946205031,7,2195,1512,1391,2000,661,640,4.526252652985453,4.512249433931533,11.10000522442272,10.44190670454224,True,False
9327,122212850390326522,12,1790,1325,1205,2000,469,458,5.080131083121996,5.064535278996011,10.805743872151618,10.234817431117325,True,False
9328,99750000000000000,10,4451,2882,2653,2000,1217,1177,5.857239413810996,5.829973073038213,12.119913785452269,11.373408960228696,True,False
9329,157631030514911955,16,1390,1308,1202,2000,316,316,4.638182826615441,4.63818282661544,10.44086916761087,10.231221180711186,True,False
9330,229425000000000000,23,5605,3972,3521,2000,1222,1176,4.4080045874131475,4.394970806502053,12.45249865769279,11.781769511863132,True,False
9331,78030684772617229462,7803,7662,6897,5678,2000,817,811,5.540155183005796,5.539749194072096,12.90350531042388,12.471167133724391,True,False
9332,341435555059342688586,34144,5955,5859,4791,0,0,0,0.0,0.0,12.539885792751477,12.226111098132389,False,True
9333,496619931917976246,50,5719,4219,3685,2000,967,938,4.430957994907116,4.423611347256772,12.481547190203287,11.847448903982432,True,False
9334,74812500000000000,7,779,724,674,2000,200,199,4.392859647082194,4.391024325483794,9.605479518061669,9.396604781181859,True,False
9335,1494924933708032,0,351,0,0,0,0,0,0.0,0.0,8.45532722030456,0,False,True
9336,961416822429000000,96,842,835,746,2000,80,79,4.270906269556481,4.2696716947418505,9.717676423066395,9.543031820255237,True,False
9337,1863181487657035300,186,1051,1044,931,2000,79,76,4.475801462002642,4.417193899190297,10.037546953962178,9.862637357558794,True,False
9338,20498520083441362252,2050,4530,4466,3616,2000,180,178,4.584994927719837,4.583867533510059,12.145295334933598,11.820178962415188,True,False
9339,6896733487160575,1,1901,314,308,314,314,308,8.294620748891628,8.250034761630483,10.892542816648552,8.266786540694902,False,False
9340,7034647045559980964,703,3664,3601,2898,2000,188,186,4.7214302808289546,4.72051217451427,11.839203788096944,11.50084187955693,True,False
9341,99348172020843712924,9935,10232,8643,7007,2000,1247,1200,5.765564374371712,5.762819577784933,13.320800548881637,12.774581180893598,True,False
9342,728228535569868654,73,5311,4340,3815,2000,959,948,4.468125824639221,4.465771120824202,12.374767814092825,11.897467341721892,True,False
9343,8737112397787819238,874,1956,1949,1674,2000,92,90,4.388279372898942,4.387023833821726,10.933690654952233,10.709083812550343,True,False
9344,15461250000000000000,1546,8779,7530,6072,2000,1165,1121,5.477647330670366,5.473508337887427,13.099840899000721,12.567956075415466,True,False
9345,1995000000000000000,200,7797,6424,5367,2000,1230,1186,4.6497136235038585,4.643468186003529,12.928703419193356,12.389900172773064,True,False
9346,3644298471761487721,364,8402,7041,5797,2000,1229,1183,4.795650353290369,4.786957537059335,13.036517070486518,12.501090770274512,True,False
9347,1995000000000000,0,23,0,0,0,0,0,0.0,0.0,4.523561956057013,0,False,True
9348,96587778989524658285,9659,5468,5399,4345,2000,208,207,5.193597414464217,5.193168743522751,12.41679752760606,12.085140461701762,True,False
9349,4279978569525855000,428,3961,3415,2817,2000,563,545,4.504996951256854,4.4978560216559345,11.951648985904619,11.45994384837493,True,False
9350,24780287967944628702,2478,3641,3190,2598,2000,490,477,5.626622478456594,5.622850803665087,11.830119025444516,11.34318571544788,True,False
9351,308452003973400000,31,1130,911,820,2000,263,259,4.7278790380183615,4.719869025502717,10.14210705730255,9.679480099505446,True,False
9352,69825000000000000,7,729,662,620,2000,181,180,4.702567260997052,4.699565009308284,9.509775004326936,9.276124405274238,True,False
9353,542166283979987460,54,4927,4003,3531,2000,930,918,4.398115279589826,4.394632041217164,12.266493756312183,11.7858611057596,True,False
9354,1054549308589660938,105,356,317,300,2000,83,83,4.419445131923314,4.419445131923313,8.475733430966399,8.228818690495881,True,False
9355,114215424358296935880,11422,4053,4025,3289,0,0,0,0.0,0.0,11.984774460046841,11.683433292835403,False,True
9356,96321532829820614,10,3600,2413,2271,2000,1006,987,4.542605871256127,4.535146414989778,11.813781191217037,11.149111990706889,True,False
9357,18932550000000000000,1893,6559,6202,5104,2000,759,754,5.444716570791485,5.44397255799013,12.67926015971679,12.31741261376487,True,False
9358,1657479659143317,0,562,0,0,0,0,0,0.0,0.0,9.134426320220927,0,False,True
9359,2079936440312373035,208,7642,6060,5114,2000,1007,977,4.881944796456983,4.877894111643256,12.89973454235751,12.32023644524165,True,False
9360,4440234005566825079,444,3704,3655,2961,2000,221,221,5.080259543762636,5.0802595437626366,11.854868383260236,11.531868775177553,True,False
9361,2319799581868258,0,1085,0,0,0,0,0,0.0,0.0,10.083479327331842,0,False,True
9362,68968864232290941,7,2214,1514,1399,2000,677,655,4.514133811578481,4.499734658142243,11.112439506781552,10.450180247164754,True,False
9363,106298900961838944,11,130,127,126,2000,50,50,4.200378722959608,4.200378722959608,7.022367813028454,6.977279923499917,True,False
9364,194115900737947518,19,4687,3226,2908,2000,1013,983,4.516194257221507,4.502608827839881,12.194449079479025,11.505811553919594,True,False
9365,1886553481070851,0,934,0,0,0,0,0,0.0,0.0,9.867278739709661,0,False,True
9366,9906083776494722557,991,5510,5279,4392,2000,645,642,4.966680296122772,4.966219201021907,12.42783660345852,12.100662339005199,True,False
9367,2194500000000000000,219,8151,6536,5459,2000,1218,1176,4.669685693387004,4.659452545859306,12.99276135094313,12.414420981746417,True,False
9368,2630513386742942546,263,4030,3430,2863,2000,607,589,4.467173393360323,4.460009109694637,11.97656412341533,11.483311954999353,True,False
9369,22802136428400000,2,66,59,58,619,59,58,5.258665736661034,5.253269386586435,6.044394119358453,5.857980995127572,False,False
9370,3221737815231459,0,2,0,0,0,0,0,0.0,0.0,1.0,0,False,True
9371,9927216987465118897,993,4279,4219,3426,2000,258,258,4.77632044585867,4.776320445858671,12.06305796362349,11.742309436084,True,False
9372,11471250000000000,1,408,205,202,205,205,202,7.6794800995054455,7.6502118068225196,8.672425341971495,7.658211482751795,False,False
9373,1047375000000000000,105,1628,1388,1207,2000,298,292,4.497138210364143,4.491684059827482,10.668884984266247,10.237209960755022,True,False
9374,19075073776883231,2,2930,1443,1389,2000,1238,1198,6.578184617503318,6.5405999433964075,11.51668494930961,10.439830883981392,True,False
9375,127339456665803893,13,5019,3401,3072,2000,1219,1173,4.463889345611612,4.450951610831286,12.29318423075951,11.584962500721156,True,False
9376,504045629995035627,50,332,329,323,2000,52,52,4.165020183498572,4.165020183498574,8.375039431346925,8.335390354693924,True,False
9377,4987500000000000,0,388,0,0,0,0,0,0.0,0.0,8.599912842187127,0,False,True
9378,20014338750000000000,2001,9759,8244,6672,2000,1252,1212,5.242400759377801,5.2394757726671655,13.252517607762288,12.703903573444663,True,False
9379,199500000000000000,20,5249,3788,3385,2000,1239,1196,4.5047822899161165,4.491777960567194,12.357826882210777,11.724940118462358,True,False
9380,847222714360363,0,236,0,0,0,0,0,0.0,0.0,7.882643049361842,0,False,True
9381,1995000000000000000,200,1219,1208,1040,2000,82,81,4.452422918455164,4.451533156225546,10.251482410620213,10.022367813028454,True,False
9382,379050000000000000,38,542,529,500,2000,75,74,4.244182463649396,4.242541093761763,9.08214904135387,8.965784284662087,True,False
9383,54663000000000000000,5466,9639,8065,6613,2000,1014,982,6.317650409478049,6.316066656138838,13.234667766192569,12.691089186236532,True,False
9384,157032008983765817,16,5134,3642,3281,2000,1240,1200,4.789092308751658,4.770299971698204,12.325867580575418,11.67991987851842,True,False
9385,1006338178749839538,101,5979,4987,4306,2000,966,956,4.770904067144112,4.765903442065978,12.545688495560213,12.072132604167233,True,False
9386,1923009140546584033,192,3254,2756,2329,2000,518,502,4.486778113448004,4.4765719087235585,11.667998535672528,11.185494924210866,True,False
9387,9707159956196631517,971,3761,3270,2670,2000,522,505,5.288477808842039,5.282653525833349,11.876900591040306,11.382624026574916,True,False
9388,3983449370376813128,398,3442,2957,2451,2000,498,483,4.650909244403639,4.640559741839686,11.749031382040204,11.25915476886684,True,False
9389,18000000000000000,2,2343,1198,1148,2000,1043,1004,6.501558994768098,6.459866307608009,11.194141238863136,10.164906926675688,True,False
9390,9283433268673200000,928,2046,2035,1686,2000,85,84,4.622679046873148,4.62222298036457,10.99859042974533,10.719388820942083,True,False
9391,3442937491231875000,344,1591,1580,1302,2000,81,80,4.475199842704086,4.474631023133908,10.635718120331047,10.346513733165635,True,False
9392,14536340852130325,1,2718,1225,1182,1225,1225,1182,10.258566033889933,10.180836008625546,11.40832974076739,10.207014320177532,False,False
9393,2284275000000000000,228,7553,6133,5168,2000,1026,997,4.873118537693386,4.867326647203259,12.882834071545622,12.335390354693924,True,False
9394,2686516875000000000,269,4971,4665,3924,2000,721,716,4.503230695199068,4.500992099047241,12.279320387942608,11.938109326219239,True,False
9395,18952500000000000,2,1612,858,849,2000,776,770,6.550179035045301,6.542465346802232,10.654636028527968,9.729620743553038,True,False
9396,5631999886205623617,563,7219,6314,5342,2000,922,911,4.845421142001154,4.844047533834459,12.817583288677616,12.38316426063511,True,False
9397,19254724508319760,2,1447,773,743,2000,653,633,6.518826164237851,6.485311861866155,10.498849206531725,9.537218400538595,True,False
9398,748125000000000000,75,4999,4137,3635,2000,888,877,4.834857827707249,4.832329489046829,12.287423811683523,11.827739648806956,True,False
9399,15590445594021131454,1559,7644,6778,5678,2000,893,882,4.751019405836013,4.7486361603028,12.900112062977456,12.471167133724391,True,False
9400,210871854744547757,21,318,313,310,2000,63,63,4.222622629081589,4.22262262908159,8.312882955284355,8.276124405274238,True,False
9401,1396500000000000000,140,3304,3181,2703,2000,434,432,4.544981411440487,4.544212091903617,11.689997971419446,11.400345796534694,True,False
9402,13466250000000000000,1347,5102,4965,4083,2000,472,470,5.438210576020278,5.437935152257472,12.316847183602473,11.99541385222515,True,False
9403,43755581453634085213,4376,5963,5792,4800,2000,551,548,6.375936796210642,6.37555648361607,12.54182262142417,12.228818690495881,True,False
9404,13082212500000000000,1308,5331,5146,4255,2000,535,533,4.415097360922953,4.414063167916684,12.380190466749834,12.054943416573325,True,False
9405,40523024036201084863,4052,5179,5119,4135,2000,269,269,5.080395133364491,5.080395133364492,12.338457843130849,12.013671614058637,True,False
9406,195384078874545150,20,4321,3179,2851,2000,1044,1004,4.553008871310996,4.537545007857039,12.077149515589733,11.477252323937952,True,False
9407,2862825000000000000,286,2366,2067,1756,2000,369,361,4.499558236425456,4.492821689757541,11.208234358339789,10.778077129535358,True,False
9408,1182608198359663,0,334,0,0,0,0,0,0.0,0.0,8.383704292474052,0,False,True
9409,4822198820374320777,482,3853,3798,3058,2000,211,210,4.8225995335512435,4.822014738229608,11.91176647065955,11.578372691360805,True,False
9410,3560502358398905440,356,3612,3560,2879,2000,205,202,4.818391084926227,4.817445508241519,11.818582177480858,11.491352073563435,True,False
9411,4110271318125000000,411,3822,3741,3088,2000,316,316,5.159201555561521,5.15920155556152,11.900112062977456,11.59245703726808,True,False
9412,5528238277203248802,553,8521,6936,5761,2000,996,965,5.23975206836694,5.236420056249925,13.056807035580608,12.49210354247923,True,False
9413,20947500000000000,2,1119,646,627,2000,466,455,6.523240759732405,6.495657485351506,10.127994320976393,9.29232163280204,True,False
9414,49595700000000000,5,1379,916,857,2000,464,453,4.919410274185816,4.90463735743916,10.429406741513981,9.7431513941125,True,False
9415,798054021889018636,80,3306,2707,2334,2000,606,587,4.567357108639838,4.556646351752558,11.690871009292314,11.188588845707349,True,False
9416,1681869232731110321,168,2843,2775,2219,2000,191,190,4.579947032502851,4.579018062944469,11.473198383677527,11.115693952197011,True,False
9417,9359656615517367335,936,4227,4160,3325,2000,198,196,4.723799910908758,4.722718736744254,12.045418397030792,11.699138625275914,True,False
9418,6733125000000000000,673,3997,3951,3176,2000,224,224,5.195360391220068,5.195360391220069,11.964701857420447,11.632995197142957,True,False
9419,1182381299454104,0,611,0,0,0,0,0,0.0,0.0,9.25502856981873,0,False,True
9420,2118454996884578394,212,1206,1195,1035,2000,62,62,4.481470586958711,4.481470586958712,10.236014191900084,10.015415052386688,True,False
9421,1770662141018118827,177,1104,1093,964,2000,62,62,4.325172556518082,4.3251725565180825,10.108524456778168,9.912889336229961,True,False
9422,534887229323728017,53,664,652,592,2000,73,72,4.471883808264364,4.462477906776544,9.375039431346925,9.20945336562895,True,False
9423,4986224454807228710,499,8557,6918,5780,2000,1048,1018,4.871342552430814,4.867848104131838,13.062889375245748,12.496853777388042,True,False
9424,1511943432486178126,151,2019,1989,1620,2000,117,115,4.663231063531541,4.662726628015403,10.979425195331473,10.661778097771988,True,False
9425,54711791715000000000,5471,5538,5483,4423,2000,207,206,4.554541240553282,4.553663487600839,12.43514933836693,12.110809526898654,True,False
9426,2491167191573522447,249,7630,6131,5160,2000,977,947,4.831743886324273,4.827727965131054,12.897467341721892,12.333155350310616,True,False
9427,1778174715256393899,178,2597,2534,2064,2000,178,176,4.488967948713834,4.483581767210039,11.342630298678408,11.011227255423254,True,False
9428,680351983972843,0,541,0,0,0,0,0,0.0,0.0,9.079484783826816,0,False,True
9429,7658197303749151,1,2005,392,383,392,392,383,8.614709844115206,8.56368943595194,10.969386521342283,8.581200581924957,False,False
9430,2934632438904893,0,1130,0,0,0,0,0,0.0,0.0,10.14210705730255,0,False,True
9431,14812875000000000000,1481,4672,4605,3736,2000,192,191,4.532171457588705,4.531248167598706,12.189824558880018,11.867278739709661,True,False
9432,27883160134849521,3,3362,1840,1745,2000,1230,1190,5.302276651898981,5.277281096489402,11.715104009236168,10.769011321097015,True,False
9433,9783641226044358,1,2088,572,558,572,572,558,9.15987133677839,9.104784317540057,11.027905996569885,9.124121311829187,False,False
9434,39890326531684215200,3989,9609,8214,6746,2000,1104,1072,5.831717454607115,5.829821415443774,13.23017058349584,12.719816603018126,True,False
9435,17851853356937443,2,1318,702,677,2000,610,592,6.545453739882475,6.51190576209938,10.364134655008051,9.403012023574997,True,False
9436,49875000000000000,5,533,470,451,2000,176,174,4.703462034681816,4.699557008699468,9.057991722759176,8.81698362325538,True,False
9437,268647894680934567,27,5646,4149,3673,2000,1247,1204,5.305981782068125,5.278876704732881,12.463013413449692,11.842743180731658,True,False
9438,4071951663468843887,407,4541,4350,3643,2000,575,573,5.006713764963159,5.0063859637803345,12.148794321424335,11.830911279742782,True,False
9439,108664796129458783,11,4039,2754,2555,2000,1012,986,4.553007848193954,4.546104204922469,11.979782430703086,11.319107575824983,True,False
9440,985190280903384179,99,2661,2569,2191,2000,350,349,4.529156129584121,4.528564413607791,11.37775279502222,11.097373768990222,True,False
9441,12472071975870886,1,121,58,58,58,58,58,5.857980995127571,5.857980995127571,6.918863237274595,5.857980995127572,False,False
9442,596118245535983625000,59612,1626,1621,1396,0,0,0,0.0,0.0,10.667111542075027,10.447083226209653,False,True
9443,249375000000000000,25,377,373,362,2000,63,61,4.193294105373664,4.189534427068822,8.558420713268664,8.499845887083206,True,False
9444,104300597214890,0,27,0,0,0,0,0,0.0,0.0,4.754887502163468,0,False,True
9445,769117756283029484,77,3855,3127,2699,2000,716,690,4.543909332633193,4.531304145707814,11.912515144802397,11.398209261466851,True,False
9446,1156555468177656371,116,1824,1796,1463,2000,108,107,4.5490422122129,4.534087582833401,10.832890014164741,10.514714054138487,True,False
9447,1115707778419416659,112,7479,5978,5030,2000,1263,1218,4.87943037713504,4.874573617568746,12.868629668212657,12.29634268469289,True,False
9448,65390709860844647,7,4152,2649,2437,2000,1248,1205,5.305688794212831,5.278254901057142,12.019590728357882,11.250890535723341,True,False
9449,5536805895998013,1,1703,239,235,239,239,235,7.900866807980751,7.85902580379665,10.733862719678543,7.876516946564999,False,False
9450,563068800000000000,56,4103,3461,3021,2000,777,771,4.920003371992683,4.918628462093856,12.002463438892535,11.56081046872794,True,False
9451,600000000000000,0,57,0,0,0,0,0,0.0,0.0,5.832890014164741,0,False,True
9452,5012531328320802,1,309,58,58,58,58,58,5.857980995127571,5.857980995127571,8.271463027904375,5.857980995127572,False,False
9453,471386470485193422,47,5700,4164,3647,2000,962,933,4.431897838830633,4.423799585308311,12.476746203939467,11.832494484336113,True,False
9454,9975000000000000,1,141,74,74,74,74,74,6.20945336562895,6.20945336562895,7.139551352398794,6.20945336562895,False,False
9455,19950000000000000,2,297,228,226,2000,179,178,6.412954988026568,6.406951986525818,8.214319120800766,7.820178962415188,True,False
9456,49875000000000000,5,587,518,496,2000,188,187,4.71105480221909,4.708303426531245,9.197216693110052,8.954196310386875,True,False
9457,15411375000000000000,1541,7826,6711,5418,2000,1050,1009,5.377037029521222,5.372542474320598,12.934059394900794,12.403544678202014,True,False
9458,23966608148989278799,2397,1044,929,822,2000,181,181,6.2639443630725395,6.263944363072538,10.027905996569885,9.682994583681683,True,False
9459,202538631697710000,20,3116,2350,2099,2000,737,711,4.528598193410307,4.514605307740066,11.605479518061669,11.035486451292154,True,False
9460,10993607023438079,1,211,147,146,147,147,146,7.1996723448363635,7.186066902659492,7.721099188707185,7.189824558880018,False,False
9461,28892163048407244,3,3463,1824,1722,2000,1220,1174,5.301028354035363,5.272076726731248,11.757806672197228,10.749869427396844,True,False
9462,2793000000000000000,279,4019,3860,3245,2000,489,487,4.783481860072041,4.783011699054492,11.972620862058745,11.6640027628865,True,False
9463,4349043744292889251,435,1773,1555,1339,2000,272,268,4.592504799543878,4.590197162708225,10.79197682089869,10.386940245324311,True,False
9464,204487500000000000,20,993,784,715,2000,254,250,4.440921284921406,4.435311490319147,9.955649907528374,9.481799431665753,True,False
9465,20947500000000000,2,539,333,326,2000,247,243,6.466641670315654,6.449894204784769,9.074141462752506,8.348728154231077,True,False
9466,299449500000000000,30,913,737,672,2000,220,216,4.476412589194241,4.470240702139774,9.834471049984222,9.39231742277876,True,False
9467,2274505874835219375,227,3798,3230,2707,2000,584,565,4.5813813577964275,4.570403244481554,11.891024190149498,11.402479172214964,True,False
9468,992317979557366039,99,3218,2660,2285,2000,566,547,4.46366543939889,4.450866734145747,11.651948610723446,11.157978449945432,True,False
9469,582540000000000000,58,6422,5074,4370,2000,1215,1172,4.442136101901838,4.428197903487989,12.64880694972577,12.093417564387961,True,False
9470,977007793090008543,98,3923,3617,3114,2000,720,715,4.394561504345237,4.391627290023656,11.937741620077096,11.604553229079038,True,False
9471,3822025513674560208,382,3546,3049,2527,2000,523,506,4.731552546681222,4.722064716015747,11.79197682089869,11.303209948944776,True,False
9472,399043071942578471,40,4122,3196,2804,2000,860,825,4.482203023105994,4.467591334595752,12.009128789539256,11.453270634010623,True,False
9473,2340135000000000000,234,1426,1411,1204,2000,90,89,4.486298004154955,4.485053131010278,10.477758266443889,10.233619676759702,True,False
9474,19484877080034193,2,1729,909,869,2000,769,741,6.548710319578773,6.508976943838606,10.755722153642282,9.7632123668144,True,False
9475,5060576178923354,1,725,106,106,106,106,106,6.7279204545632,6.7279204545632,9.501837184902296,6.727920454563199,False,False
9476,134662500000000000,13,1120,1051,958,2000,190,189,4.711427993330779,4.7086762735058905,10.129283016944967,9.90388184573618,True,False
9477,2094750000000000,0,550,0,0,0,0,0,0.0,0.0,9.103287808412022,0,False,True
9478,139455380362651018525,13946,6964,6693,5546,0,0,0,0.0,0.0,12.7657004876511,12.437231901039478,False,True
9479,29026239001830000,3,1807,1093,1032,2000,691,668,6.187331092246509,6.156256499374646,10.8193807908646,10.011227255423254,True,False
9480,46967641001424670,5,157,146,142,2000,80,79,4.901537445462362,4.899481555023275,7.294620748891627,7.149747119504682,True,False
9481,9122807017543859649,912,4278,4238,3393,2000,221,221,4.865159563182836,4.865159563182835,12.062720767165045,11.728345714710978,True,False
9482,24457319922585690,2,386,331,330,2000,230,230,6.436198331637082,6.436198331637081,8.59245703726808,8.366322214245816,True,False
9483,108311303939995,0,27,0,0,0,0,0,0.0,0.0,4.754887502163468,0,False,True
9484,14962500000000000000,1496,2363,2351,1974,2000,100,98,5.129228712728156,5.128645246713055,11.206403913973848,10.946906274456397,True,False
9485,2350532831748059093,235,3144,3076,2452,2000,191,190,4.372500349924855,4.3711117530055486,11.618385502258606,11.259743263690781,True,False
9486,4573018259939900,0,362,0,0,0,0,0,0.0,0.0,8.499845887083206,0,False,True
9487,53382451551489365,5,3674,2071,1925,2000,1008,979,4.515201176456279,4.501295049617362,11.84313591111135,10.910642730469625,True,False
9488,3888853902084580243,389,6236,5413,4566,2000,843,832,4.535022864058863,4.531432236284099,12.606405212697785,12.156715144224702,True,False
9489,2971773611721973204,297,7408,6200,5224,2000,1013,988,5.084513528749804,5.079367221062701,12.854868383260236,12.350939181546432,True,False
9490,224478983697231,0,153,0,0,0,0,0,0.0,0.0,7.257387842692652,0,False,True
9491,228608135059003936,23,1395,1111,1000,2000,350,344,4.509813878922248,4.502716897198761,10.44604940671655,9.965784284662087,True,False
9492,89775000000000000,9,1505,1082,991,2000,446,434,4.708129070672595,4.696497056770127,10.555547771647065,9.952741247186488,True,False
9493,595692737524692150000,59569,1627,1622,1397,0,0,0,0.0,0.0,10.667998535672528,10.448116305409464,False,True
9494,595657086292968628688,59566,1629,1624,1399,0,0,0,0.0,0.0,10.669770888525518,10.450180247164754,False,True
9495,71783058160583942672,7178,5428,5373,4325,2000,243,243,5.339907299664794,5.339907299664793,12.406205005418855,12.078484417411449,True,False
9496,251496212171075579,25,1279,1220,1034,2000,158,157,4.362777922785533,4.358694151589351,10.320800548881637,10.014020470314934,True,False
9497,7960773997738123945,796,3606,3543,2851,2000,176,175,4.672699385500249,4.6718240846155705,11.816183681432342,11.477252323937952,True,False
9498,585494882340462709,59,2113,2050,1745,2000,262,262,4.436575243149786,4.436575243149787,11.04507705193494,10.769011321097015,True,False
9499,554586543003875056,55,328,285,269,2000,88,88,4.407226702343163,4.407226702343162,8.357552004618084,8.071462362556623,True,False
9500,5490181251741056532,549,8416,6957,5781,2000,1021,992,4.77930154547146,4.775640058317903,13.038918989292302,12.497103357016877,True,False
9501,3007518796992480,0,748,0,0,0,0,0,0.0,0.0,9.546894459887637,0,False,True
9502,3245261995691609,0,455,0,0,0,0,0,0.0,0.0,8.829722735086058,0,False,True
9503,2718651645909837,0,513,0,0,0,0,0,0.0,0.0,9.002815015607053,0,False,True
9504,299055582350357517,30,4830,3654,3233,2000,1070,1030,4.991856406741286,4.970902852277177,12.237807473723135,11.658657792126085,True,False
9505,13948042500000000000,1395,5268,5108,4222,2000,506,504,5.3101650397535485,5.3099069752374195,12.363039630256514,12.043710863347156,True,False
9506,64827525000000000000,6483,7045,6734,5543,2000,774,770,6.170746437387116,6.170565868749973,12.782383991197,12.436451292286975,True,False
9507,16857738833880654518,1686,3141,2771,2285,2000,428,417,5.376864746537736,5.372210073194868,11.617008227651965,11.157978449945432,True,False
9508,274890114786011758,27,4444,3324,3009,2000,963,947,4.540697782353794,4.532917934178972,12.117643101389092,11.555068391333338,True,False
9509,49875000000000000,5,565,525,511,2000,204,204,4.717519015194336,4.717519015194336,9.14210705730255,8.997179480937621,True,False
9510,45585424861453667,5,3746,2228,2066,2000,1230,1190,4.551748215861183,4.535275348659888,11.871135184243045,11.01262453886506,True,False
9511,39900000000000000,4,3285,2022,1876,2000,1150,1108,5.283373529527278,5.255487837468896,11.681677655209691,10.873444112515376,True,False
9512,58699219454606212,6,1642,1140,1058,2000,520,504,4.744030917128868,4.726669674325441,10.681238411777805,10.047123912114026,True,False
9513,79800000000000000,8,2724,1870,1715,2000,815,783,4.552713034421667,4.53758891402307,11.411510988012072,10.743992861060175,True,False
9514,2892750000000000000,289,5362,4518,3755,2000,801,768,4.622854572264569,4.608373285974595,12.38855550398256,11.874597192401634,True,False
9515,2753100000000000000,275,5289,4452,3706,2000,796,765,4.614320579175306,4.607131282918035,12.368779260041338,11.855647166027266,True,False
9516,68513442542158494,7,3686,2270,2098,2000,1066,1035,4.739422787923941,4.722056541911298,11.847840355630714,11.034798962577268,True,False
9517,1038326027244260,0,326,0,0,0,0,0,0.0,0.0,8.348728154231077,0,False,True
9518,2673300000000000000,267,1499,1484,1263,2000,86,85,4.441930408659823,4.441047656322001,10.54978466794786,10.302638923787553,True,False
9519,907725000000000000,91,953,938,814,2000,86,85,4.269079485693841,4.2677989427965715,9.896332403909941,9.668884984266247,True,False
9520,2872800000000000000,287,1973,1952,1605,2000,123,122,4.590812519354443,4.590549829487391,10.946175240723559,10.648357582009666,True,False
9521,1945125000000000000,195,2254,2210,1807,2000,142,142,4.89966055264486,4.899660552644859,11.138271800172221,10.8193807908646,True,False
9522,1147125000000000000,115,2526,2460,1983,2000,183,181,4.352925775260786,4.350695328948285,11.302638923787553,10.953468962228849,True,False
9523,4359075000000000000,436,3656,3594,2914,2000,198,197,4.443338167064429,4.442338076147071,11.83605035505807,11.508785162064513,True,False
9524,498750000000000000,50,1846,1786,1503,2000,201,200,4.385547903426333,4.384138911496014,10.850186837645774,10.553629293916364,True,False
9525,1246875000000000000,125,2734,2683,2214,2000,198,196,4.625450316625547,4.596404433662967,11.41679752760606,11.112439506781552,True,False
9526,3708705000000000000,371,3738,3657,3021,2000,306,306,4.624497586728088,4.624497586728088,11.868050853745158,11.56081046872794,True,False
9527,4059825000000000000,406,4734,4519,3803,2000,631,628,5.04689757481347,5.0458185113355105,12.208843990734614,11.892922223630592,True,False
9528,1097250000000000000,110,3840,3607,3076,2000,646,643,4.692378454365268,4.691753317616602,11.906890595608518,11.586839787961827,True,False
9529,1047375000000000000,105,5611,4745,4086,2000,882,871,4.552613816633203,4.545175974000398,12.45404219747008,11.996473488733228,True,False
9530,9915150000000000000,992,8574,7242,6024,2000,1023,997,4.964888867958868,4.962027930542036,13.065752701816972,12.556506054671928,True,False
9531,2054850000000000000,205,7605,6327,5254,2000,1167,1123,4.5330179014869,4.519418261001117,12.89273253261186,12.359200485133632,True,False
9532,4857825000000000000,486,4474,3845,3158,2000,631,611,4.747210308583157,4.737530729068494,12.127349541059118,11.624795455860237,True,False
9533,6543600000000000000,654,3083,2695,2232,2000,432,420,4.999436848529172,4.992892739244512,11.590119174107175,11.124121311829187,True,False
9534,1105484831199097067,111,4092,3817,3253,2000,702,698,4.421919398886549,4.420718317913672,11.99859042974533,11.667555107041132,True,False
9535,237215113936928247510,23722,10492,9000,7356,0,0,0,0.0,0.0,13.357002092264985,12.844705764411938,False,True
9536,7487280045230294095,749,9243,7649,6269,2000,1225,1180,4.742610255182195,4.733831843990019,13.174145467760507,12.61401961443572,True,False
9537,322081726419079274,32,1608,1562,1358,2000,208,208,4.418696525118826,4.4186965251188255,10.651051691178928,10.407267764244732,True,False
9538,88230601233600000,9,185,173,171,2000,62,62,4.342792041455519,4.342792041455518,7.531381460516312,7.417852514885898,True,False
9539,129674568164770085983,12967,10191,8688,7009,0,0,0,0.0,0.0,13.315008003600356,12.774992908933175,False,True
9540,89500000000000000000,8950,10007,8527,6849,2000,1292,1246,6.0927863860504,6.0909386746763685,13.288721912782648,12.741677644945858,True,False
9541,157605000000000000000,15761,10155,8685,6993,0,0,0,0.0,0.0,13.309902619183516,12.771695789850023,False,True
9542,210000000000000000000,21000,10069,8663,6966,0,0,0,0.0,0.0,13.297632789142513,12.766114757586722,False,True
9543,204487500000000000000,20449,10000,8635,6952,0,0,0,0.0,0.0,13.287712379549449,12.7632123668144,False,True
9544,279300000000000000000,27930,9967,8632,6947,0,0,0,0.0,0.0,13.282943613115089,12.762174381993102,False,True
9545,4987500000000000,0,11,0,0,0,0,0,0.0,0.0,3.4594316186372973,0,False,True
9546,1280164168794781989,128,81,74,74,2000,33,33,4.414534584503939,4.414534584503938,6.339850002884624,6.20945336562895,True,False
9547,545347198738284180,55,673,660,611,2000,76,75,4.277173127376492,4.2760084565090075,9.394462694610317,9.25502856981873,True,False
9548,3573777871399503772,357,1565,1552,1275,2000,81,80,4.468187171355144,4.467028184929019,10.61194694181998,10.31628153174622,True,False
9549,39885909063423450,4,485,418,400,2000,186,185,4.70372407889011,4.700718443323422,8.92184093707449,8.643856189774725,True,False
9550,89544023729583213526,8954,4258,4226,3436,2000,132,130,5.291253533950118,5.29099856595436,12.055960234452295,11.746514321138463,True,False
9551,1045145081241001,0,747,0,0,0,0,0,0.0,0.0,9.544964432789238,0,False,True
9552,8558550000000000000,856,8638,7134,5906,2000,978,949,5.166030385676032,5.16330935467533,13.076481601207021,12.527965641133955,True,False
9553,9506175000000000000,951,9015,7373,6100,2000,1060,1030,4.547083217084707,4.541091813438502,13.138111776319704,12.57459352733761,True,False
9554,181545000000000000,18,3564,2704,2492,2000,879,869,4.400430525020235,4.39696164938332,11.799281621521923,11.283088353024002,True,False
9555,8778000000000000000,878,7354,6472,5440,2000,929,919,5.129076850362304,5.128219845383132,12.844313461203296,12.409390936137703,True,False
9556,24937500000000000,2,3231,1662,1583,2000,1216,1176,6.572037221681683,6.534045711107555,11.657765035265363,10.62844554013718,True,False
9557,9975000000000000,1,2213,591,575,591,591,575,9.207014320177528,9.143377026650564,11.11178773580101,9.167418145831737,False,False
9558,3647386611305511,0,1396,0,0,0,0,0,0.0,0.0,10.447083226209653,0,False,True
9559,4987500000000000,0,1314,0,0,0,0,0,0.0,0.0,10.35974956032233,0,False,True
9560,2080000000000000000,208,5029,4209,3537,2000,779,749,4.529626047847214,4.516659151600739,12.296055838078784,11.788310503700918,True,False
9561,9882765633199763,1,1406,425,413,425,425,413,8.731319031025066,8.668366354549384,10.457380879072534,8.689997971419446,False,False
9562,588408187428277357,59,2108,2046,1736,2000,265,265,4.746233064945744,4.746233064945743,11.041659151637214,10.761551232444479,True,False
9563,121070738721829363,12,2406,1769,1609,2000,627,609,5.192532244076584,5.17323814766321,11.232420927176076,10.651948610723446,True,False
9564,9884444376195443,1,475,174,173,174,174,173,7.442943495848731,7.431449242975167,8.89178370321831,7.434628227636725,False,False
9565,4181031814529438,0,244,0,0,0,0,0,0.0,0.0,7.930737337562887,0,False,True
9566,119404382325336688024,11940,4410,3895,3162,0,0,0,0.0,0.0,12.106562940444883,11.62662165235837,False,True
9567,43880025000000000000,4388,6992,6640,5459,2000,772,766,5.911984819909542,5.911147554934524,12.7714894695006,12.414420981746417,True,False
9568,28728000000000000,3,1671,1022,969,2000,642,623,6.146774460003249,6.11917936763138,10.706496018061188,9.92035285541508,True,False
9569,79800000000000000,8,3824,2356,2201,2000,984,954,4.557141624630104,4.544081120731649,11.900866807980748,11.103943429891558,True,False
9570,2420657731859562894,242,7637,6166,5199,2000,985,955,4.830941554184039,4.827132244911686,12.898790308381212,12.344018439881326,True,False
9571,927675000000000000,93,6458,4985,4316,2000,973,944,4.69335355013203,4.6884209865420585,12.65687172561398,12.075479149488016,True,False
9572,2378445452216298023,238,7605,6116,5154,2000,963,934,4.5543960413903015,4.544801492053701,12.89273253261186,12.331476821859619,True,False
9573,17723268155172946,2,2515,1099,1067,2000,1011,983,6.485007397317747,6.452742734811257,11.29634268469289,10.059344460824425,True,False
9574,13711196315443796888,1371,2241,2230,1837,2000,86,85,4.644094020957445,4.64365693607165,11.129926933510394,10.84313591111135,True,False
9575,9127125000000000000,913,8717,7440,6037,2000,1178,1134,4.963927897655814,4.957695580559141,13.089615994228105,12.559616085812724,True,False
9576,10832805255116550032,1083,4779,4678,3832,2000,398,396,5.273489020873004,5.272360804166416,12.222493052246467,11.90388184573618,True,False
9577,51169039722468232123,5117,5800,5669,4656,2000,466,464,5.537262220081024,5.5369990137009,12.501837184902296,12.184875342908283,True,False
9578,146548547367591,0,0,0,0,0,0,0,0.0,0.0,0,0,False,True
9579,109477242250118273,11,467,447,414,2000,112,111,4.457015577883684,4.456301077799537,8.867278739709661,8.693486957499326,True,False
9580,7563154115452678,1,106,37,37,37,37,37,5.209453365628953,5.209453365628953,6.727920454563199,5.20945336562895,False,False
9581,99401396941872459727,9940,6175,6018,4985,2000,501,499,5.7103214031682175,5.710106404309839,12.592223421359403,12.283377789285558,True,False
9582,596059009290581550000,59606,1626,1621,1396,0,0,0,0.0,0.0,10.667111542075027,10.447083226209653,False,True
9583,5411437500000000000,541,8996,7497,6155,2000,1251,1208,4.747051273182321,4.741580321510942,13.135067945777816,12.58754314137182,True,False
9584,22011284194677595,2,3122,1578,1510,2000,1203,1163,6.566302494196014,6.52443943701997,11.608254821977908,10.560332834212442,True,False
9585,24296940110617593873,2430,10001,8457,6915,2000,1241,1199,5.205246406889382,5.201782405959947,13.287856641840545,12.755513536037856,True,False
9586,3537449839558444319,354,1487,1480,1290,2000,72,71,4.354757977693156,4.353766232528065,10.53818893205242,10.333155350310616,True,False
9587,846862425517286210,85,2213,2155,1786,2000,196,195,4.706974758420415,4.704222694372378,11.11178773580101,10.802516365121223,True,False
9588,6674609593809310170,667,4046,3986,3198,2000,207,206,4.5381477654603355,4.537295217504514,11.982280604558284,11.642954223480332,True,False
9589,63840000000000000,6,4104,2633,2418,2000,1242,1198,4.7896800401047415,4.76114685633303,12.002815015607053,11.239598529249124,True,False
9590,1456296741620136763,146,6407,5268,4404,2000,1046,1004,4.54960498617192,4.537253627079058,12.64543327516426,12.10459875356437,True,False
9591,51664501609112852839,5166,5362,5291,4266,2000,201,200,4.7730502975496085,4.772380205970427,12.38855550398256,12.058668250340572,True,False
9592,2483804837690897,0,472,0,0,0,0,0,0.0,0.0,8.88264304936184,0,False,True
9593,9975000000000000,1,135,83,83,83,83,83,6.375039431346925,6.375039431346925,7.076815597050831,6.3750394313469245,False,False
9594,224001377479615302,22,214,211,209,2000,53,53,4.213990925276473,4.213990925276471,7.741466986401147,7.7073591320808825,True,False
9595,545395490968931258,55,264,262,255,2000,45,45,4.273798871856929,4.273798871856929,8.044394119358454,7.994353436858858,True,False
9596,477666653336618863,48,265,262,258,2000,53,53,4.296048387666512,4.296048387666511,8.049848549450562,8.011227255423254,True,False
9597,20872315819189819717,2087,5001,4942,3992,2000,213,212,4.951645622407074,4.951145542848962,12.288000889707574,11.96289600533726,True,False
9598,51869716132748025404,5187,10179,8552,6921,2000,1253,1207,5.854335415046656,5.851813844043846,13.313308215432134,12.756764789404139,True,False
9599,21940796094529596520,2194,9769,8280,6697,2000,1268,1226,5.5063880738558275,5.502561914607884,13.253995173480227,12.709299252712155,True,False
9600,38403750000000000000,3840,9598,8281,6659,2000,1225,1180,5.56646789523409,5.562857205097275,13.228518097716194,12.701089824817158,True,False
9601,720924291160629404,72,205,174,165,2000,52,52,4.4204806850679565,4.420480685067956,7.679480099505446,7.366322214245816,True,False
9602,39018940972501088,4,3651,2105,1959,2000,1225,1183,4.7868624110207945,4.7670345126667355,11.834075953434885,10.935901682267588,True,False
9603,45313283208020050,5,3676,2134,1985,2000,1202,1162,5.836566078058473,5.80871250318048,11.843921051289035,10.95492329203032,True,False
9604,39124703274101655000,3912,4609,4044,3276,2000,589,570,5.413143156271493,5.408783155020677,12.170238052336648,11.677719641641009,True,False
9605,4468800000000000000,447,3731,3685,2991,2000,219,219,4.678179127811601,4.6781791278116,11.86534664481678,11.546412195119352,True,False
9606,160000000000000000000,16000,5602,5530,4476,0,0,0,0.0,0.0,12.451726268074506,12.127994320976393,False,True
9607,103154149258382605022,10315,5501,5433,4366,0,0,0,0.0,0.0,12.425478187645329,12.092096414990792,False,True
9608,605066662416716758,61,2376,2282,1974,2000,367,366,4.419894922126763,4.419294802102758,11.214319120800766,10.946906274456397,True,False
9609,3650450945975627,0,1456,0,0,0,0,0,0.0,0.0,10.507794640198696,0,False,True
9610,103121335377599221,10,2009,1757,1675,2000,658,655,4.514222312322648,4.51263585013333,10.972261848733291,10.709945380232497,True,False
9611,3709273182957393483,371,7323,6158,5062,2000,1070,1029,4.547792401191814,4.540507898775908,12.83821908050231,12.305491792110685,True,False
9612,478800000000000000,48,4865,3806,3314,2000,986,945,4.543317232800769,4.5289946927210085,12.248224089668474,11.694357887221452,True,False
9613,12767981376933798,1,217,173,173,173,173,173,7.4346282276367255,7.4346282276367255,7.7615512324444795,7.434628227636725,False,False
9614,102683148750000000000,10268,4186,3689,2991,0,0,0,0.0,0.0,12.031356596255709,11.546412195119352,False,True
9615,21048446020933959966,2105,9527,7889,6489,2000,1053,1024,4.780826278997417,4.776998679677766,13.2178062735616,12.663780450683134,True,False
9616,10124879587664426262,1012,2157,2146,1775,2000,83,82,4.635034199233909,4.63457975079489,11.074810461160453,10.793603309279407,True,False
9617,1930599347677545299,193,7924,6421,5375,2000,1253,1210,4.879648353234943,4.875109378350438,12.952013164889486,12.392049039364185,True,False
7786,49875000000000000,5,2872,1789,1717,2000,960,947,4.773543509660676,4.7664357770725685,11.487840033823051,10.745674324002135,True,False
7787,9883939769961516114,988,3211,3179,2584,2000,121,119,4.7048257937913345,4.704357611554953,11.64880694972577,11.335390354693924,True,False
7788,1510113972540191618,151,2993,2919,2436,2000,288,288,4.536895525404938,4.536895525404937,11.547376563498101,11.250298417906333,True,False
7789,6938346244718257606,694,1185,1038,919,2000,186,183,5.0746453896874195,5.073026636922984,10.210671343785622,9.843921051289035,True,False
7790,4613797054604119,0,887,0,0,0,0,0,0.0,0.0,9.792790294301064,0,False,True
7791,125919656173053669,13,54,45,45,2000,30,30,4.248973717236431,4.248973717236431,5.754887502163468,5.491853096329675,True,False
7792,10114650000000000000,1011,4497,4438,3577,2000,205,204,4.532729835819205,4.5318834541010515,12.134747168669016,11.804534402995225,True,False
7793,99490691789078075385,9949,10289,8700,7064,2000,1266,1225,6.306484379596519,6.305111559673646,13.328815151368577,12.786269627648466,True,False
7794,91502888709855000,9,42,33,33,2000,31,31,4.110783525644759,4.110783525644759,5.392317422778761,5.044394119358453,True,False
7795,685193879595622206,69,5065,4168,3677,2000,910,899,4.436514716724104,4.4339865037782635,12.3063465536885,11.844313461203296,True,False
7796,7980000000000000,1,1340,321,315,321,321,315,8.3264294871223,8.282815779957192,10.388017285345136,8.29920801838728,False,False
7797,24028374364933479348,2403,2469,2456,2029,2000,89,88,4.949975596156806,4.949527240273117,11.269711121142782,10.98655314975666,True,False
7798,2369059118423633608,237,1271,1259,1075,2000,78,77,4.5541825436369505,4.553107171388869,10.311748315004959,10.070120944476823,True,False
7799,222878546952410291,22,5102,3483,3084,2000,1061,1031,4.443779350396271,4.434669408915579,12.316847183602473,11.590587049915035,True,False
7800,329175000000000000,33,481,469,440,2000,64,64,4.30284827431674,4.30284827431674,8.909893083770042,8.78135971352466,True,False
7801,1930773012936078,0,895,0,0,0,0,0,0.0,0.0,9.805743872151618,0,False,True
7802,9904945360523036250,990,2123,2116,1791,2000,86,85,4.416809183367878,4.416114819315945,11.051888655905378,10.806549621985962,True,False
7803,2880572617988129265,288,8393,6770,5634,2000,1218,1175,4.533665456544597,4.526618977124882,13.034970865471827,12.45994384837493,True,False
7804,6433875000000000000,643,1839,1827,1518,2000,76,76,4.751059504458923,4.751059504458924,10.844705764411938,10.567956075415466,True,False
7805,47561230334335402689,4756,6471,6226,5161,2000,684,681,5.76374284200845,5.763523927822812,12.659772961881611,12.33343491528405,True,False
7806,5977546547453852,1,4,1,1,1,1,1,-0.0,-0.0,2.0,0.0,False,False
7807,20188160744958683,2,634,387,379,2000,294,289,6.460386150610279,6.442859861176126,9.308339030139408,8.566054038171092,True,False
7808,19938183894353431990,1994,3347,3322,2727,2000,141,140,4.739209031140958,4.7390031546942035,11.70865283568653,11.413098984915264,True,False
7809,9454227720647343961,945,4250,4195,3385,2000,231,231,4.82043953015707,4.820439530157069,12.053247125912426,11.724940118462358,True,False
7810,188684652652472566,19,4726,3310,2949,2000,1066,1035,4.685497098579671,4.6771140336280235,12.206403913973848,11.526010107061737,True,False
7811,3164444199689682,0,966,0,0,0,0,0,0.0,0.0,9.915879378835774,0,False,True
7812,9931604494177331172,993,9355,7823,6379,2000,1242,1201,4.65025298726518,4.645099541967378,13.191521938128146,12.639114563179414,True,False
7813,11523619600152789,1,82,54,54,54,54,54,5.7548875021634665,5.7548875021634665,6.357552004618084,5.754887502163468,False,False
7814,548625000000000000,55,4755,3759,3254,2000,922,884,4.514514453714289,4.499724010826427,12.215229625747925,11.667998535672528,True,False
7815,2693250000000000000,269,7735,6206,5219,2000,984,955,4.507180642422181,4.501210426310658,12.917185576336397,12.34955768662052,True,False
7816,26932500000000000000,2693,9347,7811,6409,2000,988,959,5.1658506470180905,5.162579496290503,13.19028767858039,12.645883554519004,True,False
7817,9500000000000000000,950,8874,7280,6034,2000,1014,984,5.084348364932833,5.080512763280865,13.115368837820224,12.558898981146703,True,False
7818,20349000000000000000,2035,9522,7880,6481,2000,1070,1038,5.200265767610107,5.196358841358196,13.217048913556338,12.662000718718481,True,False
7819,465185741862528417,47,6218,4632,4042,2000,1212,1171,4.471486617582028,4.464584414335119,12.602234901341063,11.980853606379736,True,False
7820,11226469485000000000,1123,4635,4581,3673,2000,219,217,5.118949150550717,5.1167267676281964,12.178353623512892,11.842743180731658,True,False
7821,3967716889898935135,397,1670,1663,1428,2000,86,84,4.258338674789302,4.25647696635336,10.705632387361415,10.479780264029099,True,False
7822,8527489621414591359,853,4134,4067,3241,2000,192,190,4.513951856773309,4.512532330653528,12.013322673425447,11.662223305317841,True,False
7823,271228349700000,0,5,0,0,0,0,0,0.0,0.0,2.321928094887362,0,False,True
7824,116112743279742360,12,381,366,353,2000,92,91,4.4181485951900115,4.416780624600658,8.573647187493322,8.46352437327118,True,False
7825,38893633333222500000,3889,7336,6568,5419,2000,814,807,5.414084103422843,5.380445785068316,12.840777923595054,12.40381093178603,True,False
7826,2798561809741204779,280,1457,1449,1257,2000,91,90,4.683877233695533,4.683431697266201,10.508785162064513,10.295768934420508,True,False
7827,1076662692392955877,108,2825,2744,2311,2000,298,298,4.364502974903713,4.364502974903713,11.464035152189913,11.174301544467632,True,False
7828,32376637496447613761,3238,9391,7901,6479,2000,994,965,5.738637412014657,5.735745752151906,13.197063076004984,12.661555442467758,True,False
7829,7072275000000000000,707,6411,5638,4710,2000,806,797,4.511485819191568,4.5084627136794335,12.646333693380967,12.201511344500146,True,False
7830,484333323027596026,48,3558,3152,2775,2000,745,740,4.42886752965269,4.426461362793762,11.79685079526716,11.43827205612483,True,False
7831,57954750000000000,6,697,499,476,2000,243,239,4.725642581313098,4.716633572304088,9.445014845868423,8.894817763307943,True,False
7832,1572081552250071,0,365,0,0,0,0,0,0.0,0.0,8.51175265376738,0,False,True
7833,9975000000000000,1,80,45,45,45,45,45,5.491853096329674,5.491853096329674,6.321928094887363,5.491853096329675,False,False
7834,331852189777716253,33,5307,3961,3481,2000,1079,1046,4.997574349753411,4.979158193774362,12.373680833411614,11.765286098723683,True,False
7835,898832070367754,0,517,0,0,0,0,0,0.0,0.0,9.014020470314934,0,False,True
7836,12967500000000000,1,368,191,187,191,191,187,7.577428828035749,7.5355440112818215,8.523561956057012,7.546894459887636,False,False
7837,42892500000000000,4,149,108,106,2000,79,79,5.020907990215353,5.0209079902153535,7.219168520462161,6.727920454563199,True,False
7838,2842875000000000000,284,7133,6016,5097,2000,980,964,5.047128660751944,5.045508507369537,12.800293258223418,12.315432637905376,True,False
7839,298026493790125966,30,5725,4230,3744,2000,1241,1202,4.475753456699631,4.467956627010909,12.483059977871669,11.870364719583405,True,False
7840,7440183309568135934,744,3095,3057,2466,2000,134,134,4.663139312892968,4.6631393128929695,11.595723694101627,11.26795708440284,True,False
7841,692954830802069558,69,2708,2555,2216,2000,458,456,4.469495125330124,4.46850446219584,11.403012023574997,11.113742166049189,True,False
7842,744139987500000000,74,2750,2599,2246,2000,457,455,4.424973607420877,4.424027433959258,11.425215903299383,11.133142212400601,True,False
7843,195009000756183959,20,1796,1641,1509,2000,460,458,4.760548829888773,4.758182686249635,10.810571634741146,10.559377090526683,True,False
7844,480869598976263702,48,5777,4515,3920,2000,1154,1111,4.548284806996305,4.534521554646567,12.496104779340126,11.936637939002571,True,False
7845,1339367317491517,0,352,0,0,0,0,0,0.0,0.0,8.459431618637296,0,False,True
7846,1859588723712142949,186,3134,3056,2546,2000,296,296,4.589009890582304,4.589009890582304,11.61378946447258,11.314016703901357,True,False
7847,9928732236307102630,993,9344,7815,6371,2000,1240,1198,4.834580768226739,4.830201043338666,13.189824558880018,12.637304122106201,True,False
7848,9941085000000000000,994,913,809,718,2000,140,140,5.221530960821559,5.221530960821557,9.834471049984222,9.487840033823051,True,False
7849,1369567500000000000,137,1068,1060,935,2000,87,85,4.3311057102542,4.329253145058296,10.060695931687555,9.868822554774999,True,False
7850,847063627477872137,85,702,696,652,2000,72,71,4.542351999589614,4.5411147055073,9.45532722030456,9.348728154231077,True,False
7851,14762666353857893940,1476,9664,8052,6555,2000,1228,1186,4.96449886213164,4.960460160459238,13.238404739325079,12.678380065109117,True,False
7852,458699331902539020,46,5032,3902,3459,2000,974,957,4.717719362191646,4.711203271511268,12.296916206879288,11.756139298372927,True,False
7853,36226440431243241176,3623,5173,5105,4088,2000,202,201,4.993764863544764,4.99319938800158,12.336785476203755,11.997179480937621,True,False
7854,1244537806260155,0,751,0,0,0,0,0,0.0,0.0,9.552669097514272,0,False,True
7855,121894500000000000,12,2037,1804,1703,2000,640,637,4.391125039445614,4.389694935763097,10.992230264965889,10.733862719678543,True,False
7856,661342500000000000,66,5388,4287,3683,2000,1022,981,4.4849929017489085,4.474941930450144,12.395534135462302,11.846665681899738,True,False
7857,59850000000000000,6,3899,2416,2230,2000,1187,1147,5.816534030499568,5.788495962595892,11.928888439397635,11.122827994807666,True,False
7858,2374050000000000000,237,4301,4083,3451,2000,628,626,4.701931768250149,4.701549419994612,12.07045641594465,11.752798758435516,True,False
7859,4740844441864924819,474,8225,6726,5601,2000,973,944,4.693259738850141,4.68866765356068,13.005799963509967,12.451468712947358,True,False
7860,24837750000000000,2,2018,1165,1103,2000,809,777,6.569717508508774,6.527373757155006,10.978710459106358,10.107217075591382,True,False
7861,1173488925000000000,117,6722,5447,4641,2000,1010,984,4.409292299513455,4.400528947932819,12.714674827308002,12.180219982170192,True,False
7862,255759000000000000000,25576,2844,2833,2291,0,0,0,0.0,0.0,11.473705749619416,11.161761743304675,False,True
7863,82812026198696138,8,197,185,182,2000,67,66,4.432201894799271,4.42944159119085,7.622051819456376,7.507794640198696,True,False
7864,498750000000000000,50,1849,1791,1511,2000,201,200,4.37226578025326,4.371043082537482,10.852529509404196,10.561287945164828,True,False
7865,2167332942477807412,217,3110,3042,2484,2000,190,189,4.4192249586997665,4.417836391238532,11.602698865017965,11.278449458220482,True,False
7866,41795250000000000000,4180,7691,6860,5725,2000,872,862,5.4476974184539255,5.446962861141225,12.908955477289462,12.483059977871669,True,False
7867,798000000000000000,80,4768,3932,3440,2000,855,845,4.408552281328587,4.40574315583321,12.219168520462162,11.74819284958946,True,False
7868,18653250000000000000,1865,7549,6693,5587,2000,877,867,4.473270865844168,4.471063198832766,12.882069831008142,12.44785810495403,True,False
7869,399000000000000000,40,4268,3400,3031,2000,886,875,4.437164733172779,4.433279344726106,12.059344460824425,11.565578136784328,True,False
7870,6258393773540062,1,1864,228,226,228,228,226,7.83289001416474,7.815346154515618,10.86418614465428,7.820178962415188,False,False
7871,16608375000000000000,1661,4892,4837,3893,2000,207,206,4.633332515207067,4.632594433548396,12.256208688527387,11.926666629347283,True,False
7872,385305751887059955,39,559,552,526,2000,70,69,4.236954456344908,4.235509418254337,9.12670447284319,9.038918989292302,True,False
7873,12462534830580094040,1246,2181,2169,1805,2000,80,79,4.708595914399034,4.707720439653099,11.09077405464075,10.817783121774534,True,False
7874,88156353013815535,9,3912,2384,2198,2000,970,942,5.365077103359086,5.342666207669986,11.933690654952233,11.101975670949232,True,False
7875,26455177185180241666,2646,5046,4977,3997,2000,208,207,5.233018941827002,5.2326001886645415,12.3009244909763,11.964701857420447,True,False
7876,28901956490929725000,2890,2641,2629,2208,2000,104,102,5.201149376182421,5.200626057157868,11.366868586167094,11.108524456778168,True,False
7877,21933376419316560520,2193,2575,2562,2150,2000,96,95,4.913691108758433,4.913080071482197,11.330356716957944,11.070120944476823,True,False
7878,73532143580164105383,7353,3072,3058,2558,2000,97,96,4.997697284360128,4.997153754074672,11.584962500721156,11.320800548881637,True,False
7879,1586025000000000000,159,2727,2659,2138,2000,193,191,4.634453245301539,4.633401132372462,11.413098984915264,11.06204613772049,True,False
7880,2164351382980616878,216,335,300,284,2000,67,67,4.463677949348647,4.463677949348647,8.388017285345136,8.149747119504681,True,False
7881,5985000000000000000,599,6862,6007,5058,2000,885,875,4.958541691602753,4.957222118227842,12.744413410557655,12.304351321663239,True,False
7882,2137377973256836675,214,8096,6606,5520,2000,1249,1209,4.834909820587238,4.830488790408767,12.98299357469431,12.430452551665532,True,False
7883,5038552752973741833,504,7410,6284,5134,2000,1041,1001,4.723125061517372,4.712439503447323,12.855257827193196,12.325867580575418,True,False
7884,437582239976571870,44,5605,4142,3642,2000,1014,985,4.388375896411764,4.3809837491881005,12.45249865769279,11.830515206976838,True,False
7885,74109685341724625,7,214,208,198,2000,79,78,4.672671513411389,4.670865913011785,7.741466986401147,7.6293566200796095,True,False
7886,996167015709529230,100,6361,5136,4372,2000,1119,1076,4.5066152899930225,4.495394959060157,12.635037871183252,12.094077685671905,True,False
7887,16507320421443191658,1651,3606,3149,2567,2000,484,471,5.344862959470557,5.340072972080659,11.816183681432342,11.325867580575418,True,False
7888,1658688133691546,0,909,0,0,0,0,0,0.0,0.0,9.828136484194108,0,False,True
7889,11426944544681455,1,2529,1016,983,1016,1016,983,9.988684686772164,9.916716758151335,11.304351321663239,9.94104760634058,False,False
7890,9305574019094029,1,1908,458,450,458,458,450,8.839203788096942,8.802621064293092,10.897845456005511,8.813781191217037,False,False
7891,20947500000000000000,2095,6093,5271,4271,2000,806,776,5.598752534567845,5.594793485338241,12.572937025017309,12.060358182642142,True,False
7892,2992500000000000000,299,2373,2075,1762,2000,370,362,4.5992078840002355,4.593322216917649,11.212496385193948,10.782998208920414,True,False
7893,13336575000000000,1,29,25,25,25,25,25,4.643856189774724,4.643856189774724,4.857980995127572,4.643856189774724,False,False
7894,945841863331936340,95,2325,2282,1894,2000,209,209,4.377163151918588,4.377163151918589,11.183015000882756,10.887220615468385,True,False
7895,39900000000000000000,3990,9509,8064,6635,2000,1054,1025,5.696019461417228,5.694374772163242,13.215077914822828,12.695880750257556,True,False
7896,37057125000000000000,3706,9470,8015,6579,2000,1033,1004,5.000561972335862,4.997696460650471,13.209148710355747,12.68365259739475,True,False
7897,69825000000000000,7,226,218,208,2000,82,81,4.6540596100652225,4.652239473619474,7.820178962415188,7.700439718141092,True,False
7898,185403984640563276,19,441,434,415,2000,89,88,4.293455449819471,4.292201041199828,8.784634845557521,8.696967526234287,True,False
7899,5705594610411110207,571,1965,1958,1667,2000,92,91,4.656307049399244,4.655797873267308,10.940313597145968,10.703038388986418,True,False
7900,19993271866015636,2,2574,1339,1284,2000,1120,1080,6.535640236372666,6.494692848035118,11.329796338220701,10.326429487122303,True,False
7901,29216564078003696081,2922,5039,4978,4028,2000,213,212,5.1567045567170675,5.156295725972996,12.298921740969753,11.975847968006784,True,False
7902,1077456209670374,0,564,0,0,0,0,0,0.0,0.0,9.139551352398794,0,False,True
7903,4000000000000000000,400,7840,6581,5503,2000,1011,985,5.044124205667096,5.039863123103215,12.936637939002571,12.426002613329361,True,False
7904,12030075187969924,1,2047,897,885,897,897,885,9.80896417491926,9.781366752954753,10.99929538702341,9.78953364497036,False,False
7905,69825000000000000,7,3664,2434,2234,2000,1115,1074,4.5347886802586785,4.518133334308493,11.839203788096944,11.125413470483315,True,False
7906,29723006250000000000,2972,7336,6579,5400,2000,818,811,5.7116874254985195,5.710684131707759,12.840777923595054,12.398743691938193,True,False
7907,36558470323443127,4,468,409,394,2000,193,192,5.197801934555945,5.194131597552274,8.870364719583405,8.622051819456376,True,False
7908,12037683327259807483,1204,3042,3017,2488,2000,141,140,4.736549310480072,4.736343124625615,11.570804437724497,11.280770770130603,True,False
7909,115288220551378446,12,3873,2706,2531,2000,983,965,5.267021140565122,5.2537554467646395,11.919235786028347,11.305491792110685,True,False
7910,11776441125456014,1,2026,855,844,855,855,844,9.739780609773263,9.71316670626196,10.984418458801137,9.721099188707186,False,False
7911,500000000000000000,50,2175,2092,1819,2000,321,321,5.243195866978728,5.243195866978729,11.086799685623452,10.828929827651486,True,False
7912,9906654552942632066,991,4293,4227,3406,2000,201,200,4.488035782527781,4.487118848422001,12.067770457447823,11.733862719678543,True,False
7913,95760000000000000,10,4397,2834,2609,2000,1216,1176,4.4073483796851125,4.3989079324192275,12.102303817212647,11.349281228817452,True,False
7914,4238678807444292893,424,8449,6805,5688,2000,1056,1027,4.920660308015077,4.917209563199398,13.044564882812626,12.473705749619416,True,False
7915,232892689299375000,23,102,82,79,2000,38,38,4.159432531813846,4.159432531813846,6.672425341971495,6.303780748177103,True,False
7916,8015250973055120,1,1831,376,372,376,376,372,8.554588851677636,8.533312255932955,10.838416075797337,8.539158811108031,False,False
7917,9930874132432501827,993,9427,7804,6370,2000,1241,1195,5.506070426486277,5.503371066693525,13.202583012749797,12.637077657143664,True,False
7918,58145363408521303,6,3968,2433,2250,2000,1200,1160,4.548042009235907,4.530584683513568,11.954196310386875,11.1357092861044,True,False
7919,880210498324585557,88,2284,2241,1865,2000,209,209,4.3571913390193435,4.357191339019343,11.157346935362844,10.8649599151426,True,False
7920,1021580436751542540,102,686,682,644,2000,67,65,4.490193661870543,4.396054103017937,9.422064766172813,9.330916878114618,True,False
7921,92165952695911593,9,2515,1863,1790,2000,772,766,4.38626858475265,4.384286740631116,11.29634268469289,10.805743872151618,True,False
7922,3002151373384129818,300,2618,2274,1918,2000,401,390,4.602363493727906,4.591752293049538,11.354249381945241,10.905387005018131,True,False
7923,19604362433580983525,1960,7076,6279,5222,2000,827,818,4.602495890793331,4.6007919190106055,12.788718332690458,12.350386742312843,True,False
7924,9975000000000000,1,52,17,17,17,17,17,4.087462841250339,4.087462841250339,5.700439718141092,4.087462841250339,False,False
7925,1468844538697166349,147,144,142,135,2000,45,44,4.366671442992541,4.366146285755141,7.169925001442312,7.076815597050831,True,False
7926,8532770640714978118,853,4144,4080,3279,2000,203,202,4.629717571524118,4.628983993664832,12.016808287686555,11.679040186393062,True,False
7927,24688554219118276,2,351,298,294,2000,188,187,6.407823625172101,6.402323625172101,8.45532722030456,8.199672344836364,True,False
7928,489772500000000000,49,6114,4766,4142,2000,1216,1173,4.458604218185396,4.448643025822452,12.57790083688697,12.016111838220512,True,False
7929,952612500000000000,95,6509,5042,4364,2000,983,953,4.52089072006882,4.514874579563333,12.668220198888895,12.091435386323607,True,False
7930,6110846314451371,1,1845,226,224,226,226,224,7.820178962415187,7.80247984737094,10.849405100947758,7.807354922057604,False,False
7931,9957045000000000000,996,4285,4230,3416,2000,251,251,5.407784225554013,5.407784225554014,12.065079488999862,11.73809225962049,True,False
7932,4571428571428571428,457,7203,6087,4993,2000,1035,994,4.694652417929548,4.68526958762269,12.814382188951573,12.285691191330093,True,False
7933,79657518455535355,8,3212,2175,1993,2000,976,937,4.559856524757469,4.542924286043746,11.649256177517314,10.960725994839057,True,False
7934,199046371932259604,20,5302,3714,3323,2000,1214,1174,4.398327836941204,4.387421912777769,12.37232095486726,11.698270577692032,True,False
7935,28408828556732657,3,1840,1112,1053,2000,703,679,6.212663050464746,6.180477277291617,10.845490050944376,10.040289721025717,True,False
7936,997099511892144623,100,1306,1106,983,2000,254,250,4.493658696994126,4.490701023562912,10.350939181546432,9.94104760634058,True,False
7937,950716914919800000,95,858,846,747,2000,77,75,4.579786442172297,4.576762199493889,9.744833837499545,9.544964432789238,True,False
7938,994618951100656,0,248,0,0,0,0,0,0.0,0.0,7.954196310386875,0,False,True
7939,376738570683041753,38,858,839,715,2000,112,111,4.339565145482606,4.339110585683698,9.744833837499545,9.481799431665753,True,False
7940,971022416096593826,97,6499,5011,4332,2000,961,932,4.748994945693771,4.732430795310876,12.6660020326449,12.080817527608327,True,False
7941,873381921508425000,87,818,807,724,2000,78,76,4.342659309258792,4.340459163787471,9.67595703294175,9.499845887083206,True,False
7942,86968864862941056,9,3469,2347,2145,2000,1030,991,5.009380485321248,4.988046373241564,11.760304125286382,11.066761932386909,True,False
7943,3355718504433750000,336,1579,1568,1292,2000,74,73,4.368131729891538,4.367211331647692,10.624795455860237,10.335390354693924,True,False
7944,614272771193946,0,207,0,0,0,0,0,0.0,0.0,7.693486957499325,0,False,True
7945,5804011680552660019,580,8347,6960,5815,2000,1024,998,4.809951167753608,4.806283175356018,13.027042055565033,12.50556347636058,True,False
7946,1102756892230576441,110,2592,2525,2034,2000,193,192,4.486605915441116,4.485564800644372,11.339850002884624,10.9901039638575,True,False
7947,740402131714913371,74,6292,5030,4299,2000,1157,1114,4.46778222993845,4.459232190669088,12.619302955415687,12.069785394983302,True,False
7948,781588031602875000,78,2932,2417,2089,2000,543,524,4.460084516860059,4.445703769683444,11.517669388133811,11.028596777067108,True,False
7949,875571145435315828,88,6489,5071,4386,2000,1070,1039,4.461024880789716,4.453894562534144,12.663780450683134,12.098690096673593,True,False
7950,960690906698315423,96,6550,5186,4477,2000,1092,1060,4.425744801937094,4.4186673581860125,12.677279191312175,12.128316602903544,True,False
7951,925751771318809453,93,6975,5389,4627,2000,1215,1173,4.602543137320778,4.596259988611937,12.767977501603912,12.175861383565296,True,False
7952,5985000000000000,1,1742,250,246,250,250,246,7.965784284662088,7.925784284662089,10.766528908598865,7.94251450533924,False,False
7953,3032400000000000000,303,5919,5154,4310,2000,797,791,4.832352096350947,4.831540043688239,12.531137741444715,12.07347215397646,True,False
7954,23940000000000000,2,3225,1723,1640,2000,1250,1207,6.583269830976004,6.542108700959968,11.65508344519798,10.679480099505446,True,False
7955,987525000000000000,99,4716,3948,3415,2000,791,785,4.4690634187400065,4.467660866216152,12.203348002979762,11.737669863177453,True,False
7956,84210526315789473,8,3929,2659,2426,2000,1158,1116,4.581895852854286,4.564888260411467,11.939946452458686,11.24436383512051,True,False
7957,12862155388471177944,1286,9233,7898,6373,2000,1220,1178,5.048655882670635,5.045212784540206,13.17258377130915,12.637756945412145,True,False
7958,26371238350800000,3,65,60,59,2000,57,56,4.898553667389237,4.89236138488805,6.022367813028454,5.882643049361842,True,False
7959,9654782512826135,1,2161,546,532,546,546,532,9.092757140919852,9.031201022834804,11.077483356859508,9.055282435501189,False,False
7960,468606087498721782,47,6277,4666,4060,2000,1218,1176,4.473776455261351,4.46558910645437,12.61585949358308,11.987264012072538,True,False
7961,296319645304799831,30,1544,1476,1235,2000,184,182,4.466288345868578,4.463203268666612,10.59245703726808,10.27029532647204,True,False
7962,4987500000000000,0,1053,0,0,0,0,0,0.0,0.0,10.040289721025717,0,False,True
7963,40823763979267713,4,541,374,358,2000,209,205,5.21271124952445,5.199355656870026,9.079484783826816,8.483815777264256,True,False
7964,10842619028860553,1,308,143,142,143,143,142,7.159871336778389,7.145885322792375,8.266786540694902,7.149747119504682,False,False
7965,178240680655491690,18,1165,910,828,2000,315,310,4.511349781658894,4.5059529552888655,10.186114239541643,9.693486957499326,True,False
7966,8797377039203876030,880,5453,5217,4353,2000,672,668,5.711211503122384,5.710522482818255,12.412834440119273,12.0877943047879,True,False
7967,446122521610378585,45,3797,2987,2612,2000,773,744,4.39199422118413,4.3786621304749564,11.890644283619089,11.350939181546432,True,False
7968,416676731291234120,42,3635,2863,2503,2000,751,723,4.573294949793347,4.559668172175731,11.827739648806956,11.289442575688332,True,False
7969,4508190119291413903,451,8481,6854,5735,2000,1054,1025,5.04376508792093,5.040765753263024,13.050018668552331,12.485577770903188,True,False
7970,18833829647694003,2,2939,1417,1363,2000,1230,1190,6.57676907646641,6.539272618126306,11.521109643651332,10.41256984680521,True,False
7971,77851952589390548936,7785,7670,6905,5685,2000,820,814,5.6566909828066985,5.656323659946042,12.905010862390295,12.47294463377961,True,False
7972,6037944685868384510,604,7229,6338,5350,2000,918,907,4.398835467828935,4.39534584261663,12.819580375155004,12.385323176175872,True,False
7973,3986432352472500000,399,1651,1640,1353,2000,80,79,4.436740915009406,4.4361308301867295,10.689124404913258,10.401946123976536,True,False
7974,15607990786721746,2,1722,885,874,2000,849,839,6.573970060505166,6.561328995775959,10.749869427396844,9.7714894695006,True,False
7975,832247452088123,0,167,0,0,0,0,0,0.0,0.0,7.383704292474052,0,False,True
7976,9933728099150524793,993,8177,7044,5899,2000,983,966,5.047012804820101,5.0445634376772786,12.997355925020381,12.5262546938286,True,False
7977,2724720426897914599,272,1309,1300,1150,2000,83,82,4.568077632660777,4.567605198077895,10.354249381945241,10.167418145831737,True,False
7978,33996164967725824663,3400,10075,8442,6841,2000,1242,1197,5.33713737136834,5.334323633520748,13.298492218302693,12.739991514684226,True,False
7979,3065514376575000000,307,3497,3442,2799,2000,227,227,5.0367140266322,5.036714026632201,11.771902080697716,11.450695771572915,True,False
7980,1047474750000000000,105,5359,4370,3692,2000,916,879,4.513792863265194,4.505834617788067,12.387748100711294,11.850186837645774,True,False
7981,346827126912834748,35,4485,3449,3036,2000,974,934,4.4308125660265585,4.415068521430001,12.130892269806624,11.567956075415466,True,False
7982,217455000000000000,22,3659,2737,2442,2000,856,822,4.703975045184203,4.6895810841077,11.837233700339088,11.253847484987404,True,False
7983,297122117356010402956,29712,2922,2909,2369,0,0,0,0.0,0.0,11.512740462803498,11.21006248324023,False,True
7984,1496250000000000,0,519,0,0,0,0,0,0.0,0.0,9.019590728357882,0,False,True
7985,99750000000000,0,6,0,0,0,0,0,0.0,0.0,2.584962500721156,0,False,True
7986,1047375000000000000,105,6410,5239,4486,2000,988,971,4.528111334784986,4.520707424783256,12.646108641506103,12.131213905086272,True,False
7987,20913807360824080496,2091,6124,5301,4296,2000,809,779,5.569924569742356,5.565916224589731,12.580258567499788,12.068778277985412,True,False
7988,14962500000000000,1,1597,774,746,774,774,746,9.59618975614441,9.515615430593247,10.641148597411233,9.543031820255237,False,False
7989,34179993286980441,3,1986,1243,1166,2000,718,692,6.243721890976786,6.209028829952735,10.955649907528374,10.187352073200497,True,False
7990,16216344489017325,2,1531,788,754,2000,716,690,6.5146662654393115,6.47502820696997,10.580258567499788,9.558420713268664,True,False
7991,7308354718963842815,731,4219,4138,3386,2000,305,305,4.4511851250278305,4.4511851250278305,12.042685372219351,11.725366257895642,True,False
7992,7477636426350742138,748,1556,1552,1391,2000,71,69,4.396216542742394,4.394220577836972,10.603626344986193,10.44190670454224,True,False
7993,1169670656175174195,117,975,962,843,2000,72,71,4.272714631070388,4.2712821311834865,9.929258408636972,9.719388820942083,True,False
7994,144489791289738506,14,311,298,284,2000,70,69,4.343989841849949,4.341864402932555,8.280770770130603,8.149747119504681,True,False
7995,603336446789431019,60,675,662,606,2000,74,73,4.272096713929532,4.270642558713669,9.398743691938193,9.243173983472952,True,False
7996,904395423168461695,90,762,750,668,2000,71,70,4.477997096337633,4.476661790865581,9.573647187493322,9.383704292474052,True,False
7997,1599477038741249793,160,1044,1032,899,2000,68,68,4.247174619473124,4.2471746194731255,10.027905996569885,9.812177305514448,True,False
7998,760602030488707470,76,763,751,664,2000,70,69,4.239733477039114,4.226455516058039,9.57553924683453,9.375039431346925,True,False
7999,55593380513578383,6,190,177,175,2000,79,78,4.347317746390044,4.344658278173155,7.569855608330948,7.451211111832329,True,False
8000,2632787396368677500,263,6755,5784,4911,2000,960,949,4.647455152321503,4.645959993889095,12.721740054213047,12.261801107195309,True,False
8001,2742806295897231809,274,7198,6046,5115,2000,987,970,4.4640220285617875,4.4605305402021,12.813380386924727,12.320518524632691,True,False
8002,747089165681182584,75,3309,2705,2334,2000,609,591,4.526205839104656,4.5194672922587,11.692179576312538,11.188588845707349,True,False
8003,464644394733317357,46,1027,847,766,2000,222,218,4.357178067090525,4.352175253007604,10.004220466318195,9.581200581924957,True,False
8004,624411692694476117,62,23,20,20,841,20,20,4.08135979476155,4.08135979476155,4.523561956057013,4.321928094887363,False,False
8005,142623942533931121,14,548,422,399,2000,147,145,4.493656784985298,4.487163278491792,9.098032082960527,8.640244936222345,True,False
8006,130325814536340852,13,1315,1013,926,2000,367,361,4.748057747854872,4.739318702870195,10.360847084179664,9.854868383260236,True,False
8007,17255423340918364,2,265,197,195,2000,170,169,6.407794445206188,6.401550099519797,8.049848549450562,7.60733031374961,True,False
8008,179307570135602776,18,4188,3069,2762,2000,1029,990,4.725340463148546,4.708302327818026,12.032045726930809,11.43149760425805,True,False
8009,106670661241981396029,10667,2984,2972,2476,0,0,0,0.0,0.0,11.543031820255237,11.273795599214264,False,True
8010,1804648953610936,0,961,0,0,0,0,0,0.0,0.0,9.90839262077375,0,False,True
8011,10972500000000000000,1097,4927,4808,3946,2000,430,428,4.671737996206132,4.671021663827908,12.266493756312183,11.946175240723559,True,False
8012,1147125000000000000,115,6958,5423,4624,2000,978,948,4.383551678568242,4.374439637218648,12.76445696361989,12.174925682500678,True,False
8013,2194500000000000000,219,7588,6035,5087,2000,970,941,4.401390436370213,4.393472140536159,12.889503963411476,12.312599378862629,True,False
8014,1296750000000000000,130,7087,5526,4702,2000,958,928,4.600983328287587,4.594719912634908,12.790959333698824,12.199058823653022,True,False
8015,618450000000000000,62,6191,4620,4022,2000,965,936,4.864683752804976,4.855946055096971,12.595956743943162,11.973697366305352,True,False
8016,1995000000000000000,200,7483,5906,4997,2000,980,950,4.73919279151363,4.734401406965429,12.869401059778095,12.286846502735887,True,False
8017,1097250000000000000,110,7016,5433,4638,2000,985,955,4.5281627734663585,4.5218483155969516,12.776433032444734,12.179287104646004,True,False
8018,3640875000000000000,364,8193,6595,5542,2000,1019,989,5.003864336983117,5.000131129512919,13.000176099486442,12.436190995481416,True,False
8019,2693250000000000000,269,7928,6310,5315,2000,1033,1002,5.160361847473853,5.156524404377276,12.952741247186488,12.375853976418467,True,False
8020,2114700000000000000,211,7791,6156,5204,2000,1042,1012,4.958547121032774,4.95534205841752,12.927592799399564,12.345405246717796,True,False
8021,1815450000000000000,182,7639,5998,5088,2000,1046,1017,4.501147629032522,4.49540702746957,12.899168076134323,12.312882955284355,True,False
8022,997500000000000000,100,6849,5216,4486,2000,1051,1021,4.834941349430331,4.830021883408486,12.741677644945858,12.131213905086272,True,False
8023,1346625000000000000,135,7365,5722,4864,2000,1055,1026,4.945022419512976,4.941170959222504,12.846469809923212,12.247927513443585,True,False
8024,698250000000000000,70,6456,4812,4175,2000,1055,1025,4.419681258189389,4.40812882564913,12.656424863277781,12.027560482248777,True,False
8025,598500000000000000,60,6081,4726,4103,2000,1092,1060,4.736413868645894,4.7322137984206005,12.570092874188056,12.002463438892535,True,False
8026,2098468181250000000,210,3183,3127,2529,2000,196,195,4.392017551976582,4.390182689591261,11.636171441635922,11.304351321663239,True,False
8027,25000000000000000,3,3319,1706,1619,2000,1214,1172,5.299154006791921,5.271388710511141,11.6965329140783,10.660887270302567,True,False
8028,30202530065673447,3,3559,1922,1811,2000,1220,1173,5.301028354035363,5.271270579181451,11.797256217509785,10.822570830950168,True,False
8029,369075000000000000,37,3973,3079,2706,2000,844,810,4.452085161668345,4.439473859463204,11.956013078088098,11.401946123976536,True,False
8030,186366847002420000,19,2167,1652,1488,2000,538,521,4.524041964392658,4.50980076470733,11.081483438093674,10.539158811108031,True,False
8031,3459989478291792,0,953,0,0,0,0,0,0.0,0.0,9.896332403909941,0,False,True
8032,595919508942406835708,59592,1626,1621,1396,0,0,0,0.0,0.0,10.667111542075027,10.447083226209653,False,True
8033,14872725000000000000,1487,9385,7982,6580,2000,1132,1098,4.6447641108350535,4.639845815001001,13.196141029718236,12.683871868622603,True,False
8034,2992500000000000,0,64,0,0,0,0,0,0.0,0.0,6.0,0,False,True
8035,19870054149686929344,1987,4847,4804,3847,2000,227,227,5.339054274717374,5.339054274717376,12.2428763671664,11.909518114296615,True,False
8036,1194681258056564818,119,7511,6006,5045,2000,1255,1211,4.395871722089856,4.3854544546019465,12.874789282814126,12.30063855399372,True,False
8037,16083306347904775963,1608,2348,2341,1955,2000,96,95,4.703498444871947,4.703027488785673,11.197216693110052,10.932952892194715,True,False
8038,16428825000000000000,1643,9403,7771,6406,2000,1057,1027,5.161909078831894,5.158616434708604,13.198905402581904,12.645208082774683,True,False
8039,1252084899608479283,125,730,726,684,2000,68,67,4.347803834454778,4.342472014653388,9.51175265376738,9.417852514885897,True,False
8040,1175380655297677173,118,723,719,674,2000,67,66,4.3671029265201655,4.365331836924369,9.497851836951117,9.396604781181859,True,False
8041,1148467117482646192,115,734,730,686,2000,69,67,4.297607718852396,4.295215734303094,9.519636252843213,9.422064766172813,True,False
8042,16829990679883383637,1683,6720,5780,4680,2000,905,868,5.3136837162335215,5.308846483258282,12.714245517666123,12.192292814470767,True,False
8043,4820292818481242,0,1251,0,0,0,0,0,0.0,0.0,10.28886607416582,0,False,True
8044,19821303577902309,2,1604,860,822,2000,718,692,6.517001407043471,6.477353434102278,10.64745842645492,9.682994583681683,True,False
8045,873216175170114844,87,2698,2596,2219,2000,408,406,4.457073790113637,4.456121753535063,11.397674632948268,11.115693952197011,True,False
8046,400834264674725281,40,5549,4192,3674,2000,1087,1055,4.529561508986827,4.515406621484663,12.438012087651131,11.84313591111135,True,False
8047,1595728542877946988,160,7810,6251,5251,2000,1228,1186,4.922662263234711,4.91841173192046,12.931106833029341,12.35837648032824,True,False
8048,7587796825830741323,759,5588,4797,3931,2000,777,748,5.202802572824547,5.197235949279549,12.448116305409464,11.940680648424093,True,False
8049,12122544572181743157,1212,9609,8057,6599,2000,1229,1189,4.9229006702552125,4.919283249583627,13.23017058349584,12.688031702413934,True,False
8050,10106316954644221224,1011,9406,7816,6394,2000,1220,1179,4.742421738379928,4.73795534413815,13.199365616857982,12.64250302878052,True,False
8051,2669750356501777647,267,4818,4541,3830,2000,709,705,4.615582730771585,4.614285573707485,12.23421867823847,11.903128676812319,True,False
8052,14840337460043195871,1484,6314,6003,4953,2000,746,742,5.444231541683653,5.44390504521262,12.624338545312986,12.274086905634414,True,False
8053,49875000000000000,5,75,72,71,2000,47,47,4.418995710529397,4.418995710529397,6.22881869049588,6.149747119504682,True,False
8054,99750000000000000,10,171,167,164,2000,62,60,4.282599957126013,4.245191120537302,7.417852514885898,7.357552004618084,True,False
8055,2477137669907458406,248,1011,1007,913,2000,68,67,4.451799544649123,4.450351286673131,9.981567281903015,9.834471049984222,True,False
8056,186446236200000,0,1,0,0,0,0,0,0.0,0.0,0.0,0,False,True
8057,2928409308172544290,293,3350,3299,2693,2000,214,214,4.536154849427879,4.53615484942788,11.709945380232497,11.394998514501673,True,False
8058,6465157932161250000,647,1939,1926,1601,2000,79,78,4.366073755780799,4.365151853198717,10.921097088106793,10.644757592516257,True,False
8059,1037400000000000000,104,4617,4142,3520,2000,752,747,4.694604483363662,4.691608861099387,12.172740017049366,11.78135971352466,True,False
8060,99249255000000000000,9925,9713,8242,6758,2000,1066,1034,6.598117799548509,6.581964445746215,13.245701246285764,12.722380635163802,True,False
8061,9975000000000000,1,1230,393,382,393,393,382,8.618385502258606,8.555395966629693,10.264442600226602,8.57742882803575,False,False
8062,1995000000000000,0,115,0,0,0,0,0,0.0,0.0,6.845490050944375,0,False,True
8063,1418737875195586861,142,7042,5786,4832,2000,1147,1104,4.430383359457033,4.420989043282932,12.781769511863132,12.238404739325079,True,False
8064,16437707793845310,2,1523,787,754,2000,712,686,6.511757397952132,6.47211933948279,10.572700226487292,9.558420713268664,True,False
8065,22448405501641292,2,652,405,395,2000,296,291,6.461603051201049,6.444067981060769,9.348728154231077,8.625708843064466,True,False
8066,4397833900054356852,440,8187,6752,5651,2000,1042,1013,5.122682057609998,5.119776625334538,12.999119179995297,12.464290473850767,True,False
8067,264873063000073303,26,5522,4119,3646,2000,1229,1186,4.3998588510618974,4.38799991339004,12.430975172588068,11.832098846039134,True,False
8068,326627824937400000,33,556,544,516,2000,78,77,4.28258087592645,4.281455385483764,9.118941072723507,9.011227255423254,True,False
8069,997500000000000000,100,3971,3672,3150,2000,713,709,4.376712862161266,4.375212674637826,11.955286645524469,11.621136113274641,True,False
8070,58703920702904168698,5870,385,352,331,2000,110,108,6.305316104078656,6.3051847947881,8.588714635582264,8.370687406807217,True,False
8071,8285414644459427878,829,1003,1000,878,2000,65,65,4.974955064772339,4.974955064772339,9.970105890612182,9.778077129535358,True,False
8072,7382537460809235222,738,1010,1006,884,2000,66,66,4.936109502727859,4.936109502727859,9.980139577639157,9.787902559391432,True,False
8073,46527839968774565156,4653,8024,6923,5575,2000,1046,1005,5.408286667776769,5.40387008048312,12.970105890612182,12.44475608969503,True,False
8074,7206931335092414317,721,9192,7660,6274,2000,1243,1201,4.883623015586263,4.879044095206236,13.166163082646113,12.615169813843602,True,False
8075,27059818708997106986,2706,5243,5144,4213,2000,380,379,4.733916427859489,4.7335634555384,12.356176830516356,12.040632200562253,True,False
8076,248858780610269938,25,1157,919,831,2000,289,284,4.410225232021755,4.404388493924532,10.17617314910749,9.698704666770345,True,False
8077,2493750000000000,0,706,0,0,0,0,0,0.0,0.0,9.46352437327118,0,False,True
8078,137040177097953166670,13704,1163,1160,998,0,0,0,0.0,0.0,10.183635381473218,9.96289600533726,False,True
8079,748125000000000000,75,6784,5222,4500,2000,1218,1178,4.512988465768131,4.506657602746797,12.727920454563199,12.1357092861044,True,False
8080,97690162500000000000,9769,6442,6238,5175,2000,644,641,6.070383655105058,6.069918509214506,12.653292945382814,12.33734314727405,True,False
8081,21119313028954398223,2112,4972,4904,3953,2000,215,213,5.340734403615954,5.327444269996386,12.279610581052484,11.948732239819615,True,False
8082,82712079510890890138,8271,5658,5604,4508,2000,220,219,5.231313442513332,5.230934092925445,12.466076461396252,12.138271800172221,True,False
8083,126622378915630861245,12662,5705,5625,4592,0,0,0,0.0,0.0,12.478011171176044,12.164906926675688,False,True
8084,5763125866415193,1,1813,215,210,215,215,210,7.748192849589463,7.692378896101091,10.824163209744158,7.714245517666122,False,False
8085,5090297436023952,1,909,136,133,136,136,133,7.087462841250339,7.028639311838575,9.828136484194108,7.05528243550119,False,False
8086,1995000000000000,0,712,0,0,0,0,0,0.0,0.0,9.475733430966399,0,False,True
8087,5668322407613867198,567,5900,5046,4136,2000,823,790,4.556581312537038,4.548922923867245,12.526499239136566,12.014020470314934,True,False
8088,42229021652690886,4,533,473,454,2000,198,197,4.709568371446674,4.7068149296444215,9.057991722759176,8.826548487290914,True,False
8089,32771243035950,0,63,0,0,0,0,0,0.0,0.0,5.977279923499917,0,False,True
8090,655492168261753,0,296,0,0,0,0,0,0.0,0.0,8.20945336562895,0,False,True
8091,233518934454849716289,23352,5581,5514,4486,0,0,0,0.0,0.0,12.446307931050345,12.131213905086272,False,True
8092,50516733826706937544,5052,9528,8047,6600,2000,996,967,5.764932914355627,5.763207709791418,13.217957697864113,12.688250309133178,True,False
8093,451729280686021850,45,6264,4744,4143,2000,1234,1195,5.13047529752029,5.118456679219728,12.612868497291041,12.016460104979208,True,False
8094,261631167470287890,26,5468,3982,3528,2000,1190,1149,4.522866931836467,4.511505410578609,12.41679752760606,11.784634845557521,True,False
8095,29518117237328285312,2952,5065,5021,4024,2000,211,211,4.72893188804226,4.7289318880422595,12.3063465536885,11.974414589805527,True,False
8096,4230576441102756892,423,2093,2077,1705,2000,111,110,4.677248535386606,4.6768394048061905,11.031356596255709,10.735556023911535,True,False
8097,15960000000000000000,1596,8847,7584,6279,2000,1009,985,4.781341123848493,4.778293184338702,13.110972607782893,12.616319096976865,True,False
8098,3491250000000000000,349,8622,7070,5891,2000,1225,1185,4.742603834075815,4.738134967682134,13.073806847178492,12.524296837662625,True,False
8099,4588500000000000000,459,8839,7216,5960,2000,1227,1184,4.922641657228849,4.918817403515777,13.109667444250803,12.541096615349524,True,False
8100,4987500000000000000,499,8948,7313,6033,2000,1238,1193,5.128906130408523,5.125639750835224,13.127349541059118,12.558659867026508,True,False
8101,4987500000000000000,499,8947,7338,6054,2000,1223,1178,4.4722429982193574,4.464441247653724,13.127188301043205,12.563672959827514,True,False
8102,8977500000000000000,898,9116,7715,6269,2000,1239,1196,4.696972714237481,4.691782366622402,13.154185209265297,12.61401961443572,True,False
8103,6483750000000000000,648,6847,5818,4754,2000,977,937,5.167548337999537,5.1617922771857625,12.741256297092136,12.214926187942435,True,False
8104,5885250000000000000,589,3306,2867,2364,2000,460,447,4.832587098371172,4.824562321369089,11.690871009292314,11.207014320177532,True,False
8105,5386500000000000000,539,3012,2630,2185,2000,424,412,4.782467452453679,4.773882355691608,11.556506054671928,11.093417564387961,True,False
8106,9675750000000000000,968,2974,2611,2168,2000,421,410,5.199952080754597,5.194550301610718,11.53818893205242,11.08214904135387,True,False
8107,6483750000000000000,648,508,463,418,2000,102,102,5.1272516586339005,5.127251658633901,8.988684686772165,8.707359132080883,True,False
8108,19277775682816224554,1928,9180,7745,6400,2000,1046,1017,5.342966508495721,5.3408874670890665,13.16427843830117,12.643856189774725,True,False
8109,8857800000000000000,886,4310,4255,3401,2000,201,200,4.42292270408734,4.4218016278541565,12.07347215397646,11.731743290707842,True,False
8110,3111519093340980000,311,286,254,240,2000,53,53,4.585276936965426,4.585276936965426,8.159871336778389,7.906890595608519,True,False
8111,997500000000000000,100,2873,2381,2048,2000,510,493,4.500129046959168,4.4869546595721985,11.488342277532524,11.0,True,False
8112,2493750000000000000,249,2801,2410,2037,2000,430,417,4.499241116571894,4.486571248617759,11.451726268074506,10.992230264965889,True,False
8113,1197000000000000000,120,1916,1648,1427,2000,338,331,4.553604820431734,4.548633258174682,10.90388184573618,10.478769619475763,True,False
8114,957600000000000000,96,6374,4986,4323,2000,1020,994,4.747380265196399,4.743714795331871,12.637983303777853,12.077817120895904,True,False
8115,8927625000000000000,893,8581,7191,5977,2000,1030,1003,5.272249353288166,5.269926828396579,13.066930068864098,12.545205827425605,True,False
8116,221445000000000000,22,5480,3888,3449,2000,1212,1167,4.441075294910151,4.424897179474112,12.419960177847889,11.751962413460854,True,False
8117,13205207112277596606,1321,5499,5295,4388,2000,619,617,5.6276322467897355,5.6274615109181285,12.424953571261042,12.099347810403193,True,False
8118,9704226448109307,1,1757,508,497,508,508,497,8.988684686772167,8.939954593263971,10.778898476008376,8.957102041562287,False,False
8119,170266168161525377,17,105,79,78,2000,39,39,4.126531659109475,4.1265316591094745,6.714245517666122,6.285402218862249,True,False
8120,12229350000000000000,1223,2277,2265,1903,2000,85,83,4.365780854862395,4.364422107888934,11.152918576136623,10.894059846274022,True,False
8121,1627480004744489844,163,2845,2778,2241,2000,195,194,4.442521219554933,4.441429566154888,11.474212937193943,11.129926933510394,True,False
8122,60937275000000000000,6094,8728,7737,6487,2000,978,968,4.964276135955497,4.963347618842492,13.091435386323607,12.663335723478353,True,False
8123,5557439862982024934,556,6268,5500,4606,2000,801,795,5.0063538149058155,5.005683059406419,12.61378946447258,12.169298695792845,True,False
8124,185886955964597301195,18589,6186,5397,4375,0,0,0,0.0,0.0,12.594791118089265,12.095067301607054,False,True
8125,37676856749923057996,3768,5331,5245,4282,2000,360,359,5.653621476658434,5.65293839563423,12.380190466749834,12.06406908038551,True,False
8126,43479030000000000,4,973,672,636,2000,364,358,5.248343012076809,5.236688522560129,9.926295994781112,9.312882955284355,True,False
8127,9202426941575268,1,429,151,151,151,151,151,7.2384047393250786,7.2384047393250786,8.744833837499545,7.2384047393250786,False,False
8128,2792294319949869384,279,1408,1401,1222,2000,88,86,4.281297268035397,4.279750059873869,10.459431618637296,10.25502856981873,True,False
8129,1229601032755520100,123,2703,2660,2194,2000,207,207,4.7105091554662755,4.7105091554662755,11.400345796534694,11.099347810403193,True,False
8130,405210604742299155,41,4179,3253,2844,2000,864,829,4.400815088035429,4.387053249214819,12.02894204332241,11.473705749619416,True,False
8131,1839715944918825670,184,7956,6345,5331,2000,1216,1171,4.4075141813469765,4.396957690768287,12.957827560833744,12.380190466749834,True,False
8132,230388963850614458,23,4222,3140,2859,2000,966,953,4.540473733020651,4.534784275102881,12.043710863347156,11.481294904631097,True,False
8133,806423231488762264,81,183,181,174,2000,43,43,4.258601114978436,4.258601114978437,7.515699838284043,7.442943495848728,True,False
8134,387181062013348466,39,5423,3968,3500,2000,1021,992,4.456887451625045,4.4508945651723,12.404875455015208,11.77313920671969,True,False
8135,1482567055219175,0,252,0,0,0,0,0,0.0,0.0,7.977279923499917,0,False,True
8136,902866049193591195,90,2196,2128,1715,2000,187,185,4.4121783628941476,4.41029597936246,11.100662339005199,10.743992861060175,True,False
8137,240601503759398496,24,4847,3432,3082,2000,1015,987,4.464823647738654,4.449555053274564,12.2428763671664,11.589651146514786,True,False
8138,143587520601774577230,14359,5556,5489,4426,0,0,0,0.0,0.0,12.439830883981392,12.11178773580101,False,True
8139,139647925563934603998,13965,5727,5676,4564,0,0,0,0.0,0.0,12.483563888125094,12.156083076288681,False,True
8140,888531920724586,0,113,0,0,0,0,0,0.0,0.0,6.820178962415188,0,False,True
8141,5098484807842131,1,1697,208,204,208,208,204,7.700439718141091,7.6523627950641675,10.728770849542663,7.672425341971495,False,False
8142,3811298584100203565,381,7839,6599,5417,2000,1138,1095,4.6920057175301775,4.682921354287515,12.936453910041177,12.403278375471052,True,False
8143,6014925000000000000,601,4627,4470,3720,2000,476,474,4.83876124616604,4.838251034080972,12.175861383565296,11.861086905995395,True,False
8144,1256850000000000000,126,7672,6128,5186,2000,1206,1167,4.398215866210128,4.387217293401786,12.905387005018131,12.340406490853294,True,False
8145,41379145805679207980,4138,9467,7941,6511,2000,999,967,5.1236950639339796,5.119647185952857,13.208691606785079,12.668663423175296,True,False
8146,9581664523809523809,958,9366,7734,6320,2000,1235,1190,5.167387725750194,5.163000647704424,13.193217322699065,12.625708843064466,True,False
8147,351618750000000000,35,6103,4468,3914,2000,1226,1181,4.55744719642146,4.550914060355918,12.57530287507339,11.934428040626804,True,False
8148,997500000000000000,100,295,259,245,2000,70,70,4.409351976743661,4.409351976743661,8.204571144249204,7.936637939002571,True,False
8149,7466191456710000,1,316,89,89,89,89,89,6.475733430966398,6.475733430966398,8.303780748177102,6.475733430966398,False,False
8150,9875250000000000000,988,2927,2903,2383,2000,139,138,4.685761625723616,4.685542886937809,11.515207030408751,11.21856323619027,True,False
8151,19950000000000000,2,288,238,236,2000,190,189,6.414865534742601,6.4098655347426,8.169925001442312,7.882643049361842,True,False
8152,30880234111109168177,3088,7319,6310,5095,2000,947,908,4.615827241853443,4.608001009835943,12.837430830221322,12.314866431053176,True,False
8153,10025062656641604,1,1499,690,686,690,690,686,9.43045255166553,9.418858348766978,10.54978466794786,9.422064766172813,False,False
8154,17131829573934837091,1713,9148,7684,6328,2000,1039,1008,5.376714009706818,5.374320408956441,13.159240650411673,12.627533884472792,True,False
8155,2030682069049619283,203,3480,2962,2495,2000,547,529,4.480481867534781,4.4721041322667,11.76487159073609,11.284824100224624,True,False
8156,76797525000000000000,7680,5538,5479,4434,2000,208,207,4.687497353497316,4.686797474385527,12.43514933836693,12.114393054867307,True,False
8157,32917500000000000,3,2777,1601,1548,2000,999,980,5.249565718866435,5.235600635331026,11.439311461818846,10.59618975614441,True,False
8158,7931257823089305179,793,2047,2040,1725,2000,95,94,4.727388185211114,4.726978115616224,10.99929538702341,10.752380646552893,True,False
8159,15060409124543137,2,49,41,41,781,41,41,5.3262385110073085,5.3262385110073085,5.614709844115208,5.357552004618084,False,False
8160,608613550868415223,61,2265,2184,1877,2000,298,298,4.515147357966042,4.5151473579660415,11.145295334933598,10.874212934830874,True,False
8161,63889107384721700,6,1064,945,923,2000,422,420,4.516266793630173,4.514265192349147,10.055282435501189,9.850186837645774,True,False
8162,25721376724186942,3,702,578,573,2000,429,427,5.250113776053535,5.246779331238597,9.45532722030456,9.162391328756906,True,False
8163,3905255062165920,0,109,0,0,0,0,0,0.0,0.0,6.768184324776926,0,False,True
8164,165212764588417371,17,2000,1798,1670,2000,585,583,4.389406414912078,4.388406414912078,10.965784284662087,10.705632387361415,True,False
8165,4125541218175462,0,1332,0,0,0,0,0,0.0,0.0,10.379378367071261,0,False,True
8166,45883453029738484,5,3352,1892,1794,2000,1015,985,4.516128169770071,4.494842621165389,11.710806433699352,10.80896417491926,True,False
8167,29545784730286221,3,3398,1906,1800,2000,1242,1199,6.160907082882952,6.118687236979062,11.73047013718422,10.813781191217037,True,False
8168,24937500000000000,2,2900,1513,1442,2000,1115,1082,6.535903639584989,6.499989485213803,11.501837184902296,10.493855449240822,True,False
8169,48279603929565772,5,3806,2261,2089,2000,1227,1185,5.302109061131766,5.275666353740279,11.894059846274022,11.028596777067108,True,False
8170,194189335831406090,19,4793,3315,2956,2000,1072,1041,4.422664095735233,4.41109310886408,12.226713224618962,11.52943055414615,True,False
8171,1476300000000000000,148,7677,6070,5106,2000,1227,1184,5.1286168330792465,5.124851746181877,12.906326932760603,12.31797782240712,True,False
8172,4980298102782699158,498,3719,3651,2907,2000,190,189,4.403950259440277,4.402649283708477,11.860699032611988,11.505315356136236,True,False
8173,4986391936383087725,499,3764,3697,2959,2000,199,198,4.6280410957362434,4.627240775608193,11.878050912728536,11.530893981193922,True,False
8174,5584857951104936411,558,8433,7001,5842,2000,1026,997,4.45724131323999,4.450427973021343,13.041830239101499,12.51224664282918,True,False
8175,165386620664676728,17,1160,1094,992,2000,192,191,5.197420531166811,5.193750806396167,10.179909090014934,9.954196310386875,True,False
8176,117945427095060286,12,4875,3346,3026,2000,1224,1183,5.3004331143477925,5.27466588785877,12.251186503524336,11.563196272216738,True,False
8177,11970000000000000000,1197,2239,2232,1866,2000,94,93,4.728217988431541,4.727783680915612,11.128638812852598,10.86573327085176,True,False
8178,119700000000000000,12,346,335,323,2000,73,72,4.657551931608646,4.656139953969124,8.434628227636725,8.335390354693924,True,False
8179,303240000000000000,30,1607,1538,1339,2000,193,192,4.374426764694145,4.373204202871417,10.650154213675094,10.386940245324311,True,False
8180,340412781159245696,34,2334,2160,1925,2000,512,510,4.780465043359364,4.780020561874796,11.188588845707349,10.910642730469625,True,False
8181,5086648797145038927,509,8457,7098,5910,2000,1103,1071,5.006175786993754,5.002864934538451,13.045930263291577,12.528942415064895,True,False
8182,4981031619517958644,498,8380,7014,5862,2000,1105,1072,4.736772992825054,4.731550839511127,13.032734528586714,12.51717725268954,True,False
8183,10000000000000000000,1000,9431,7941,6550,2000,1187,1146,4.832586015321676,4.827779258780803,13.203195037381263,12.677279191312175,True,False
8184,5078711503990320655,508,8982,7488,6211,2000,1187,1147,4.7409933087423095,4.73625802729156,13.132821006779572,12.600609852446706,True,False
8185,199964429229075593,20,5138,3633,3244,2000,1185,1144,4.545935246176095,4.529620408245163,12.326991174900817,11.663558104217273,True,False
8186,50125313283208020,5,2708,1773,1646,2000,865,831,5.088653070042449,5.06555456419837,11.403012023574997,10.684748620421626,True,False
8187,459315490167520172,46,559,547,511,2000,73,72,4.398903181980844,4.39753911111537,9.12670447284319,8.997179480937621,True,False
8188,28329000000000000000,2833,9514,8033,6611,2000,1086,1055,5.002924219723676,4.9998354473297875,13.215836309962455,12.690652799348483,True,False
8189,50942325000000000000,5094,3863,3392,2755,2000,513,500,5.840040198382989,5.83688299001949,11.915505962231931,11.42783660345852,True,False
8190,74613000000000000000,7461,5609,5525,4513,2000,358,357,5.787981963089389,5.78728431812632,12.453527867681785,12.139871063212487,True,False
8191,2693250000000000000,269,8329,6795,5663,2000,1233,1191,4.393637575608637,4.382721657238241,13.02392757717438,12.467350814487581,True,False
8192,1324056970952079087,132,4178,3907,3331,2000,681,677,4.370363586659013,4.368863586659013,12.028596777067108,11.70173963867435,True,False
8193,3990000000000000000,399,564,562,507,2000,51,51,4.344322377847454,4.344322377847453,9.139551352398794,8.985841937003341,True,False
8194,399000000000000000,40,232,229,226,2000,50,50,4.256371462287089,4.256371462287088,7.857980995127572,7.820178962415188,True,False
8195,1995000000000000,0,324,0,0,0,0,0,0.0,0.0,8.339850002884624,0,False,True
8196,10274250000000000000,1027,4422,4366,3515,2000,242,242,5.196015278524321,5.196015278524323,12.110483309816226,11.779308973959898,True,False
8197,15774347821559219755,1577,4712,4644,3756,2000,197,195,4.581422963171796,4.553918946131466,12.20212382383046,11.874981347653774,True,False
8198,54204150000000000000,5420,5523,5468,4422,2000,220,219,5.26824343917181,5.267876705270595,12.431236412071062,12.110483309816226,True,False
8199,189691043422490536016,18969,7926,7099,5927,0,0,0,0.0,0.0,12.952377251967985,12.533086342167612,False,True
8200,830555783410391142,83,6386,4869,4229,2000,977,947,4.612420823194837,4.606694179187904,12.640696837570093,12.046100845028802,True,False
8201,2131166023365515064,213,1311,1304,1116,2000,92,91,4.334071959498421,4.333328587319791,10.356451970221755,10.124121311829187,True,False
8202,1935150000000000000,194,4597,4300,3639,2000,720,716,4.484996739356893,4.483869131764335,12.166476950816804,11.829326335841666,True,False
8203,11297492105174288475,1130,9497,7911,6464,2000,1210,1169,4.435136821072468,4.426937096065911,13.213256138247942,12.658211482751796,True,False
8204,687380353375318995,69,754,743,675,2000,71,70,4.2966120342420036,4.29494738613492,9.558420713268664,9.398743691938193,True,False
8205,204487500000000000,20,2816,2463,2270,2000,733,728,4.425898292236619,4.423493529092001,11.459431618637296,11.148476582178278,True,False
8206,170557528053404217,17,359,347,330,2000,73,72,4.245680123850297,4.236035186950508,8.487840033823051,8.366322214245816,True,False
8207,6223088146041281442,622,6914,6058,5095,2000,874,864,4.39398937650589,4.390953920607594,12.7553048882624,12.314866431053176,True,False
8208,10343653155255000,1,405,197,196,197,197,196,7.622051819456377,7.611899535192418,8.661778097771988,7.614709844115208,False,False
8209,10000000000000000,1,589,264,262,264,264,262,8.044394119358454,8.029242604206939,9.20212382383046,8.03342300153745,False,False
8210,9081621982561007,1,411,143,143,143,143,143,7.159871336778389,7.159871336778389,8.682994583681683,7.159871336778389,False,False
8211,1495520261686198510,150,775,664,603,2000,130,130,4.517334126896013,4.517334126896012,9.5980525001616,9.236014191900084,True,False
8212,247999659960280839,25,4018,3093,2815,2000,933,922,4.406710896353029,4.404218965632347,11.972261848733291,11.458919206967591,True,False
8213,87780000000000000,9,3887,2442,2280,2000,1023,994,4.3754811459255665,4.365976956637998,11.924441392339197,11.154818109052105,True,False
8214,200000000000000000,20,1669,1567,1425,2000,387,385,4.504222126088546,4.5029808221089915,10.704768239362599,10.476746203939467,True,False
8215,789022500000000000,79,6842,5247,4506,2000,1217,1175,4.512938281481625,4.5057364061916765,12.7402023887679,12.137631598235428,True,False
8216,74718908713832780,7,755,704,661,2000,192,191,4.443371653520518,4.441567692315522,9.560332834212442,9.368506461507693,True,False
8217,2174550000000000000,217,3226,3172,2596,2000,206,204,4.772094919534079,4.7713457446103815,11.655530723155643,11.342074667999139,True,False
8218,1060338404152939394,106,1256,1074,949,2000,230,226,4.5426513386520435,4.539588421010711,10.294620748891626,9.89026427702111,True,False
8219,15723029530756959680,1572,2344,2337,1952,2000,96,95,4.834113660645234,4.833746410999528,11.194756854422248,10.930737337562887,True,False
8220,2861768517749067608,286,1442,1429,1221,2000,73,72,4.361620722946384,4.35955565291304,10.493855449240822,10.253847484987404,True,False
8221,7564203815709053754,756,7866,6784,5682,2000,972,958,4.7557419072956195,4.752241710210123,12.941414470942911,12.472183116189541,True,False
8222,74635625751855000,7,1331,952,880,2000,409,399,4.508655054991683,4.497650653230979,10.378294855911891,9.78135971352466,True,False
8223,4668394202481123,0,565,0,0,0,0,0,0.0,0.0,9.14210705730255,0,False,True
8224,199500000000000000,20,4519,3174,2874,2000,1012,986,4.455984129210159,4.45065396052221,12.141787841671004,11.488844346457336,True,False
8225,43291500000000000,4,2348,1512,1469,2000,851,841,5.301037041728228,5.292609665242091,11.197216693110052,10.52061868055628,True,False
8226,10598312690520017,1,26,12,12,12,12,12,3.584962500721156,3.584962500721156,4.700439718141092,3.584962500721156,False,False
8227,6215277827774461473,622,3658,3594,2884,2000,179,177,4.4395601821912045,4.438141544904451,11.836839359748716,11.493855449240822,True,False
8228,37638960045634333742,3764,9479,8049,6650,2000,1057,1027,5.8874579222883385,5.884998891812979,13.210519152737335,12.699138625275914,True,False
8229,11779888945459878022,1178,9691,8149,6690,2000,1222,1181,5.204770289749167,5.201269609896247,13.24242982755771,12.707790495528823,True,False
8230,4916888943094009758,492,8236,6739,5613,2000,965,936,4.600286976030933,4.594998280004839,13.007728114632254,12.45455634396194,True,False
8231,7051491366059703380,705,8591,7052,5847,2000,972,942,4.467292972817439,4.4597429834066755,13.068610356779276,12.513480875979047,True,False
8232,2506265664160401002,251,2091,2064,1687,2000,132,131,4.68330180903847,4.68308127412974,11.029977346589579,10.720244258287567,True,False
8233,423836061300952992,42,1099,1071,904,2000,111,111,4.303608645125749,4.30360864512575,10.101975670949232,9.820178962415188,True,False
8234,9612337582843800000,961,2143,2131,1786,2000,97,95,4.908091791473469,4.90741974288604,11.065416134676548,10.802516365121223,True,False
8235,1130782372898979,0,332,0,0,0,0,0,0.0,0.0,8.375039431346925,0,False,True
8236,379050000000000000,38,1686,1620,1396,2000,195,194,4.3921871655599025,4.390352762157917,10.719388820942083,10.447083226209653,True,False
8237,2892750000000000000,289,3350,3305,2696,2000,204,204,4.677572587038449,4.67757258703845,11.709945380232497,11.396604781181859,True,False
8238,1093605527548626004,109,2647,2608,2144,2000,206,206,4.396255086541897,4.396255086541897,11.3701424794954,11.066089190457772,True,False
8239,58666326600000000,6,193,181,179,2000,80,78,4.794840960374826,4.790631906118338,7.592457037268081,7.483815777264256,True,False
8240,6334917220406557,1,90,22,22,22,22,22,4.459431618637296,4.459431618637296,6.491853096329675,4.459431618637297,False,False
8241,9800000000000000,1,393,143,142,143,143,142,7.159871336778389,7.145885322792375,8.618385502258606,7.149747119504682,False,False
8242,1346625000000000000,135,6513,5384,4608,2000,970,953,4.936103055589391,4.928179776893879,12.6691065113363,12.169925001442312,True,False
8243,962189350205160000,96,26,23,23,2000,22,22,4.2230341270752705,4.22303412707527,4.700439718141092,4.523561956057013,True,False
10076,15478742231728468584,1548,5125,4443,3599,2000,689,666,5.444230949370433,5.440025298922251,12.32333628928017,11.813380386924727,True,False
10077,1619910774538707538,162,5971,5100,4362,2000,896,886,4.393708627071421,4.390869938828352,12.543756853375895,12.09077405464075,True,False
10078,25219695618255868787,2522,7324,6561,5393,2000,806,800,5.047797863283262,5.047154975568706,12.838416075797337,12.39687231851056,True,False
10079,89175396320484075000,8918,1326,1179,1038,2000,199,196,5.561332550281568,5.560268612993124,10.372865060112588,10.019590728357882,True,False
10080,212521086252610206929,21252,8933,7940,6665,0,0,0,0.0,0.0,13.124929046602478,12.702389159976336,False,True
10081,277787870654376590,28,1489,1434,1258,2000,196,195,4.567472077576788,4.565186125789589,10.5401280385821,10.296916206879288,True,False
10082,31261650000000000000,3126,5291,5234,4199,2000,206,205,4.676235538071415,4.675547952123172,12.36932470240734,12.035830072835017,True,False
10083,25062656641604010,3,2102,1230,1166,2000,829,797,6.445643683907225,6.40901051258568,11.037546953962178,10.187352073200497,True,False
10084,1979462502444418335,198,7999,6391,5370,2000,1226,1179,5.048844776519209,5.044356789511079,12.965603936509982,12.390706372872774,True,False
10085,9937015624746505494,994,9367,7812,6373,2000,1242,1199,5.536613440332547,5.5339241532600045,13.193371349821497,12.637756945412145,True,False
10086,218851500000000000000,21885,10594,9050,7378,0,0,0,0.0,0.0,13.370959793297386,12.84901407369482,False,True
10087,32079600000000000000,3208,10142,8599,7021,2000,1243,1203,5.862696630849991,5.860791523256149,13.308054559066635,12.777460812669785,True,False
10088,10274250000000000,1,2537,978,944,978,978,944,9.933690654952233,9.857755417215536,11.308907804063939,9.88264304936184,False,False
10089,327180000000000000,33,3711,2867,2526,2000,792,761,4.54480495685094,4.525640709082288,11.857592285697526,11.302638923787553,True,False
10090,10719287617500000000,1072,4635,4579,3671,2000,207,206,4.863869185383289,4.8633191166246945,12.178353623512892,11.841957399099547,True,False
10091,15743259486086280,2,2842,1343,1290,2000,1248,1204,6.581408367701545,6.5366077253803265,11.47269083924278,10.333155350310616,True,False
10092,7614970419839569574,761,9364,7827,6458,2000,1212,1170,4.835206366237035,4.829231494542328,13.192909219112012,12.65687172561398,True,False
10093,26528211601710779,3,3332,1811,1720,2000,1230,1190,5.302276651898981,5.277281096489402,11.702172685365548,10.74819284958946,True,False
10094,2216040185602081187,222,7825,6519,5409,2000,1187,1142,4.61944357000921,4.6075742232225,12.933875036707343,12.401146182153498,True,False
10095,2371331099720377287,237,5837,4864,4063,2000,909,872,4.674019491424276,4.662771337316556,12.511011352882239,11.988329649231089,True,False
10096,27011576194654663453,2701,5062,5017,4021,2000,205,205,4.680780283045915,4.680780283045915,12.305491792110685,11.97333862080036,True,False
10097,199503869726954245692,19950,5714,5671,4549,0,0,0,0.0,0.0,12.480285320936371,12.151333719291655,False,True
10098,10506947145855740542,1051,8618,7369,5960,2000,1162,1118,5.203117862603804,5.198184596299612,13.073137383110383,12.541096615349524,True,False
10099,1859712264585802,0,667,0,0,0,0,0,0.0,0.0,9.381542951184585,0,False,True
10100,921895322823688917,92,2693,2220,1917,2000,475,463,4.396961921777995,4.38879152512005,11.394998514501673,10.904634621668151,True,False
10101,406381000671240734,41,1734,1670,1430,2000,194,193,4.488679939783933,4.4864788392336585,10.759888183221834,10.481799431665753,True,False
10102,15000000000000000,2,2497,1033,1001,2000,1012,982,6.485500187206775,6.451546802824742,11.285980105928212,9.967226258835993,True,False
10103,193038716981528510995,19304,4436,4401,3584,0,0,0,0.0,0.0,12.11504365016171,11.807354922057604,False,True
10104,112570877465814740142,11257,5549,5489,4426,0,0,0,0.0,0.0,12.438012087651131,12.11178773580101,False,True
10105,57360552802821637,6,3008,2011,1928,2000,970,959,4.7683592358471865,4.762752391725653,11.554588851677638,10.912889336229961,True,False
10106,489036384551344611,49,2689,2174,1894,2000,540,522,4.380113560935902,4.367413772409604,11.392854039872873,10.887220615468385,True,False
10107,99344103170026075699,9934,3378,3363,2797,2000,121,120,5.309417482012857,5.309197638544571,11.721953612801386,11.449664538476192,True,False
10108,17670169372716212046,1767,3151,3125,2557,2000,135,134,4.7883179257777755,4.788084865349391,11.62159403901754,11.32023644524165,True,False
10109,181908862858273112,18,2319,1753,1573,2000,569,551,4.641121994293038,4.629500281185652,11.179287104646004,10.619302955415687,True,False
10110,45217523631299055,5,754,521,495,2000,284,279,4.832405694808953,4.823089324122317,9.558420713268664,8.951284714966972,True,False
10111,518700000000000000,52,1978,1932,1642,2000,207,207,4.35832116063425,4.358321160634249,10.94982671075911,10.681238411777805,True,False
10112,3008460000000000000,301,7962,6548,5495,2000,1076,1044,4.96023524644738,4.956556570465864,12.958915156091349,12.423903765836593,True,False
10113,1028575121607791255,103,6953,5369,4591,2000,973,943,4.766768618488921,4.74682409730782,12.763419874192088,12.164592716712367,True,False
10114,12967500000000000,1,336,170,166,170,170,166,7.4093909361377035,7.362332112608292,8.39231742277876,7.3750394313469245,False,False
10115,33920811551629782,3,2286,1422,1386,2000,878,868,5.891051990228105,5.881572337892204,11.158609688214478,10.436711542137214,True,False
10116,6710785573537500000,671,2043,2029,1695,2000,94,93,4.674623953557574,4.673983228186904,10.996473488733228,10.727069558023706,True,False
10117,4709836683313165,0,400,0,0,0,0,0,0.0,0.0,8.643856189774725,0,False,True
10118,40706817346452925540,4071,5399,5343,4297,2000,207,206,4.9084459548562505,4.907922095441068,12.398476501449256,12.069114061773938,True,False
10119,3992552685146509110,399,3692,3638,2938,2000,205,201,4.580716925187602,4.5761610034045646,11.850186837645774,11.52061868055628,True,False
10120,3295295077960830000,330,2732,2368,1998,2000,402,392,4.37736133989881,4.367169856079759,11.41574176829009,10.964340867792417,True,False
10121,58658974546200000,6,184,173,169,2000,75,74,4.544705525526528,4.543088877423408,7.523561956057013,7.400879436282184,True,False
10122,446579411993212507,45,6185,4599,4017,2000,1210,1168,4.406881111263649,4.397156373825369,12.594557879863732,11.971902746045467,True,False
10123,11657663458373560083,1166,6558,6039,4977,2000,772,766,5.2025728880447115,5.2015193273338145,12.679040186393062,12.28106067167702,True,False
10124,537241919659157206,54,327,284,269,2000,88,88,4.398737241967625,4.398737241967624,8.353146825498083,8.071462362556623,True,False
10125,1756500747803944741,176,2873,2805,2301,2000,190,189,4.406709087367005,4.40533459564259,11.488342277532524,11.16804526822409,True,False
10126,500000000000000000,50,2629,2455,2158,2000,515,513,4.779564359946459,4.779119903155993,11.360298426618046,11.075479149488016,True,False
10127,1199311027191608237,120,3574,3381,2885,2000,569,567,4.7654409812077105,4.763578673800255,11.80332391904149,11.494355603532846,True,False
10128,5469349585728000000,547,1944,1937,1642,2000,93,92,4.428965804630829,4.428345614279809,10.92481250360578,10.681238411777805,True,False
10129,2140543420602371,0,187,0,0,0,0,0,0.0,0.0,7.546894459887636,0,False,True
10130,138153750000000000000,13815,2805,2796,2263,0,0,0,0.0,0.0,11.453785055496155,11.144020869266893,False,True
10131,284957752979134224,28,524,513,484,2000,80,79,4.286149437028724,4.285374526845615,9.03342300153745,8.918863237274595,True,False
10132,7938833310552107319,794,4261,4181,3417,2000,304,304,4.493018682193423,4.493018682193422,12.05697633617822,11.738514532429267,True,False
10133,1465565996625379,0,596,0,0,0,0,0,0.0,0.0,9.219168520462162,0,False,True
10134,55909875000000000000,5591,9588,8130,6667,2000,1062,1031,6.210813156132534,6.209464417468001,13.227014193649133,12.702822011777029,True,False
10135,43391250000000000000,4339,9518,8057,6615,2000,1035,1005,5.442446920719356,5.440228979972918,13.216442739160492,12.69152544116604,True,False
10136,139518440164515799,14,1038,796,733,2000,292,287,4.571122113191079,4.563913792729746,10.019590728357882,9.517669388133811,True,False
10137,8020050125313283,1,350,112,112,112,112,112,6.8073549220576055,6.8073549220576055,8.451211111832329,6.807354922057604,False,False
10138,3484338606544509,0,1306,0,0,0,0,0,0.0,0.0,10.350939181546432,0,False,True
10139,99750000000000000,10,909,840,768,2000,186,185,4.707012017453042,4.704006758249436,9.828136484194108,9.584962500721156,True,False
10140,284779321191614018,28,1551,1480,1251,2000,191,190,4.36933831664417,4.367600822978783,10.59898297103609,10.28886607416582,True,False
10141,691384437280756,0,212,0,0,0,0,0,0.0,0.0,7.727920454563199,0,False,True
10142,1306305074354268,0,19,0,0,0,0,0,0.0,0.0,4.247927513443585,0,False,True
10143,591132842742292,0,279,0,0,0,0,0,0.0,0.0,8.124121311829187,0,False,True
10144,8478750000000000,1,1303,347,341,347,347,341,8.438791852578259,8.39844603125261,10.347621368568134,8.413627929024173,False,False
10145,987525000000000000,99,7061,5586,4759,2000,1250,1207,4.6974948576843625,4.692338642850784,12.785656801427193,12.216442739160492,True,False
10146,647224001598378200,65,4649,3708,3208,2000,887,851,4.500483390583613,4.490764605368981,12.182704710518964,11.64745842645492,True,False
10147,13816674748607930873,1382,562,560,504,2000,59,58,4.890038365430155,4.88984903490579,9.134426320220927,8.977279923499916,True,False
10148,31940979027099813,3,440,373,362,2000,181,180,5.4031967804502905,5.398779455419355,8.78135971352466,8.499845887083206,True,False
10149,42965266380823449,4,510,443,426,2000,181,180,5.195756041757692,5.191748694955222,8.994353436858859,8.734709620225837,True,False
10150,133648954657254295032,13365,6328,6147,5097,0,0,0,0.0,0.0,12.627533884472792,12.315432637905376,False,True
10151,1298548530173723129,130,6406,5307,4544,2000,967,952,4.466785932700265,4.463075626157712,12.645208082774683,12.149747119504681,True,False
10152,8324137500000000000,832,4181,4114,3306,2000,200,199,4.534391242182701,4.533544893025203,12.029632328044137,11.690871009292314,True,False
10153,24862155388471177944,2486,9535,7906,6511,2000,1042,1012,4.915247107578152,4.911889419299653,13.219017223200119,12.668663423175296,True,False
10154,411002506265664160401,41100,9996,8636,7085,0,0,0,0.0,0.0,13.287135186086704,12.790552137805381,False,True
10155,401002506265664160401,40100,10597,9054,7388,0,0,0,0.0,0.0,13.371368276630081,12.850968150982439,False,True
10156,3248948171762320671,325,3412,3344,2668,2000,187,185,4.394294151873959,4.392321006404807,11.73640193131829,11.381542951184585,True,False
10157,140287419739435652878,14029,2561,2553,2097,0,0,0,0.0,0.0,11.322491537597468,11.034111146096592,False,True
10158,14962500000000000,1,2501,964,935,964,964,935,9.91288933622996,9.840000682177585,11.28828934218097,9.868822554774999,False,False
10159,4064875350895139021,406,2583,2266,1906,2000,384,375,4.593151334142288,4.5857009159912545,11.334831928118,10.896332403909941,True,False
10160,857573077038387470,86,890,875,767,2000,81,80,4.356112517921627,4.354066672946294,9.79766152585376,9.583082767502933,True,False
10161,104333388319172012,10,2639,1907,1735,2000,710,686,5.3103990574647995,5.287930573733284,11.365775635326269,10.760719947465624,True,False
10162,991903223109155880,99,7152,5609,4819,2000,1207,1167,4.499458674438034,4.487354755317179,12.804131021183318,12.234518085739989,True,False
10163,9975299873978657656,998,9479,7932,6530,2000,1237,1195,5.600172377651627,5.597806232959133,13.210519152737335,12.672867276433793,True,False
10164,648375000000000000,65,6412,4773,4145,2000,1052,1023,4.555895303418843,4.543603767722406,12.646558710154547,12.017156386383112,True,False
10165,872812500000000000,87,6483,5063,4376,2000,1067,1036,4.559462923893541,4.545225687295437,12.662445857580664,12.095397022792557,True,False
10166,9928654797521937781,993,9486,7958,6553,2000,1208,1168,4.7879669253672255,4.783110935410377,13.211584153079526,12.677939816390142,True,False
10167,1046571678588002597,105,2238,1910,1639,2000,389,381,4.502188650515325,4.497070939548571,11.127994320976393,10.678600139099458,True,False
10168,598500000000000000,60,4805,3808,3295,2000,922,884,4.571908123979952,4.556161252795093,12.230320715661113,11.686062749895415,True,False
10169,3990000000000000,0,194,0,0,0,0,0,0.0,0.0,7.599912842187128,0,False,True
10170,382068074944684080,38,1695,1627,1345,2000,188,187,4.366864746436056,4.36528579364441,10.727069558023706,10.393390457443987,True,False
10171,2593500000000000000,259,3196,3128,2495,2000,185,184,4.352471276618437,4.3508450569536885,11.642051692927977,11.284824100224624,True,False
10172,9975000000000000,1,203,129,129,129,129,129,7.011227255423254,7.011227255423254,7.6653359171851765,7.011227255423254,False,False
10173,1571543096479135559,157,3941,3726,3171,2000,620,617,4.430878409785478,4.428417171546469,11.944346034137833,11.630722162103838,True,False
10174,1924754036077552,0,926,0,0,0,0,0,0.0,0.0,9.854868383260236,0,False,True
10175,3210008658115059,0,917,0,0,0,0,0,0.0,0.0,9.840777923595054,0,False,True
10176,79800000000000000,8,793,729,677,2000,194,193,4.706454738655265,4.703703018830375,9.63117705570398,9.403012023574997,True,False
10177,52657129026998257,5,658,605,581,2000,189,188,4.488180856760462,4.485980856760461,9.361943773735241,9.18239435340453,True,False
10178,26027010246741509,3,3396,1763,1666,2000,1217,1171,5.299344362595535,5.270402387442546,11.729620743553038,10.702172685365548,True,False
10179,100398973499999988,10,4783,3239,2939,2000,1230,1188,4.503459987632987,4.491039018180866,12.223700075986306,11.521109643651332,True,False
10180,80398978799999990,8,4309,2776,2536,2000,1229,1188,5.563781012711805,5.54198132871094,12.073137383110383,11.308339030139408,True,False
10181,60398984099999992,6,4101,2581,2376,2000,1225,1185,4.4425675566759715,4.430070820539454,12.001760028327217,11.214319120800766,True,False
10182,6384000000000000000,638,6472,5707,4747,2000,791,785,4.469220534629732,4.467817599469804,12.659995892429977,12.212800334429431,True,False
10183,10972500000000000,1,2546,1043,1009,1043,1043,1009,10.026523442519768,9.956768037436197,11.314016703901357,9.978710459106358,False,False
10184,934657500000000000,93,7106,5473,4683,2000,1227,1179,4.513585079066932,4.501958801142592,12.794821973331223,12.193217322699065,True,False
10185,3194738840668649061,319,1580,1568,1311,2000,82,80,4.374740172216085,4.373363995950401,10.625708843064466,10.356451970221755,True,False
10186,105263157894736842,11,3476,2467,2249,2000,935,897,5.29667837732519,5.26789100929386,11.7632123668144,11.135067945777816,True,False
10187,112449917285154690,11,4665,3167,2880,2000,1179,1139,4.437006904936364,4.423748618703404,12.187661365739121,11.491853096329674,True,False
10188,2982489272292474480844,298249,247,245,227,0,0,0,0.0,0.0,7.948367231584678,7.826548487290915,False,True
10189,4138747270893523494,414,3623,3556,2836,2000,194,192,4.492460131887668,4.490928752030783,11.822969090453288,11.469641817239516,True,False
10190,1097250000000000000,110,2734,2669,2221,2000,276,276,4.701110829603384,4.701110829603383,11.41679752760606,11.116993677546981,True,False
10191,4987500000000000000,499,7171,6246,5274,2000,940,928,4.749749214988112,4.748275010600648,12.807958602256477,12.36468185586456,True,False
10192,1022556390977443609,102,6877,5350,4574,2000,973,944,4.6658305554099675,4.65569677131065,12.747563630255119,12.159240650411673,True,False
10193,9244705033087237,1,1815,509,501,509,509,501,8.991521846075694,8.95615838831538,10.825753832883112,8.968666793195208,False,False
10194,3253205850509755,0,627,0,0,0,0,0,0.0,0.0,9.29232163280204,0,False,True
10195,39900000000000,0,46,0,0,0,0,0,0.0,0.0,5.523561956057013,0,False,True
10196,680489165918625000,68,580,576,552,2000,62,60,4.3106751519457625,4.279926486207265,9.179909090014934,9.108524456778168,True,False
10197,4987077538729290372,499,8596,7265,5940,2000,1212,1170,4.934963674130723,4.9303780039779355,13.069449767427784,12.536247215688128,True,False
10198,96185426264073980,10,3077,2178,2069,2000,909,898,4.551003369976232,4.546031922237004,11.587308728333545,11.014717929860009,True,False
10199,754411698380687452,75,5803,4627,4041,2000,1008,989,4.66807631544974,4.664554110664806,12.502583213553354,11.98049663618346,True,False
10200,872998574082612727,87,6240,4895,4260,2000,1021,995,4.7327333064968276,4.729284429148487,12.60733031374961,12.056637715113201,True,False
10201,1124705190000000000,112,2572,2175,1859,2000,431,419,4.439802829267499,4.431672499120221,11.328674927327947,10.860311054919482,True,False
10202,33694817457803817614,3369,8591,7598,6366,2000,993,983,5.446243035409976,5.4456715170285195,13.068610356779276,12.636171441635922,True,False
10203,99750000000000000,10,3514,2380,2241,2000,971,954,4.536615483565111,4.528412006682645,11.778898476008376,11.129926933510394,True,False
10204,4822902674758375,0,663,0,0,0,0,0,0.0,0.0,9.372865060112588,0,False,True
10205,713845944099061,0,434,0,0,0,0,0,0.0,0.0,8.761551232444479,0,False,True
10206,3491250000000000,0,638,0,0,0,0,0,0.0,0.0,9.31741261376487,0,False,True
10207,6380935763790000000,638,6309,5540,4641,2000,801,795,4.929485390782343,4.9287223014769985,12.623195635452936,12.180219982170192,True,False
10208,30000000000000000,3,2732,1620,1523,2000,1019,981,6.49128790259312,6.4501056386048194,11.41574176829009,10.572700226487292,True,False
10209,9975000000000000,1,1599,498,484,498,498,484,8.96000193206808,8.898245129854901,10.642954223480332,8.918863237274595,False,False
10210,1254963045390618301,125,1698,1673,1365,2000,134,133,4.486733922637618,4.4864441899846454,10.729620743553038,10.414685235807214,True,False
10211,21086877140552415,2,694,435,424,2000,318,312,6.491233638854344,6.471477768764979,9.43879185257826,8.727920454563199,True,False
10212,1488807379798987949766,148881,8678,7765,6527,0,0,0,0.0,0.0,13.083146870816742,12.672204323964033,False,True
10213,1496250000000000000,150,1118,1110,977,2000,92,90,4.374967089971561,4.373654836374387,10.12670447284319,9.932214751968385,True,False
10214,4488750000000000000,449,1788,1782,1509,2000,86,85,4.267630285633903,4.266148082167458,10.804131021183318,10.559377090526683,True,False
10215,3990000000000000000,399,1684,1675,1391,2000,79,78,4.59035177410666,4.589433823823977,10.717676423066395,10.44190670454224,True,False
10216,4039875000000000000,404,6134,5369,4479,2000,786,780,4.436024255682772,4.433452811981441,12.58261245126702,12.128960950855697,True,False
10217,164362078154641222667,16436,4455,4417,3588,0,0,0,0.0,0.0,12.121209716409284,11.80896417491926,False,True
10218,1147125000000000000,115,2713,2659,2192,2000,206,205,4.632658793800858,4.631920637848639,11.405673332281866,11.098032082960527,True,False
10219,807975000000000000,81,2247,2205,1837,2000,216,216,4.547859676815107,4.547859676815108,11.133784409179908,10.84313591111135,True,False
10220,403987500000000000,40,1789,1734,1490,2000,223,222,4.420440775355658,4.420196400546168,10.804937672051908,10.541096615349524,True,False
10221,997500000000000000,100,2660,2578,2178,2000,319,319,4.456181119559895,4.4561811195598935,11.377210530388552,11.088788238716907,True,False
10222,25695764317527952697,2570,5013,4946,3977,2000,199,198,4.907346242295953,4.906774650412558,12.291458518782344,11.95746484680521,True,False
10223,4474055022689241646,447,5577,5217,4358,2000,745,740,4.78353617181698,4.782734628635994,12.445273555640638,12.089450481115907,True,False
10224,4632009952433671379,463,5803,5328,4440,2000,775,769,5.412849921588714,5.411962372218459,12.502583213553354,12.116343961237469,True,False
10225,9110559972036386,1,1008,304,301,304,304,301,8.247927513443585,8.228190671338321,9.977279923499916,8.233619676759702,False,False
10226,2527999400399760000,253,2021,1763,1516,2000,328,321,4.614458771060583,4.609517141654691,10.980853606379736,10.566054038171092,True,False
10227,62754375214796353,6,3730,2145,1986,2000,978,948,4.428687529022561,4.416571179494664,11.8649599151426,10.955649907528374,True,False
10228,2473800000000000000,247,3176,3113,2549,2000,203,202,4.677447539525105,4.6767599320864415,11.632995197142957,11.315715658022201,True,False
10229,164807803300251672,16,2473,1858,1672,2000,613,595,4.432993273525684,4.421813410628557,11.272046524389937,10.707359132080883,True,False
10230,2580803925144537289,258,3949,3792,3198,2000,470,468,4.553146318560459,4.552048379578415,11.947271652460348,11.642954223480332,True,False
10231,150375939849624060,15,569,439,415,2000,151,149,4.468967646744816,4.462959836591616,9.152284842306582,8.696967526234287,True,False
10232,40100250626566416,4,92,60,58,2000,47,47,4.623498283596945,4.623498283596945,6.523561956057013,5.857980995127572,True,False
10233,810444869675671,0,234,0,0,0,0,0,0.0,0.0,7.870364719583405,0,False,True
10234,824219972658288041,82,2191,2124,1749,2000,187,186,4.381507492671,4.380160540151078,11.097373768990222,10.772314573921653,True,False
10235,2972338069348432030,297,3319,3251,2644,2000,194,193,4.579762038911541,4.578904651086448,11.6965329140783,11.368506461507693,True,False
10236,5711700293411306,1,1794,208,203,208,208,203,7.700439718141091,7.642747410448783,10.80896417491926,7.6653359171851765,False,False
10237,155384417721358139,16,5228,3595,3231,2000,1219,1173,4.5504086170686096,4.5330445897716025,12.352043425795433,11.657765035265363,True,False
10238,2793060407650298202,279,2137,2110,1729,2000,132,131,4.684401580243331,4.6841806322496495,11.061371192659811,10.755722153642282,True,False
10239,6904365825000000000,690,6491,5525,4516,2000,912,875,5.0103930875847755,5.003901795762372,12.664225040837929,12.140829770773001,True,False
10240,10794593207366997000,1079,6603,5660,4600,2000,906,869,5.348071843619993,5.343372268058213,12.688905930612714,12.167418145831737,True,False
10241,23908866117947900000,2391,6801,5865,4746,2000,925,889,6.2325127167502,6.230230647203374,12.731531176461942,12.212496385193948,True,False
10242,4000000000000000000,400,6012,5083,4195,2000,874,838,4.691278727464146,4.681180230907135,12.553629293916364,12.034455095327186,True,False
10243,6914049633470142188,691,6146,5246,4293,2000,858,823,5.008061463052263,5.001966464706327,12.585432051592962,12.067770457447823,True,False
10244,556447879234211867,56,5901,4492,3922,2000,1013,986,4.4183351981457,4.411435584467489,12.526743742999686,11.93737382019215,True,False
10245,31133204226767015731,3113,10076,8590,7028,2000,1201,1159,5.127903509277816,5.123985951583681,13.298635406734242,12.778898476008376,True,False
10246,3980025000000000000,398,3700,3646,2950,2000,204,202,4.537981366567611,4.5346570274977305,11.853309555403674,11.526499239136566,True,False
10247,4461768115747490406,446,8817,7284,6018,2000,1242,1201,4.603950817416005,4.598428479977295,13.106072144372488,12.555068391333338,True,False
10248,148892204955060000,15,752,585,542,2000,210,206,4.496895740177305,4.488888533691466,9.554588851677638,9.08214904135387,True,False
10249,49875000000000000000,4988,2626,2620,2150,2000,109,108,5.34563786505539,5.3453325578637525,11.358651200892886,11.070120944476823,True,False
10250,45811657443298557206,4581,2611,2604,2137,2000,96,95,4.831112614807212,4.830743167899857,11.350386742312843,11.061371192659811,True,False
10251,309010083586686,0,119,0,0,0,0,0,0.0,0.0,6.894817763307944,0,False,True
10252,305161590228081,0,111,0,0,0,0,0,0.0,0.0,6.794415866350106,0,False,True
10253,64508325000000000000,6451,7144,6792,5590,2000,800,794,6.539124002293815,6.523267203474774,12.802516365121223,12.448632567730552,True,False
10254,198654895676748000000,19865,1603,1598,1382,0,0,0,0.0,0.0,10.646558710154547,10.432541900388259,False,True
10255,2773050000000000000,277,3306,3238,2632,2000,201,199,4.69559623443494,4.683220238116038,11.690871009292314,11.361943773735241,True,False
10256,28278513525085744,3,3246,1742,1649,2000,1195,1154,6.112842166562968,6.079813679917332,11.664447284547972,10.687375683437468,True,False
10257,540056576243492910,54,6577,5063,4377,2000,1234,1194,4.557856013593393,4.551367598176581,12.683213954934427,12.095726668639047,True,False
10258,698794007693046841,70,161,133,128,2000,47,47,4.34871217752615,4.348712177526149,7.330916878114617,7.0,True,False
10259,984312288083627058,98,2656,2564,2188,2000,350,349,4.4149954358670245,4.4143952858295155,11.375039431346925,11.095397022792557,True,False
10260,2493750000000000,0,521,0,0,0,0,0,0.0,0.0,9.025139562278508,0,False,True
10261,96805570942825734379,9681,9701,8263,6789,2000,1043,1014,5.272678630070615,5.270460948942164,13.243917755743324,12.728983369988049,True,False
10262,34812750000000000,3,469,414,403,2000,199,198,5.447919175643916,5.444352841835071,8.873444112515376,8.654636028527968,True,False
10263,9975000000000000000,998,4370,4311,3476,2000,203,202,4.372806524004293,4.37158375833066,12.093417564387961,11.7632123668144,True,False
10264,19811686650000000,2,1115,808,801,2000,712,708,6.511757397952132,6.506042280929806,10.122827994807666,9.64565843240871,True,False
10265,24967425000000000000,2497,5150,5092,4085,2000,217,215,5.1267176279922655,5.124447202126811,12.330356716957944,11.996120363033047,True,False
10266,669289796157315532,67,3937,3522,3063,2000,748,743,4.3878794972795205,4.385818443495786,11.94288099715904,11.580729651598958,True,False
10267,195204149687436546,20,1252,1201,1075,2000,194,193,4.708755163326997,4.706254225475304,10.290018846932618,10.070120944476823,True,False
10268,2870881730262919,0,1170,0,0,0,0,0,0.0,0.0,10.192292814470767,0,False,True
10269,9171095807876508938,917,4217,4149,3344,2000,197,196,4.4880499384968005,4.48704952165645,12.042001306279133,11.707359132080883,True,False
10270,19525525027050000,2,1596,852,814,2000,718,692,6.517001407043471,6.477353434102278,10.640244936222345,9.668884984266247,True,False
10271,4429811115673841825,443,6822,5948,5026,2000,909,899,4.879415475192772,4.878279971507954,12.735979039613404,12.295194955880655,True,False
10272,1883027934181712835,188,6265,5344,4567,2000,929,917,4.454254183609679,4.450356351485137,12.613098794209224,12.157031074378354,True,False
10273,668325000000000000,67,376,373,361,2000,60,60,4.468147969679435,4.468147969679434,8.554588851677638,8.49585502688717,True,False
10274,6074695978888075146,607,921,918,809,2000,63,63,4.634265943220726,4.634265943220725,9.847057346091336,9.659995892429977,True,False
10275,3291750000000000000,329,766,763,677,2000,59,59,4.309073729034044,4.3090737290340435,9.581200581924957,9.403012023574997,True,False
10276,16860882150000000000,1686,1089,1086,940,2000,51,51,4.215770301550164,4.215770301550164,10.088788238716907,9.876516946565,True,False
10277,99750000000000000,10,137,133,132,2000,47,47,4.168897822374447,4.168897822374447,7.098032082960526,7.044394119358453,True,False
10278,8092453948312242075,809,7835,6781,5688,2000,980,966,4.692734384827289,4.6896103928201,12.935717559359942,12.473705749619416,True,False
10279,8578000000000000000,858,7289,6418,5392,2000,901,891,4.55810656556966,4.5563596804970015,12.831505185085327,12.396604781181859,True,False
10280,1382502808281000000,138,986,975,853,2000,76,75,4.393825087067249,4.392264019783778,9.945443836377912,9.73640193131829,True,False
10281,400583546425691986,40,522,510,475,2000,61,61,4.231352808197245,4.231352808197244,9.027905996569885,8.89178370321831,True,False
10282,142513317869380243,14,5006,3492,3158,2000,1230,1191,5.208015015344631,5.1862185585545735,12.289442575688332,11.624795455860237,True,False
10283,1202506892230576441,120,7043,5658,4811,2000,1078,1046,4.644910589946266,4.639153232171914,12.781974367389338,12.232121084082221,True,False
10284,777112418677028217,78,6944,5346,4594,2000,1217,1174,4.790778024965367,4.771783372553231,12.761551232444479,12.165535141377925,True,False
10285,130282641334619156,13,1098,1031,927,2000,182,181,4.761531663125209,4.758461824291749,10.100662339005199,9.85642552862553,True,False
10286,7117065869384534,1,1940,353,347,353,353,347,8.463524373271182,8.423864316613958,10.92184093707449,8.43879185257826,False,False
10287,99750000000000000000,9975,5296,4637,3747,2000,696,675,6.004885731789987,6.002324742836732,12.370687406807217,11.871520262329113,True,False
10288,939491255425864084,94,6476,5042,4374,2000,1029,1001,4.457936214586673,4.4520699123127665,12.660887270302567,12.094737505048093,True,False
10289,798000000000000000,80,6310,4874,4244,2000,1032,1002,5.000569489369697,4.99720083672921,12.623424289869911,12.051208940914766,True,False
10290,1995000000000000000,200,7400,5954,5045,2000,1026,997,4.467062085639032,4.45690617705377,12.853309555403674,12.30063855399372,True,False
10291,10972500000000000000,1097,8965,7496,6195,2000,1035,1005,5.284513454063391,5.279830102950781,13.130087867755737,12.596888567027964,True,False
10292,29925000000000000000,2993,9365,7897,6485,2000,1011,981,5.736019300331233,5.734380684888864,13.193063279130408,12.662890859139061,True,False
10293,3909864345452772734,391,8055,6584,5517,2000,981,951,4.465662445921319,4.459082352071178,12.97566887359393,12.429668265133094,True,False
10294,23354146309450856911,2335,9267,7740,6349,2000,982,952,4.9652642687502215,4.961430205474248,13.177886656348793,12.632313662586126,True,False
10295,39892226204704390084,3989,9435,7936,6508,2000,998,968,5.865958446779461,5.863034173765321,13.203806802487808,12.667998535672528,True,False
10296,3951097500000000000,395,3682,3627,2927,2000,209,208,4.676149056052859,4.675461384134879,11.846273911349906,11.515207030408751,True,False
10297,86663369040009381,9,905,662,616,2000,291,286,4.587535246546418,4.581093726347651,9.821773981970567,9.266786540694902,True,False
10298,1665825000000000000,167,4632,4321,3649,2000,733,729,4.828288844902911,4.827687388207412,12.177419537989236,11.833285435584482,True,False
10299,7980000000000000000,798,9203,7704,6289,2000,1250,1207,4.700869140603851,4.691848896040538,13.16788851318065,12.618614920250803,True,False
10300,99750000000000000,10,2575,1812,1655,2000,734,708,5.342481454590416,5.3183747507912384,11.330356716957944,10.69261550169458,True,False
10301,422170487472069,0,50,0,0,0,0,0,0.0,0.0,5.643856189774724,0,False,True
10302,198742624178446115,20,331,268,254,2000,97,97,4.292005429125184,4.292005429125183,8.370687406807217,7.9886846867721655,True,False
10303,16418850000000000000,1642,8757,7547,6255,2000,1013,991,4.82676842105955,4.824306414190017,13.096220996223424,12.610794169053182,True,False
10304,297333660782290775,30,4399,3317,2991,2000,965,952,4.3917828095544875,4.386094460420414,12.102959885910124,11.546412195119352,True,False
10305,498750000000000000,50,4880,3885,3446,2000,975,964,4.465324926005571,4.462530579926778,12.252665432450248,11.750706986224948,True,False
10306,941670422479542886,94,2305,2238,1853,2000,193,192,4.369643080891064,4.368251820535659,11.1705510353167,10.855647166027266,True,False
10307,3484506058119298,0,1364,0,0,0,0,0,0.0,0.0,10.413627929024173,0,False,True
10308,24047199875999290,2,3168,1625,1551,2000,1204,1164,6.566654826037524,6.527931362790129,11.62935662007961,10.59898297103609,True,False
10309,93765000000000000,9,860,794,735,2000,194,193,4.490189809379492,4.487988268300736,9.74819284958946,9.521600439723727,True,False
10310,5780135567276792370,578,8534,6962,5778,2000,976,947,5.00603385145043,5.002935387863193,13.059006395201111,12.496354488564615,True,False
10311,1031841740475000000,103,882,870,763,2000,68,68,4.267015100339,4.267015100338998,9.784634845557521,9.57553924683453,True,False
10312,644136522594536825,64,691,679,608,2000,70,69,4.392743576205541,4.384730399310505,9.432541900388259,9.247927513443585,True,False
10313,98991900000000000000,9899,9232,7983,6414,2000,1184,1140,5.865496138913951,5.862516736298807,13.172427508645482,12.647008638441648,True,False
10314,291222925176163066,29,1541,1494,1298,2000,201,201,4.405646415017983,4.405646415017982,10.589651146514786,10.342074667999139,True,False
10315,2864820000000000000,286,8008,6392,5383,2000,1065,1035,4.524936395563408,4.518895118251206,12.967226258835993,12.39419471001943,True,False
10316,266938488039422199,27,387,383,374,2000,68,64,4.30106616560292,4.2609272020878635,8.59618975614441,8.546894459887637,True,False
10317,20941231587827450201,2094,1194,1190,1031,2000,62,62,4.744526503882729,4.744526503882727,10.221587121264806,10.00982861736811,True,False
10318,13437929580941447983,1344,4663,4617,3711,2000,215,215,5.23325106514308,5.233251065143081,12.187042714339894,11.857592285697526,True,False
10319,2339442587828209768,234,6754,5758,4886,2000,976,965,4.646274691909389,4.644778985051134,12.721526464007477,12.254438148267257,True,False
10320,8870000000000000000,887,4179,4110,3269,2000,206,205,5.077633801816458,5.077152019220854,12.02894204332241,11.674633661767267,True,False
10321,1995000000000000,0,981,0,0,0,0,0,0.0,0.0,9.938109326219239,0,False,True
10322,542000000000000000,54,6587,4965,4284,2000,1218,1175,4.463863553452631,4.453087366920559,12.68540583478614,12.064742764750257,True,False
10323,3210000000000000000,321,8578,6948,5766,2000,1225,1178,4.472322054654487,4.463361570027646,13.066425600635556,12.493355121494906,True,False
10324,2250000000000000000,225,7156,5944,4929,2000,1096,1054,4.566149479838005,4.5577112372748365,12.804937672051908,12.26707926567123,True,False
10325,20427167342772354275,2043,4905,4837,3912,2000,199,198,4.773749727503335,4.773079617214352,12.2600374211066,11.933690654952233,True,False
10326,14438972323537661,1,1204,594,576,594,594,576,9.214319120800766,9.14636536999841,10.233619676759702,9.169925001442312,False,False
10327,64211374406694342784,6421,2519,2511,2073,2000,92,90,4.462903997108846,4.461757410632634,11.298635406734242,11.017504401109415,True,False
10328,249375000000000000,25,5220,3579,3172,2000,1047,1018,4.422112458548716,4.415219256091578,12.349834091457247,11.63117705570398,True,False
10329,792634204036792831,79,6623,5296,4528,2000,1205,1163,4.602091870997432,4.596188942687452,12.693269142893206,12.144658242831882,True,False
10330,21446250000000000000,2145,4934,4866,3940,2000,193,192,4.533059181397942,4.532135926925928,12.268542000300123,11.943979914343739,True,False
10331,7485327993255782587,749,4084,4025,3238,2000,202,201,4.533995043873629,4.5331486947161315,11.995767150877802,11.660887270302567,True,False
10332,114131741218789448,11,3671,2620,2381,2000,981,942,5.27192811685819,5.243848267579184,11.841957399099547,11.217351905270334,True,False
10333,409207915680082728,41,606,595,559,2000,77,76,4.317580294209904,4.316448702864879,9.243173983472952,9.12670447284319,True,False
10334,581420413211029810,58,1136,1110,924,2000,124,123,4.3921125931370595,4.391772635650659,10.149747119504681,9.851749041416058,True,False
10335,3660088354402674840,366,2578,2550,2074,2000,117,114,4.650090750153276,4.649356458825896,11.332036548361652,11.018200178813226,True,False
10336,3152369494059967808,315,79,73,73,2000,33,33,4.5823045121515005,4.5823045121515005,6.303780748177103,6.189824558880018,True,False
10337,329085355832100000,33,5208,3985,3494,2000,1110,1068,4.533807341006256,4.515185798352293,12.346513733165635,11.77066389291676,True,False
10338,31022750626566416,3,443,374,365,2000,182,181,5.400845278987424,5.396595987202722,8.791162888555018,8.51175265376738,True,False
10339,581616184697102038,58,5912,4516,3944,2000,1013,986,4.388425848599599,4.381641404955325,12.52943055414615,11.945443836377912,True,False
10340,995135491595135464,100,4806,3887,3338,2000,855,820,4.513896228816962,4.50245122821309,12.230620933129867,11.704768239362599,True,False
10341,3246596588439234,0,684,0,0,0,0,0,0.0,0.0,9.417852514885897,0,False,True
10342,8779940965425000,1,260,87,87,87,87,87,6.442943495848725,6.442943495848725,8.022367813028454,6.442943495848728,False,False
10343,7302582313483459288,730,3095,3057,2466,2000,137,137,4.851296065848761,4.851296065848762,11.595723694101627,11.26795708440284,True,False
10344,7181900250000000000,718,751,674,604,2000,119,119,4.841236049843543,4.841236049843544,9.552669097514272,9.238404739325079,True,False
10345,278084194218844,0,82,0,0,0,0,0,0.0,0.0,6.357552004618084,0,False,True
10346,1640887500000000000,164,1462,1446,1226,2000,102,101,4.477672576073302,4.4771389157641375,10.513727595952437,10.259743263690781,True,False
10347,4049688257763334089,405,3595,3527,2807,2000,191,189,4.52337250917374,4.522190497674051,11.81177605532666,11.454813348512525,True,False
10348,2892750000000000000,289,8477,6940,5804,2000,1208,1166,4.602185657440726,4.594410384762842,13.049338071751933,12.502831804066744,True,False
10349,13992358092592246408,1399,781,778,682,2000,55,55,4.484317745842701,4.484317745842701,9.60917873814198,9.413627929024173,True,False
10350,23328222837050271,2,434,370,369,2000,261,261,6.451155878359167,6.451155878359167,8.761551232444479,8.527477006060396,True,False
10351,933699722023335,0,295,0,0,0,0,0,0.0,0.0,8.204571144249204,0,False,True
10352,6681377817872224405,668,8965,7565,6171,2000,1238,1195,4.834509532300694,4.830140762077843,13.130087867755737,12.59128857924609,True,False
10353,4267143009991060577,427,2014,1999,1652,2000,99,98,4.338829511413723,4.338136773358964,10.975847968006784,10.689997971419446,True,False
10354,7980000000000000000,798,3580,3518,2831,2000,177,176,4.991515058063522,4.989881420775063,11.805743872151618,11.467096033905747,True,False
10355,50074500000000000,5,3969,2373,2190,2000,1214,1170,4.55009136795112,4.53312398684251,11.954559846999834,11.096715154488535,True,False
10356,167812632890175000,17,335,330,321,2000,62,61,4.217934575942746,4.21530421296647,8.388017285345136,8.326429487122303,True,False
10357,5858459869554891650,586,1956,1950,1654,2000,91,89,4.639865489028206,4.638862724422705,10.933690654952233,10.691743519171276,True,False
10358,36692414275660429,4,2106,1331,1301,2000,806,797,5.299658157123899,5.292017438798551,11.040289721025717,10.345405246717796,True,False
10359,24778315370513892,2,2863,1431,1373,2000,1020,992,6.490545839438014,6.458273108748852,11.483311954999353,10.4231159101471,True,False
10360,5625900000000000000,563,9049,7534,6186,2000,1251,1212,5.242357664777773,5.239813072475745,13.143542654233215,12.594791118089265,True,False
10361,1057350000000000000,106,7451,5937,5020,2000,1231,1191,4.502904829899118,4.491135713222459,12.86321834758244,12.293471648838134,True,False
10362,13564215460715880,1,2367,973,949,973,973,949,9.92629599478111,9.870926721419416,11.208843990734614,9.89026427702111,False,False
10363,1596160789020000,0,94,0,0,0,0,0,0.0,0.0,6.554588851677638,0,False,True
10364,1907460384119203,0,401,0,0,0,0,0,0.0,0.0,8.64745842645492,0,False,True
10365,399000000000000,0,129,0,0,0,0,0,0.0,0.0,7.011227255423254,0,False,True
10366,2003244892040244953,200,723,633,577,2000,115,115,4.340741715935334,4.3407417159353345,9.497851836951117,9.172427508645482,True,False
10367,1537739004237511320,154,1020,1011,903,2000,79,78,4.412591039687517,4.411999623637212,9.994353436858859,9.818582177480858,True,False
10368,279300000000000000,28,1709,1628,1446,2000,303,303,4.412375436207773,4.412375436207773,10.73893668167614,10.497851836951117,True,False
10369,981811578352500000,98,881,870,778,2000,76,75,4.380340669977309,4.3790324061395065,9.782998208920414,9.603626344986193,True,False
10370,49875000000000000,5,818,719,706,2000,372,370,4.785961512456021,4.7796119062912465,9.67595703294175,9.46352437327118,True,False
10371,931800412521766183,93,4695,3930,3389,2000,786,780,4.393805729280104,4.391601818353513,12.196909442541138,11.726643921483994,True,False
10372,705232500000000000,71,2159,2108,1749,2000,196,195,4.354657787592302,4.353229114115624,11.076147528022505,10.772314573921653,True,False
10373,28070175438596491,3,2280,1345,1269,2000,868,834,6.499607614950699,6.461191291868731,11.154818109052105,10.309476353841106,True,False
10374,1818653732386773979,182,2949,2900,2377,2000,211,211,4.400886042827639,4.40088604282764,11.526010107061737,11.214926187942435,True,False
10375,4470257671784620119,447,2475,2449,1994,2000,141,140,4.731716659876907,4.731510129143544,11.273212809854334,10.961449694398196,True,False
10376,23156444038136618402,2316,3905,3420,2777,2000,530,515,5.864513680448195,5.861320173894587,11.931106833029341,11.439311461818846,True,False
10377,12463339482226741452,1246,4526,4456,3606,2000,281,281,4.8257670728071105,4.8257670728071105,12.144020869266893,11.816183681432342,True,False
10378,1488140750890894007,149,7135,5612,4778,2000,979,947,4.388218238171181,4.373792326392579,12.800697714363126,12.222191138456333,True,False
10379,5132137500000000000,513,2585,2560,2098,2000,132,131,4.3038170737863854,4.303402521498516,11.335948565202298,11.034798962577268,True,False
10380,1007477317241856801,101,764,760,710,2000,72,70,4.553160088585447,4.55141331495363,9.57742882803575,9.471675214392045,True,False
10381,99474756092355000,10,2517,1774,1619,2000,720,694,5.323875505049118,5.299741431386071,11.29748950116098,10.660887270302567,True,False
10382,3644293029808413,0,626,0,0,0,0,0,0.0,0.0,9.290018846932618,0,False,True
10383,117736348926727335,12,2881,2090,1901,2000,756,729,5.262634950805664,5.23819489563891,11.49235394515987,10.892542816648552,True,False
10384,3351466508500010580,335,5107,4334,3601,2000,752,723,4.547495007627748,4.536100931120639,12.318260343712415,11.81418188419028,True,False
10385,15037593984962406,2,1525,773,744,2000,727,701,6.521448335042017,6.481820186087294,10.57459352733761,9.539158811108031,True,False
10386,640665974865000,0,188,0,0,0,0,0,0.0,0.0,7.554588851677638,0,False,True
10387,1018616336105402815,102,2575,2507,2028,2000,192,191,4.404125731421914,4.402925251229835,11.330356716957944,10.985841937003341,True,False
10388,107749602264644679035,10775,6632,6407,5318,0,0,0,0.0,0.0,12.69522829149575,12.376668061857668,False,True
10389,15168171091952338243,1517,8494,7364,6157,2000,986,968,5.165596030985595,5.162223140635479,13.052228393347402,12.588011853215088,True,False
10390,196135070120005139,20,5295,3770,3363,2000,1226,1185,4.559964146745589,4.548561037221019,12.370414968879698,11.715533063526584,True,False
10391,4655870257466302,0,922,0,0,0,0,0,0.0,0.0,9.848622940429339,0,False,True
10392,199500000000000000,20,3313,2548,2346,2000,788,782,4.388538702424801,4.3866095569344745,11.693922488081014,11.19598729802851,True,False
10393,20416691955404136865,2042,4996,4948,3956,2000,211,211,5.118083701742027,5.118083701742027,12.286557761607957,11.94982671075911,True,False
10394,1097250000000000,0,39,0,0,0,0,0,0.0,0.0,5.285402218862249,0,False,True
10395,54134100013674717,5,2307,1550,1439,2000,733,707,5.014399559474112,4.992710490434819,11.171802288682983,10.490850876740298,True,False
10396,199750000000000000,20,4397,3143,2845,2000,1000,978,4.519124650351786,4.506404788477618,12.102303817212647,11.474212937193943,True,False
10397,69785954649445276933,6979,6342,6138,5087,2000,632,629,6.069973805601922,6.069498993567656,12.630722162103838,12.312599378862629,True,False
10398,39872950925895728092,3987,9528,7965,6531,2000,988,955,5.656772616098034,5.653216447163135,13.217957697864113,12.673088192909363,True,False
10399,4970000000000000000,497,8899,7383,6080,2000,1246,1206,4.975561659472692,4.970984482459356,13.119427511067276,12.569855608330949,True,False
10400,1496250000000000000,150,7699,6185,5195,2000,1233,1193,4.472803101190938,4.465149046574455,12.910455355309821,12.342908033791574,True,False
10401,193223454599859776,19,4772,3188,2839,2000,978,948,4.590624798507211,4.577915080301174,12.220378327695228,11.471167133724391,True,False
10402,7169032500000000000,717,8708,7336,6094,2000,1116,1083,5.00389683464231,5.000759318878524,13.088125692188207,12.573173784686485,True,False
10403,4129650000000000000,413,8552,7193,5902,2000,1218,1174,4.392403350613854,4.381824040596591,13.06204613772049,12.526988205432007,True,False
10404,155953793716167501,16,377,365,350,2000,75,74,4.277399544140335,4.2756851598322445,8.558420713268664,8.451211111832329,True,False
10405,129675000000000000,13,3506,2516,2286,2000,911,875,4.787225919981404,4.7659653793064525,11.775610280759539,11.158609688214478,True,False
10406,313564125000000000,31,1417,1158,1029,2000,326,319,4.745664937952064,4.730981570641614,10.468624042918018,10.007027266893969,True,False
10407,1117200000000000000,112,7610,6059,5155,2000,1236,1194,4.460346922859797,4.449973022379315,12.893680738390907,12.331756712255471,True,False
10408,959609134992125573,96,3474,2863,2462,2000,618,599,4.526498901880723,4.51950132892487,11.762382038710392,11.265615046484458,True,False
10409,35732175141355937,4,93,86,84,2000,64,63,4.995724436212052,4.992462656737573,6.539158811108031,6.392317422778761,True,False
10410,2894551156789074,0,929,0,0,0,0,0,0.0,0.0,9.859534786382653,0,False,True
10411,601503759398496240,60,6219,4637,4042,2000,999,969,4.642555372799224,4.6371579474193,12.60246690183057,11.980853606379736,True,False
10412,13233082706766917,1,2617,1119,1080,1119,1119,1080,10.127994320976393,10.048314911272435,11.353698209048035,10.076815597050832,False,False
10413,938041609482428647,94,1002,987,858,2000,99,98,4.476781523676636,4.47624385916412,9.968666793195208,9.744833837499545,True,False
10414,42221351481238713288,4222,5251,5184,4191,2000,208,207,5.155136850115002,5.154692323350787,12.35837648032824,12.03307880613062,True,False
10415,814366248172824768,81,673,668,630,2000,69,68,4.6532308221173695,4.651680024514132,9.394462694610317,9.29920801838728,True,False
10416,524108909041542438,52,703,691,640,2000,77,76,4.28000746547347,4.2782921703502765,9.457380879072534,9.321928094887362,True,False
10417,19950000000000000000,1995,2351,2339,1967,2000,67,67,4.694895912549094,4.694895912549093,11.199058823653022,10.94178124227853,True,False
10418,2073836728802687041,207,6638,5647,4800,2000,969,959,4.646650539308399,4.645288668813642,12.6965329140783,12.228818690495881,True,False
10419,1475135687742532751,148,3772,3162,2674,2000,615,595,4.508850447382969,4.497278812809018,11.881113960675096,11.384783750093353,True,False
10420,329407322532506056,33,3306,2571,2260,2000,714,688,4.526073010151064,4.508272739418151,11.690871009292314,11.14210705730255,True,False
10421,30922500000000000,3,3339,1846,1744,2000,1176,1136,5.289540561833338,5.26301956920198,11.705200378063116,10.768184324776927,True,False
10422,1108958679554423,0,300,0,0,0,0,0,0.0,0.0,8.228818690495881,0,False,True
10423,598500000000000000,60,2021,1955,1644,2000,198,197,4.44537570716558,4.444375115907109,10.980853606379736,10.682994583681683,True,False
10424,468439565975370,0,138,0,0,0,0,0,0.0,0.0,7.108524456778169,0,False,True
10425,9975000000000000,1,1212,389,380,389,389,380,8.603626344986193,8.550271878399654,10.243173983472952,8.569855608330949,False,False
10426,987525099750000000,99,4361,3550,3064,2000,777,747,4.46775984981553,4.4540793211181455,12.090443275081606,11.581200581924957,True,False
10427,3174087801121014,0,435,0,0,0,0,0,0.0,0.0,8.76487159073609,0,False,True
10428,393650527165004240,39,1882,1806,1573,2000,292,292,4.519026025778642,4.519026025778642,10.878050912728536,10.619302955415687,True,False
10429,1929897619950679,0,405,0,0,0,0,0,0.0,0.0,8.661778097771988,0,False,True
10430,123091500000000000,12,4903,3389,3071,2000,1235,1196,5.10448837219753,5.088240017146834,12.259449046285685,11.584492796975875,True,False
10431,54447886526865046425,5445,10080,8539,6906,2000,1269,1227,6.034552808307406,6.032375799868103,13.29920801838728,12.753634618853386,True,False
10432,3065118000000000000,307,5257,4921,4120,2000,739,735,4.82479221922938,4.824167123420281,12.360024019571876,12.00842862207058,True,False
10433,508956420000000000,51,4731,3852,3413,2000,910,900,4.442312376569127,4.438598688326058,12.207929445511667,11.736824699098866,True,False
10434,30922500000000000,3,2410,1479,1440,2000,930,919,5.29519806932482,5.287721030989719,11.234817431117325,10.491853096329674,True,False
10435,13865250000000000000,1387,9033,7493,6178,2000,978,949,5.277035034754928,5.274214759448187,13.140989493445833,12.592924155627637,True,False
10436,2503725000000000000,250,8049,6691,5548,2000,1218,1173,4.435678698571518,4.4261853645313325,12.974593839981678,12.437752072323603,True,False
10437,1236900000000000000,124,5509,4512,3806,2000,925,888,4.513400614730748,4.5054423365594305,12.42757474756509,11.894059846274022,True,False
10438,799995000000000000,80,4212,3401,2942,2000,778,748,4.569978974602093,4.557985287798612,12.040289721025717,11.522581531254831,True,False
10439,619447500000000000,62,3520,2842,2465,2000,664,643,4.431181278820888,4.421808980211853,11.78135971352466,11.267371931265274,True,False
10440,3446993450937723,0,1283,0,0,0,0,0,0.0,0.0,10.325305455089682,0,False,True
10441,47110088255681902,5,799,552,522,2000,297,292,4.825412308409639,4.8163272986757,9.642051692927977,9.027905996569885,True,False
10442,1495459796689664420,150,7151,5668,4819,2000,969,940,4.510582323885681,4.500157908174698,12.803929287974446,12.234518085739989,True,False
10443,1284780000000000000,128,7664,6070,5122,2000,1223,1181,4.523857117501364,4.514688444540076,12.90388184573618,12.322491537597468,True,False
10444,206582250000000000000,20658,5241,5177,4196,0,0,0,0.0,0.0,12.355626393637916,12.034798962577268,False,True
10445,304237500000000000,30,1572,1505,1257,2000,187,186,4.371561758639589,4.369754743776005,10.618385502258606,10.295768934420508,True,False
10446,99731595888446741,10,270,263,251,2000,81,79,4.5562477879556855,4.552729451975779,8.076815597050832,7.971543553950772,True,False
10447,8070825703628724911,807,4182,4139,3320,2000,210,210,4.77259067836663,4.77259067836663,12.029977346589579,11.696967526234287,True,False
10448,6418306731389241170,642,8512,7042,5848,2000,987,957,4.919743434981818,4.916297025047498,13.055282435501189,12.513727595952437,True,False
10449,43109446700892551,4,2305,1484,1441,2000,834,824,5.300429728459498,5.29147366610423,11.1705510353167,10.492854620174748,True,False
10450,520196250000000000,52,5682,4473,3853,2000,1089,1047,4.396248095160679,4.3856141752022015,12.472183116189541,11.91176647065955,True,False
10451,65241848090934598593,6524,5375,5313,4315,2000,213,212,5.078566428349838,5.078123076610689,12.392049039364185,12.075144844066317,True,False
10452,5206511723668920000,521,4267,3687,3027,2000,594,576,4.6550792075146905,4.6493759391595395,12.059006395201111,11.563672959827514,True,False
10453,12601420736607968442,1260,4388,3823,3102,2000,582,563,5.1253302730537,5.119706615818798,12.099347810403193,11.59898297103609,True,False
10454,103388563703384661,10,4658,3130,2853,2000,1197,1158,4.554964999666636,4.543711685050406,12.185494924210866,11.47826403158172,True,False
10455,99344344642218443618,9934,2861,2850,2366,2000,103,103,5.289558260827612,5.289558260827612,11.482303782323182,11.208234358339789,True,False
10456,227043102290445000,23,940,744,679,2000,242,238,4.499451079672147,4.492244593834893,9.876516946565,9.407267764244732,True,False
10457,35296594461934883563,3530,7359,6643,5452,2000,788,782,4.83734586551397,4.836494123432673,12.845294019278759,12.41256984680521,True,False
10458,12917526825972623,1,270,127,124,127,127,124,6.988684686772164,6.941440592283976,8.076815597050832,6.954196310386875,False,False
10459,997493734335839,0,553,0,0,0,0,0,0.0,0.0,9.111135670234708,0,False,True
10460,12531328320802005,1,2293,1044,1003,1044,1044,1003,10.027905996569885,9.943265644101878,11.163020639580793,9.970105890612182,False,False
10461,99750000000000000,10,280,272,261,2000,85,84,4.276658799362044,4.275416798544615,8.129283016944967,8.027905996569885,True,False
10462,16019357286885024892,1602,6204,5358,4340,2000,833,800,5.38976788674346,5.38428133085215,12.59898297103609,12.083479327331842,True,False
10463,51351594277582200000,5135,2728,2716,2269,2000,82,82,5.062259418254218,5.062259418254219,11.413627929024173,11.147840893672337,True,False
10464,27431250000000000000,2743,7949,7073,5916,2000,929,919,5.626273115906576,5.625700568862794,12.956557662570523,12.530406337099068,True,False
10465,50872500000000000000,5087,8318,7422,6224,2000,949,938,5.765835117747262,5.765285506237298,13.022020969646356,12.603626344986193,True,False
10466,8578500000000000000,858,7566,6644,5587,2000,937,925,4.649165911194523,4.6475406399263655,12.885315061049376,12.44785810495403,True,False
10467,533119997524207315,53,1970,1903,1592,2000,185,184,4.486543189035157,4.484141748170638,10.943979914343739,10.63662462054365,True,False
10468,1037400000000000000,104,2565,2498,2047,2000,191,190,4.441608437729161,4.44051683398132,11.324743110494417,10.99929538702341,True,False
10469,1369094852588313143,137,2710,2643,2157,2000,192,191,4.64219170659433,4.64137251008957,11.404077136241234,11.074810461160453,True,False
10470,971322495859800000,97,876,865,773,2000,80,79,4.257384202919021,4.256320827344765,9.774787059601174,9.594324603924848,True,False
10471,2695471931250000000,270,5655,4886,4133,2000,793,787,4.554770423884455,4.553583611323018,12.465311308877183,12.01297364837454,True,False
10472,11812395000000000000,1181,9009,7538,6225,2000,1032,1001,5.307801346902593,5.271417644241569,13.137151260278307,12.603858121842805,True,False
10473,442015332150000000,44,1034,1009,856,2000,131,130,4.284297617591804,4.283676727218312,10.014020470314934,9.741466986401146,True,False
10474,5824561403508771929,582,8699,7393,6024,2000,1191,1146,4.745958190982541,4.739746679924383,13.08663384907624,12.556506054671928,True,False
10475,2066399922718728,0,760,0,0,0,0,0,0.0,0.0,9.569855608330949,0,False,True
10476,24060150375939849,2,2631,1480,1404,2000,1049,1009,6.506655839630104,6.464564563433576,11.36139553316589,10.45532722030456,True,False
10477,1142857142857142857,114,5957,4871,4091,2000,1008,968,4.4580738749044215,4.449512697685561,12.540370243743567,11.998237821888047,True,False
10478,18947368421052631578,1895,3569,3124,2546,2000,482,469,5.5386864686579385,5.534602589837641,11.801304186049023,11.314016703901357,True,False
10479,4987500000000000,0,1029,0,0,0,0,0,0.0,0.0,10.007027266893969,0,False,True
10480,7297750103415939940,730,7342,6451,5434,2000,921,910,4.513422252908413,4.511351023494056,12.841957399099547,12.407798850221974,True,False
10481,45627345750000000000,4563,5277,5211,4222,2000,209,208,4.908289485411502,4.907765613521992,12.365502268193117,12.043710863347156,True,False
10482,3000480000000000000,300,3372,3313,2701,2000,202,199,4.442180907905376,4.4018286033021266,11.719388820942083,11.399277924508967,True,False
10483,99312097500000000000,9931,9713,8242,6758,2000,1072,1040,6.662395216048432,6.646642236986384,13.245701246285764,12.722380635163802,True,False
10484,99750000000000000,10,3113,2217,2103,2000,912,901,4.485038473856502,4.481176248152497,11.604089861469179,11.03823313473178,True,False
10485,139390680585345000,14,2594,1906,1725,2000,665,644,4.6615674292568094,4.646671992982467,11.3409627642517,10.752380646552893,True,False
10486,5372244763526143283,537,6441,5627,4736,2000,840,830,4.878746177131561,4.876819715413562,12.65306897657993,12.20945336562895,True,False
10487,31373939024679557,3,3060,1701,1610,2000,1084,1052,5.264057693456674,5.240466214286402,11.579315937580015,10.65284497300198,True,False
10488,39900000000000000,4,3688,2089,1942,2000,1214,1170,4.7860104934645324,4.764794369769375,11.848622940429339,10.923327485419192,True,False
10489,4239785135095585,0,460,0,0,0,0,0,0.0,0.0,8.845490050944376,0,False,True
10490,6044850000000000000,604,6461,5697,4739,2000,797,791,4.743362731642323,4.742388042705873,12.657541759703378,12.2103669456326,True,False
10491,2928425574234292377,293,6369,5332,4419,2000,981,941,4.507597478321021,4.499650125700383,12.636851156626534,12.109504215757006,True,False
10492,1362260105114691,0,383,0,0,0,0,0,0.0,0.0,8.581200581924957,0,False,True
10493,118949516776040488,12,3724,2658,2414,2000,986,947,5.284656824680813,5.2567630887358865,11.862637357558794,11.237209960755022,True,False
10494,19950000000000000,2,2730,1316,1264,2000,1136,1100,6.540998728480666,6.502422787849715,11.414685235807214,10.303780748177102,True,False
10495,44887500000000000,4,3652,2117,1971,2000,1198,1157,5.295400219109331,5.266215792246092,11.834471049984222,10.944712061043486,True,False
10496,999993750000000000,100,625,621,595,2000,68,66,4.457498255696871,4.375257840554937,9.287712379549449,9.216745858195306,True,False
10497,258966906665861314,26,2064,1599,1421,2000,470,459,4.385004539778512,4.3770481060519995,11.011227255423254,10.47269083924278,True,False
10498,465000000000000000,47,6304,4755,4166,2000,1231,1190,4.573346740079075,4.567135205000348,12.622051819456376,12.024447124040647,True,False
10499,12967500000000000,1,2500,920,893,920,920,893,9.845490050944374,9.776015978160796,11.287712379549449,9.802516365121223,False,False
10500,49835100000000000000,4984,627,569,516,2000,131,131,5.702284232526239,5.702284232526237,9.29232163280204,9.011227255423254,True,False
10501,33945608348084727,3,3555,2056,1924,2000,1239,1197,5.303752245723366,5.277444167151373,11.795633844506778,10.909893083770042,True,False
10502,61259561147031281,6,3931,2592,2389,2000,1209,1166,4.7843670498869555,4.763454524134744,11.940680648424093,11.222191138456333,True,False
10503,538319260553582,0,156,0,0,0,0,0,0.0,0.0,7.285402218862249,0,False,True
10504,298414514410372,0,79,0,0,0,0,0,0.0,0.0,6.303780748177103,0,False,True
10505,59515922421165000,6,821,587,554,2000,285,280,4.73885663134139,4.72997987987389,9.681238411777805,9.113742166049189,True,False
10506,32951421075560061,3,3138,1610,1531,2000,977,948,5.27315684374461,5.249268015028241,11.615629636968098,10.580258567499788,True,False
10507,98318197765996672,10,2906,2069,1962,2000,853,843,4.730062311412002,4.724535558879833,11.504818987632841,10.938109326219239,True,False
10508,21603573065243457,2,3210,1610,1538,2000,1209,1165,6.5684052020926,6.525999474856905,11.648357582009666,10.586839787961827,True,False
10509,26840509389097911631,2684,2507,2494,2060,2000,83,82,4.715942302640751,4.715368148338696,11.291746280833939,11.00842862207058,True,False
10510,179876050830000000,18,393,381,366,2000,78,77,4.249030772561184,4.247570909893426,8.618385502258606,8.515699838284043,True,False
10511,3521175000000000000,352,8681,7047,5844,2000,1232,1185,4.879248972498226,4.872599136158883,13.083645526864412,12.512740462803498,True,False
10512,1631636683283894820,163,7807,6312,5278,2000,1261,1215,4.747752553314305,4.7410605533765615,12.930552554336135,12.365775635326269,True,False
10513,23952874632750000000,2395,4969,4901,3965,2000,205,204,5.037243387533142,5.036741452993773,12.27873982655011,11.953105150591341,True,False
10514,156576459954508831254,15658,10463,8830,7154,0,0,0,0.0,0.0,13.35300894667723,12.804534402995225,False,True
10515,543142617397275000,54,740,732,683,2000,80,79,4.593807845597388,4.591936895020566,9.531381460516313,9.41574176829009,True,False
10516,734271128556150253,73,2134,2069,1715,2000,200,199,4.4597908257195344,4.458773202332699,11.059344460824425,10.743992861060175,True,False
10517,89775000000000000,9,3634,2464,2247,2000,1066,1026,5.035882387766974,5.014257399154545,11.827342704234116,11.133784409179908,True,False
10518,1399390979277734646,140,747,643,587,2000,125,125,4.344041499743429,4.344041499743429,9.544964432789238,9.197216693110052,True,False
10519,81630531975189435,8,182,171,170,2000,57,57,4.3284548102266305,4.3284548102266305,7.507794640198696,7.409390936137702,True,False
10520,840484532291912090,84,627,623,589,2000,65,63,4.2856785252022425,4.282564549227206,9.29232163280204,9.20212382383046,True,False
10521,10187467500000000,1,2529,983,949,983,983,949,9.94104760634058,9.864629075843363,11.304351321663239,9.89026427702111,False,False
10522,9087003390853824944,909,2906,2880,2359,2000,129,128,4.532285631360929,4.532017321983758,11.504818987632841,11.203959703239462,True,False
10523,296582877073393899,30,232,229,227,2000,53,53,4.296005724932481,4.29600572493248,7.857980995127572,7.826548487290915,True,False
10524,28746142869266317,3,2241,1344,1311,2000,909,898,5.300014330126169,5.291870513994768,11.129926933510394,10.356451970221755,True,False
10525,48839993527911759,5,3299,1894,1797,2000,1008,982,4.514862106074574,4.5031350952768765,11.687813062564931,10.811374693509942,True,False
10526,2753110321151638804,275,7223,6063,5125,2000,991,974,4.463721606304158,4.460292531837654,12.818382455041155,12.32333628928017,True,False
10527,4873366233869357890,487,7768,6597,5532,2000,995,978,4.690157718942576,4.687800658881161,12.923327485419192,12.433585441150495,True,False
10528,19834214287116632898,1983,8472,7389,6172,2000,976,963,4.920586125203487,4.91923244060891,13.048486873992337,12.591522346570734,True,False
10529,344096174415168369,34,2004,1902,1674,2000,386,384,4.459929158955059,4.458886689303866,10.968666793195208,10.709083812550343,True,False
10530,150618380440135707,15,1145,1079,982,2000,195,194,4.418979194004381,4.417115892573027,10.161131882984307,9.939579214314692,True,False
10531,47117794486215538,5,1460,969,902,2000,501,486,4.916430663602982,4.898507911716867,10.51175265376738,9.81698362325538,True,False
10532,2068779440673120000,207,983,850,765,2000,158,155,4.435280237268903,4.431142486475801,9.94104760634058,9.579315937580015,True,False
10533,13900991766994346727,1390,6753,5797,4698,2000,913,876,5.0898723046071925,5.084367029079623,12.721312842175312,12.197830998012197,True,False
10534,523127949608999,0,190,0,0,0,0,0,0.0,0.0,7.569855608330948,0,False,True
10535,1448890127223000000,145,5806,4947,4237,2000,883,873,4.563772858817752,4.560978115253453,12.503328856626661,12.04882741336389,True,False
10536,42257558463677375075,4226,5252,5180,4190,2000,289,289,4.693813430609023,4.693813430609023,12.358651200892886,12.032734528586714,True,False
10537,99750000000000000,10,886,823,762,2000,192,191,4.706231399769651,4.703481055976677,9.791162888555018,9.573647187493322,True,False
10538,19900125000000000000,1990,9423,8087,6515,2000,1228,1185,5.381632826037819,5.379086707524328,13.201970728373121,12.669549463455496,True,False
10539,90386652694764416,9,4375,2883,2633,2000,1243,1200,4.40112195562998,4.3838152779111725,12.095067301607054,11.362491806046062,True,False
10540,9226800475358582428,923,238,236,215,2000,49,49,4.642042606084181,4.642042606084181,7.894817763307944,7.7481928495894605,True,False
10541,8792986275308095503,879,358,356,323,2000,47,47,4.41762359688409,4.41762359688409,8.483815777264256,8.335390354693924,True,False
10542,7630875000000000000,763,980,977,856,2000,55,55,4.473449014615757,4.473449014615756,9.936637939002571,9.741466986401146,True,False
10543,213558039747438776183,21356,5576,5509,4471,0,0,0,0.0,0.0,12.445014845868423,12.126381830542641,False,True
10544,69374192752725000,7,209,198,193,2000,74,73,4.814947671626882,4.812869828830125,7.7073591320808825,7.592457037268081,True,False
10545,686414193647190598,69,2320,2239,1915,2000,304,304,4.68274096716121,4.682740967161211,11.179909090014934,10.903128676812319,True,False
10546,215311712601072666,22,1033,988,866,2000,135,134,4.3634421775849885,4.362555636861201,10.01262453886506,9.758223214726724,True,False
10547,7328987162572373,1,242,69,69,69,69,69,6.108524456778168,6.108524456778168,7.918863237274595,6.108524456778169,False,False
10548,3287450510695457347,329,3461,3395,2753,2000,198,197,4.3749616545500425,4.373738684957514,11.756973226165448,11.42678889459556,True,False
10549,85984500000000000,9,78,76,75,2000,42,42,4.104506553848808,4.104506553848808,6.285402218862249,6.22881869049588,True,False
10550,1409740848126242573,141,1061,1054,934,2000,85,83,4.265716590493579,4.263974406961407,10.051208940914766,9.867278739709661,True,False
10551,34298572440651471467,3430,6073,5869,4854,2000,635,632,5.815679633246189,5.8151180757170415,12.568193653850074,12.244958393151133,True,False
10552,1078126467944418383,108,5675,4638,3909,2000,983,942,4.590170214778362,4.578895215464071,12.47040467706564,11.93258386928929,True,False
10553,265922308467355067,27,555,437,411,2000,137,137,4.339255446812724,4.339255446812725,9.116343961237469,8.682994583681683,True,False
10554,48191977947190466663,4819,5474,5418,4365,2000,210,208,4.994890914915791,4.951689855360532,12.418379719364957,12.091765938516803,True,False
10555,496451776557539992,50,5299,4104,3612,2000,1002,981,4.466611606484424,4.453916295214688,12.371504412043336,11.818582177480858,True,False
10556,137316508449750000,14,3372,2517,2345,2000,874,864,4.526804556083511,4.523399882856028,11.719388820942083,11.19537220740274,True,False
10557,112712967780187,0,87,0,0,0,0,0,0.0,0.0,6.442943495848728,0,False,True
10558,17130085087370268,2,1867,971,957,2000,908,897,6.571558550561814,6.559131174075677,10.866506212226202,9.902375114486025,True,False
10559,839664891034234474,84,1798,1743,1424,2000,150,149,4.339692093762139,4.334956689775425,10.812177305514448,10.475733430966399,True,False
10560,5635546486065331099,564,9036,7508,6169,2000,1227,1186,4.442697807534474,4.429814194289964,13.141468555393084,12.590820930930525,True,False
10561,19946859268689917406,1995,7951,7045,5920,2000,926,915,4.965981584777651,4.964871249482829,12.956920604721088,12.531381460516313,True,False
10562,54831749958185146461,5483,7584,6819,5613,2000,816,810,5.509579187049712,5.5091622252938475,12.888743248898258,12.45455634396194,True,False
10563,38445583318135531,4,1994,1259,1177,2000,713,688,5.260013124260173,5.234659159813338,10.961449694398196,10.200898605038445,True,False
10564,29925000000000000,3,100,91,90,2000,72,71,4.978141961389667,4.9757935574131595,6.643856189774724,6.491853096329675,True,False
10565,2865519374090715414,287,8196,6800,5628,2000,1225,1182,4.593223325010142,4.586127084833384,13.000704269011246,12.458406613236532,True,False
10566,49162434829646674,5,3322,1963,1822,2000,1087,1055,5.482542651960315,5.461550678799757,11.697836357962377,10.831307243802051,True,False
10567,91221858816923258,9,208,196,191,2000,68,67,4.343547296264568,4.340270830029993,7.700439718141092,7.577428828035749,True,False
10568,474317689342901355,47,573,561,517,2000,67,67,4.321381135601951,4.321381135601951,9.162391328756906,9.014020470314934,True,False
10569,7960822127343750000,796,1999,1987,1670,2000,88,86,5.073165611791686,5.028461474313857,10.965062756744627,10.705632387361415,True,False
10570,29925000000000000,3,3399,1919,1810,2000,1245,1201,5.30656489515164,5.2784502780207205,11.730894646541671,10.821773981970567,True,False
10571,84787500000000000,8,818,759,700,2000,196,195,4.71245030214016,4.709696860337907,9.67595703294175,9.451211111832329,True,False
10572,1843390399553684738,184,7075,5798,4916,2000,1015,989,4.685251837322495,4.681544174731428,12.788514432606608,12.263269200372662,True,False
10573,686048672340479953,69,6041,4653,4066,2000,1016,990,4.418643576933667,4.412780071534819,12.56057167123656,11.989394499844732,True,False
10574,747352444385963487,75,6144,4748,4140,2000,1014,987,4.519940786681804,4.511320128088764,12.584962500721156,12.015415052386688,True,False
10575,306284553190466,0,406,0,0,0,0,0,0.0,0.0,8.665335917185176,0,False,True
10576,45607270506206370,5,3822,2191,2032,2000,1216,1171,5.298616359151081,5.270308280579087,11.900112062977456,10.988684686772165,True,False
10577,173552279659354354,17,5288,3674,3285,2000,1218,1173,4.43614582314518,4.427522190324881,12.368506461507693,11.681677655209691,True,False
10578,10184056678671774,1,2570,972,938,972,972,938,9.924812503605779,9.846752521115114,11.32755264408124,9.873444112515376,False,False
10579,434270766627251979,43,6262,4715,4115,2000,1226,1184,4.393219213702553,4.383304644787498,12.61240779313867,12.006676715308988,True,False
10580,284833837576790050,28,5694,4182,3707,2000,1235,1196,4.393977749886098,4.384752032006151,12.475226777742266,11.856036399819155,True,False
10581,11874488828602906,1,2597,1098,1060,1098,1098,1060,10.1006623390052,10.02564910769682,11.342630298678408,10.049848549450562,False,False
10582,10392272022698103,1,2339,995,963,995,995,963,9.958552715431011,9.890211006888297,11.191676146352428,9.911391987843459,False,False
10583,3941357774369738,0,1185,0,0,0,0,0,0.0,0.0,10.210671343785622,0,False,True
10584,24565556425147447,2,2952,1663,1580,2000,1168,1125,6.557083523820724,6.514926032336106,11.527477006060396,10.625708843064466,True,False
10585,14317949848072639,1,2361,1112,1071,1112,1112,1071,10.118941072723509,10.039476569147428,11.205182326228643,10.064742764750257,False,False
10586,24036713552131685,2,2773,1551,1473,2000,1099,1058,6.529104459264289,6.486946967779671,11.437231901039478,10.524541715035848,True,False
10587,15006703476546983,2,2176,1060,1021,2000,1021,983,6.48990284600781,6.44872058201951,11.087462841250339,9.995767150877802,True,False
10588,6738465895899206,1,1819,306,301,306,306,301,8.257387842692651,8.218172156418142,10.828929827651486,8.233619676759702,False,False
10589,79608686226623575,8,799,731,680,2000,187,186,4.439071507355545,4.436927509896983,9.642051692927977,9.409390936137703,True,False
10590,1345777033646528206,135,6739,5520,4615,2000,1101,1058,4.426543156879426,4.413088184995792,12.71831881047926,12.172114932533136,True,False
10591,3421425000000000000,342,8524,7054,5815,2000,1253,1209,4.697313804421448,4.689533753209311,13.057314877782703,12.50556347636058,True,False
10592,14254934848263597805,1425,4657,4590,3717,2000,192,191,4.627154652932238,4.62635451957668,12.185185166820329,11.859922972861758,True,False
10593,7440309332540146675,744,4030,3963,3187,2000,194,193,4.722977485424402,4.722271499249964,11.97656412341533,11.637983303777853,True,False
10594,14939487161828755878,1494,9370,7725,6376,2000,1059,1030,5.123255757307525,5.120606146985767,13.19383333254655,12.638435913990472,True,False
10595,997185870654479831,100,5566,4500,3834,2000,994,953,4.504933278812816,4.49363559173662,12.442425193331607,11.904634621668151,True,False
10596,19922054058453750000,1992,2481,2470,2073,2000,96,93,4.908635920687562,4.862402969060085,11.276706019892432,11.017504401109415,True,False
10597,512399642728622,0,190,0,0,0,0,0,0.0,0.0,7.569855608330948,0,False,True
10598,4738125000000000000,474,1314,1310,1176,2000,71,69,4.6491503690977565,4.611119445153832,10.35974956032233,10.199672344836364,True,False
10599,198924685558722510,20,300,296,291,2000,64,63,4.224076584202123,4.214334373526774,8.228818690495881,8.184875342908283,True,False
10600,672961132463700745,67,4584,3758,3298,2000,843,833,4.499404241846993,4.4968668248325585,12.162391328756906,11.687375683437468,True,False
10601,62450993465123530978,6245,8668,7475,6006,2000,1107,1065,5.4443887964914035,5.440136834684436,13.081483438093674,12.552188759557149,True,False
10602,15167873412581624,2,1921,971,960,2000,937,926,6.56026387065193,6.549050182408862,10.907641803665527,9.906890595608518,True,False
10603,1512405634238702027,151,2918,2855,2368,2000,268,268,4.449247577463645,4.449247577463645,11.510764167917891,11.20945336562895,True,False
10604,9092905762879050000,909,141,127,123,2000,54,54,5.2506906544978715,5.250690654497871,7.139551352398794,6.94251450533924,True,False
10605,298252500000000000,30,5359,4065,3587,2000,1176,1133,5.0762268891644515,5.054368362871296,12.387748100711294,11.808562029957525,True,False
10606,4352972218156436655,435,1744,1732,1438,2000,82,81,4.316290659537949,4.314536822589024,10.768184324776927,10.489847960439297,True,False
10607,3291750000000000000,329,3482,3413,2735,2000,194,193,4.404338562360807,4.403137962060656,11.7657004876511,11.417325117679919,True,False
10608,2486308779159894159,249,3178,3109,2490,2000,185,184,4.457573742407306,4.455482967949601,11.63390340934852,11.281930026955443,True,False
10609,9713420754893525,1,1311,390,381,390,390,381,8.607330313749614,8.554112653487657,10.356451970221755,8.573647187493322,False,False
10610,1227415756724167,0,628,0,0,0,0,0,0.0,0.0,9.294620748891626,0,False,True
10611,1842917719062769678,184,7655,6319,5277,2000,1211,1168,4.620879880885349,4.613413988774196,12.90218666238715,12.365502268193117,True,False
10612,562179962241642950,56,5592,4393,3847,2000,1005,985,4.3732033394874765,4.367816028775005,12.449148645375436,11.909518114296615,True,False
10613,7990706636629661906,799,3164,3121,2521,2000,139,138,4.581883611415769,4.581810364757649,11.627533884472792,11.29978040285854,True,False
10614,4987500000000000000,499,2619,2307,1936,2000,382,374,4.592891305143239,4.5884099457133,11.354800344350597,10.918863237274595,True,False
10615,9625875000000000000,963,1886,1667,1426,2000,284,280,5.079576006124471,5.0782957756829905,10.881113960675096,10.477758266443889,True,False
10616,8016408287516273142,802,9301,7698,6297,2000,1224,1179,4.788866830239128,4.783827456189794,13.183170121042131,12.62044895201331,True,False
10617,1545798427355740473,155,7753,6261,5249,2000,1247,1204,4.473661572953526,4.462427222034502,12.920538949583786,12.357826882210777,True,False
10618,1896247500000000000,190,2160,1872,1608,2000,353,346,4.394347314065999,4.386593885686751,11.076815597050832,10.651051691178928,True,False
10619,94263750000000000,9,2102,1492,1367,2000,612,593,4.836781535973293,4.8222161892520585,11.037546953962178,10.41679752760606,True,False
10620,845716539623549,0,236,0,0,0,0,0,0.0,0.0,7.882643049361842,0,False,True
10621,95819116010232274,10,60,58,58,2000,32,32,4.113695178342079,4.113695178342079,5.906890595608519,5.857980995127572,True,False
10622,19441330774561561400,1944,4737,4669,3749,2000,198,197,4.907201370269511,4.906582130981159,12.209757956581393,11.872290110288091,True,False
10623,442891939337429416,44,550,538,500,2000,64,64,4.250737400327294,4.250737400327293,9.103287808412022,8.965784284662087,True,False
10624,220946250000000000000,22095,537,497,459,0,0,0,0.0,0.0,9.068778277985412,8.842350343413807,False,True
10625,3972116174697300000,397,1644,1633,1348,2000,82,81,4.533002442988578,4.5324653488734254,10.682994583681683,10.396604781181859,True,False
10626,415896774470009329112,41590,5579,5511,4488,0,0,0,0.0,0.0,12.445790836048076,12.131856960608793,False,True
10627,131665062593960685345,13167,5456,5388,4379,0,0,0,0.0,0.0,12.413627929024173,12.096385734452651,False,True
10628,1027425000000000000,103,2580,2512,2063,2000,191,190,4.3561365440001145,4.354494989742279,11.333155350310616,11.010528105886484,True,False
10629,199480050000000000000,19948,5889,5792,4746,0,0,0,0.0,0.0,12.523806958187327,12.212496385193948,False,True
10630,952450592887857763,95,7107,5559,4787,2000,1222,1181,4.513203565652306,4.5067898968695586,12.795024983961387,12.224906090719767,True,False
10631,299250000000000000,30,3426,2635,2338,2000,757,729,4.863412532189102,4.845274709600702,11.742309436084,11.191059214531656,True,False
10632,6284250000000000000,628,1447,1278,1113,2000,225,221,4.867655122827529,4.8656447695079335,10.498849206531725,10.12023787734196,True,False
10633,9775500000000000000,978,1390,1225,1073,2000,220,216,5.1171194320360485,5.115426766279829,10.44086916761087,10.067434360756522,True,False
10634,13994715713722946892,1399,1352,1189,1041,2000,211,207,5.267614016881,5.266009121951464,10.400879436282183,10.023754353299417,True,False
10635,3491250000000000000,349,402,365,343,2000,77,77,4.373023713291825,4.373023713291825,8.651051691178928,8.422064766172813,True,False
10636,6982500000000000000,698,368,333,314,2000,78,78,5.157721640623335,5.157721640623338,8.523561956057012,8.294620748891626,True,False
10637,50756942365454133900,5076,5427,5347,4349,2000,342,342,5.910028019180528,5.910028019180524,12.405939193342396,12.086467993464069,True,False
10638,987960242701189,0,437,0,0,0,0,0,0.0,0.0,8.7714894695006,0,False,True
10639,99750000000000000,10,949,880,836,2000,269,269,4.405083428989719,4.405083428989719,9.89026427702111,9.707359132080883,True,False
10640,6992475000000000000,699,8063,6846,5566,2000,1105,1063,4.737069400747398,4.731480052591327,12.97710100677111,12.442425193331607,True,False
10641,1995000000000000000,200,2230,1933,1652,2000,362,355,4.409594890591029,4.402663459263049,11.122827994807666,10.689997971419446,True,False
10642,9486344700000000000,949,4393,4338,3485,2000,215,214,4.863646486988987,4.863096308180876,12.100990784092762,11.766942940755785,True,False
10643,10460782500000000000,1046,5824,5013,4083,2000,795,765,5.346516443203242,5.341605599488451,12.507794640198696,11.99541385222515,True,False
10644,16990494944697072451,1699,9145,7597,6253,2000,1000,970,5.3459517591089565,5.3430956115229575,13.158767454636079,12.610332801911134,True,False
10645,25934170566147055247,2593,9343,7783,6383,2000,978,946,5.509820894612615,5.506584303204686,13.189670152603753,12.640018932455785,True,False
10646,33912852273601265003,3391,9499,7935,6505,2000,998,963,5.960637571395129,5.957448502965447,13.213559927476458,12.667333341605158,True,False
10647,8726168541938069016,873,8762,7180,5940,2000,998,967,5.472615108936641,5.469854450389875,13.097044499322951,12.536247215688128,True,False
10648,4557385403956221,0,1583,0,0,0,0,0,0.0,0.0,10.62844554013718,0,False,True
10649,2473763300450918067,247,5723,4784,3996,2000,887,851,4.576018794109456,4.567734144308157,12.48255589154897,11.964340867792417,True,False
10650,4971739018814408683,497,4648,3990,3278,2000,655,634,4.700479722020455,4.691635062194385,12.18239435340453,11.678600139099458,True,False
10651,3332294432225640000,333,139,125,122,2000,36,36,4.190728382728173,4.190728382728173,7.118941072723508,6.930737337562887,True,False
10652,39900000000000000,4,1501,981,917,2000,543,526,5.260509376716753,5.236951733453449,10.55170826162069,9.840777923595054,True,False
10653,46389073877397146,5,1542,1032,960,2000,534,518,4.933756580378487,4.915165544130629,10.590587049915035,9.906890595608518,True,False
10654,26533500000000000,3,3243,1836,1740,2000,1226,1183,5.300882253487781,5.273213375409723,11.663113308455806,10.76487159073609,True,False
10655,1893824601181463476,189,7579,5953,5047,2000,1031,1002,4.916992714882121,4.913649877779273,12.887791791341588,12.301210371298426,True,False
10656,289275000000000000,29,1527,1477,1287,2000,195,194,4.5303570001974,4.528318056370302,10.576484346796851,10.329796338220701,True,False
10657,598500000000000000,60,3061,2839,2481,2000,622,619,4.463150672279498,4.462158953134359,11.579787329526992,11.276706019892432,True,False
10658,149625000000000000,15,2087,1858,1741,2000,630,627,4.773531184457736,4.771028055546598,11.027214885159834,10.7657004876511,True,False
10659,139650000000000000,14,2678,2237,2100,2000,752,747,4.660687219209499,4.658049223594062,11.386940245324311,11.036173612553485,True,False
10660,1869565136224215327,187,1745,1719,1418,2000,118,117,4.278774729328242,4.278303603730817,10.769011321097015,10.469641817239516,True,False
10661,1486452666838826801,149,2617,2554,2054,2000,188,186,4.6345748266336715,4.633522997484212,11.353698209048035,11.004220466318195,True,False
10662,3249137600110162780,325,3306,3239,2605,2000,191,189,4.622569385905072,4.621391063931474,11.690871009292314,11.347067657165871,True,False
10663,351148375295305,0,118,0,0,0,0,0,0.0,0.0,6.882643049361842,0,False,True
10664,41864069243812445082,4186,3413,3394,2797,2000,130,129,5.130582470682793,5.130440040276413,11.736824699098866,11.449664538476192,True,False
10665,170066626235632782705,17007,9790,8332,6829,0,0,0,0.0,0.0,13.257093144491057,12.737458618570459,False,True
10666,60421100772919339164,6042,98,97,91,2000,50,49,5.352049489176328,5.349706336505823,6.614709844115208,6.507794640198696,True,False
10667,11835873551517438420,1184,9687,8147,6689,2000,1229,1189,5.414772783365888,5.412478689659029,13.241834226335136,12.707574829926973,True,False
10668,1868944648112852364,187,6147,5259,4498,2000,918,907,4.4725214945855285,4.469169223644471,12.585666769732402,12.135067945777816,True,False
10669,97412750974321137,10,879,818,758,2000,195,194,4.791548541790918,4.789015147041953,9.779719355143405,9.566054038171092,True,False
10670,57269663197031250000,5727,5605,5549,4470,2000,223,221,5.503712662449832,5.502533515330654,12.45249865769279,12.12605911607068,True,False
10671,106985163151475113490,10699,10534,8994,7335,0,0,0,0.0,0.0,13.362765744153958,12.840581250560753,False,True
10672,17560775627086093,2,2614,1167,1129,2000,1061,1030,6.508762941838301,6.474064444958431,11.352043425795433,10.140829770773001,True,False
10673,4037262895001533052,404,3720,3674,2965,2000,200,200,4.591888442539,4.591888442539,11.861086905995395,11.533816389433365,True,False
10674,49875000000000000,5,1676,1114,1036,2000,560,543,4.9547562677387,4.93712280654217,10.710806433699352,10.016808287686555,True,False
10675,239400000000000000,24,448,437,410,2000,80,78,4.27144078420344,4.268913021508169,8.807354922057604,8.679480099505446,True,False
10676,1354394797662915,0,269,0,0,0,0,0,0.0,0.0,8.071462362556623,0,False,True
10677,70299595743634787,7,1883,1316,1210,2000,568,551,4.533796876207703,4.520670116357291,10.878817284614229,10.240791332161956,True,False
10678,1150959964456658621,115,7199,5580,4753,2000,1060,1030,4.460187304529061,4.4538859776889215,12.813580802989632,12.214622686302336,True,False
10679,165810787498229545796,16581,5535,5468,4404,0,0,0,0.0,0.0,12.434367601668914,12.10459875356437,False,True
10680,68245838653452347,7,132,127,126,2000,59,59,4.385126072424888,4.385126072424888,7.044394119358453,6.977279923499917,True,False
10681,10342381921177592712,1034,4441,4374,3533,2000,196,195,4.810672519844836,4.809945885674866,12.116668855967113,11.786678033890652,True,False
10682,19923953084120925000,1992,2392,2385,1983,2000,90,89,4.5401751036008555,4.539649684755796,11.224001674198105,10.953468962228849,True,False
10683,21747748609325793,2,647,400,390,2000,296,291,6.461603051201049,6.444067981060769,9.337621901992508,8.60733031374961,True,False
10684,897750000000000000,90,835,824,726,2000,85,83,4.374334238315639,4.3729450769365945,9.705632387361415,9.50382573799575,True,False
10685,9888990030550880543,989,2213,2199,1842,2000,93,92,4.628213794261582,4.62752877401565,11.11178773580101,10.847057346091336,True,False
10686,24094033963049431235,2409,2676,2661,2241,2000,90,89,4.515317528408417,4.5146055811325425,11.38586240064146,11.129926933510394,True,False
10687,45213032581453634085,4521,8097,6984,5623,2000,1049,1008,5.472678841727091,5.468498244271843,12.983171762188007,12.457124331540804,True,False
10688,333615588168655103,33,1627,1559,1305,2000,189,188,4.372224775780864,4.37089040460328,10.667998535672528,10.349834091457247,True,False
10689,94157119932302025,9,3935,2447,2263,2000,959,930,4.388016874302965,4.372653985454764,11.942147920394849,11.144020869266893,True,False
10690,2466539039294216,0,1224,0,0,0,0,0,0.0,0.0,10.257387842692651,0,False,True
10691,2711730734370000,0,306,0,0,0,0,0,0.0,0.0,8.257387842692651,0,False,True
10692,9258907498049848,1,2041,447,438,447,447,438,8.804131021183318,8.75938829187683,10.995060467032719,8.774787059601174,False,False
10693,2236350064434129,0,493,0,0,0,0,0,0.0,0.0,8.945443836377912,0,False,True
10694,105688914523889393,11,272,260,250,2000,72,71,4.2315475180911974,4.22965833560668,8.087462841250339,7.965784284662087,True,False
10695,5647199528810408,1,1744,201,196,201,201,196,7.65105169117893,7.591350198641615,10.768184324776927,7.614709844115208,False,False
10696,1042606516290726817,104,6893,5366,4589,2000,970,941,4.478993498933077,4.468002988322255,12.750916299978075,12.163964091412273,True,False
10697,2168142897319018207,217,8154,6609,5525,2000,1238,1196,4.879062968061765,4.874973144468829,12.993292241488547,12.431758749166157,True,False
10698,7105250725539670555,711,3667,3604,2900,2000,186,184,4.768463219676133,4.767596388540456,11.840384550711667,11.501837184902296,True,False
10699,793853438096820874,79,2223,2179,1812,2000,202,202,4.416287302582678,4.416287302582678,11.11829223302699,10.823367240046235,True,False
10700,18952500000000000,2,1978,1032,988,2000,882,848,6.578268371367012,6.5372230615353395,10.94982671075911,9.948367231584678,True,False
10701,437937819971874181,44,6175,4604,4034,2000,1222,1181,4.435994596350514,4.424081508262629,12.592223421359403,11.977995368612962,True,False
10702,1608147092273629613,161,3052,2974,2482,2000,297,297,4.642296906903118,4.642296906903117,11.57553924683453,11.277287400130357,True,False
10703,10159425131530672999,1016,4743,4644,3808,2000,396,394,5.410616904963039,5.40960204398511,12.211584153079526,11.894817763307943,True,False
10704,69011830787074275,7,2674,1851,1779,2000,840,830,4.55143267815314,4.546059040739978,11.384783750093353,10.79685079526716,True,False
10705,311232003543599099,31,5735,4333,3803,2000,1230,1187,4.443380836031057,4.4295429375174,12.485577770903188,11.892922223630592,True,False
10706,92926737801828963726,9293,5487,5432,4382,2000,259,258,5.838085209499564,5.8371716197740735,12.421801860469873,12.097373768990222,True,False
10707,2680805931187783458,268,8278,6779,5627,2000,1263,1218,4.879994510430143,4.873252195898976,13.015066533230291,12.458150248057557,True,False
10708,6875125775644351,1,1493,298,297,298,298,297,8.219168520462162,8.21245711106619,10.543998450134541,8.214319120800766,False,False
10709,196516783901909124,20,5303,3774,3368,2000,1227,1186,4.443505901963547,4.430622288719036,12.372593033140745,11.717676423066395,True,False
10710,98752500000000000000,9875,2580,2572,2104,2000,99,98,5.0052222850553605,5.004903410988143,11.333155350310616,11.038918989292302,True,False
10711,600650784596997115,60,752,744,690,2000,90,89,4.296449047921617,4.295187984791228,9.554588851677638,9.430452551665532,True,False
10712,169575000000000000,17,1186,1118,1007,2000,192,191,4.588670014694355,4.587037482785776,10.211888294546004,9.975847968006784,True,False
10713,141424652841787804352,14142,2563,2555,2098,0,0,0,0.0,0.0,11.323617763291578,11.034798962577268,False,True
10714,218732258298352097,22,381,369,355,2000,59,59,4.211399740796413,4.211399740796413,8.573647187493322,8.471675214392045,True,False
10715,4987326008382286531,499,2138,2122,1755,2000,113,112,4.628173207209819,4.6277365636985195,11.06204613772049,10.777255315191923,True,False
10716,2064725969213089553,206,7276,6046,5021,2000,1123,1080,4.428418366744161,4.415064585760533,12.828929827651486,12.293759009667864,True,False
10717,97655609040272641682,9766,194,192,180,2000,76,73,5.820097712267385,5.74243774972235,7.599912842187128,7.491853096329675,True,False
10718,169575000000000000,17,5008,3510,3150,2000,1182,1142,4.4963307775937835,4.483923428705417,12.290018846932618,11.621136113274641,True,False
10719,12391422802500000000,1239,1853,1848,1604,2000,76,75,4.709214733014958,4.708345768562263,10.855647166027266,10.64745842645492,True,False
10720,18571344479661295881,1857,1932,1927,1653,2000,70,69,4.603695059524712,4.602563766093455,10.915879378835774,10.690871009292314,True,False
10721,897750000000000000,90,2284,2237,1863,2000,207,207,4.388785901041786,4.388785901041786,11.157346935362844,10.863411958941638,True,False
10722,81056991346768951,8,873,801,768,2000,271,271,4.733220142872138,4.733220142872138,9.76983784362944,9.584962500721156,True,False
10723,2295247500000000000,230,6058,5045,4212,2000,949,909,4.615670898576512,4.604841287092093,12.564625862795372,12.040289721025717,True,False
10724,13396599762000000000,1340,7028,6019,4879,2000,953,913,5.048706715653612,5.042838812207255,12.778898476008376,12.252369767926027,True,False
10725,6015037593984962,1,1636,278,274,278,278,274,8.118941072723509,8.082969849701925,10.67595703294175,8.098032082960527,False,False
10726,22055137844611528,2,2683,1474,1408,2000,1080,1040,6.519630370356443,6.477549622243003,11.389631339260522,10.459431618637296,True,False
10727,8183143494324756,1,854,235,233,235,235,233,7.876516946565001,7.859495669969258,9.73809225962049,7.864186144654281,False,False
10728,1908156092142158379,191,7376,5908,5007,2000,1004,974,5.16425576146916,5.161575050197138,12.848622940429339,12.289730740083755,True,False
10729,306759783627738525000,30676,2694,2686,2187,0,0,0,0.0,0.0,11.395534135462302,11.094737505048093,False,True
10730,6133364269578046034,613,3653,3589,2880,2000,185,183,4.721572055558167,4.720654246356525,11.834866038362017,11.491853096329674,True,False
10731,18197981898169168007,1820,6525,6173,5081,2000,754,748,5.396048498491462,5.394721004673523,12.671762186344608,12.310896748797713,True,False
10732,5441356729328321747,544,7498,6505,5490,2000,975,965,4.739800314264914,4.738623809073584,12.872290110288091,12.42259043389256,True,False
10733,8284987332943627546,828,4129,4065,3268,2000,209,208,4.952099737137028,4.95159968031239,12.011576703176177,11.674192268145683,True,False
10734,105577386423706019,11,2643,1911,1739,2000,711,687,5.259298981630254,5.234608010683928,11.36796070964157,10.764042217306587,True,False
10735,3092250000000000000,309,3415,3348,2715,2000,201,200,4.722891083016163,4.722184556477259,11.737669863177453,11.406736482691723,True,False
10736,47861629813004185546,4786,3713,3689,3036,2000,158,157,5.4211902485932715,5.421084304423032,11.85836959985474,11.567956075415466,True,False
10737,1908043323985409127,191,2504,2146,1830,2000,400,390,4.374864907073126,4.365886038714629,11.290018846932618,10.837627933171404,True,False
10738,452203144545178543,45,2663,2145,1873,2000,542,524,4.380755327353417,4.368056600393161,11.378836713210614,10.871135184243045,True,False
10739,23756198297048967284,2376,5069,5015,4019,2000,208,205,4.676783200044322,4.675605943315068,12.307485448589476,11.972620862058745,True,False
10740,18458177307425315102,1846,2391,2384,1974,2000,85,84,4.5209280633765605,4.520405969683375,11.223398414711628,10.946906274456397,True,False
10741,16282141910710904,2,2688,1330,1275,2000,1211,1167,6.569100081028601,6.526785485787055,11.39231742277876,10.31628153174622,True,False
10742,991319753435139675,99,6777,5473,4655,2000,1182,1137,4.469512360548972,4.4572296714165045,12.72643105611424,12.184565452446156,True,False
10743,4121158469350360,0,776,0,0,0,0,0,0.0,0.0,9.599912842187127,0,False,True
10744,29914786967418546365,2991,9493,8048,6614,2000,1091,1061,5.507066382001764,5.505211089654674,13.212648367816252,12.691307330191115,True,False
10745,399000000000000000,40,1744,1698,1445,2000,199,199,4.406320287649191,4.406320287649191,10.768184324776927,10.496853777388042,True,False
10746,1573057500000000000,157,5992,4941,4140,2000,988,947,4.506262382398048,4.49496536028925,12.54882190845875,12.015415052386688,True,False
10747,74518676400000000,7,777,709,661,2000,189,188,4.49051339067744,4.488215378954014,9.60177078840771,9.368506461507693,True,False
10748,400375597347600000,40,638,630,597,2000,85,83,4.265719243663332,4.263806965382272,9.31741261376487,9.221587121264806,True,False
10749,752767934919433505,75,6854,5327,4582,2000,1229,1188,4.513604068731971,4.507162262109715,12.742730476519174,12.161761743304675,True,False
10750,193485075000000000000,19349,5862,5770,4733,0,0,0,0.0,0.0,12.51717725268954,12.208539206738363,False,True
10751,1437022207853744749,144,6953,5615,4785,2000,1014,988,4.374258947265858,4.365882750325635,12.763419874192088,12.224303209373389,True,False
10752,23604335729125827051,2360,8213,7281,6101,2000,933,922,4.5477404579831875,4.543254534093572,13.003693582737847,12.57483001533763,True,False
10753,43066237696448546244,4307,8455,7517,6300,2000,966,954,5.712447859727557,5.7116845963993885,13.045589039297345,12.621136113274641,True,False
10754,43275549945340576731,4328,8542,7571,6342,2000,972,961,5.414438546682775,5.413778917962595,13.060358182642142,12.630722162103838,True,False
10755,87355817577699065892,8736,8787,7796,6537,2000,977,967,4.904167390270614,4.903125735214083,13.101154978600523,12.674412981837063,True,False
10756,43708306450185142394,4371,8673,7681,6436,2000,990,979,5.276432715988517,5.275398018173046,13.082315394198206,12.651948610723446,True,False
10757,43441139345830645018,4344,8763,7709,6448,2000,976,963,4.545930510851116,4.541970439100664,13.097209143550335,12.654636028527968,True,False
10758,85844612080249252289,8584,9062,7967,6654,2000,1010,995,6.131447878632846,6.130321283368436,13.14561377551339,12.700006150882865,True,False
10759,180711864230950641456,18071,9187,8073,6747,0,0,0,0.0,0.0,13.165378113346108,12.720030446498972,False,True
10760,183387460964878879617,18339,9224,8100,6772,0,0,0,0.0,0.0,13.171176797651771,12.725366257895642,False,True
10761,226474313066717982898,22647,9259,8132,6798,0,0,0,0.0,0.0,13.176640671134013,12.730894646541671,False,True
10762,106582236600000000000,10658,9196,8063,6731,0,0,0,0.0,0.0,13.16679075071818,12.716605141335364,False,True
10763,36426758423648905674,3643,9467,7935,6507,2000,988,959,5.203286786270965,5.200692788060067,13.208691606785079,12.667776838393431,True,False
10764,9919014057744750000,992,8641,7264,6043,2000,1015,989,4.826025527829753,4.822939699756221,13.076982565981158,12.561049226699671,True,False
10765,21824444646862268206,2182,3851,3813,3100,2000,143,143,5.147540282218077,5.147540282218079,11.911017407796985,11.5980525001616,True,False
10766,18752626200792256374,1875,2385,2372,1966,2000,74,73,4.311381506833298,4.31007596495982,11.219773550892874,10.94104760634058,True,False
10767,99750000000000,0,38,0,0,0,0,0,0.0,0.0,5.247927513443585,0,False,True
10768,1046499233727407,0,214,0,0,0,0,0,0.0,0.0,7.741466986401147,0,False,True
10769,598500000000000,0,90,0,0,0,0,0,0.0,0.0,6.491853096329675,0,False,True
10770,189785229950985092105,18979,9044,7824,6303,0,0,0,0.0,0.0,13.14274527675153,12.621822947394202,False,True
10771,58943100114783776928,5894,10141,8555,6914,2000,1238,1195,5.303040543834763,5.29990475944383,13.307912302492948,12.7553048882624,True,False
10772,90729989243225002888,9073,10187,8635,6971,2000,1257,1214,5.9380084448867985,5.936095266903258,13.314441630036939,12.767149912284852,True,False
10773,1733555250000000000,173,6350,5379,4601,2000,961,950,4.978602152759774,4.977487139510987,12.63254087654689,12.167731741103244,True,False
10774,310038789493857550,31,3449,2668,2350,2000,750,722,4.768149458211726,4.745041953219882,11.751962413460854,11.198445041452363,True,False
10775,10025062656641604,1,2182,792,775,792,792,775,9.629356620079614,9.581995793053949,11.091435386323607,9.5980525001616,False,False
10776,4695488356472402080,470,5754,5332,4444,2000,763,758,4.962325801662451,4.961670011822173,12.490349505739287,12.117643101389092,True,False
10777,97126086476722098,10,879,818,758,2000,195,194,4.791548541790918,4.789015147041953,9.779719355143405,9.566054038171092,True,False
10778,19750737859149284011,1975,4172,4113,3339,2000,171,169,4.990372213230057,4.986068431126691,12.026523442519766,11.705200378063116,True,False
10779,396402615031502430,40,1746,1697,1440,2000,203,203,4.633712775430222,4.6337127754302205,10.76983784362944,10.491853096329674,True,False
10780,5047350000000000000,505,3928,3879,3107,2000,204,204,4.681140094808602,4.681140094808601,11.939579214314692,11.60130652612184,True,False
10781,20080200501253132832,2008,5562,5388,4460,2000,527,525,5.568422045834171,5.568215612866828,12.441388029346687,12.122827994807666,True,False
10782,5017425000000000000,502,3720,3221,2648,2000,528,511,4.693291453359781,4.687710461247586,11.861086905995395,11.370687406807217,True,False
10783,381342256647299479,38,5394,3954,3493,2000,1025,996,4.415787922098821,4.404698777167916,12.397139806235604,11.770250927394864,True,False
10784,3705299199089835,0,677,0,0,0,0,0,0.0,0.0,9.403012023574997,0,False,True
10785,11380701983169544598,1138,3340,3312,2703,2000,118,116,4.8428531818625435,4.842460431946552,11.705632387361415,11.400345796534694,True,False
10786,1469834867463963556,147,6685,5483,4575,2000,1087,1045,4.462423530802963,4.4501490099767445,12.706711844980715,12.159556028058768,True,False
10787,14226944905021839874,1423,9698,8186,6728,2000,1203,1162,5.1665225789316,5.163502107158654,13.24347153839633,12.715961990255144,True,False
10788,2019577220411675235,202,6664,5667,4812,2000,985,974,4.919956021104925,4.918887949074916,12.702172685365548,12.232420927176076,True,False
10789,163760583766477828,16,4699,3117,2796,2000,990,961,4.379241669217423,4.37045858640411,12.198138052401116,11.449148645375436,True,False
10790,58345107514093850573,5835,5550,5494,4426,2000,211,210,5.077356239452729,5.076916169041463,12.43827205612483,12.11178773580101,True,False
10791,10048677922005624638,1005,4489,4430,3568,2000,214,213,4.864836534007837,4.864283797964423,12.132178380915544,11.800899899920305,True,False
10792,10439835000000000000,1044,8816,7308,6036,2000,982,953,5.0056450657048055,5.002469383624007,13.105908508571158,12.559377090526683,True,False
10793,1261725179405250000,126,7094,5731,4878,2000,1097,1065,4.7366750505500415,4.732511603434869,12.792383614935188,12.252074042796185,True,False
10794,11081305302605296669,1108,6545,6011,4956,2000,766,760,4.87539065652199,4.8739274236167205,12.676177476832603,12.274960472140602,True,False
10795,58072105730769389004,5807,7013,6701,5514,2000,765,760,5.887929249499531,5.863503618056704,12.775816012673026,12.428883552010191,True,False
10796,688116708879600000,69,686,674,610,2000,73,72,4.363380216393198,4.362137522981985,9.422064766172813,9.252665432450248,True,False
10797,194030227313517927,19,344,332,318,2000,69,68,4.243106766541061,4.24041938516835,8.426264754702098,8.312882955284355,True,False
10798,616227737937241857,62,643,631,577,2000,65,65,4.409538411620467,4.409538411620466,9.328674927327947,9.172427508645482,True,False
10799,389438873613014750,39,491,478,454,2000,62,62,4.1952138307883295,4.1952138307883295,8.939579214314692,8.826548487290914,True,False
10800,1366687693613951895,137,974,963,846,2000,66,66,4.586966757345229,4.586966757345229,9.927777962082342,9.72451385311995,True,False
10801,5079936273510786976,508,1765,1754,1471,2000,71,70,4.672463261867505,4.672096148405943,10.785452468158542,10.522581531254831,True,False
10802,778775161696422582,78,819,806,708,2000,85,84,4.383705386492945,4.382160028314667,9.677719641641009,9.467605550082997,True,False
10803,103750336376742738,10,1054,985,890,2000,186,185,4.522524848372877,4.520079860597816,10.041659151637214,9.79766152585376,True,False
10804,239351655314940210000,23935,376,344,325,0,0,0,0.0,0.0,8.554588851677638,8.344295907915816,False,True
10805,51614068276253282477,5161,4645,4586,3733,2000,180,177,5.302009862750366,5.262493412347481,12.181462881270015,11.86611979330307,True,False
10806,29036075536521797506,2904,5100,5029,4045,2000,198,196,4.866435440632753,4.865523763916485,12.31628153174622,11.981923987317339,True,False
10807,3069413248110198868,307,7419,6244,5264,2000,1013,994,5.089704941751407,5.086634451728133,12.857009025111093,12.361943773735241,True,False
10808,48109425000000000000,4811,5097,5030,4071,2000,202,198,5.197404522355502,5.1435027288871975,12.315432637905376,11.99116750614001,True,False
10809,42389644130594937501,4239,9592,8248,6772,2000,1120,1087,6.047985506757238,6.046561077781972,13.227615943414223,12.725366257895642,True,False
10810,25062656641604010,3,1602,959,916,2000,636,618,6.1418334103738985,6.115386057000176,10.64565843240871,9.839203788096944,True,False
10811,396007500000000000,40,4928,3808,3340,2000,1030,990,4.467882545767967,4.453486473934953,12.266786540694902,11.705632387361415,True,False
10812,2109032360525822703,211,1252,1239,1060,2000,76,75,4.315853565997544,4.314807953808611,10.290018846932618,10.049848549450562,True,False
10813,418808480329178254,42,5665,4081,3579,2000,999,970,4.39293736023705,4.3851301755141066,12.467860240707878,11.805340828416384,True,False
10814,9366227272286541,1,344,118,118,118,118,118,6.882643049361842,6.882643049361842,8.426264754702098,6.882643049361842,False,False
10815,11975761676207474366,1198,8944,7473,6174,2000,983,953,4.692235474254074,4.687711711145511,13.12670447284319,12.591989767615125,True,False
10816,249375000000000000,25,5002,3459,3074,2000,966,937,4.538966062841464,4.5244384795019235,12.28828934218097,11.585901449690772,True,False
10817,19950000000000000,2,3039,1416,1357,2000,1212,1169,6.569446389586898,6.529295549853366,11.569380959522295,10.406205005418855,True,False
10818,29925000000000000,3,3129,1836,1729,2000,1171,1129,6.557041334693672,6.515415461327667,11.611485943240922,10.755722153642282,True,False
10819,988275240396315715,99,3144,2963,2550,2000,527,525,4.499529939770292,4.498863273103625,11.618385502258606,11.31628153174622,True,False
10820,14556844136321820335,1456,4687,4617,3710,2000,192,191,4.631422825253745,4.6304916543062795,12.194449079479025,11.857203471508166,True,False
10821,9974546447836894059,997,9400,7801,6364,2000,1231,1188,4.9657099138687855,4.961917114036062,13.198445041452363,12.635718120331047,True,False
10822,4726953000000000000,473,8842,7230,5974,2000,1222,1181,4.649667305969978,4.644630853172319,13.110157018954066,12.544481522310791,True,False
10823,7266571784299290295,727,7342,6245,5080,2000,1026,985,4.916806791227227,4.909658490853824,12.841957399099547,12.310612781659529,True,False
10824,7680750000000000000,768,4212,4164,3329,2000,205,205,4.679931731675661,4.67993173167566,12.040289721025717,11.700873155140263,True,False
10825,17456042420504663327,1746,9434,8077,6515,2000,1244,1199,5.479298664189283,5.476639398784753,13.203653885529597,12.669549463455496,True,False
10826,23950441642021248422,2395,9524,8180,6594,2000,1229,1186,4.965721882960915,4.961919519112454,13.217351905270334,12.686938171670388,True,False
10827,70844546752233717,7,3243,2171,1994,2000,990,951,4.5284583158748655,4.511619394555707,11.663113308455806,10.961449694398196,True,False
10828,2706769100145857700,271,5410,4557,3789,2000,821,787,4.616356543843146,4.605037243877252,12.401412878714178,11.88760142450871,True,False
10829,6642000000000000000,664,5879,5033,4119,2000,823,790,5.171755085480262,5.165727148733742,12.521355062558259,12.008078410868256,True,False
10830,3291750000000000000,329,5450,4610,3823,2000,790,759,4.499454582584384,4.4839607160248445,12.41204051455165,11.90048948483465,True,False
10831,199500000000000000,20,3239,2416,2171,2000,781,753,4.542992154721751,4.5289398702005474,11.661332752795186,11.084144010615145,True,False
10832,3809067896009727,0,1127,0,0,0,0,0,0.0,0.0,10.138271800172221,0,False,True
10833,43690500000000000,4,3797,2170,2016,2000,1219,1173,4.786448518584454,4.764401142708666,11.890644283619089,10.977279923499916,True,False
10834,761491500000000000,76,6947,5316,4564,2000,1225,1179,4.513384616421968,4.506150027108131,12.762174381993102,12.156083076288681,True,False
10835,2314200000000000000,231,1694,1678,1407,2000,103,102,4.465184517862204,4.464233246987807,10.726218159332198,10.458406613236532,True,False
10836,469751697220225875,47,646,635,592,2000,77,76,4.362835642122262,4.36134032794385,9.335390354693924,9.20945336562895,True,False
10837,612392720497325558,61,3182,2951,2573,2000,637,634,4.468633436085713,4.467724345176622,11.635718120331047,11.3292357417338,True,False
10838,92079353026074493,9,282,267,262,2000,90,89,4.371154740158775,4.3697381992437245,8.139551352398794,8.03342300153745,True,False
10839,161251746825187669057,16125,9323,8154,6769,0,0,0,0.0,0.0,13.186578551633048,12.724727001534445,False,True
10840,9186630783923063,1,267,91,91,91,91,91,6.507794640198699,6.507794640198699,8.060695931687555,6.507794640198696,False,False
10841,13729250980468764015,1373,4660,4592,3703,2000,209,207,4.99769567257599,4.97971819018573,12.186114239541643,11.85447883417163,True,False
10842,27663116870551680,3,376,329,327,2000,206,206,5.2108311701036945,5.210831170103694,8.554588851677638,8.353146825498083,True,False
10843,5332387647261348,1,59,14,14,14,14,14,3.8073549220576055,3.8073549220576055,5.882643049361842,3.807354922057604,False,False
10844,12482463774562716236,1248,220,194,187,2000,54,54,4.993271489183164,4.993271489183165,7.78135971352466,7.546894459887636,True,False
10845,460954780610576696,46,641,634,585,2000,84,83,4.4090702411670355,4.408178169583961,9.324180546618742,9.192292814470767,True,False
10846,791087808334895204,79,2118,2050,1653,2000,189,187,4.486384403573869,4.4848207938759845,11.048486873992337,10.690871009292314,True,False
10847,28390322975335412596,2839,6368,6097,5039,2000,717,712,6.003346186973215,6.002755946344862,12.63662462054365,12.298921740969753,True,False
10848,778388777193602,0,401,0,0,0,0,0,0.0,0.0,8.64745842645492,0,False,True
10849,14695679806416050,1,245,190,189,190,190,189,7.569855608330949,7.5593292925414755,7.936637939002571,7.562242424221073,False,False
10850,99750000000000000,10,895,840,772,2000,197,196,4.706627243635203,4.70387449088245,9.805743872151618,9.59245703726808,True,False
10851,5298541425518430,1,1700,147,146,147,147,146,7.1996723448363635,7.186066902659492,10.731319031025064,7.189824558880018,False,False
10852,3007518796992481203,301,7231,6114,5173,2000,974,958,4.876743428896746,4.874799196232043,12.819979460922664,12.336785476203755,True,False
10853,2768963168156474645,277,3850,3720,3124,2000,443,441,4.694370722215735,4.693737209387102,11.910642730469625,11.60917873814198,True,False
10854,4770634980328100031,477,5624,5266,4396,2000,750,745,4.879764713324167,4.8790297850736355,12.457380879072534,12.101975670949232,True,False
10855,28181321800427942324,2818,6895,6488,5329,2000,774,768,5.598091926397853,5.597329180290368,12.751334836401343,12.379649117760035,True,False
10856,41880954213483198355,4188,7112,6701,5504,2000,767,762,5.170051978033213,5.169494678261653,12.79603960882977,12.426264754702098,True,False
10857,55736936032362445683,5574,7261,6786,5582,2000,795,789,6.004098166958877,6.00353764756286,12.825952537523726,12.446566409066067,True,False
10858,997500000000000,0,378,0,0,0,0,0,0.0,0.0,8.562242424221072,0,False,True
10859,6212507041272316927,621,2634,2609,2140,2000,137,136,4.737892531385298,4.73768537695372,11.363039630256514,11.06339508128851,True,False
10860,196575304949871876,20,4779,3201,2850,2000,977,946,4.733284785620315,4.725810090647798,12.222493052246467,11.476746203939467,True,False
10861,85456289835000000,9,13,12,12,17,12,12,3.2520375860458977,3.252037586045897,3.700439718141092,3.584962500721156,False,False
10862,14864354295867077,1,70,35,35,35,35,35,5.1292830169449655,5.1292830169449655,6.129283016944966,5.129283016944966,False,False
10863,29326500000000000000,2933,5030,4970,4024,2000,211,209,4.953288684438387,4.934033956259498,12.29634268469289,11.974414589805527,True,False
10864,3551229955696176646,355,5810,5168,4314,2000,780,774,4.785925568162773,4.785012936135766,12.50432244829189,12.074810461160453,True,False
10865,11972244036467699257,1197,4522,4461,3605,2000,201,200,4.532583694082261,4.531737475142341,12.14274527675153,11.815783544128184,True,False
10866,9129926275380797897,913,4285,4225,3384,2000,208,207,4.581384421471617,4.580598342220536,12.065079488999862,11.72451385311995,True,False
10867,2713200000000000000,271,1765,1749,1460,2000,105,103,4.420568268570745,4.401103549095972,10.785452468158542,10.51175265376738,True,False
10868,1021107148917123,0,515,0,0,0,0,0,0.0,0.0,9.00842862207058,0,False,True
10869,6974818855511354402,697,9204,7610,6243,2000,1224,1179,4.696094127302597,4.6867860202141625,13.16804526822409,12.608023750456491,True,False
10870,463080485808104526,46,1038,1013,853,2000,129,128,4.31590028928826,4.315480427347965,10.019590728357882,9.73640193131829,True,False
10871,1477176265715320444,148,7156,5716,4864,2000,1029,999,4.638544228615551,4.633396643555551,12.804937672051908,12.247927513443585,True,False
10872,279341106537813115,28,1899,1797,1595,2000,407,405,4.4588834857167505,4.457368219408697,10.891024190149498,10.639340708652231,True,False
10873,1231679864524755625,123,6511,5358,4584,2000,989,972,4.644028471471122,4.641467961323681,12.668663423175296,12.162391328756906,True,False
10874,2941627500000000000,294,8061,6656,5599,2000,1133,1099,4.6448193809316525,4.6399010850976,12.976743106734322,12.450953464712992,True,False
10875,9043548901025873,1,110,55,55,55,55,55,5.781359713524658,5.781359713524658,6.78135971352466,5.78135971352466,False,False
10876,1805788146941263,0,610,0,0,0,0,0,0.0,0.0,9.252665432450248,0,False,True
10877,10745070000000000000,1075,6846,6081,5018,2000,793,787,4.647152427144385,4.646123901094439,12.741045577009837,12.292896755409172,True,False
10878,5500000000000000000,550,7772,6656,5599,2000,973,957,4.430165263844369,4.426276506850893,12.924070185585345,12.450953464712992,True,False
10879,1560248822536325,0,370,0,0,0,0,0,0.0,0.0,8.531381460516313,0,False,True
10880,1291622457381433,0,70,0,0,0,0,0,0.0,0.0,6.129283016944966,0,False,True
10881,56042466075806999,6,4054,2556,2353,2000,1239,1197,4.598248369498208,4.583399463652229,11.985130373466898,11.200285605224298,True,False
10882,2455873163624475000,246,2624,2260,1918,2000,406,396,4.55629650458301,4.550591513927253,11.357552004618084,10.905387005018131,True,False
10883,4480229754033453409,448,6142,5363,4503,2000,821,811,4.741918361807107,4.740385967752277,12.584492796975875,12.136670762341845,True,False
10884,261520256261250000,26,500,489,464,2000,76,75,4.655635493220514,4.6542141972405044,8.965784284662087,8.857980995127573,True,False
10885,77112608862447206,8,4104,2747,2514,2000,1215,1171,5.3000014068790735,5.271791676718043,12.002815015607053,11.295768934420508,True,False
10886,498750000000000,0,378,0,0,0,0,0,0.0,0.0,8.562242424221072,0,False,True
10887,44940693557364637,4,3570,2080,1935,2000,1174,1134,4.777504486840871,4.757379540675195,11.801708358916462,10.918117851031772,True,False
10888,50899385247414836,5,3586,2115,2006,2000,1012,982,4.99462800972811,4.976915971015565,11.808159772868375,10.970105890612182,True,False
10889,997500000000000,0,615,0,0,0,0,0,0.0,0.0,9.264442600226602,0,False,True
10890,11167059809981690,1,2569,1051,1018,1051,1051,1018,10.037546953962178,9.969507206098879,11.326991174900817,9.991521846075695,False,False
10891,395818614957056844,40,451,375,352,2000,106,106,4.300569977733544,4.300569977733544,8.81698362325538,8.459431618637296,True,False
10892,9974587682487232158,997,9043,7407,6131,2000,1064,1034,5.341599782554316,5.338773466498475,13.142585748356288,12.581906689308768,True,False
10893,454695185938014378,45,486,482,468,2000,61,59,4.185645782790055,4.181561515822314,8.92481250360578,8.870364719583405,True,False
10894,35556514266664012,4,1982,1247,1168,2000,713,688,5.260013124260173,5.234659159813338,10.952741247186488,10.189824558880018,True,False
10895,6246345000000000000,625,2264,2248,1864,2000,106,105,4.532225575731658,4.5317127195743625,11.144658242831882,10.86418614465428,True,False
10896,59850000000000000,6,4040,2486,2309,2000,1217,1177,4.59405694380218,4.579971272488816,11.980139577639157,11.173052457774116,True,False
10897,35984413500000000000,3598,9631,8032,6614,2000,1049,1019,6.088219216688624,6.086548664864963,13.233469887522077,12.691307330191115,True,False
10898,3826094341758592,0,525,0,0,0,0,0,0.0,0.0,9.036173612553485,0,False,True
10899,79800000000000000,8,2710,1895,1814,2000,830,820,4.398597290467895,4.394760349051652,11.404077136241234,10.824958740528523,True,False
10900,30664646250000000000,3066,8044,7161,5989,2000,933,922,5.347309328429759,5.346089357882893,12.973697366305352,12.548099416978387,True,False
10901,797961636757740771,80,4590,3690,3178,2000,849,814,4.574753041396975,4.56383390871547,12.16427843830117,11.63390340934852,True,False
10902,802987500000000000,80,6105,4820,4196,2000,1012,986,4.515535956645836,4.50381011854922,12.575775579874765,12.034798962577268,True,False
10903,2347117500000000000,235,1886,1636,1412,2000,310,304,4.6815050410711265,4.677364546914965,10.881113960675096,10.46352437327118,True,False
10904,37248503843954548,4,75,70,70,2000,55,55,4.712962568811348,4.7129625688113475,6.22881869049588,6.129283016944966,True,False
10905,2937050521963067,0,934,0,0,0,0,0,0.0,0.0,9.867278739709661,0,False,True
10906,2972550000000000000,297,8496,6956,5815,2000,1205,1165,4.52172877697213,4.512755188825764,13.052568050804153,12.50556347636058,True,False
10907,14982144744202281687,1498,9053,7604,6276,2000,1040,1011,5.082881680001881,5.08024535652485,13.144180239058922,12.615629636968098,True,False
10908,49875000000000000,5,3070,1872,1788,2000,1000,980,5.088368125623592,5.076061855529721,11.584022940257542,10.804131021183318,True,False
10909,2359392717765018823,236,7388,6155,5103,2000,1131,1088,4.692114868035575,4.683028437764077,12.850968150982439,12.317129926384542,True,False
10910,7001725849526959,1,82,27,27,27,27,27,4.754887502163469,4.754887502163469,6.357552004618084,4.754887502163468,False,False
10911,2865796068693817,0,834,0,0,0,0,0,0.0,0.0,9.703903573444663,0,False,True
10912,169966020000000000000,16997,5533,5467,4439,0,0,0,0.0,0.0,12.433846208442825,12.116018993325094,False,True
10913,407778000000000000,41,565,462,431,2000,121,121,4.315457034614909,4.315457034614909,9.14210705730255,8.751544059089099,True,False
10914,1195985447081648404,120,5238,4298,3636,2000,888,851,4.575565779063846,4.5640748961372,12.354800344350597,11.828136484194108,True,False
10915,128876327305040699,13,4763,3404,3082,2000,1216,1172,4.550145784527181,4.533216560585775,12.217654833364023,11.589651146514786,True,False
10916,10801865669012072371,1080,9396,7908,6418,2000,1281,1234,5.629843494192723,5.626872834164614,13.197830998012197,12.647908074281807,True,False
10917,610630867167919799,61,6555,5160,4439,2000,1221,1178,4.550531449778304,4.533930122931469,12.678380065109117,12.116018993325094,True,False
10918,299250000000000000,30,527,521,492,2000,88,87,4.279700082216269,4.2784013131444985,9.041659151637214,8.94251450533924,True,False
10919,3211122990089558,0,1420,0,0,0,0,0,0.0,0.0,10.471675214392045,0,False,True
10920,2138084877386728,0,476,0,0,0,0,0,0.0,0.0,8.894817763307943,0,False,True
10921,195511679356089227,20,5216,3677,3283,2000,1199,1159,4.396811416032211,4.385527128938157,12.348728154231077,11.680799034572981,True,False
10922,50872500000000000000,5087,7714,6887,5750,2000,854,844,4.922919961786054,4.9216411031274365,12.913263430628762,12.4893462407191,True,False
10923,24937500000000000000,2494,7502,6671,5562,2000,874,864,5.541193343991911,5.540516778046001,12.87305954766147,12.441388029346687,True,False
10924,17796891233492574847,1780,7372,6535,5451,2000,881,871,5.600578295890209,5.599935558241596,12.847840355630714,12.412305204955272,True,False
10925,20898378887636436,2,638,391,382,2000,294,289,6.460386150610279,6.442859861176126,9.31741261376487,8.57742882803575,True,False
10926,7584264661168221,1,619,154,153,154,154,153,7.266786540694904,7.25379952770789,9.273795599214264,7.257387842692652,False,False
10927,189831382491894,0,8,0,0,0,0,0,0.0,0.0,3.0,0,False,True
10928,2329295679952965841,233,3128,3061,2455,2000,188,187,4.403867180359676,4.402617873855778,11.611024797307353,11.261507309202056,True,False
10929,23736476126007904,2,2799,1569,1490,2000,1115,1074,6.534730724750234,6.493084028035873,11.450695771572915,10.541096615349524,True,False
10930,49839080231165103512,4984,3890,3862,3165,2000,121,121,4.691559356454556,4.691559356454557,11.925554439873554,11.627989784315703,True,False
10931,16957500000000000,2,273,212,210,2000,188,187,6.407823625172101,6.402323625172102,8.092757140919852,7.714245517666122,True,False
10932,30656320794937866,3,428,370,362,2000,192,191,5.42521777119109,5.421304573040964,8.741466986401146,8.499845887083206,True,False
10933,3917394643820994822,392,301,299,276,2000,41,41,4.304309788552405,4.304309788552405,8.233619676759702,8.108524456778168,True,False
10934,259103845724010000,26,1774,1396,1246,2000,409,399,4.371738715377221,4.363879326980538,10.792790294301064,10.283088353024002,True,False
10935,113322680260396008,11,3946,2747,2557,2000,1003,984,4.552755370185885,4.545303367277601,11.946175240723559,11.32023644524165,True,False
10936,119700000000000000,12,4350,3101,2804,2000,1132,1091,5.279211442063826,5.251794193153155,12.086799685623452,11.453270634010623,True,False
10937,154109864696635303,15,4476,3254,2923,2000,1100,1059,4.5319611165506934,4.515109082000837,12.127994320976393,11.513234113806053,True,False
10938,3333995775740723,0,962,0,0,0,0,0,0.0,0.0,9.909893083770042,0,False,True
10939,548710498478936,0,272,0,0,0,0,0,0.0,0.0,8.087462841250339,0,False,True
10940,149625000000000000,15,108,106,105,2000,41,40,4.131631016875984,4.130946537935582,6.754887502163468,6.714245517666122,True,False
10941,4538625000000000000,454,2518,2490,2029,2000,117,117,4.390163176601139,4.39016317660114,11.298062567719017,10.98655314975666,True,False
10942,8976605935850119742,898,8759,7194,5949,2000,971,940,4.880473031516556,4.875506896799366,13.096550453872924,12.538431462950005,True,False
10943,19959544492633474721,1996,9282,7705,6336,2000,993,963,5.599371603946408,5.597311635141202,13.180219982170192,12.62935662007961,True,False
10944,4488348048693158593,449,8457,6831,5712,2000,1052,1022,4.871513583013083,4.820305967037746,13.045930263291577,12.479780264029099,True,False
10945,28812509295524557118,2881,9647,8009,6582,2000,1053,1024,4.695908192393394,4.691458544829824,13.23586465108203,12.68431031112435,True,False
10946,9975000000000000,1,1941,471,460,471,471,460,8.879583249612786,8.828627835600047,10.922584402713664,8.845490050944376,False,False
10947,9975000000000000,1,2063,480,469,480,480,469,8.906890595608516,8.85353717795344,11.010528105886484,8.873444112515376,False,False
10948,4987500000000000,0,21,0,0,0,0,0,0.0,0.0,4.392317422778761,0,False,True
10949,9975000000000000,1,1757,535,521,535,535,521,9.063395081288508,9.005909310256428,10.778898476008376,9.025139562278508,False,False
10950,54273891493846547,5,3413,2220,2046,2000,1077,1037,5.1246812398938975,5.100386823871151,11.736824699098866,10.99859042974533,True,False
10951,12612875058520795,1,1005,487,470,487,487,470,8.927777962082342,8.849000697243326,9.972979786066292,8.876516946565,False,False
10952,683431706602749179,68,5689,4514,3951,2000,1004,985,4.641092563154822,4.637693626256111,12.47395936569476,11.94800213097767,True,False
10953,1725675000000000000,173,6900,5683,4737,2000,1091,1050,4.42525599136796,4.411107916191943,12.752380646552893,12.209757956581393,True,False
10954,133749712337220280973,13375,5904,5805,4771,0,0,0,0.0,0.0,12.527477006060396,12.220075970984304,False,True
10955,22890095718946568,2,2194,1264,1234,2000,930,919,6.56377144367196,6.552557755428891,11.099347810403193,10.269126679149418,True,False
10956,211048419697237500000,21105,2909,2896,2361,0,0,0,0.0,0.0,11.506307581100307,11.205182326228643,False,True
10957,289822654631275229,29,2365,2163,1948,2000,587,585,4.487040289516138,4.4863866337126055,11.207624468226758,10.927777962082342,True,False
10958,596179159455927600000,59618,1626,1621,1396,0,0,0,0.0,0.0,10.667111542075027,10.447083226209653,False,True
10959,934884805932897989,93,2612,2150,1859,2000,466,454,4.447272062740662,4.439678833662649,11.350939181546432,10.860311054919482,True,False
10960,13484741666379076889,1348,2293,2038,1722,2000,331,325,5.0817443552068005,5.079238620418904,11.163020639580793,10.749869427396844,True,False
10961,3340565619059638504,334,3783,3691,3070,2000,363,361,4.956455645511022,4.955093053713161,11.885315061049376,11.584022940257542,True,False
10962,37148941136031130,4,3592,2123,1978,2000,1241,1198,4.789866112770969,4.76923674062047,11.810571634741146,10.94982671075911,True,False
10963,6115233629155698393,612,8862,7512,6122,2000,1229,1185,5.089244768498708,5.085460927050026,13.113416611485945,12.579787329526992,True,False
10964,994188201219700713,99,2367,2308,1896,2000,202,201,4.465160091113549,4.4634745256829635,11.208843990734614,10.888743248898258,True,False
10965,14443911509420298543,1444,9594,8073,6559,2000,1246,1207,4.9232438521114625,4.91975926556923,13.227916724201489,12.67926015971679,True,False
10966,13934937690534888,1,454,236,232,236,236,232,7.882643049361841,7.848744744277096,8.826548487290914,7.857980995127572,False,False
10967,964596647031581,0,8,0,0,0,0,0,0.0,0.0,3.0,0,False,True
10968,7130240868677100,1,1860,353,346,353,353,346,8.463524373271182,8.418198594234354,10.861086905995395,8.434628227636725,False,False
10969,1578060937509552,0,814,0,0,0,0,0,0.0,0.0,9.668884984266247,0,False,True
10970,2774875617385740928,277,8351,6840,5737,2000,1193,1151,4.43437713537023,4.425236585567566,13.027733249752831,12.48608080265197,True,False
10971,14010000000000000000,1401,4662,4593,3689,2000,197,196,4.67552127237936,4.674770991023854,12.186733289128867,11.84901407369482,True,False
10972,4506908112204913952,451,5394,5088,4250,2000,727,722,4.736528813778897,4.734958736578596,12.397139806235604,12.053247125912426,True,False
10973,18144525000000000000,1814,9398,8062,6498,2000,1212,1169,4.602389349360386,4.5963888754865145,13.198138052401116,12.665780028329483,True,False
10974,799110890871746281,80,2240,2184,1789,2000,197,196,4.369419755818532,4.368027967370378,11.129283016944967,10.804937672051908,True,False
10975,7002450000000000000,700,9075,7609,6204,2000,1242,1199,4.473363014289228,4.4658629589021785,13.147681927770476,12.59898297103609,True,False
10976,2961244961474921266,296,2019,1996,1638,2000,123,122,4.486187370067746,4.485896040888545,10.979425195331473,10.677719641641009,True,False
10977,18961165619207281702,1896,4816,4775,3822,2000,221,221,5.037393193689979,5.037393193689978,12.233619676759702,11.900112062977456,True,False
10978,832912500000000000,83,3791,3080,2661,2000,698,673,4.604354666953607,4.593706457753525,11.888362741170644,11.37775279502222,True,False
10979,16957500000000000,2,1777,921,909,2000,867,857,6.575641850613198,6.563500785883992,10.795227966028678,9.828136484194108,True,False
10980,80200501253132832,8,3850,2379,2218,2000,977,947,5.29956983775333,5.275802482046481,11.910642730469625,11.11504365016171,True,False
10981,170426065162907268,17,4590,3111,2805,2000,967,939,4.999110199224781,4.984529870446643,12.16427843830117,11.453785055496155,True,False
10982,64831203436883940000,6483,4555,4009,3249,2000,589,570,5.568512948570314,5.564460512334263,12.153235338689413,11.665780028329483,True,False
10983,111624972509250518542,11162,2706,2428,2031,0,0,0,0.0,0.0,11.401946123976536,10.987974524296153,False,True
10984,20130174112674291468,2013,6712,6337,5221,2000,755,750,4.830495188744605,4.8297358131729355,12.712527000439824,12.350110443347928,True,False
10985,995786300740293576,100,3475,2870,2467,2000,610,591,4.508768187082615,4.4974467097009825,11.762797262498232,11.268542000300123,True,False
10986,176363584260673468693,17636,7593,6581,5318,0,0,0,0.0,0.0,12.89045429283184,12.376668061857668,False,True
10987,35410849642622103,4,97,84,84,2000,54,54,4.426948060908917,4.426948060908917,6.599912842187128,6.392317422778761,True,False
10988,780363282096757321,78,2148,2080,1670,2000,189,188,4.372272171903839,4.370826522751768,11.068778277985412,10.705632387361415,True,False
10989,628498908340575112,63,2036,1969,1598,2000,185,184,4.436556573403621,4.434496487566712,10.991521846075695,10.642051692927977,True,False
10990,1154293523368078502,115,2625,2556,2052,2000,190,189,4.3722092431478465,4.370874871970263,11.358101707440847,11.002815015607053,True,False
10991,339032527758854166,34,1644,1574,1316,2000,191,190,4.549321399292769,4.548373232415398,10.682994583681683,10.361943773735241,True,False
12366,65725275000000000000,6573,5440,5372,4327,2000,204,202,4.951232261715021,4.948413364835103,12.409390936137703,12.079151405421891,True,False
12367,98567778175111254,10,885,817,749,2000,187,186,4.366282673632213,4.364638872658577,9.78953364497036,9.54882190845875,True,False
12368,5802388763620382267,580,3822,3754,2995,2000,191,189,4.5800328713331755,4.578688134234803,11.900112062977456,11.548340287676147,True,False
12369,4683262500000000000,468,1704,1498,1291,2000,259,255,4.494851075205917,4.4920636703513965,10.734709620225837,10.33427328530719,True,False
12370,9925297231876563096,993,7690,6759,5682,2000,938,927,4.649017523590617,4.647522365158209,12.908767882849189,12.472183116189541,True,False
12371,17955000000000000,2,22,20,20,155,20,20,4.205865665946187,4.205865665946187,4.459431618637297,4.321928094887363,False,False
12372,19949874686716791979,1995,9329,7883,6489,2000,1085,1054,5.237763450909099,5.235348817140954,13.18750672775828,12.663780450683134,True,False
12373,69644248535267092,7,731,664,623,2000,181,180,4.7022291498373265,4.69922727366472,9.513727595952437,9.283088353024002,True,False
12374,173314507043593862,17,449,434,404,2000,88,87,4.275810028041141,4.274636575388456,8.810571634741146,8.658211482751796,True,False
12375,1905055816397764417,191,4799,4009,3385,2000,760,732,4.384730397478531,4.373033037193481,12.228518097716194,11.724940118462358,True,False
12376,959985140918226704,96,178,176,169,2000,36,36,4.312847616445088,4.312847616445089,7.475733430966398,7.400879436282184,True,False
12377,69123838996718964854,6912,387,385,351,2000,62,61,5.342978192817078,5.307819832175971,8.59618975614441,8.45532722030456,True,False
12378,350548376813291,0,162,0,0,0,0,0,0.0,0.0,7.339850002884624,0,False,True
12379,19279481455297858,2,646,384,375,2000,322,316,6.4914174362725365,6.472695051826373,9.335390354693924,8.550746785383243,True,False
12380,30663315435256865,3,780,524,500,2000,313,307,5.636746551384862,5.621706704324827,9.60733031374961,8.965784284662087,True,False
12381,382375043209659447,38,1404,1346,1126,2000,155,154,4.41478437826416,4.408774760895524,10.45532722030456,10.13699111208023,True,False
12382,229425000000000000,23,1415,1360,1200,2000,200,199,4.353335657952742,4.351763330908718,10.466586337719244,10.228818690495881,True,False
12383,149625000000000000,15,1952,1748,1639,2000,595,593,4.538652951968442,4.537452711920434,10.930737337562887,10.678600139099458,True,False
12384,1017450000000000000,102,3739,3512,3001,2000,627,624,4.385756996698336,4.384506605951228,11.868436755858168,11.551227603598289,True,False
12385,31497771850928853,3,1916,1189,1118,2000,703,679,6.212663050464746,6.180477277291617,10.90388184573618,10.12670447284319,True,False
12386,2214450000000000000,221,1686,1670,1405,2000,104,103,4.42755672482903,4.426950671820856,10.719388820942083,10.456354415108288,True,False
12387,1664199130507360296,166,5393,4628,3904,2000,786,780,4.4698536942438185,4.4675195726784755,12.39687231851056,11.930737337562887,True,False
12388,3115750277326887376,312,1141,1137,1017,2000,64,62,4.343297013911867,4.236623579267045,10.156083076288681,9.9901039638575,True,False
12389,25935000000000000,3,3303,1812,1725,2000,1242,1203,6.581913153444194,6.5448284793372835,11.689561254285525,10.752380646552893,True,False
12390,997500000000000,0,459,0,0,0,0,0,0.0,0.0,8.842350343413807,0,False,True
12391,100695956640642564621,10070,10420,8931,7300,0,0,0,0.0,0.0,13.347067657165871,12.833680748654741,False,True
12392,11770500000000000000,1177,2239,2232,1866,2000,93,92,4.628939228882101,4.628476011640931,11.128638812852598,10.86573327085176,True,False
12393,149625000000000000,15,370,359,343,2000,78,77,4.710300286213773,4.708609999092229,8.531381460516313,8.422064766172813,True,False
12394,318202500000000000,32,1626,1557,1349,2000,199,198,4.491198482951003,4.490145246643074,10.667111542075027,10.397674632948268,True,False
12395,7210890637546114530,721,3732,3668,2937,2000,183,181,4.629001772820631,4.627955797746102,11.86573327085176,11.520127550324851,True,False
12396,34547190116895063,3,3614,2006,1874,2000,1214,1169,5.298655564507389,5.270046978252551,11.8193807908646,10.871905237659186,True,False
12397,21512206331242287101,2151,2519,2507,2107,2000,101,99,5.439617480889113,5.434473245380039,11.298635406734242,11.040974598817305,True,False
12398,560237222972788326,56,1076,1055,885,2000,118,117,4.348558177043628,4.348176825109134,10.071462362556623,9.78953364497036,True,False
12399,2580000000000000000,258,3268,3200,2604,2000,200,198,4.629642850196599,4.62861122137957,11.674192268145683,11.346513733165635,True,False
12400,77932522580568867,8,6,5,5,3,5,5,2.1556390622295662,2.1556390622295662,2.584962500721156,2.321928094887362,False,False
12401,69825000000000000,7,9,8,8,6,8,8,2.792481250360578,2.792481250360578,3.169925001442312,3.0,False,False
12402,584597056088540225,58,759,751,700,2000,82,81,4.279591116924577,4.27852904760902,9.567956075415466,9.451211111832329,True,False
12403,5491674213592749442,549,8316,6928,5789,2000,1023,997,4.73257323196424,4.729124354615899,13.02167404285837,12.49909844122888,True,False
12404,49875000000000000,5,187,172,169,2000,92,91,5.00339625247217,5.001066431169694,7.546894459887636,7.400879436282184,True,False
12405,5436375000000000000,544,3838,3771,3030,2000,191,190,4.442527164200249,4.4414359078914245,11.90613899619538,11.565102078360313,True,False
12406,4973350849031250000,497,1747,1740,1507,2000,86,84,4.420967246240767,4.419703759714685,10.77066389291676,10.557463701597824,True,False
12407,11640507155358304,1,2577,1038,1003,1038,1038,1003,10.01959072835788,9.945294567010324,11.331476821859619,9.970105890612182,False,False
12408,11393193292749205,1,2571,1028,994,1028,1028,994,10.00562454919388,9.932551187833216,11.328113894833656,9.957102041562287,False,False
12409,578837182118860204,58,2036,1969,1658,2000,192,191,4.419031396799095,4.41716841094085,10.991521846075695,10.69522829149575,True,False
12410,8892745107411508232,889,4177,4112,3298,2000,204,203,4.5895418093251426,4.588745313904992,12.028251428162793,11.687375683437468,True,False
12411,974145117939000000,97,854,845,748,2000,81,80,4.4723970126542305,4.471862649626904,9.73809225962049,9.546894459887637,True,False
12412,31834824756404064675,3183,5188,5129,4144,2000,223,222,5.338385582965463,5.338041789991344,12.3409627642517,12.016808287686555,True,False
12413,1062652916960409532,106,985,973,855,2000,73,72,4.317754124369512,4.3161056768803405,9.943979914343739,9.73978060977326,True,False
12414,10939305947752889919,1094,2177,2164,1798,2000,74,73,4.273803592705764,4.272643001506643,11.088125692188207,10.812177305514448,True,False
12415,9959650629804754200,996,2062,2051,1735,2000,67,67,4.703992179670656,4.703992179670656,11.00982861736811,10.760719947465624,True,False
12416,33885372407808255482,3389,2716,2704,2273,2000,88,86,4.510355493948422,4.5093039290008345,11.407267764244732,11.150381968817848,True,False
12417,95462033516534826,10,427,403,383,2000,128,127,4.373575319534126,4.372833360201476,8.73809225962049,8.581200581924957,True,False
12418,88431170940208172,9,428,400,385,2000,111,111,4.552260651712293,4.552260651712293,8.741466986401146,8.588714635582264,True,False
12419,982746586522864689,98,1498,1470,1207,2000,117,117,4.301228704085535,4.301228704085536,10.54882190845875,10.237209960755022,True,False
12420,1974346746253112850,197,2073,2045,1679,2000,115,113,4.745499074321001,4.684082581485319,11.017504401109415,10.71338651493703,True,False
12421,952108161513397522,95,1930,1871,1531,2000,162,160,4.580648906549453,4.573690343006364,10.914385132155443,10.580258567499788,True,False
12422,1004997795473430510,100,2548,2481,1995,2000,192,190,4.393879875779849,4.39235098635182,11.3151495622563,10.962173031109709,True,False
12423,989734477131253716,99,2332,2266,1862,2000,201,200,4.452533247906099,4.451524212452263,11.187352073200497,10.862637357558794,True,False
12424,998532084658334336,100,2450,2395,1963,2000,202,201,4.513858829305257,4.5120766157960785,11.258566033889933,10.938844457466171,True,False
12425,8461958154758208734,846,4339,4259,3481,2000,320,320,4.684558518112865,4.6845585181128655,12.083146870816742,11.765286098723683,True,False
12426,9924812030075187969,992,9309,7717,6321,2000,1219,1174,4.695874648677206,4.689664354909439,13.184410482249875,12.625937099538463,True,False
12427,7872521905125162,1,2025,402,394,402,402,394,8.651051691178928,8.606275571775942,10.98370619265935,8.622051819456376,False,False
12428,358643327966580332,36,425,421,410,2000,65,64,4.271578331682555,4.264967742436298,8.731319031025064,8.679480099505446,True,False
12429,19119671314404704,2,1928,1022,1006,2000,913,902,6.570181910199657,6.558468221956587,10.912889336229961,9.974414589805527,True,False
12430,598500000000000000,60,6038,4555,3964,2000,966,937,4.4682928920688,4.456976434193148,12.559855041513625,11.952741247186488,True,False
12431,186408288080802968,19,4453,3122,2837,2000,1014,988,4.728080854445832,4.717391849799871,12.120561896442904,11.470150435274359,True,False
12432,392437766993623721,39,1728,1657,1383,2000,191,190,4.3524812247945555,4.350765468431959,10.754887502163468,10.433585441150495,True,False
12433,348802967449683150,35,5774,4424,3886,2000,1213,1170,5.298923163119609,5.271037471061225,12.495355392235982,11.924070185585345,True,False
12434,188353372202417653,19,4642,3412,3053,2000,1116,1075,4.534820619325473,4.518166939243056,12.180530807344482,11.57601187420678,True,False
12435,647009477178135,0,209,0,0,0,0,0,0.0,0.0,7.7073591320808825,0,False,True
12436,1114001937876007235,111,3682,3473,2972,2000,618,615,4.65429993425092,4.653757763417173,11.846273911349906,11.537218400538595,True,False
12437,34632367040292726734,3463,5364,5308,4264,2000,223,220,5.592820455563894,5.589978730082363,12.389093521904474,12.057991722759176,True,False
12438,24343661755137323246,2434,9812,8317,6731,2000,1259,1220,5.501991122023138,5.499928512886768,13.260331518557601,12.716605141335364,True,False
12439,98492286582537373,10,3894,2672,2433,2000,1104,1064,5.705791594938043,5.677339496565963,11.927037168720295,11.24852060493843,True,False
12440,239400000000000000,24,3777,2921,2662,2000,875,865,4.5754184710089705,4.573486411058429,11.883025068440173,11.378294855911891,True,False
12441,19950000000000000000,1995,9189,7751,6407,2000,1051,1021,5.908996591392425,5.907309091548175,13.165692152320114,12.64543327516426,True,False
12442,12718125000000000000,1272,8978,7542,6235,2000,1027,998,4.544659778154064,4.539541940928558,13.132178380915544,12.606173844717032,True,False
12443,156408000000000000000,15641,9836,8363,6860,0,0,0,0.0,0.0,13.263856019596082,12.743992861060175,False,True
12444,39311475000000000000,3931,9428,7928,6494,2000,983,953,5.12707677641774,5.124142281625034,13.202736043250168,12.664891669286089,True,False
12445,4819920000000000000,482,8990,7440,6185,2000,1241,1199,5.167506702759344,5.164248453445013,13.13410540040181,12.594557879863732,True,False
12446,2159587500000000000,216,8144,6524,5448,2000,1219,1175,4.393224672494091,4.381094250262972,12.991521846075695,12.411510988012072,True,False
12447,3637383750000000000,364,8673,7078,5870,2000,1226,1183,4.788686485284602,4.783576947529525,13.082315394198206,12.519144787997414,True,False
12448,3708075661530049946,371,1668,1659,1382,2000,84,83,4.627863491853686,4.6273800794628785,10.703903573444663,10.432541900388259,True,False
12449,3564890943222579414,356,1637,1626,1346,2000,82,81,4.330289386702684,4.329595429774412,10.676838606474153,10.394462694610317,True,False
12450,10780141358359949238,1078,2173,2162,1785,2000,82,81,4.294391481634447,4.293609113670208,11.085472459181283,10.801708358916462,True,False
12451,6701720105127638659,670,1941,1930,1599,2000,86,85,4.596906237571584,4.596399122234767,10.922584402713664,10.642954223480332,True,False
12452,636298204290927050,64,4099,3288,2854,2000,775,746,4.430997852032228,4.421515505752199,12.001056274634779,11.478769619475763,True,False
12453,168544507488204241,17,242,237,234,2000,54,54,4.207422376974375,4.207422376974373,7.918863237274595,7.870364719583405,True,False
12454,943365996617713205,94,2276,2217,1838,2000,200,199,4.4440318854689425,4.44272841349359,11.152284842306582,10.843921051289035,True,False
12455,4069840103361655191,407,3690,3635,2955,2000,238,238,4.86652261116858,4.866522611168581,11.849405100947758,11.528942415064895,True,False
12456,4485591239011662,0,1340,0,0,0,0,0,0.0,0.0,10.388017285345136,0,False,True
12457,1694821784823537697,169,7281,5841,4959,2000,1025,996,4.419524750095551,4.412871484930993,12.82992089387229,12.27583351001347,True,False
12458,34444730341088289699,3444,5188,5148,4113,2000,223,223,5.037546028054262,5.037546028054262,12.3409627642517,12.005975356500382,True,False
12459,339712590000000000,34,1644,1604,1380,2000,208,208,4.377024030094816,4.377024030094815,10.682994583681683,10.430452551665532,True,False
12460,66401191683415997700,6640,5390,5335,4293,2000,264,264,5.8857226950744925,5.885722695074491,12.396069557639867,12.067770457447823,True,False
12461,2821103019414202866,282,7382,6173,5200,2000,1008,984,4.501538132628261,4.494130051586099,12.84979602224561,12.344295907915816,True,False
12462,18550361612846558,2,2107,1092,1044,2000,937,900,6.563532113302225,6.521340983532857,11.040974598817305,10.027905996569885,True,False
12463,149625000000000000,15,1119,1053,958,2000,194,193,4.391402504379974,4.389568406839333,10.127994320976393,9.90388184573618,True,False
12464,2334152394238476,0,1138,0,0,0,0,0,0.0,0.0,10.152284842306582,0,False,True
12465,44024662500000000000,4402,5242,5174,4202,2000,207,206,5.230530215211219,5.230116379297161,12.355901638328417,12.036860446673046,True,False
12466,4915306369050961,0,1553,0,0,0,0,0,0.0,0.0,10.600842114387302,0,False,True
12467,159876605669514798,16,1196,937,852,2000,326,320,4.414840325260228,4.408345793970792,10.224001674198105,9.734709620225837,True,False
12468,99448277957400977157,9945,2264,2257,1894,2000,83,82,4.930396938797893,4.929946527950484,11.144658242831882,10.887220615468385,True,False
12469,1763879889505589,0,871,0,0,0,0,0,0.0,0.0,9.766528908598865,0,False,True
12470,82792500000000000,8,238,227,218,2000,79,78,4.350630664788682,4.349217169886246,7.894817763307944,7.768184324776926,True,False
12471,817219595554441179,82,730,718,644,2000,74,73,4.451040552961225,4.449820985128529,9.51175265376738,9.330916878114618,True,False
12472,29082352184168714878,2908,8398,7430,6218,2000,971,960,5.347375228237307,5.3466743727221155,13.035830072835017,12.602234901341063,True,False
12473,435633090288838971,44,3049,2784,2473,2000,699,696,4.518525305016396,4.517753004849064,11.574120435009748,11.272046524389937,True,False
12474,31382957157295194402,3138,5191,5108,4154,2000,338,338,5.272365412613472,5.27236541261347,12.34179677239183,12.020285500844647,True,False
12475,73311099393787500000,7331,5443,5384,4375,2000,209,208,4.865625447885454,4.8650728229168525,12.410186320725094,12.095067301607054,True,False
12476,4987500000000000000,499,1790,1777,1472,2000,83,82,4.490380250754311,4.489560018325403,10.805743872151618,10.523561956057012,True,False
12477,75876595574292507668,7588,2784,2773,2288,2000,74,73,4.655865775364306,4.654927168893085,11.442943495848729,11.159871336778389,True,False
12478,7946502971673332859,795,2680,2655,2169,2000,136,135,4.969041422138986,4.968879635083503,11.388017285345136,11.082814337672273,True,False
12479,42059837001335890143,4206,4929,4865,3934,2000,193,190,5.0381915789220795,4.994512767645079,12.26707926567123,11.94178124227853,True,False
12480,19432880993211731302,1943,4822,4783,3814,2000,212,212,4.583047743046427,4.583047743046425,12.235415935602527,11.897089128312755,True,False
12481,108727500000000000000,10873,6022,5891,4854,0,0,0,0.0,0.0,12.556026992724677,12.244958393151133,False,True
12482,610240953305511,0,0,0,0,0,0,0,0.0,0.0,0,0,False,True
12483,109725000000000000,11,1027,963,884,2000,198,197,4.534402805991131,4.532411855764887,10.004220466318195,9.787902559391432,True,False
12484,39263548465851559,4,47,45,45,2000,43,43,4.460359753552976,4.460359753552976,5.554588851677638,5.491853096329675,True,False
12485,93106560279837461,9,856,797,735,2000,200,199,4.3855559449377415,4.384147313871023,9.741466986401146,9.521600439723727,True,False
12486,10504538408017744773,1050,5744,4948,4034,2000,785,756,5.34076569848202,5.33554079450491,12.487840033823051,11.977995368612962,True,False
12487,3649263696977090,0,309,0,0,0,0,0,0.0,0.0,8.271463027904375,0,False,True
12488,61889709623824655738,6189,187,171,166,2000,85,85,6.240580448768782,6.240580448768782,7.546894459887636,7.3750394313469245,True,False
12489,631578947368421052,63,5823,4563,3976,2000,1000,976,4.392927091217748,4.386562866338441,12.50754690343482,11.957102041562287,True,False
12490,131655879709200000,13,374,368,349,2000,83,82,4.324647171843657,4.32366211766869,8.546894459887637,8.447083226209653,True,False
12491,13720658142897815,1,1349,743,739,743,743,739,9.537218400538595,9.526451240377089,10.397674632948268,9.52943055414615,False,False
12492,1097949255863329858,110,7444,5841,4942,2000,1226,1182,5.006248981578452,5.001400390230497,12.861862340059151,12.270879295328784,True,False
12493,8840201121454118,1,1884,412,404,412,412,404,8.686500527183217,8.645833324508063,10.879583249612784,8.658211482751796,False,False
12494,7283792273042324,1,151,39,39,39,39,39,5.285402218862248,5.285402218862248,7.2384047393250786,5.285402218862249,False,False
12495,266795733068802158,27,5661,4141,3673,2000,1231,1192,4.393469907287484,4.384323738760757,12.466841208321602,11.842743180731658,True,False
12496,1012462500000000000,101,2504,2114,1810,2000,427,415,4.554264836539424,4.54352753029573,11.290018846932618,10.821773981970567,True,False
12497,1488471898309200000,149,1012,1001,873,2000,68,67,4.232954525387239,4.230603245024134,9.98299357469431,9.76983784362944,True,False
12498,32917500000000000000,3292,2516,2504,2090,2000,74,73,4.501329904249879,4.500893998320499,11.296916206879288,11.029287226968245,True,False
12499,50152174460765437569,5015,2711,2698,2244,2000,68,68,4.429437477873158,4.429437477873158,11.404609397837712,11.131856960608793,True,False
12500,49363589764836771106,4936,2702,2689,2244,2000,90,90,5.098387267758141,5.09838726775814,11.399811959325685,11.131856960608793,True,False
12501,25677694603893826580,2568,2762,2747,2299,2000,98,96,4.953765424336587,4.953070617736622,11.43149760425805,11.16679075071818,True,False
12502,48877500000000000000,4888,4398,4347,3535,2000,156,156,4.85630144974633,4.856301449746331,12.102631888854969,11.787494499696761,True,False
12503,99750000000000000000,9975,4701,4643,3779,2000,168,167,5.0727282580409,5.071192330891189,12.198751965193736,11.88378880325996,True,False
12504,100611571164001703118,10061,4971,4908,3990,0,0,0,0.0,0.0,12.279320387942608,11.962173031109709,False,True
12505,99743126924357987134,9974,5331,5263,4251,2000,200,197,4.907356796456696,4.904238355468612,12.380190466749834,12.053586543639176,True,False
12506,595685536720268480378,59569,1629,1624,1399,0,0,0,0.0,0.0,10.669770888525518,10.450180247164754,False,True
12507,80200501253132832,8,3881,2352,2179,2000,976,947,4.429774953951103,4.417834521728059,11.922212717785449,11.089450481115907,True,False
12508,34015875309360700,3,2033,1268,1244,2000,783,777,5.287394582385056,5.282251266337003,10.989394499844732,10.280770770130603,True,False
12509,15942993580605000000,1594,2321,2312,1898,2000,78,77,4.371043645596672,4.370407082317111,11.180530807344482,10.89026427702111,True,False
12510,320802005012531328,32,1609,1541,1281,2000,182,180,4.486857476984479,4.483228584880143,10.651948610723446,10.323054760341646,True,False
12511,127941273170993887884,12794,7063,6127,4952,0,0,0,0.0,0.0,12.786065381163962,12.273795599214264,False,True
12512,40100250626566416,4,2298,1469,1430,2000,844,834,5.304733113706655,5.296163278391806,11.166163082646113,10.481799431665753,True,False
12513,2786599070010062,0,559,0,0,0,0,0,0.0,0.0,9.12670447284319,0,False,True
12514,249375000000000000,25,2037,1878,1704,2000,485,483,4.481683994154909,4.480897726924156,10.992230264965889,10.734709620225837,True,False
12515,528874500000000000,53,5316,4189,3694,2000,967,951,4.466785932700265,4.462701726915091,12.376125389276174,11.850968150982439,True,False
12516,1795500000000000000,180,7332,5803,4922,2000,985,956,4.597861571962003,4.592744548501914,12.839991070539886,12.26502894245816,True,False
12517,1835400000000000000,184,2649,2261,1927,2000,417,406,4.413928250760562,4.403110158493323,11.371232128369622,10.912140856295721,True,False
12518,124687500000000000,12,1163,899,823,2000,327,321,4.964726417060781,4.9548100961150086,10.183635381473218,9.684748620421626,True,False
12519,4232048403702553,0,1271,0,0,0,0,0,0.0,0.0,10.311748315004959,0,False,True
12520,131369458090246929635,13137,8904,7905,6625,0,0,0,0.0,0.0,13.12023787734196,12.693704739225286,False,True
12521,49875000000000000,5,146,135,132,2000,72,71,4.579648059467466,4.577043217759419,7.189824558880018,7.044394119358453,True,False
12522,113009183904301011,11,343,331,318,2000,76,75,4.297946222198033,4.296271728263531,8.422064766172813,8.312882955284355,True,False
12523,1000000000000000,0,595,0,0,0,0,0,0.0,0.0,9.216745858195306,0,False,True
12524,232276746024141471,23,391,380,364,2000,69,68,4.265722904821779,4.263335862074522,8.611024797307353,8.507794640198696,True,False
12525,5249880794582895525,525,7479,6487,5471,2000,987,976,5.16575539066401,5.164566880353148,12.868629668212657,12.41758884038258,True,False
12526,4778968227029308295,478,8173,6913,5655,2000,1158,1114,4.700224640257575,4.690821888311069,12.996650019175894,12.465311308877183,True,False
12527,11197436250000000000,1120,9494,7908,6461,2000,1231,1189,5.479179960143066,5.476565606298922,13.212800334429431,12.657541759703378,True,False
12528,4014937500000000000,401,8368,7070,5790,2000,1183,1139,4.555059628420796,4.547766056457408,13.030667136246942,12.4993476328766,True,False
12529,16957500000000000,2,2879,1376,1322,2000,1245,1202,6.58044928417167,6.539298444438138,11.491352073563435,10.368506461507693,True,False
12530,368077500000000000,37,6052,4538,3981,2000,1234,1195,4.4442881537013905,4.431989502957601,12.563196272216738,11.958915156091349,True,False
12531,3374827634776500000,337,1642,1635,1379,2000,83,82,4.468499721076319,4.467049306103307,10.681238411777805,10.429406741513981,True,False
12532,99750000000000000,10,3769,2484,2319,2000,1012,986,4.454252647274296,4.448078878993024,11.879966079664356,11.179287104646004,True,False
12533,99647757516789925338,9965,9552,8206,6783,2000,1079,1052,6.523131536760858,6.522299297631355,13.221587121264806,12.727707777472686,True,False
12534,27153218461323694290,2715,9622,7990,6570,2000,1061,1032,5.0836907858182645,5.08093524195717,13.232121084082221,12.681677655209691,True,False
12535,237399635296715674,24,5467,3924,3485,2000,1206,1166,4.548598250455722,4.533107316063326,12.416533660199583,11.766942940755785,True,False
12536,1379974239754299823,138,1084,1073,936,2000,79,78,4.283797016303468,4.2825512435466635,10.08214904135387,9.870364719583405,True,False
12537,119700000000000000,12,4836,3285,2988,2000,1217,1176,4.593865926972598,4.57959615309794,12.239598529249124,11.544964432789238,True,False
12538,997500000000000000,100,5968,4856,4203,2000,972,956,4.786481526475284,4.7830340124359,12.543031820255237,12.037203741151973,True,False
12539,212966250000000000000,21297,9808,8359,6856,0,0,0,0.0,0.0,13.259743263690781,12.7431513941125,False,True
12540,229349407165448999,23,430,424,410,2000,65,64,4.231432965344812,4.229816472694652,8.74819284958946,8.679480099505446,True,False
12541,432149614045427407,43,653,646,608,2000,86,84,4.258338674789302,4.256476966353359,9.350939181546432,9.247927513443585,True,False
12542,11446713522118263867,1145,2139,2131,1804,2000,88,86,4.440225156926266,4.439012201646074,11.062720767165045,10.81698362325538,True,False
12543,11970000000000000000,1197,2218,2210,1869,2000,98,97,4.630854694030154,4.6303897217020165,11.11504365016171,10.868050853745158,True,False
12544,48459004037965234622,4846,2588,2581,2122,2000,98,97,4.628882078973884,4.62841933070958,11.337621901992508,11.051208940914766,True,False
12545,4921880615547703102,492,3799,3739,3019,2000,209,208,4.676149056052859,4.67546138413488,11.891403996665023,11.559855041513625,True,False
12546,997500000000000000,100,1315,1294,1069,2000,117,116,4.368398808877063,4.367943826276207,10.360847084179664,10.06204613772049,True,False
12547,6212409707144986282,621,5741,5430,4524,2000,735,731,4.8291283490481485,4.828526908180457,12.48708634027127,12.14338321398982,True,False
12548,7168170662093230,1,1932,313,310,313,313,310,8.290018846932618,8.270849517859137,10.915879378835774,8.276124405274238,False,False
12549,9975000000000000,1,9,5,5,5,5,5,2.321928094887362,2.321928094887362,3.169925001442312,2.321928094887362,False,False
12550,9952458520935000000,995,2058,2047,1733,2000,70,70,4.792683070910865,4.792683070910866,11.007027266893969,10.75905593916017,True,False
12551,85751263600770013314,8575,2906,2895,2415,2000,81,81,5.221288392938654,5.221288392938654,11.504818987632841,11.237807473723135,True,False
12552,985939609986554999,99,3060,2541,2195,2000,548,529,4.460948493826687,4.446568650967458,11.579315937580015,11.10000522442272,True,False
12553,1703430636838057659,170,5306,4537,3848,2000,789,783,4.3883770410842615,4.386448619023494,12.373408960228696,11.909893083770042,True,False
12554,7240228182843339549,724,4055,3986,3164,2000,198,196,4.532631365539836,4.528016185667721,11.985486199104635,11.627533884472792,True,False
12555,9975000000000000,1,2120,505,494,505,505,494,8.980139577639159,8.929427418283838,11.049848549450562,8.948367231584678,False,False
12556,77371538546394788,8,945,863,831,2000,314,314,4.741977939298257,4.741977939298257,9.884170519108435,9.698704666770345,True,False
12557,3884340453268682,0,264,0,0,0,0,0,0.0,0.0,8.044394119358454,0,False,True
12558,8503610891836954,1,2097,472,460,472,472,460,8.882643049361839,8.825958965670814,11.034111146096592,8.845490050944376,False,False
12559,172517625000000000000,17252,5541,5474,4437,0,0,0,0.0,0.0,12.435930651703595,12.115368837820224,False,True
12560,1145608110299299698,115,2688,2633,2162,2000,201,200,4.3952371296018296,4.39362162071653,11.39231742277876,11.07815080773465,True,False
12561,70000000000000000,7,138,104,101,2000,59,59,4.317369031610241,4.317369031610241,7.108524456778169,6.658211482751795,True,False
12562,399000000000000000,40,166,136,131,2000,51,51,4.301194982139765,4.301194982139765,7.3750394313469245,7.03342300153745,True,False
12563,809179907530525291,81,1476,1448,1186,2000,111,109,4.499493583892663,4.482575582699181,10.527477006060396,10.211888294546004,True,False
12564,47526677135102397117,4753,9669,8333,6696,2000,1229,1187,5.347793079661779,5.3452108367640925,13.239150973780701,12.709083812550343,True,False
12565,984995980315200000,98,850,837,747,2000,77,76,4.444871968909722,4.443218809768062,9.731319031025064,9.544964432789238,True,False
12566,69826030286385332608,6983,3478,3460,2864,2000,157,155,6.155977242979445,6.135625654557327,11.764042217306587,11.483815777264256,True,False
12567,59850000000000000,6,186,173,170,2000,77,76,4.739412228622368,4.7376012396822595,7.539158811108031,7.409390936137702,True,False
12568,3690899368784690,0,1369,0,0,0,0,0,0.0,0.0,10.4189067312579,0,False,True
12569,18316349768387662,2,2910,1422,1371,2000,1241,1202,6.579159778600523,6.542386382618074,11.506803437795647,10.421012855779226,True,False
12570,5740252475367265541,574,3606,3542,2847,2000,182,180,4.577388385380109,4.576273839541342,11.816183681432342,11.475226777742266,True,False
12571,2958808680870593367,296,7868,6297,5285,2000,975,946,5.032408182978767,5.028265009088097,12.94178124227853,12.367687756270046,True,False
12572,458027071141171668,46,745,605,556,2000,158,155,4.3428097752115935,4.337180201182696,9.541096615349524,9.118941072723507,True,False
12573,17456250000000000,2,564,323,317,2000,284,279,6.475105215249901,6.457592080398761,9.139551352398794,8.308339030139408,True,False
12574,15842627514215630,2,2212,1104,1057,2000,1013,975,6.4859922560292365,6.444809992040936,11.111135670234708,10.045759661382682,True,False
12575,51700961964115376,5,2791,1838,1708,2000,891,856,5.09737428712145,5.073910071651165,11.446566409066067,10.73809225962049,True,False
12576,47546019717320339573,4755,3554,3531,2899,2000,126,125,4.637538775963213,4.637302395546239,11.795227966028678,11.501339618061397,True,False
12577,34713000000000000000,3471,757,755,665,2000,64,64,5.04497991927101,5.044979919271011,9.564149489985732,9.377210530388552,True,False
12578,9077250000000000000,908,1374,1369,1210,2000,68,68,4.49638551445439,4.496385514454391,10.4241662888181,10.240791332161956,True,False
12579,688275000000000000,69,4501,3692,3241,2000,827,817,4.441185386532007,4.434871161405239,12.136029849385551,11.662223305317841,True,False
12580,151478260213754675,15,3471,2612,2421,2000,876,866,4.443686108904392,4.439638750048085,11.761135649828645,11.241387363998937,True,False
12581,194353056722352318,19,4026,2944,2702,2000,963,950,4.539643191964592,4.532439630395579,11.97513145692134,11.399811959325685,True,False
12582,47959800000000000,5,2195,1424,1324,2000,747,720,5.024178692897499,5.0020542827226,11.10000522442272,10.370687406807217,True,False
12583,128677500000000000,13,2866,2095,1899,2000,748,721,4.767395492025693,4.747321380492564,11.484822894262146,10.891024190149498,True,False
12584,19950000000000000,2,2094,1098,1049,2000,913,878,6.573193735657596,6.531361720716437,11.032045726930809,10.034798962577268,True,False
12585,367359300000000000,37,4047,3125,2746,2000,857,822,4.453336909659322,4.439390528378978,11.982637133669424,11.4231159101471,True,False
12586,5979537362110901798,598,4453,4330,3596,2000,444,442,5.044167291873745,5.043743185677554,12.120561896442904,11.812177305514448,True,False
12587,3391500000000000,0,833,0,0,0,0,0,0.0,0.0,9.702172685365548,0,False,True
12588,5966638139350875000,597,282,252,241,2000,61,61,4.779798736028954,4.779798736028954,8.139551352398794,7.912889336229962,True,False
12589,4243834237247,0,0,0,0,0,0,0,0.0,0.0,0,0,False,True
12590,259018253452496682323,25902,2841,2830,2288,0,0,0,0.0,0.0,11.472183116189541,11.159871336778389,False,True
12591,88777500000000000000,8878,3710,3689,3018,2000,134,132,5.051043400815656,5.050650897865896,11.857203471508166,11.559377090526683,True,False
12592,2892750000000000000,289,2368,2338,1904,2000,116,114,4.659807688773899,4.659308030499565,11.20945336562895,10.894817763307943,True,False
12593,2992500000000000000,299,2501,2463,2000,2000,131,131,4.663399843132064,4.663399843132064,11.28828934218097,10.965784284662087,True,False
12594,1154256727385953962,115,2527,2461,1984,2000,183,181,4.352925775260786,4.350695328948285,11.303209948944776,10.954196310386875,True,False
12595,9905227631299239202,991,3993,3929,3158,2000,192,190,4.992567121174757,4.9918887873143705,11.963257356633047,11.624795455860237,True,False
12596,8226035996505939675,823,9243,7657,6286,2000,1222,1180,5.12848045423569,5.124891321608703,13.174145467760507,12.617926556798752,True,False
12597,1383458646616541353,138,7717,6104,5137,2000,1222,1178,4.9528133598125335,4.945725064411665,12.913824390408063,12.32671035834696,True,False
12598,10972500000000000,1,2564,1028,993,1028,1028,993,10.00562454919388,9.930225935376441,11.324180546618742,9.955649907528374,False,False
12599,2000000000000000000,200,7079,5875,4971,2000,1008,987,4.651165380747823,4.647155867267892,12.789329860092431,12.279320387942608,True,False
12600,1017450000000000000,102,6497,5287,4517,2000,1013,989,4.882616151898697,4.87727763661352,12.665557989846414,12.141149198437516,True,False
12601,21575083592723517262,2158,9816,8272,6700,2000,1252,1209,5.406895474056727,5.4031464846493815,13.260919533662905,12.709945380232497,True,False
12602,51501401833347309,5,584,521,501,2000,170,169,4.587264713797374,4.584319515522418,9.189824558880018,8.968666793195208,True,False
12603,241901576098761771,24,1460,1391,1191,2000,191,190,4.468886055987001,4.466791632389828,10.51175265376738,10.217957697864113,True,False
12604,21788567992924000395,2179,5161,5062,4148,2000,379,378,4.63967267348912,4.639272633485119,12.33343491528405,12.018200178813226,True,False
12605,98506224845772201,10,4168,2532,2318,2000,1041,1012,4.417790836261995,4.406306762117558,12.025139562278508,11.178664851006472,True,False
12606,1645875000000000000,165,2844,2776,2273,2000,193,192,4.493059369502148,4.492051601288837,11.473705749619416,11.150381968817848,True,False
12607,1995000000000000000,200,2954,2888,2366,2000,203,202,4.677556283323078,4.676868654392653,11.52845411076479,11.208234358339789,True,False
12608,9978864384799937741,998,2124,2116,1796,2000,83,82,4.283287977386809,4.282226131119629,11.052568050804153,10.810571634741146,True,False
12609,4987500000000000,0,27,0,0,0,0,0,0.0,0.0,4.754887502163468,0,False,True
12610,997500000000000,0,10,0,0,0,0,0,0.0,0.0,3.321928094887362,0,False,True
12611,997500000000000,0,8,0,0,0,0,0,0.0,0.0,3.0,0,False,True
12612,37443338692818484640,3744,5167,5099,4128,2000,200,198,4.7249105452456845,4.701558841848768,12.335111168424861,12.011227255423254,True,False
12613,1905234711827568,0,429,0,0,0,0,0,0.0,0.0,8.744833837499545,0,False,True
12614,3346731013017505925,335,7992,6460,5414,2000,979,950,4.739305107243459,4.735032715896045,12.964340867792417,12.402479172214964,True,False
12615,586622310545250000,59,2226,1835,1596,2000,430,417,4.4736200581274055,4.459673529101634,11.12023787734196,10.640244936222345,True,False
12616,44158527652365000,4,135,98,96,2000,71,71,5.005094178532997,5.005094178532997,7.076815597050831,6.584962500721156,True,False
12617,39828587139600000,4,104,91,91,2000,55,55,4.532240178305091,4.5322401783050905,6.700439718141092,6.507794640198696,True,False
12618,511389121011835313,51,4904,3972,3511,2000,933,922,4.406710896353029,4.404218965632348,12.259743263690781,11.777666280880755,True,False
12619,163590000000000000,16,5232,3639,3260,2000,1214,1172,4.7847231947934485,4.764586496802224,12.353146825498083,11.67065624911844,True,False
12620,4174938151662495000,417,3129,2713,2254,2000,452,439,4.64924238571468,4.638867743066907,11.611485943240922,11.138271800172221,True,False
12621,164748121409288685,16,3587,2704,2508,2000,915,905,4.457258634592688,4.4543061860093545,11.808562029957525,11.29232163280204,True,False
12622,679850702360326203,68,6813,5264,4557,2000,1229,1188,4.7021181522184055,4.697118053118653,12.734074491428045,12.15386865522324,True,False
12623,987893141200728817,99,2398,2343,1915,2000,206,205,4.569041241988577,4.56815048160312,11.227615943414223,10.903128676812319,True,False
12624,21682325902851070771,2168,7371,6549,5460,2000,854,844,5.167473836719071,5.166479197819377,12.84764464308332,12.414685235807214,True,False
12625,107295806559436249,11,2917,2095,1909,2000,776,748,5.286692985318309,5.260386264854345,11.510269670898177,10.898601387403938,True,False
12626,588525000000000000,59,6019,4545,3962,2000,972,944,4.509282569696101,4.503597555879563,12.555308101401328,11.952013164889486,True,False
12627,345145086779850000,35,395,390,386,2000,58,58,4.231930723991509,4.231930723991508,8.625708843064466,8.59245703726808,True,False
12628,5522854039428087,1,1115,231,231,231,231,231,7.851749041416056,7.851749041416056,10.122827994807666,7.851749041416057,False,False
12629,37660313049930132,4,2020,1274,1190,2000,722,696,5.264366156685152,5.237929766455183,10.980139577639157,10.216745858195306,True,False
12630,1100682072963594484,110,6933,5463,4663,2000,983,953,4.738996392537746,4.734739014914899,12.759264045188788,12.187042714339894,True,False
12631,7880250000000000000,788,4117,4050,3255,2000,199,198,4.539484993042883,4.538632676290985,12.007377733321269,11.668441828052998,True,False
12632,10453800000000000000,1045,4429,4385,3518,2000,220,220,4.909656365303593,4.909656365303592,12.112765281885316,11.78053976747196,True,False
12633,152709523462755000,15,2284,1717,1544,2000,566,549,4.533276977823038,4.520150217972626,11.157346935362844,10.59245703726808,True,False
12634,3840375000000000000,384,2974,2916,2368,2000,152,151,4.4009431455817545,4.397109392824595,11.53818893205242,11.20945336562895,True,False
12635,7614651710074195,1,1213,283,278,283,283,278,8.14465824283188,8.102255415976757,10.24436383512051,8.118941072723507,False,False
12636,4011560008808839,0,859,0,0,0,0,0,0.0,0.0,9.746514321138463,0,False,True
12637,708225000000000,0,356,0,0,0,0,0,0.0,0.0,8.475733430966399,0,False,True
12638,1959301605767834869,196,8049,6504,5492,2000,1216,1175,4.392188254605194,4.381912592128098,12.974593839981678,12.4231159101471,True,False
12639,199500000000000000,20,4029,2957,2708,2000,964,951,4.41843829570019,4.412862914184681,11.9762060901486,11.403012023574997,True,False
12640,98752500000000000,10,3720,2461,2296,2000,999,975,4.520048870495462,4.508889747842653,11.861086905995395,11.164906926675688,True,False
12641,199500000000000000,20,5127,3641,3245,2000,1187,1146,4.587707992096249,4.571320599063822,12.323899182397296,11.6640027628865,True,False
12642,4605407625000000000,461,5215,4447,3664,2000,750,722,4.783873378512722,4.77535216625099,12.348451537407128,11.839203788096944,True,False
12643,339150000000000000,34,1630,1571,1353,2000,198,197,4.417505294047574,4.415641519056048,10.67065624911844,10.401946123976536,True,False
12644,321879368208052140,32,1761,1687,1480,2000,280,280,4.570123464583,4.570123464583,10.782179193831208,10.531381460516313,True,False
12645,21459773665445562310,2146,4956,4878,3952,2000,305,305,5.041035676615084,5.041035676615083,12.274960472140602,11.948367231584678,True,False
12646,251835169858866372193,25184,8205,7350,6151,0,0,0,0.0,0.0,13.002287618401075,12.58660526060361,False,True
12647,12650295000000000000,1265,9041,7568,6246,2000,1018,986,4.870831939587094,4.865539922432265,13.142266638635702,12.608716854020573,True,False
12648,12408900000000000000,1241,9013,7542,6229,2000,1011,981,4.872089793601077,4.868492604314844,13.137791675355247,12.60478485708642,True,False
12649,845814896869623297,85,804,795,709,2000,81,80,4.470460269894233,4.4698952407129156,9.651051691178928,9.469641817239516,True,False
12650,1469566875000000000,147,2840,2792,2284,2000,195,195,4.367685842079744,4.367685842079745,11.471675214392045,11.157346935362844,True,False
12651,25426275000000000000,2543,5150,5096,4093,2000,229,227,5.53282464459884,5.531280870531722,12.330356716957944,11.998942951443086,True,False
12652,4026170841149641526,403,8231,6646,5548,2000,987,956,4.745539758865069,4.740489309459171,13.006852001748774,12.437752072323603,True,False
12653,9975000000000000,1,2020,477,466,477,477,466,8.897845456005513,8.844156482264555,10.980139577639157,8.86418614465428,False,False
12654,34912500000000000,3,3152,1617,1532,2000,969,940,5.278615712872382,5.254848941984775,11.622051819456376,10.581200581924957,True,False
12655,1271812500000000000,127,7067,5514,4695,2000,971,942,4.965236712477854,4.9513854661209065,12.786882193664699,12.196909442541138,True,False
12656,1995000000000000000,200,3071,3017,2472,2000,206,204,4.594698384209691,4.593715127976194,11.584492796975875,11.271463027904375,True,False
12657,1874269574263708948,187,7317,5797,4923,2000,982,952,4.879422321059698,4.8754495510415,12.83703654351734,12.26532202423487,True,False
12658,43797598113969001872,4380,3729,3703,3039,2000,163,162,5.633901796089305,5.633813532841874,11.86457308177364,11.569380959522295,True,False
12659,13412197606692298817,1341,9721,8177,6710,2000,1228,1188,5.204922737120928,5.2021567754603995,13.246889016274343,12.712097051087547,True,False
12660,2716551482414700000,272,1196,1191,1076,2000,73,71,4.503123855902353,4.501412921803238,10.224001674198105,10.071462362556623,True,False
12661,8360424408720978964,836,1757,1752,1543,2000,74,73,4.514559598836655,4.513373537540214,10.778898476008376,10.591522346570734,True,False
12662,49624060150375939849,4962,5281,5214,4191,2000,200,198,4.873030176491543,4.87208994165956,12.366595426071438,12.03307880613062,True,False
12663,9622922773363494,1,2133,543,530,543,543,530,9.084808387804362,9.02955976901983,11.058668250340572,9.049848549450562,False,False
12664,560595000000000000,56,1965,1897,1538,2000,186,184,4.420960909390231,4.419063782602001,10.940313597145968,10.586839787961827,True,False
12665,119700000000000000,12,282,270,261,2000,69,68,4.250174174145231,4.235875187135752,8.139551352398794,8.027905996569885,True,False
12666,14110056390977443,1,2239,1042,1003,1042,1042,1003,10.025139562278504,9.944175523913245,11.128638812852598,9.970105890612182,False,False
12667,342461340571178,0,174,0,0,0,0,0,0.0,0.0,7.442943495848728,0,False,True
12668,344137500000000000,34,5032,3755,3324,2000,1009,983,4.639597520811218,4.632392834177353,12.296916206879288,11.698704666770345,True,False
12669,558600000000000000,56,5785,4443,3889,2000,1011,985,4.370532355197758,4.363203248318191,12.498101243994853,11.925183519434208,True,False
12670,1546125000000000000,155,7107,5718,4854,2000,1009,983,4.373508544703158,4.365132946062717,12.795024983961387,12.244958393151133,True,False
12671,149625000000000000,15,4469,3031,2772,2000,1026,997,4.419628518867966,4.412974921006882,12.12573632939501,11.436711542137214,True,False
12672,100000000000000000,10,4078,2856,2597,2000,1107,1067,5.709799242942129,5.681317675799079,11.993646060016596,11.342630298678408,True,False
12673,99750000000000000,10,3951,2594,2373,2000,1088,1056,4.978096641614252,4.9657773313425695,11.94800213097767,11.212496385193948,True,False
12674,48248110101705020,5,3019,1906,1762,2000,1020,981,5.090967412842661,5.066979451877986,11.559855041513625,10.782998208920414,True,False
12675,6084750000000000000,608,8529,7072,5870,2000,1028,998,4.779404126368499,4.772967643993955,13.058160884398683,12.519144787997414,True,False
12676,1487671729683493002,149,2790,2721,2190,2000,197,196,4.443198884072704,4.442107230672658,11.44604940671655,11.096715154488535,True,False
12677,30623250000000000,3,435,369,360,2000,192,191,5.201523213658388,5.1978522642173735,8.76487159073609,8.491853096329674,True,False
12678,7980000000000000000,798,6789,5963,4995,2000,854,844,4.834423025502109,4.833009431451719,12.728983369988049,12.286268962679781,True,False
12679,84787500000000000000,8479,7867,7037,5886,2000,870,860,5.381820505702911,5.3810313985392835,12.941597868266095,12.523071826940395,True,False
12680,62839222175026945864,6284,7832,6996,5844,2000,890,877,5.914760511171779,5.913179229212547,12.935165049603695,12.512740462803498,True,False
12681,3990000000000000,0,967,0,0,0,0,0,0.0,0.0,9.917372079476841,0,False,True
12682,2992500000000000,0,729,0,0,0,0,0,0.0,0.0,9.509775004326936,0,False,True
12683,997500000000000,0,287,0,0,0,0,0,0.0,0.0,8.164906926675688,0,False,True
12684,997500000000000,0,255,0,0,0,0,0,0.0,0.0,7.994353436858858,0,False,True
12685,997500000000000,0,209,0,0,0,0,0,0.0,0.0,7.7073591320808825,0,False,True
12686,997500000000000,0,178,0,0,0,0,0,0.0,0.0,7.475733430966398,0,False,True
12687,997500000000000,0,169,0,0,0,0,0,0.0,0.0,7.400879436282184,0,False,True
12688,997500000000000,0,118,0,0,0,0,0,0.0,0.0,6.882643049361842,0,False,True
12689,399000000000000,0,40,0,0,0,0,0,0.0,0.0,5.321928094887363,0,False,True
12690,708225000000000000,71,4615,3690,3179,2000,865,829,4.5360117711462005,4.523326540415161,12.172114932533136,11.634357301137976,True,False
12691,3990000000000000,0,68,0,0,0,0,0,0.0,0.0,6.087462841250339,0,False,True
12692,101729646430560010,10,1064,994,942,2000,271,271,4.406602241522625,4.406602241522625,10.055282435501189,9.879583249612784,True,False
12693,2773991750490236,0,375,0,0,0,0,0,0.0,0.0,8.550746785383243,0,False,True
12694,19836118742880510000,1984,2401,2390,1964,2000,88,87,4.732069292142368,4.7316732082061,11.229419688230417,10.939579214314692,True,False
12695,4777539693635286903,478,8510,6884,5752,2000,1056,1026,5.126710862401573,5.08366437379237,13.054943416573325,12.489847960439297,True,False
12696,56950157512563792,6,679,612,584,2000,184,183,4.487007882903974,4.484507768927214,9.407267764244732,9.189824558880018,True,False
12697,40732912500000000000,4073,10143,8591,6998,2000,1238,1198,5.347997583847106,5.345623670961186,13.308196801614534,12.77272694923985,True,False
12698,57463650457086599995,5746,6687,6419,5316,2000,740,735,5.838365799931085,5.837532803154395,12.70714340198091,12.376125389276174,True,False
12699,1327838375804838399,133,5327,4513,3853,2000,828,818,4.398384166879126,4.394547499549706,12.37910756556115,11.91176647065955,True,False
12700,439174468708500000,44,457,384,360,2000,105,105,4.298698338016861,4.29869833801686,8.83605035505807,8.491853096329674,True,False
12701,506730000000000000000,50673,2851,2844,2302,0,0,0,0.0,0.0,11.477252323937952,11.16867211813223,False,True
12702,1965075000000000000,197,1232,1220,1055,2000,80,79,4.537214085209433,4.536414019173309,10.266786540694902,10.043027283594547,True,False
12703,79796854190796347315,7980,5399,5335,4335,2000,212,211,4.911094666008713,4.910566112084199,12.398476501449256,12.081816278109198,True,False
12704,124650933685648125000,12465,3025,3013,2509,0,0,0,0.0,0.0,11.56271942704932,11.292896755409172,False,True
12705,5012531328320802,1,1576,130,130,130,130,130,7.022367813028455,7.022367813028455,10.622051819456376,7.022367813028454,False,False
12706,24054907992295606,2,3114,1602,1529,2000,1195,1156,6.564661822973027,6.526345961053898,11.604553229079038,10.578372691360805,True,False
12707,14919560383504094,1,2732,1194,1154,1194,1194,1154,10.221587121264806,10.14327072678882,11.41574176829009,10.172427508645482,False,False
12708,8370336591428759186,837,1767,1761,1536,2000,81,79,5.030878587141705,4.9875304077819065,10.787086324551616,10.584962500721156,True,False
12709,43410526385163735000,4341,2254,2009,1696,2000,321,315,5.409204944629231,5.407219916585335,11.138271800172221,10.727920454563199,True,False
12710,25925104181778835818,2593,2995,2979,2485,2000,132,131,5.415545271121546,5.415346143540361,11.548340287676147,11.279030136449649,True,False
12711,99248266229293476,10,2484,1752,1600,2000,710,686,5.3103990574647995,5.287930573733284,11.278449458220482,10.643856189774725,True,False
12712,6714006934310328472,671,6396,5628,4695,2000,804,797,5.047681626578199,5.0057293949136525,12.642954223480332,12.196909442541138,True,False
12713,35392297422560051255,3539,3944,3460,2809,2000,498,483,4.921609770326083,4.91408202723413,11.945443836377912,11.455840909126398,True,False
12714,368310129917798718683,36831,6868,5980,4830,0,0,0,0.0,0.0,12.745674324002135,12.237807473723135,False,True
12715,808681615861397421,81,6475,4893,4246,2000,994,965,4.378420055250489,4.369634776117393,12.660664477461278,12.051888655905378,True,False
12716,736874311215000,0,61,0,0,0,0,0,0.0,0.0,5.930737337562887,0,False,True
12717,2701249026272906,0,172,0,0,0,0,0,0.0,0.0,7.426264754702098,0,False,True
12718,36309000000000000,4,2513,1547,1447,2000,895,860,5.303724991092821,5.275897433352796,11.295194955880655,10.498849206531725,True,False
12719,9766876176726000681,977,9332,7834,6386,2000,1249,1209,5.167737045006177,5.164596593469565,13.187970591984199,12.640696837570093,True,False
12720,484236253717705714,48,1850,1782,1506,2000,195,194,4.531162253776111,4.529770993420708,10.853309555403674,10.556506054671928,True,False
12721,745411220287968798,75,1276,1252,1033,2000,132,131,4.341706625738268,4.341333797801249,10.31741261376487,10.01262453886506,True,False
12722,2147904790861352135,215,2061,2033,1664,2000,116,116,4.343413735467395,4.343413735467394,11.009128789539256,10.700439718141093,True,False
12723,587496862429947344,59,763,755,704,2000,92,90,4.444796612637538,4.443587044951476,9.57553924683453,9.459431618637296,True,False
12724,798051805613611227,80,6905,5384,4631,2000,1232,1192,4.502993750112614,4.491254273333308,12.753425699145414,12.177108041703693,True,False
12725,14431910345920185682,1443,1911,1905,1635,2000,71,70,4.502921899752078,4.501820799699382,10.900112062977456,10.675074920385445,True,False
12726,2230069095391795,0,1080,0,0,0,0,0,0.0,0.0,10.076815597050832,0,False,True
12727,5251424225287017,1,1671,174,169,174,174,169,7.442943495848731,7.373977978607351,10.706496018061188,7.400879436282184,False,False
12728,9975000000000000,1,142,74,74,74,74,74,6.20945336562895,6.20945336562895,7.149747119504682,6.20945336562895,False,False
12729,7835946562355183205,784,3004,2632,2182,2000,420,409,4.914582028443404,4.907455846246606,11.552669097514272,11.091435386323607,True,False
12730,33288279002919356784,3329,9526,7949,6523,2000,1013,982,6.070712935828001,6.069124641272705,13.217654833364023,12.6713199131833,True,False
12731,97326600182365312191,9733,3999,3971,3253,2000,140,140,5.28051180430023,5.280511804300231,11.965423565810129,11.667555107041132,True,False
12732,24937500000000000,2,2,1,1,1,1,1,-0.0,-0.0,1.0,0.0,False,False
12733,38842964212500000,4,123,116,113,2000,74,73,4.514664156678976,4.512824175131384,6.94251450533924,6.820178962415188,True,False
12734,469385966360385884,47,6258,4720,4128,2000,1205,1165,4.434781166700792,4.426944029502986,12.611485943240922,12.011227255423254,True,False
12735,30000000000000000,3,1964,1202,1132,2000,732,706,6.272054212374112,6.237335462573049,10.939579214314692,10.144658242831882,True,False
12736,30000000000000000,3,1946,1195,1125,2000,727,701,6.262011587993108,6.227181309852282,10.926295994781112,10.1357092861044,True,False
12737,34886506582789250,3,1939,1215,1140,2000,701,677,6.208470059499393,6.176063451232839,10.921097088106793,10.154818109052105,True,False
12738,40000000000000000,4,1742,1119,1045,2000,618,600,5.282094704626249,5.259725656064405,10.766528908598865,10.029287226968245,True,False
12739,40057352937331360,4,1629,1052,982,2000,581,564,5.277965467393447,5.256413062752923,10.669770888525518,9.939579214314692,True,False
12740,3389310024882224,0,1331,0,0,0,0,0,0.0,0.0,10.378294855911891,0,False,True
12741,9920137500000000000,992,4303,4234,3385,2000,198,197,4.726403231854791,4.725693466668773,12.07112712494831,11.724940118462358,True,False
12742,5000000000000000,1,1566,121,121,121,121,121,6.918863237274596,6.918863237274596,10.612868497291041,6.918863237274595,False,False
12743,20050125313283208,2,2782,1311,1260,2000,1001,971,6.487870478196827,6.452517284368385,11.44190670454224,10.29920801838728,True,False
12744,40100250626566416,4,3287,1816,1724,2000,999,969,5.2467638926045135,5.223202954293777,11.68255574108031,10.751544059089099,True,False
12745,24501986233769750,2,1034,812,803,2000,614,611,6.546524658718786,6.537132773520757,10.014020470314934,9.649256177517314,True,False
12746,997500000000000,0,549,0,0,0,0,0,0.0,0.0,9.100662339005199,0,False,True
12747,6000000000000000,1,1785,252,246,252,252,246,7.977279923499916,7.92172436794436,10.801708358916462,7.94251450533924,False,False
12748,33126718073326524,3,978,651,621,2000,379,372,5.745078484545677,5.730421534207281,9.933690654952233,9.278449458220482,True,False
12749,123528912546246537,12,1318,1010,923,2000,368,362,4.997761507094856,4.988283391829318,10.364134655008051,9.850186837645774,True,False
12750,1150700475662682,0,332,0,0,0,0,0,0.0,0.0,8.375039431346925,0,False,True
12751,983535000000000000,98,5709,4603,3929,2000,1024,983,4.547553630627134,4.535323525292316,12.479022346995178,11.939946452458686,True,False
12752,67730250000000000000,6773,7647,6832,5705,2000,858,848,5.5709328168659145,5.570244233456368,12.900678158743357,12.478011171176044,True,False
12753,13410308849483142801,1341,6937,6135,5118,2000,840,831,4.965572947812977,4.964488640859692,12.760096169244092,12.321364432039447,True,False
12754,16178989490826275820,1618,7782,6898,5783,2000,928,918,4.922939145716481,4.921878066668961,12.925925264972856,12.49760238678349,True,False
12755,43962508679299387964,4396,9100,7931,6586,2000,1013,994,5.163153763750075,5.160625103327968,13.151650829973422,12.685186796595348,True,False
12756,17146027500000000000,1715,9526,8115,6682,2000,1158,1121,5.311497193865167,5.308047577340765,13.217654833364023,12.70606426733497,True,False
12757,2523675000000000000,252,1730,1714,1435,2000,104,103,4.417553486309947,4.4168460989335285,10.756556322524087,10.486835021563051,True,False
12758,76999278291626745,8,476,342,327,2000,155,152,4.3960368197620525,4.388438677085818,8.894817763307943,8.353146825498083,True,False
12759,4061898328187237,0,215,0,0,0,0,0,0.0,0.0,7.7481928495894605,0,False,True
12760,6484906509821492367,648,3679,3615,2898,2000,185,183,4.768743113421217,4.7678763304535305,11.845097960972975,11.50084187955693,True,False
12761,1555724211309046741,156,2800,2732,2174,2000,190,189,4.37235355042513,4.370907820887763,11.451211111832329,11.086136225027309,True,False
12762,2488520091368344095,249,3163,3095,2466,2000,193,192,4.486605915441116,4.485564800644372,11.627077840517394,11.26795708440284,True,False
12763,1337403236909197500,134,972,961,840,2000,69,68,4.342796855840997,4.340829034521293,9.92481250360578,9.714245517666123,True,False
12764,1999523782523241891,200,1130,1118,977,2000,69,68,4.337469774013636,4.335760099014301,10.14210705730255,9.932214751968385,True,False
12765,982141063385547042,98,2416,2356,1964,2000,253,253,4.826147949428052,4.8261479494280515,11.238404739325079,10.939579214314692,True,False
12766,1993384754282626756,199,3330,3236,2717,2000,368,367,4.37321177234721,4.3724616785854895,11.701306461958625,11.407798850221974,True,False
12767,1989186875425486863,199,3399,3297,2767,2000,390,388,4.781263690022065,4.779855368758575,11.730894646541671,11.434106928609955,True,False
12768,1974845615699117715,197,3638,3483,2939,2000,467,465,4.549416394378515,4.5486886022359325,11.828929827651486,11.521109643651332,True,False
12769,2679017781726097606,268,4526,4295,3628,2000,642,639,4.56784210205195,4.567033923282806,12.144020869266893,11.824958740528523,True,False
12770,2241867243759380341,224,4745,4465,3765,2000,720,715,4.916338950229612,4.915031725059131,12.212192371908472,11.87843414955929,True,False
12771,3489148203705964246,349,5432,5058,4232,2000,760,755,5.202052642672993,5.201537370025763,12.407267764244732,12.047123912114026,True,False
12772,2489232890537221263,249,5458,4855,4074,2000,769,764,4.645499961744885,4.644604803312476,12.414156679274141,11.992230264965889,True,False
12773,1986099963990379533,199,5464,4705,3967,2000,786,780,4.468613314492697,4.467210698210658,12.41574176829009,11.953832682145281,True,False
12774,9966382166932278091,997,6748,5985,4948,2000,800,793,4.844738816355103,4.842799660870647,12.720244258287567,12.27262978497637,True,False
12775,789222000000000000,79,3404,2783,2401,2000,625,605,4.508783926529093,4.49721224202081,11.733015321685963,11.229419688230417,True,False
12776,1274350636803092364,127,3546,2973,2517,2000,589,570,4.682055012006348,4.669435856873844,11.79197682089869,11.29748950116098,True,False
12777,10730226389698132,1,383,186,185,186,186,185,7.539158811108033,7.528406122935989,8.581200581924957,7.531381460516312,False,False
12778,9220768265936682,1,1404,395,388,395,395,388,8.625708843064468,8.585202513950543,10.45532722030456,8.599912842187127,False,False
12779,13706201254734335631,1371,9316,7957,6428,2000,1224,1180,4.614319467137081,4.608000790877472,13.185494924210866,12.650154213675094,True,False
12780,48678000000000000,5,839,586,555,2000,307,302,4.839394108061482,4.830434464542691,9.712527000439824,9.116343961237469,True,False
12781,60847500000000000,6,704,636,603,2000,184,182,4.632730102089406,4.629835581977806,9.459431618637296,9.236014191900084,True,False
12782,4787559368340000000,479,1826,1817,1523,2000,84,83,4.421319004751744,4.420706379244794,10.834471049984222,10.572700226487292,True,False
12783,963136956835200000,96,717,712,671,2000,64,63,4.249167187131695,4.247149355944784,9.485829308701904,9.390168956200183,True,False
12784,740145000000000000,74,2195,2155,1794,2000,211,211,4.447255773078924,4.447255773078924,11.10000522442272,10.80896417491926,True,False
12785,24125272016637550,2,986,603,581,2000,411,401,6.476618417640064,6.4493544165040095,9.945443836377912,9.18239435340453,True,False
12786,1200106871233724000,120,2699,2644,2180,2000,201,200,4.410870119045291,4.409608506475042,11.398209261466851,11.090112419664289,True,False
12787,2992500000000000,0,714,0,0,0,0,0,0.0,0.0,9.479780264029099,0,False,True
12788,8593880334856551519,859,9345,7838,6467,2000,1210,1169,5.166726933101778,5.163729630837004,13.18997894863252,12.658880895047878,True,False
12789,19585046793153846045,1959,7938,7032,5912,2000,930,919,5.261121138068914,5.25978173588069,12.954559846999834,12.52943055414615,True,False
12790,50648376995504864625,5065,3863,3392,2755,2000,511,498,5.789508445914562,5.786219296102571,11.915505962231931,11.42783660345852,True,False
12791,1056618364292436014,106,7454,5948,5015,2000,1248,1204,4.445005186176691,4.429990481970766,12.86379910372885,12.292033985499543,True,False
12792,99663028110452664127,9966,10407,8862,7221,2000,1236,1196,5.447357445184736,5.445144675856315,13.345266626007538,12.817982927195652,True,False
12793,14554576589802284551,1455,9709,8195,6734,2000,1206,1165,5.2739578238037845,5.271185061320436,13.245106994381207,12.717248005827646,True,False
12794,78625959148977412850,7863,5514,5472,4392,2000,236,236,5.678458747695408,5.678458747695407,12.428883552010191,12.100662339005199,True,False
12795,9975000000000000,1,1016,324,317,324,324,317,8.339850002884626,8.294310226643379,9.988684686772165,8.308339030139408,False,False
12796,32014762500000000000,3201,5276,5220,4180,2000,214,213,4.864399023924424,4.86389898642161,12.365228849251544,12.029287226968245,True,False
12797,468167066693794994,47,1817,1759,1490,2000,201,200,4.353269185363645,4.3516967459383,10.827342704234116,10.541096615349524,True,False
12798,56344039457419793852,5634,2726,2714,2248,2000,76,76,4.702141410252013,4.702141410252013,11.41256984680521,11.134426320220927,True,False
12799,19938573786164985787,1994,2360,2349,1981,2000,65,65,4.505709276955197,4.505709276955196,11.204571144249204,10.952013164889486,True,False
12800,11870250000000000000,1187,2307,2294,1923,2000,89,87,4.57574936276257,4.5747433416735275,11.171802288682983,10.909143047339898,True,False
12801,92817375000000000000,9282,3119,3104,2593,2000,109,108,5.444578178411876,5.444216481508785,11.606867837374152,11.340406490853294,True,False
12802,129675000000000000000,12968,3239,3224,2682,0,0,0,0.0,0.0,11.661332752795186,11.389093521904474,False,True
12803,99561634386379126500,9956,2271,2264,1898,2000,94,92,5.308438363219449,5.304268651496879,11.149111990706889,10.89026427702111,True,False
12804,9975000000000000000,998,3126,3098,2531,2000,107,107,4.497685746222758,4.497685746222758,11.610102062999664,11.305491792110685,True,False
12805,678300000000000000,68,2113,2044,1710,2000,197,195,4.491210738912353,4.4857248501282765,11.04507705193494,10.73978060977326,True,False
12806,4410874122271702835,441,1719,1708,1401,2000,75,74,4.336501592019887,4.335323680009572,10.747353829478062,10.452241240430817,True,False
12807,4650731293021581859,465,1739,1728,1421,2000,83,82,4.515515796264526,4.5147995824692675,10.764042217306587,10.47269083924278,True,False
12808,3776547305501449594,378,1610,1599,1310,2000,85,83,4.672521571447755,4.6709846382276226,10.65284497300198,10.355351096424812,True,False
12809,2635743309078163014,264,1385,1374,1165,2000,77,75,4.316235085743552,4.313782887758582,10.43567026093655,10.186114239541643,True,False
12810,9975000000000000,1,200,129,129,129,129,129,7.011227255423254,7.011227255423254,7.643856189774724,7.011227255423254,False,False
12811,8269275000000000000,827,4127,4059,3262,2000,202,200,4.629486770531841,4.603568972263963,12.010877723007034,11.671541066711884,True,False
12812,8526630000000000000,853,4195,4127,3308,2000,205,204,4.590947584943367,4.590115659586577,12.034455095327186,11.691743519171276,True,False
12813,249375000000000000,25,719,699,601,2000,113,112,4.278008407305533,4.277465784358434,9.489847960439297,9.231221180711186,True,False
12814,1294208293286688379,129,2170,2119,1722,2000,148,148,4.523372922332582,4.523372922332582,11.083479327331842,10.749869427396844,True,False
12815,93772747874324036064,9377,5355,4678,3777,2000,701,679,5.888805710427133,5.885961112516634,12.386670859637618,11.883025068440173,True,False
12816,14283401266487374,1,243,175,174,175,175,174,7.451211111832327,7.439782540403756,7.924812503605781,7.442943495848728,False,False
12817,24112381116191340000,2411,4843,4234,3428,2000,638,618,5.509059554812467,5.505144678014567,12.241685287601625,11.7431513941125,True,False
12818,14234726014950000000,1423,2258,2247,1853,2000,87,86,4.62821344069737,4.627741858732575,11.140829770773001,10.855647166027266,True,False
12819,9761948434654483467,976,9462,7916,6514,2000,1242,1199,5.461269666465149,5.458109656746963,13.207929445511667,12.669328004395904,True,False
12820,170326968113759936,17,2657,1984,1790,2000,659,639,4.449029226126979,4.438986490339088,11.375582512490507,10.805743872151618,True,False
12821,1985125000000000000,199,8063,6518,5507,2000,1234,1194,5.157538662212255,5.154411708476131,12.97710100677111,12.427050893150879,True,False
12822,5012531328320802,1,984,131,128,131,131,128,7.03342300153745,6.972354299247375,9.94251450533924,7.0,False,False
12823,28836296585181514,3,839,556,534,2000,347,341,5.674828132953429,5.661477044617978,9.712527000439824,9.060695931687555,True,False
11450,7491624000000000000,749,9265,7760,6412,2000,1201,1162,4.601825077037248,4.596352750901013,13.177575260914628,12.646558710154547,True,False
11451,2365103498159701865,237,7452,6107,5153,2000,1017,991,4.543906276960782,4.5393963392313115,12.863411958941638,12.33119687715303,True,False
11452,117106731411851774915,11711,10214,8720,7029,0,0,0,0.0,0.0,13.318260343712415,12.779103739584292,False,True
11453,6161606816146503969,616,4056,4000,3204,2000,206,205,4.6330315734725405,4.6322934918138685,11.985841937003341,11.64565843240871,True,False
11454,86372161798430332,9,828,773,714,2000,201,200,4.570098343304069,4.567809537644478,9.693486957499326,9.479780264029099,True,False
11455,98398331536260000,10,1920,1383,1263,2000,554,537,5.179926658671347,5.160601861975806,10.906890595608518,10.302638923787553,True,False
11456,120086179405465036223,12009,10123,8654,6968,0,0,0,0.0,0.0,13.305349282598948,12.766528908598865,False,True
11457,992288625608394149,99,2337,2268,1822,2000,194,193,4.579811856418852,4.578954346057268,11.190442018782825,10.831307243802051,True,False
11458,20860324628578311,2,3218,1585,1514,2000,1222,1177,6.575299199148144,6.533004655894068,11.651948610723446,10.564149489985732,True,False
11459,84611528822055137,8,4399,2775,2543,2000,1218,1173,4.5586640748176945,4.546019640356427,12.102959885910124,11.312315746690107,True,False
11460,327548872180451127,33,5921,4401,3869,2000,1229,1188,4.513978813603516,4.504292086154742,12.531625138422624,11.917745013443216,True,False
11461,656629219178989725,66,6734,5216,4495,2000,1233,1193,4.393637575608637,4.383238263220644,12.717248005827646,12.13410540040181,True,False
11462,1790923289167810756,179,1130,1123,993,2000,87,85,4.278119025509862,4.2763902601727075,10.14210705730255,9.955649907528374,True,False
11463,11718883365000000,1,33,27,27,27,27,27,4.754887502163469,4.754887502163469,5.044394119358453,4.754887502163468,False,False
11464,49875000000000000,5,3861,2265,2094,2000,1216,1172,5.201628617849869,5.176636292972489,11.914758838941857,11.032045726930809,True,False
11465,39619234375237276,4,3648,2153,2001,2000,1245,1202,5.30656489515164,5.2797025333157555,11.832890014164741,10.966505451905741,True,False
11466,8120083177624284,1,1393,359,351,359,359,351,8.48784003382305,8.437700758057032,10.443979542601253,8.45532722030456,False,False
11467,378855368814536969,38,1732,1677,1440,2000,198,197,5.203728195933561,5.200392638895535,10.758223214726724,10.491853096329674,True,False
11468,5981720928104186570,598,6736,5895,4955,2000,865,854,4.743248560918145,4.740373935798932,12.717676423066395,12.274669342073851,True,False
11469,164585786290427786437,16459,8095,7242,6057,0,0,0,0.0,0.0,12.982815365189929,12.564387696052629,False,True
11470,380883243757564053780,38088,8434,7563,6347,0,0,0,0.0,0.0,13.042001306279133,12.63185912728278,False,True
11471,11855341888140237,1,9,7,7,7,7,7,2.807354922057604,2.807354922057604,3.169925001442312,2.807354922057604,False,False
11472,8913836908672896899,891,2024,2013,1670,2000,86,85,4.721203881725954,4.720646593370893,10.98299357469431,10.705632387361415,True,False
11473,134489944015403434625,13449,2145,2140,1804,0,0,0,0.0,0.0,11.066761932386909,10.81698362325538,False,True
11474,19945199669405408883,1995,2347,2336,1946,2000,80,79,4.759648832551865,4.758767790359621,11.196602126523171,10.926295994781112,True,False
11475,9576000000000000,1,1898,459,451,459,459,451,8.842350343413807,8.805847320533278,10.89026427702111,8.81698362325538,False,False
11476,50772750000000000000,5077,7415,6775,5569,2000,795,789,5.654618565446157,5.653897522929292,12.856230977341992,12.443202577297011,True,False
11477,9904476513324281435,990,4285,4219,3398,2000,207,206,4.818495284798196,4.817916230761925,12.065079488999862,11.73047013718422,True,False
11478,466165413533834586,47,1649,1369,1211,2000,352,345,4.405277766937048,4.398286662882004,10.687375683437468,10.24198314969433,True,False
11479,5136887379262695000,514,2552,2254,1894,2000,371,363,4.645306456158208,4.639799591703206,11.31741261376487,10.887220615468385,True,False
11480,7771248264881893933,777,2466,2448,2018,2000,117,116,4.742144411082683,4.741908446683251,11.26795708440284,10.978710459106358,True,False
11481,345838847100894065,35,1929,1837,1621,2000,349,348,4.384476263831194,4.383809597164527,10.913637428049103,10.662668375517542,True,False
11482,80200501253132832,8,1484,1286,1245,2000,580,578,4.430226772556727,4.428984872018816,10.535275376620802,10.281930026955443,True,False
11483,96960534672408808,10,3949,2515,2339,2000,1020,991,4.517109423013286,4.5038035580106905,11.947271652460348,11.191676146352428,True,False
11484,171899175000000000000,17190,5758,5706,4584,0,0,0,0.0,0.0,12.491352073563435,12.162391328756906,False,True
11485,3299219435038347537,330,8586,6973,5780,2000,1224,1179,4.802352545866052,4.796455008858908,13.067770457447823,12.496853777388042,True,False
11486,44838145082807229982,4484,6895,6584,5415,2000,762,758,5.888566486400006,5.888342420194396,12.751334836401343,12.40274562249569,True,False
11487,1876830508801858312,188,7333,5836,4943,2000,961,932,4.468652727931817,4.461921900657518,12.840187824040482,12.271171191139773,True,False
11488,390977443609022556,39,1748,1694,1449,2000,203,202,4.474721213882509,4.473650148708192,10.7714894695006,10.50084187955693,True,False
11489,1994631023857294732,199,3095,3030,2503,2000,278,278,4.9538834242502645,4.953883424250265,11.595723694101627,11.289442575688332,True,False
11490,984329513767282537,98,2505,2432,2046,2000,279,279,4.4089904980536225,4.408990498053621,11.290594888082572,10.99859042974533,True,False
11491,3377897347695311700,338,3693,3612,2981,2000,303,303,4.46258392389453,4.462583923894531,11.850577547205614,11.541580659991169,True,False
11492,594243529053631780,59,2472,2367,2048,2000,417,415,4.5419421268780855,4.541172748151406,11.271463027904375,11.0,True,False
11493,982456140350877192,98,2869,2745,2354,2000,435,433,4.458614206614168,4.457704950385763,11.486332252768664,11.200898605038445,True,False
11494,496317432189061436,50,2360,2229,1949,2000,443,441,4.501800572501705,4.5009670307829435,11.204571144249204,10.92851837525789,True,False
11495,371009025191660687,37,2362,2199,1948,2000,491,489,4.423068291066919,4.42173440194645,11.205793249397157,10.927777962082342,True,False
11496,1361979066749642565,136,3610,3422,2913,2000,563,561,5.273829653817855,5.273562973817188,11.817783121774534,11.508289986140348,True,False
11497,1538765941930493861,154,4105,3868,3292,2000,652,648,4.861313955198101,4.859678599239803,12.003166506665167,11.684748620421626,True,False
11498,2865584600254484593,287,5601,4957,4160,2000,783,777,4.920317908539155,4.919535652516005,12.451468712947358,12.022367813028454,True,False
11499,3609022556390977443,361,5960,5192,4352,2000,798,792,4.786907581432552,4.786050385906165,12.541096615349524,12.087462841250339,True,False
11500,5994987468671679197,599,6432,5632,4731,2000,841,832,5.167243122298337,5.166359465652887,12.651051691178928,12.207929445511667,True,False
11501,6445706919648252054,645,7323,6416,5426,2000,931,920,5.0080188743121905,5.007000270582276,12.83821908050231,12.405673332281866,True,False
11502,5883627599359333694,588,8076,6872,5736,2000,1008,986,4.82755657787579,4.8225579184162,12.979425195331473,12.485829308701904,True,False
11503,3291680902378633678,329,7995,6432,5389,2000,967,935,4.69403009946132,4.686946493823253,12.964882318367694,12.395801871389747,True,False
11504,1804511278195488721,180,7942,6389,5392,2000,1226,1186,4.834330179518422,4.830332072918791,12.955286645524469,12.396604781181859,True,False
11505,2616541353383458646,262,8241,6650,5551,2000,1224,1179,4.9654911482770725,4.9609576023115425,13.008603695797012,12.438531977761583,True,False
11506,7739348370927318295,774,9144,7678,6258,2000,1247,1204,4.7434879808687995,4.738635224443514,13.158609688214478,12.611485943240922,True,False
11507,3339912176682849138,334,7612,6390,5256,2000,1107,1065,4.464300678129988,4.453353227985593,12.894059846274022,12.35974956032233,True,False
11508,2194486215538847117,219,6751,5622,4672,2000,1045,1003,4.501063674444024,4.489716302886688,12.720885503593726,12.189824558880018,True,False
11509,11458646616541353383,1146,936,832,739,2000,146,146,5.364364057062756,5.364364057062756,9.870364719583405,9.52943055414615,True,False
11510,1031415000000000000,103,5608,4740,4082,2000,890,879,4.5583839339283685,4.555365316869851,12.453270634010623,11.995060467032719,True,False
11511,9975000000000000000,998,6530,5588,4554,2000,907,870,5.3482399998643135,5.343415245707211,12.672867276433793,12.152918576136623,True,False
11512,1089900662139814345,109,6911,5475,4680,2000,1026,997,4.38968711823734,4.3822949710136765,12.754678763822529,12.192292814470767,True,False
11513,37854612661574153023,3785,5172,5113,4147,2000,210,209,4.729103413567437,4.728448826998363,12.336506559810255,12.017852331905962,True,False
11514,2080351570368731969,208,7553,6091,5126,2000,1024,994,4.779296461730701,4.775045159570734,12.882834071545622,12.323617763291578,True,False
11515,423074410234501951,42,2370,2215,1950,2000,462,460,4.423250561359869,4.422172209434047,11.210671343785622,10.929258408636972,True,False
11516,587578569591114651,59,6457,5092,4383,2000,1219,1175,4.392447985941157,4.381822156661885,12.65664831174735,12.097702963524654,True,False
11517,8877750000000000000,888,5863,5562,4616,2000,730,725,4.877435022195777,4.876041739457667,12.517423341396473,12.172427508645482,True,False
11518,156327678181782185086,15633,3403,3023,2487,0,0,0,0.0,0.0,11.73259143596501,11.280190792216906,False,True
11519,1585785910133910199,159,5304,4529,3846,2000,811,802,4.511807280469437,4.509771580941447,12.372865060112588,11.909143047339898,True,False
11520,99379088421974790064,9938,9382,8116,6526,2000,1199,1154,5.96027198600177,5.957398168969185,13.195679785495981,12.671983272091865,True,False
11521,1290765000000000000,129,7665,6072,5124,2000,1220,1178,4.459519825961528,4.4499240680433845,12.90407007654614,12.323054760341646,True,False
11522,99344398584057567360,9934,2863,2852,2369,2000,78,78,4.973127571766429,4.973127571766429,11.483311954999353,11.21006248324023,True,False
11523,916256424284535505,92,6845,5481,4675,2000,1223,1178,4.59658719461702,4.583619062961837,12.740834826145262,12.19075064966236,True,False
11524,7963042500000000000,796,4140,4085,3296,2000,244,244,4.773314141608998,4.773314141608998,12.015415052386688,11.686500527183219,True,False
11525,5012531328320802,1,1699,156,152,156,156,152,7.285402218862249,7.221299654759685,10.73047013718422,7.247927513443585,False,False
11526,520331881159117954,52,1952,1890,1602,2000,194,193,4.388922304572159,4.38708851279088,10.930737337562887,10.64565843240871,True,False
11527,3105217500000000000,311,3407,3340,2712,2000,190,189,4.531534947682023,4.530611693210009,11.734286232096347,11.405141463136344,True,False
11528,5476773750000000000,548,3856,3789,3053,2000,193,192,4.532676451710692,4.531753161720694,11.912889336229961,11.57601187420678,True,False
11529,69783875154068927435,6978,4504,3975,3219,2000,589,570,5.7370634018510405,5.733549352617825,12.13699111208023,11.652396861477678,True,False
11530,2149269716227200000,215,1179,1171,1032,2000,78,77,4.32142735757628,4.320722763162088,10.203348002979762,10.011227255423254,True,False
11531,4959696888442499856,496,1710,1703,1476,2000,86,84,4.575639042515529,4.574475452553319,10.73978060977326,10.527477006060396,True,False
11532,6758004010999374192,676,3340,3282,2652,2000,163,162,4.771239276755682,4.767720132584507,11.705632387361415,11.372865060112588,True,False
11533,11959899749373433583,1196,8918,7431,6130,2000,969,940,4.78666216108601,4.7796867652476,13.122504484313904,12.581671358578143,True,False
11534,9392784072230123,1,2031,446,437,446,446,437,8.800899899920307,8.756056850592952,10.987974524296153,8.7714894695006,False,False
11535,25785375000000000000,2579,2157,1924,1631,2000,324,318,5.7877384925272946,5.786251490315842,11.074810461160453,10.671541066711884,True,False
11536,19950000000000000000,1995,1965,1747,1488,2000,298,294,5.734398513669729,5.733687331440394,10.940313597145968,10.539158811108031,True,False
11537,39900000000000000000,3990,1980,1768,1505,2000,282,278,5.441901749991744,5.440970472400194,10.951284714966972,10.555547771647065,True,False
11538,95809875000000000000,9581,1871,1673,1433,2000,279,275,5.7067481987008835,5.705929961093776,10.869593843240784,10.484822894262146,True,False
11539,99700125000000000000,9970,743,677,611,2000,145,145,5.966431109614896,5.966431109614895,9.537218400538595,9.25502856981873,True,False
11540,56857500000000000,6,11,8,8,20,8,8,2.904570381093429,2.904570381093429,3.4594316186372973,3.0,False,False
11541,1776718313051353809,178,1065,1056,942,2000,85,83,4.670228898436211,4.668735921915056,10.056637715113201,9.879583249612784,True,False
11542,250819265720957604314,25082,9191,8096,6771,0,0,0,0.0,0.0,13.166006122950492,12.725153203912992,False,True
11543,156556407690900000,16,392,384,369,2000,74,73,4.233968118553943,4.232948710241423,8.614709844115207,8.527477006060396,True,False
11544,3177304763791593844,318,7834,6421,5397,2000,1023,995,5.2369673357496564,5.2341847963692025,12.935533412950747,12.397941971972639,True,False
11545,4933744805420447140,493,8271,6801,5674,2000,980,950,4.507524551223244,4.501493369739786,13.013846052731347,12.470150435274359,True,False
11546,896200295902264428,90,6437,4896,4241,2000,978,949,4.464879144168777,4.45738903302195,12.65217275350971,12.050188767596435,True,False
11547,401553725959017780,40,5566,4002,3512,2000,960,930,4.468785932751624,4.460967979510956,12.442425193331607,11.778077129535358,True,False
11548,188308912789930960,19,4757,3177,2830,2000,976,946,4.388365561194131,4.3769222081239265,12.215836309962455,11.466586337719244,True,False
11549,49875000000000000,5,3700,2178,2024,2000,1196,1157,4.78425571090758,4.7668556278034915,11.853309555403674,10.98299357469431,True,False
11550,4230424720759507071,423,8774,7254,5993,2000,1246,1207,5.0897126634099195,5.086785889481369,13.09901899101923,12.54906265857043,True,False
11551,1200000000000000000,120,2725,2677,2195,2000,202,202,4.5506864458357565,4.5506864458357565,11.41204051455165,11.10000522442272,True,False
11552,460631167361400000,46,638,628,577,2000,79,78,4.254176469694489,4.253303394543193,9.31741261376487,9.172427508645482,True,False
11553,10411943171032416,1,1081,484,473,484,484,473,8.918863237274595,8.86927646041509,10.07815080773465,8.885696373339394,False,False
11554,4285799011617397,0,1434,0,0,0,0,0,0.0,0.0,10.485829308701904,0,False,True
11555,661186517623491187,66,5895,4678,4005,2000,1096,1053,4.4916620615293805,4.481474264963532,12.525276097867126,11.967586527296072,True,False
11556,13213418054034504,1,2424,967,941,967,967,941,9.917372079476845,9.857522748576194,11.243173983472952,9.878050912728536,False,False
11557,19519426274522902875,1952,3599,3571,2916,2000,119,116,4.892644755999464,4.881013386319846,11.813380386924727,11.509775004326936,True,False
11558,2821049179484600,0,33,0,0,0,0,0,0.0,0.0,5.044394119358453,0,False,True
11559,67160828800132377,7,922,668,625,2000,312,307,4.512728033444767,4.50582875826443,9.848622940429339,9.287712379549449,True,False
11560,4016377492789459,0,559,0,0,0,0,0,0.0,0.0,9.12670447284319,0,False,True
11561,76452868670128362864,7645,1928,1725,1473,2000,300,296,6.109236665167139,6.10864645769282,10.912889336229961,10.524541715035848,True,False
11562,7926881725856763142,793,1841,1832,1589,2000,84,83,4.670320375556164,4.669903864196374,10.846273911349906,10.63390340934852,True,False
11563,8700429412500000000,870,4307,4253,3408,2000,218,214,5.3038202115788655,5.3016645358670225,12.072467608241858,11.734709620225837,True,False
11564,3203259756009558,0,825,0,0,0,0,0,0.0,0.0,9.688250309133178,0,False,True
11565,63321300000000000000,6332,6907,6617,5463,2000,727,723,4.960048965311422,4.959503498368993,12.753843508311638,12.415477707697994,True,False
11566,23740500000000000,2,1568,920,879,2000,640,621,6.537154088283534,6.504538567444611,10.614709844115207,9.779719355143405,True,False
11567,38320645503150532539,3832,5656,5525,4538,2000,457,455,5.1661231461899435,5.165746746453423,12.4655664048094,12.147840893672337,True,False
11568,259350000000000000,26,4632,3423,3075,2000,1006,982,4.486037360049446,4.47967157490239,12.177419537989236,11.586370695113965,True,False
11569,14608829484932378,1,1937,922,885,922,922,885,9.84862294042934,9.761459677981833,10.919608238603253,9.78953364497036,False,False
11570,13883598385018535155,1388,1663,1659,1466,2000,76,75,4.752053819188459,4.749099496197539,10.699572453287269,10.517669388133811,True,False
11571,950118750000000000,95,4398,3575,3083,2000,785,756,4.468507472517308,4.459998277886488,12.102631888854969,11.590119174107175,True,False
11572,9975000000000000,1,2,0,0,0,0,0,0.0,0.0,1.0,0,False,True
11573,4652445771332709,0,43,0,0,0,0,0,0.0,0.0,5.426264754702098,0,False,True
11574,10513968140256597,1,1434,666,663,666,666,663,9.379378367071261,9.37036935806225,10.485829308701904,9.372865060112588,False,False
11575,29781203023481106427,2978,5244,5186,4161,2000,220,218,5.303906520732316,5.302020661383613,12.356451970221755,12.022714573044759,True,False
11576,1067367658921835590,107,6024,5031,4339,2000,972,961,4.401279291811846,4.397925381903548,12.556506054671928,12.083146870816742,True,False
11577,528774750000000000000,52877,8772,7840,6588,0,0,0,0.0,0.0,13.098690096673593,12.685624839726355,False,True
11578,525007941960589461894,52501,8779,7848,6589,0,0,0,0.0,0.0,13.099840899000721,12.685843811426082,False,True
11579,1236838020294009000,124,6491,5311,4449,2000,1076,1035,4.503469952640321,4.495584214204583,12.664225040837929,12.119265383175787,True,False
11580,71229411775151041,7,107,104,103,2000,47,47,4.225267097102171,4.225267097102172,6.741466986401147,6.6865005271832185,True,False
11581,7730627511368947650,773,4757,4603,3808,2000,473,471,5.044679429046884,5.044285244315786,12.215836309962455,11.894817763307943,True,False
11582,2946561806859885407,295,5841,5076,4254,2000,786,780,4.436024255682772,4.433452811981441,12.511999669441451,12.054604317960672,True,False
11583,267272423287639293579,26727,9160,8073,6752,0,0,0,0.0,0.0,13.161131882984307,12.721099188707186,False,True
11584,32019750000000000000,3202,5270,5215,4175,2000,222,221,5.338293225988038,5.337949459874,12.363587246524578,12.027560482248777,True,False
11585,8169525000000000000,817,4288,4234,3389,2000,208,207,4.636409325590534,4.6357013140707295,12.066089190457772,11.726643921483994,True,False
11586,4014039750000000000,401,5328,4532,3749,2000,768,740,4.552688661041248,4.545431170358977,12.379378367071261,11.872290110288091,True,False
11587,4147605000000000000,415,8770,7266,6058,2000,1197,1153,5.051113676907772,5.044520329512109,13.098361127332096,12.564625862795372,True,False
11588,87408353629710922,9,3906,2434,2269,2000,999,969,4.5207127987476845,4.5065771782930275,11.93147623388679,11.147840893672337,True,False
11589,120207321331529953,12,4343,2876,2636,2000,982,952,4.908737076776575,4.896828048932116,12.084476237453893,11.364134655008051,True,False
11590,743266268285838914,74,6273,4729,4107,2000,982,952,4.480081538440119,4.471915073488649,12.614939847310735,12.003869231979056,True,False
11591,7933211355037229192,793,1976,1963,1634,2000,79,78,4.457072860039063,4.456071153471524,10.948367231584678,10.674192268145683,True,False
11592,2969506371749438097,297,3376,3317,2694,2000,205,204,4.487996503881739,4.4870794551114175,11.721099188707186,11.395534135462302,True,False
11593,9975000000000000,1,2122,579,563,579,579,563,9.177419537989234,9.112463336824405,11.051208940914766,9.13699111208023,False,False
11594,448875000000000000,45,6258,4737,4138,2000,1235,1195,4.472953062384416,4.466136609211305,12.611485943240922,12.014717929860009,True,False
11595,5012531328320802005,501,8985,7480,6136,2000,1247,1203,4.473647003637901,4.465344573046256,13.133302788397303,12.583082767502933,True,False
11596,29925000000000000000,2993,9785,8312,6691,2000,1261,1218,5.228197177364635,5.224768807700425,13.256356135514165,12.708006128896072,True,False
11597,14463750000000000000,1446,9487,8022,6485,2000,1249,1206,4.7435656310452154,4.738682887854969,13.211736231827455,12.662890859139061,True,False
11598,10050810000000000000,1005,9086,7767,6283,2000,1220,1177,5.447016989248191,5.444483322451136,13.149429590056743,12.617237864746105,True,False
11599,24438750000000000000,2444,9398,8094,6513,2000,1212,1166,5.646015311489571,5.642279934661241,13.198138052401116,12.6691065113363,True,False
11600,597000917059643740,60,5148,4085,3518,2000,991,950,4.488847372561974,4.474041627005392,12.329796338220701,11.78053976747196,True,False
11601,5402526957980501392,540,8469,6998,5821,2000,1024,993,5.014759806020639,4.964735590139426,13.047975914170848,12.507051302247916,True,False
11602,83444692285482240289,8344,3397,3011,2474,2000,447,435,5.5970258755825615,5.593043232165791,11.7300455028792,11.27262978497637,True,False
11603,22761629990643177194,2276,2921,2905,2422,2000,107,106,4.422559104103586,4.421977262534897,11.51224664282918,11.24198314969433,True,False
11604,99696885395830170385,9970,9586,8209,6783,2000,1038,1010,5.782416077207627,5.78025300585389,13.226713224618962,12.727707777472686,True,False
11605,205494102740920,0,124,0,0,0,0,0,0.0,0.0,6.954196310386875,0,False,True
11606,561455312769190943,56,735,722,644,2000,83,82,4.300446973671292,4.298940733051574,9.521600439723727,9.330916878114618,True,False
11607,9727606319782381,1,1063,335,329,335,335,329,8.388017285345136,8.347689598765054,10.053925881531105,8.361943773735241,False,False
11608,124687500000000000,12,3626,2649,2481,2000,960,949,4.8236228715390315,4.820502757948862,11.824163209744158,11.276706019892432,True,False
11609,269325000000000000,27,142,114,109,2000,48,48,4.173268503794606,4.173268503794606,7.149747119504682,6.768184324776926,True,False
11610,184537500000000000,18,62,52,51,2000,33,33,4.092195605028661,4.09219560502866,5.954196310386875,5.672425341971495,True,False
11611,1781220858702044139,178,1088,1077,940,2000,67,66,4.211020500822337,4.208337190442397,10.087462841250339,9.876516946565,True,False
11612,997500000000000,0,388,0,0,0,0,0,0.0,0.0,8.599912842187127,0,False,True
11613,99750000000000000,10,257,250,238,2000,78,77,4.574827554641743,4.573460507740335,8.005624549193879,7.894817763307944,True,False
11614,9179002415546751,1,707,220,218,220,220,218,7.781359713524662,7.763177895342844,9.4655664048094,7.768184324776926,False,False
11615,233247595729000621,23,503,496,474,2000,88,87,4.455696324093169,4.45471696918101,8.974414589805527,8.888743248898258,True,False
11616,448875000000000000,45,650,643,598,2000,87,86,4.2931618466889025,4.291431680896643,9.344295907915816,9.224001674198105,True,False
11617,36441081291360998,4,3152,1788,1676,2000,1088,1056,5.130987619505763,5.110514828788142,11.622051819456376,10.710806433699352,True,False
11618,80071124028245879,8,1461,1046,960,2000,442,431,4.483620822559244,4.473813049031273,10.512740462803498,9.906890595608518,True,False
11619,850070130748246,0,416,0,0,0,0,0,0.0,0.0,8.700439718141093,0,False,True
11620,37260952064320220717,3726,4717,4654,3782,2000,192,190,5.115365016827525,5.112641013396894,12.203653885529597,11.884933647949762,True,False
11621,9022556390977443609,902,4202,4135,3289,2000,193,192,4.449882969820793,4.4487829102342324,12.036860446673046,11.683433292835403,True,False
11622,14737457204204387970,1474,4694,4623,3717,2000,200,199,4.953633875829782,4.953079756878916,12.196602126523171,11.859922972861758,True,False
11623,5109161468467581434,511,6345,5545,4662,2000,837,828,4.926831541965879,4.925673066236948,12.631404448728468,12.186733289128867,True,False
11624,399000000000000000,40,3778,2950,2591,2000,784,755,4.469272817507241,4.455280889204044,11.88340698638837,11.339293300180094,True,False
11625,3485183665058840844,349,2194,2169,1752,2000,125,124,4.631773229990105,4.631516733471397,11.099347810403193,10.774787059601174,True,False
11626,5554202746446356,1,721,124,124,124,124,124,6.954196310386871,6.954196310386871,9.493855449240822,6.954196310386875,False,False
11627,7148558794034280000,715,3186,2785,2302,2000,442,429,4.825924709052465,4.81770431064611,11.63753055152531,11.16867211813223,True,False
11628,221094652995223922,22,3544,2737,2513,2000,828,818,4.39203346178289,4.386332869875042,11.791162888555018,11.295194955880655,True,False
11629,397943055741067537,40,1702,1638,1406,2000,194,193,4.39252709904651,4.390692389681152,10.733015321685963,10.457380879072534,True,False
11630,333136593652443313,33,1476,1413,1179,2000,173,172,4.348791003866875,4.346862688359744,10.527477006060396,10.203348002979762,True,False
11631,14516756784124364191,1452,5134,4992,4110,2000,469,467,5.012113263795913,5.011685332814765,12.325867580575418,12.004922678569045,True,False
11632,9167025000000000000,917,7653,6529,5304,2000,1050,1009,5.042864736884141,5.036605982214844,12.901809684323629,12.372865060112588,True,False
11633,68826606132738566752,6883,1951,1745,1488,2000,284,280,5.623656462608101,5.622791052837899,10.929998062609027,10.539158811108031,True,False
11634,23478275486246083,2,3089,1577,1502,2000,1182,1141,6.558730407378961,6.518266826804538,11.592924155627637,10.552669097514272,True,False
11635,798851022465497222,80,6332,4863,4229,2000,980,950,4.508825784562442,4.500856822918156,12.62844554013718,12.046100845028802,True,False
11636,3007518796992481203,301,7765,6378,5371,2000,1019,993,4.544053248677267,4.539543137481983,12.922770209274663,12.390975006155534,True,False
11637,6972525000000000000,697,8577,7106,5896,2000,1021,989,5.444178456108598,5.43991721041866,13.066257405352255,12.52552080909507,True,False
11638,4987500000000000000,499,8900,7408,6091,2000,1252,1207,4.789650633795114,4.781987395397296,13.119589620741122,12.572463389083676,True,False
11639,4488895488368627517,449,4115,3547,2921,2000,584,566,4.551725606522228,4.5452487674098645,12.006676715308988,11.51224664282918,True,False
11640,382628596732985105,38,285,282,278,2000,48,48,4.180927077341774,4.180927077341774,8.154818109052105,8.118941072723507,True,False
11641,2034900000000000000,203,1648,1632,1374,2000,100,99,4.309492155502751,4.308413515322707,10.686500527183219,10.4241662888181,True,False
11642,1995000000000000000,200,1131,1120,978,2000,70,69,4.291026328405324,4.289152373271569,10.14338321398982,9.933690654952233,True,False
11643,99750000000000000,10,208,196,192,2000,64,64,4.309788861576751,4.3097888615767515,7.700439718141092,7.584962500721156,True,False
11644,32904603518437974260,3290,3305,3286,2711,2000,119,118,4.593736388779539,4.593485796757783,11.690434556395054,11.404609397837712,True,False
11645,2033810758808906752,203,3866,3701,3123,2000,501,499,4.641881592382468,4.6413481167889765,11.916625922211235,11.608716854020573,True,False
11646,3990000000000000000,399,3623,3564,2882,2000,201,200,4.352636445991679,4.351260758147757,11.822969090453288,11.492854620174748,True,False
11647,4987500000000000000,499,385,349,325,2000,74,74,4.6840057795528,4.684005779552799,8.588714635582264,8.344295907915816,True,False
11648,27918837059912670155,2792,9477,8032,6602,2000,1074,1044,4.781882467052135,4.778103288231197,13.210214722468029,12.688687423222536,True,False
11649,350000000000000000,35,2244,2087,1854,2000,469,467,4.463124188350852,4.462264046300545,11.131856960608793,10.85642552862553,True,False
11650,1453634085213032580,145,3797,3593,3065,2000,610,608,4.692745534888125,4.692370511449161,11.890644283619089,11.581671358578143,True,False
11651,2063046247602954758,206,3011,2550,2150,2000,466,453,4.425824094162229,4.411394428912402,11.556026992724677,11.070120944476823,True,False
11652,150023465206660457,15,480,464,425,2000,100,99,4.250826545916214,4.24982616719068,8.906890595608518,8.731319031025064,True,False
11653,292975513041413317,29,2124,1659,1471,2000,473,461,4.426328785864577,4.416831823602296,11.052568050804153,10.522581531254831,True,False
11654,2906270259449371,0,1247,0,0,0,0,0,0.0,0.0,10.28424574982967,0,False,True
11655,859143428070549293,86,2248,2180,1798,2000,194,193,4.4692804449309875,4.467785981239662,11.134426320220927,10.812177305514448,True,False
11656,9838534414571100000,984,2062,2051,1694,2000,78,77,4.320601594108951,4.319592703628128,11.00982861736811,10.726218159332198,True,False
11657,6134625000000000000,613,1833,1821,1508,2000,74,73,4.516513195322156,4.472243230936795,10.839991070539886,10.558420713268664,True,False
11658,9994950000000000000,999,2066,2055,1740,2000,69,69,4.597430770951445,4.597430770951446,11.01262453886506,10.76487159073609,True,False
11659,3329736154913114070,333,1781,1766,1459,2000,104,103,4.774279477905205,4.773723257385279,10.798471801101618,10.510764167917891,True,False
11660,4019925000000000000,402,1925,1910,1578,2000,101,100,4.594562495193921,4.594046893983106,10.910642730469625,10.623881490013458,True,False
11661,920474702675108091,92,1048,1033,888,2000,98,97,4.283646544919122,4.282769921357989,10.03342300153745,9.794415866350105,True,False
11662,6829308597984056263,683,2323,2307,1914,2000,115,114,5.0492449363543965,5.048966396892192,11.181773438808808,10.902375114486025,True,False
11663,4229400000000000000,423,2258,2237,1819,2000,118,117,4.589921632934617,4.5896464344268,11.140829770773001,10.828929827651486,True,False
11664,2783025000000000000,278,1940,1920,1579,2000,121,120,4.699584883196252,4.699357998184595,10.92184093707449,10.624795455860237,True,False
11665,4883491489541543544,488,2432,2407,1961,2000,137,136,4.761957723260209,4.7617531656232845,11.247927513443585,10.93737382019215,True,False
11666,5267584181063554503,527,2592,2567,2100,2000,143,142,4.616506269502405,4.616258842345353,11.339850002884624,11.036173612553485,True,False
11667,2987704868542600701,299,2213,2185,1790,2000,120,120,4.481091719579036,4.481091719579036,11.11178773580101,10.805743872151618,True,False
11668,8199450000000000000,820,3040,3012,2444,2000,116,113,4.749462078467433,4.7361761492890535,11.569855608330949,11.25502856981873,True,False
11669,6163719351151051003,616,3100,3055,2466,2000,145,143,4.9867605745735055,4.986239909298343,11.5980525001616,11.26795708440284,True,False
11670,5865300000000000000,587,3380,3320,2687,2000,172,171,4.72227872739641,4.720078980567417,11.722807531169547,11.391780606013166,True,False
11671,93425025749056148,9,816,769,731,2000,206,206,4.495913301223017,4.495913301223017,9.672425341971495,9.513727595952437,True,False
11672,598500000000000000,60,6049,4580,3988,2000,984,954,4.739088785085572,4.7348304054321,12.562480945349316,11.961449694398196,True,False
11673,997500000000000000,100,6596,5097,4379,2000,972,943,4.613205158967977,4.6077708460377735,12.687375683437468,12.096385734452651,True,False
11674,768075000000000000,77,6298,4787,4163,2000,976,947,4.612462133481071,4.607163224403837,12.62067804213541,12.023407843140218,True,False
11675,857850000000000000,86,6433,4874,4222,2000,956,926,4.469735876243346,4.461420646264775,12.651275973346639,12.043710863347156,True,False
11676,2194500000000000000,219,7767,6150,5193,2000,1022,992,4.591193359052486,4.5849119665686136,12.923141750621268,12.342352510087794,True,False
11677,967575000000000000,97,6761,5141,4438,2000,1074,1043,4.503317640264545,4.496129315917306,12.723020931812032,12.115693952197011,True,False
11678,788025000000000000,79,6381,4966,4293,2000,1070,1039,4.706881209440118,4.702196060560318,12.639566818681828,12.067770457447823,True,False
11679,997500000000000000,100,6614,5264,4516,2000,1083,1051,4.38415688793396,4.3739573173968544,12.691307330191115,12.140829770773001,True,False
11680,1995000000000000000,200,7471,6106,5181,2000,1099,1066,4.463379393808543,4.456820131875642,12.867085646616836,12.33901486825008,True,False
11681,907725000000000000,91,6649,5255,4533,2000,1126,1092,4.465471640403125,4.458764873356688,12.698921662339812,12.146250445885986,True,False
11682,6094725000000000000,609,8975,7522,6237,2000,1175,1136,5.011497761440143,5.007107436705526,13.131696223597777,12.606636543579526,True,False
11683,708225000000000000,71,6880,5240,4499,2000,1225,1178,4.43627635167305,4.427217173250625,12.74819284958946,12.135388651579046,True,False
11684,209475000000000000,21,5486,3940,3497,2000,1227,1184,4.4087980794735815,4.399713153081682,12.421538906848276,11.771902080697716,True,False
11685,1087275000000000000,109,7460,5967,5029,2000,1253,1209,4.789684918632199,4.7846239236202095,12.8649599151426,12.296055838078784,True,False
11686,254362500000000000,25,5455,4085,3623,2000,1223,1179,4.436155325362036,4.42682293248774,12.41336348121097,11.822969090453288,True,False
11687,788025000000000000,79,6681,5332,4565,2000,1215,1172,4.407505403554083,4.398211205900926,12.705848343508945,12.156399144871584,True,False
11688,259350000000000000,26,5352,4035,3575,2000,1196,1152,4.63425600082681,4.613319356732146,12.38586240064146,11.803727526553114,True,False
11689,200501253132832080,20,4146,3080,2817,2000,970,958,5.304498181472634,5.296114608612054,12.017504401109415,11.45994384837493,True,False
11690,2630000000000000000,263,7783,6417,5403,2000,1100,1067,4.385708401880615,4.375399517574014,12.926110641785304,12.399544966627433,True,False
11691,3899582861299409,0,658,0,0,0,0,0,0.0,0.0,9.361943773735241,0,False,True
11692,1990275575021936905,199,6926,5750,4888,2000,1008,989,4.6877443405197745,4.685100320301818,12.757806672197228,12.25502856981873,True,False
11693,97312866790123627,10,428,310,298,2000,132,132,4.74416430481729,4.74416430481729,8.741466986401146,8.219168520462162,True,False
11694,4589613607592249368,459,3706,3640,2943,2000,202,201,4.633372762683853,4.63263478005999,11.855647166027266,11.523071826940395,True,False
11695,5067512689143574086,507,8360,6904,5736,2000,1020,990,4.622618051940347,4.610916472497805,13.029287226968245,12.485829308701904,True,False
11696,60003963634774635,6,1425,991,924,2000,444,433,4.755521532872979,4.741346436407268,10.476746203939467,9.851749041416058,True,False
11697,918193616398936,0,240,0,0,0,0,0,0.0,0.0,7.906890595608519,0,False,True
11698,7727516314048448701,773,1907,1896,1594,2000,73,73,4.694109509121541,4.69410950912154,10.897089128312755,10.638435913990472,True,False
11699,22847449793195420892,2285,4816,4748,3826,2000,199,197,4.951004471183731,4.950295249292012,12.233619676759702,11.901621158346112,True,False
11700,250626566416040100,25,5431,3934,3494,2000,1184,1144,4.559696366719522,4.552348341835191,12.407002147924201,11.77066389291676,True,False
11701,64790920569139405,6,4043,2501,2309,2000,1205,1165,5.653219779558722,5.628813580322801,11.981210488271694,11.173052457774116,True,False
11702,26220083635425791850,2622,4247,4189,3412,2000,158,157,4.672546499496804,4.670144064669294,12.052228393347402,11.73640193131829,True,False
11703,596003679498553888065,59600,1627,1622,1397,0,0,0,0.0,0.0,10.667998535672528,10.448116305409464,False,True
11704,997500000000000000,100,913,905,818,2000,95,94,4.434579414589377,4.433953294969601,9.834471049984222,9.67595703294175,True,False
11705,215865950846292148172,21587,5654,5599,4509,0,0,0,0.0,0.0,12.465056167831175,12.13859179463752,False,True
11706,3861112992565914,0,214,0,0,0,0,0,0.0,0.0,7.741466986401147,0,False,True
11707,58440743910110100000,5844,2767,2754,2295,2000,96,96,5.457491472120932,5.45749147212093,11.434106928609955,11.16427843830117,True,False
11708,797597632035015000,80,3450,2816,2432,2000,630,610,4.567739752069501,4.556827031065672,11.752380646552893,11.247927513443585,True,False
11709,9975000000000000000,998,4484,3889,3176,2000,613,594,5.349508133061567,5.344832309677801,12.130570562805426,11.632995197142957,True,False
11710,12813233190827050,1,2298,944,922,944,944,922,9.882643049361839,9.83151522891005,11.166163082646113,9.848622940429339,False,False
11711,12530176850650314,1,2317,924,904,924,924,904,9.85174904141606,9.803843562512933,11.178042328864821,9.820178962415188,False,False
11712,172406085684980612,17,4624,3112,2803,2000,972,943,4.43053532461928,4.418596882468273,12.174925682500678,11.452756029032495,True,False
11713,21943475216046808062,2194,7952,7068,5916,2000,932,921,5.049260714094927,5.047684652316922,12.957102041562287,12.530406337099068,True,False
11714,21305774460449823165,2131,3264,3238,2661,2000,132,131,4.717602288812516,4.7173855235113615,11.672425341971495,11.37775279502222,True,False
11715,7250658473934091391,725,5476,4703,3850,2000,762,733,4.8750896898199665,4.86732205489682,12.4189067312579,11.910642730469625,True,False
11716,70050125313283208,7,907,657,611,2000,300,295,4.503521833009165,4.496516929576762,9.824958740528523,9.25502856981873,True,False
11717,20084761851000000,2,55,50,50,455,50,50,5.048848642976246,5.048848642976246,5.78135971352466,5.643856189774724,False,False
11718,38206245000000000000,3821,7470,6442,5206,2000,981,941,5.378448809038737,5.373766641052638,12.8668925276766,12.345959596404112,True,False
11719,997500000000000,0,564,0,0,0,0,0,0.0,0.0,9.139551352398794,0,False,True
11720,669322500000000000,67,500,427,396,2000,108,108,4.407902907749887,4.407902907749887,8.965784284662087,8.62935662007961,True,False
11721,11618853142513326842,1162,4597,4516,3681,2000,305,305,4.913155837051373,4.913155837051373,12.166476950816804,11.845882034384061,True,False
11722,18951310509106970716,1895,8051,7126,5972,2000,947,935,5.0488638361354,5.047848045825543,12.974952273534052,12.543998450134541,True,False
11723,1964108686837500000,196,1202,1195,1033,2000,92,91,4.586891371729785,4.586390547034883,10.231221180711186,10.01262453886506,True,False
11724,586330466607260839590,58633,1629,1624,1399,0,0,0,0.0,0.0,10.669770888525518,10.450180247164754,False,True
11725,1197000000000000000,120,917,909,820,2000,77,76,4.2845860656163,4.283782148749026,9.840777923595054,9.679480099505446,True,False
11726,3952295419393755000,395,1122,975,869,2000,179,176,4.585488550629826,4.582635366724563,10.131856960608793,9.7632123668144,True,False
11727,16467994292198957764,1647,4766,4699,3802,2000,198,197,4.67515492732295,4.674404645967443,12.21856323619027,11.892542816648552,True,False
11728,29460423396213450301,2946,2483,2470,2063,2000,75,75,4.788462463195627,4.788462463195628,11.27786854617684,11.010528105886484,True,False
11729,2391466500357165000,239,4859,4091,3426,2000,750,722,4.597067579897181,4.586222794013685,12.246443717117286,11.742309436084,True,False
11730,9929215329780523925,993,9392,7806,6371,2000,1226,1183,4.834075429453333,4.8292662771080455,13.197216693110052,12.637304122106201,True,False
11731,59850000000000000,6,698,642,610,2000,192,190,5.19742053116681,5.183938798546065,9.447083226209653,9.252665432450248,True,False
11732,568575000000000000,57,6190,4803,4175,2000,1120,1086,4.3881416717499,4.376429262336232,12.595723694101627,12.027560482248777,True,False
11733,727715255108220,0,11,0,0,0,0,0,0.0,0.0,3.4594316186372973,0,False,True
11734,24727126031379758,2,61,56,55,433,56,55,5.059878375039616,5.052398624096722,5.930737337562887,5.78135971352466,False,False
11735,4475503726114370,0,6,0,0,0,0,0,0.0,0.0,2.584962500721156,0,False,True
11736,129280740408273613,13,4437,2993,2714,2000,1066,1036,4.44288987007067,4.434858752530243,12.115368837820224,11.406205005418855,True,False
11737,5981578193379555264,598,319,287,271,2000,61,61,4.817262311782554,4.817262311782556,8.31741261376487,8.08214904135387,True,False
11738,672283465484194975180,67228,5442,5379,4353,0,0,0,0.0,0.0,12.409921241249679,12.0877943047879,False,True
11739,26696111543296819819,2670,5013,4945,3962,2000,197,196,4.676126797273201,4.675346083238501,12.291458518782344,11.952013164889486,True,False
11740,1024711467372976592,102,919,911,817,2000,81,79,4.346724865456458,4.3449127016516895,9.843921051289035,9.674192268145683,True,False
11741,11759190090029383,1,34,27,27,27,27,27,4.754887502163469,4.754887502163469,5.087462841250339,4.754887502163468,False,False
11742,99605369386069315,10,3616,2487,2267,2000,1037,998,5.616403887920143,5.5883019064683985,11.820178962415188,11.146568675740786,True,False
11743,47840044921721989,5,140,127,125,2000,70,69,4.343212669946269,4.3405464914344085,7.129283016944966,6.965784284662087,True,False
11744,30419712745569254,3,2350,1449,1414,2000,910,899,5.299845288638729,5.291892378829671,11.198445041452363,10.4655664048094,True,False
11745,41895000000000000,4,2240,1418,1325,2000,775,747,5.285969340689617,5.259667007603982,11.129283016944967,10.371776644337924,True,False
11746,2246527858326876,0,496,0,0,0,0,0,0.0,0.0,8.954196310386875,0,False,True
11747,122686025975062213972,12269,7224,6911,5696,0,0,0,0.0,0.0,12.818582177480858,12.475733430966399,False,True
11748,2157592500000000000,216,8105,6600,5487,2000,1251,1208,4.40186056365601,4.390103180875002,12.984596470404904,12.421801860469873,True,False
11749,1773817678168143002,177,7220,5824,4939,2000,1010,984,4.387933695050209,4.381419340552087,12.817783121774534,12.270003253378444,True,False
11750,32420999697901506218,3242,5187,5117,4113,2000,213,212,5.230699852340178,5.230285973606646,12.340684654363438,12.005975356500382,True,False
11751,29904761904761904761,2990,9496,8051,6617,2000,1072,1042,4.741322484211238,4.737192954416825,13.213104219641906,12.691961564216788,True,False
11752,5256825000000000000,526,1384,1380,1239,2000,72,70,4.6992706475397465,4.615799732003781,10.434628227636725,10.274960472140602,True,False
11753,740010487388259652,74,557,553,534,2000,63,62,4.2411244602577245,4.231255095910008,9.121533517340032,9.060695931687555,True,False
11754,117033052729424427032,11703,7266,6293,5078,0,0,0,0.0,0.0,12.826945650415485,12.310044679647506,False,True
11755,93139106656427560,9,861,802,741,2000,199,198,4.527807072230155,4.525562861274325,9.749869427396844,9.533329732305834,True,False
11756,16394685137554472286,1639,9815,8270,6775,2000,1237,1197,5.313419803814098,5.311001570442821,13.260772552353533,12.726005231128596,True,False
11757,8181237909424710,1,1944,471,463,471,471,463,8.879583249612786,8.84136668910323,10.92481250360578,8.854868383260236,False,False
11758,254636591478696741,25,5735,4099,3630,2000,1220,1174,4.786965595564328,4.76526273194648,12.485577770903188,11.825753832883112,True,False
11759,8231186344080769046,823,3999,3931,3134,2000,188,186,4.4038128408118045,4.4022519636129775,11.965423565810129,11.61378946447258,True,False
11760,50469763864904536,5,2957,1933,1793,2000,951,913,5.105569714910679,5.0818234343376965,11.529918528120325,10.808159772868375,True,False
11761,4884117839589370759,488,4404,4248,3543,2000,469,467,4.696970001746063,4.69637023365164,12.10459875356437,11.790755750118313,True,False
11762,100000000000000000,10,4379,2739,2510,2000,1041,1012,4.749266434789952,4.7320446301011,12.096385734452651,11.293471648838134,True,False
11763,139650000000000000,14,4678,3043,2747,2000,1045,1016,4.440390979537941,4.432266528688146,12.191676146352428,11.423641195075856,True,False
11764,29802962734140141,3,3216,1572,1497,2000,1054,1024,5.255018094557791,5.231913229477276,11.651051691178928,10.547858506058416,True,False
11765,197243025742006865,20,4311,3172,2845,2000,1040,1000,4.551936683997053,4.536478462229873,12.073806847178492,11.474212937193943,True,False
11766,6324854332304999,1,1770,229,227,229,229,227,7.839203788096945,7.821736539188649,10.78953364497036,7.826548487290915,False,False
11767,186503722441014654,19,4290,3080,2801,2000,1000,980,4.745274113811277,4.73441238218758,12.066761932386909,11.451726268074506,True,False
11768,141788640000000000000,14179,5527,5469,4451,0,0,0,0.0,0.0,12.432280897214161,12.119913785452269,False,True
11769,116862017205500028894,11686,9125,7895,6355,0,0,0,0.0,0.0,13.155608843542105,12.63367640989232,False,True
11770,9539167856364067074,954,7527,6630,5580,2000,926,914,5.2423611114121815,5.24079789228057,12.877859256130328,12.44604940671655,True,False
11771,4785024717948754353,479,7028,6127,5189,2000,927,916,4.916945240093253,4.915684537343142,12.778898476008376,12.341240820538749,True,False
11772,4737790391055165537,474,7040,6134,5197,2000,932,921,5.089621290390955,5.088684082866606,12.78135971352466,12.343463343667903,True,False
11773,59426937015617581805,5943,5388,5321,4321,2000,199,198,4.539578372496039,4.538725956672101,12.395534135462302,12.077149515589733,True,False
11774,40510741698879779,4,2160,1395,1366,2000,782,776,5.286681050906989,5.281538592078276,11.076815597050832,10.41574176829009,True,False
11775,144198024243294012,14,3479,2526,2291,2000,893,858,4.73784818370898,4.719532702237059,11.76445696361989,11.161761743304675,True,False
11776,590611129813096,0,272,0,0,0,0,0,0.0,0.0,8.087462841250339,0,False,True
11777,11171644998169976463,1117,9474,7983,6474,2000,1262,1217,5.447866899083534,5.443586111315586,13.209757956581393,12.660441650209172,True,False
11778,803537985237120,0,436,0,0,0,0,0,0.0,0.0,8.768184324776927,0,False,True
11779,85100715000000000000,8510,7708,6943,5720,2000,832,825,5.960510838183974,5.95993018396298,12.912140856295721,12.481799431665753,True,False
11780,33114811211564387201,3311,10015,8421,6817,2000,1232,1187,5.12588426484334,5.119951120628274,13.28987480070007,12.73492126770526,True,False
11781,19888316358586073061,1989,6194,5919,4891,2000,714,710,4.959181967862886,4.9586362900856145,12.596655667674662,12.25591374933779,True,False
11782,4995000000000000,0,1222,0,0,0,0,0,0.0,0.0,10.25502856981873,0,False,True
11783,2094750000000000,0,756,0,0,0,0,0,0.0,0.0,9.562242424221072,0,False,True
11784,949594376756436470,95,5673,4567,3899,2000,1024,984,4.457065431470384,4.448504162554007,12.469896148670918,11.928888439397635,True,False
11785,3990000000000000,0,460,0,0,0,0,0,0.0,0.0,8.845490050944376,0,False,True
11786,209639484499643175,21,1348,1287,1149,2000,197,196,4.381354710297076,4.3799462595928516,10.396604781181859,10.166163082646113,True,False
11787,3463320000000000000,346,3650,3139,2608,2000,540,523,4.392667268339393,4.382908548741366,11.833680748654741,11.348728154231077,True,False
11788,3947262765794364,0,314,0,0,0,0,0,0.0,0.0,8.294620748891626,0,False,True
11789,992952806696008219,99,5541,4610,4006,2000,943,931,4.965500043836541,4.963554199185092,12.435930651703595,11.967946705812707,True,False
11790,6851802597642568461,685,3009,2974,2408,2000,123,121,4.463031650927804,4.4625241320546225,11.555068391333338,11.233619676759702,True,False
11791,3092250000000000000,309,2846,2458,2071,2000,425,413,4.644398251270091,4.634450329279891,11.474719946526482,11.016111838220512,True,False
11792,9375414694398732977,938,6707,5942,4918,2000,799,793,4.832439999473572,4.831628010921972,12.711451886714766,12.263856019596082,True,False
11793,4003213764101117912,400,8099,6663,5573,2000,1030,1001,4.779534290750011,4.775838217138179,12.983528071165095,12.444238438078106,True,False
11794,1000000000000000,0,10,0,0,0,0,0,0.0,0.0,3.321928094887362,0,False,True
11795,22523550000000000000,2252,9894,8262,6703,2000,1235,1190,5.083468721282703,5.079706850376123,13.272338184158624,12.710591218506757,True,False
11796,284403324193112558,28,5698,4184,3711,2000,1234,1195,4.393807106986543,4.384581965786049,12.476239906323851,11.857592285697526,True,False
11797,2744001734335142655,274,8302,6812,5673,2000,1246,1206,4.697026595024472,4.691783559066549,13.019243216603607,12.469896148670918,True,False
11798,8381704130062377651,838,9257,7753,6320,2000,1257,1213,5.008564624854858,5.00418289324454,13.176329006617596,12.625708843064466,True,False
11799,26783644328054194765,2678,9807,8307,6702,2000,1277,1235,5.804490881705064,5.802759233222427,13.259596162488423,12.71037597120447,True,False
11800,144039000000000000000,14404,8047,7195,6010,0,0,0,0.0,0.0,12.974235317355356,12.553149275598548,False,True
11801,189694391894568749,19,5340,3717,3313,2000,1216,1173,4.500797924641394,4.488239995254098,12.382624026574916,11.693922488081014,True,False
11802,299250000000000000,30,5547,4058,3586,2000,1182,1141,4.4555643007778345,4.444801601600334,12.437492010125352,11.808159772868375,True,False
11803,976546247670000000,98,808,796,708,2000,72,71,4.260386749519906,4.258615201792938,9.658211482751796,9.467605550082997,True,False
11804,62756479282209932,6,708,640,606,2000,185,183,4.758330408638489,4.755270374783272,9.467605550082997,9.243173983472952,True,False
11805,2174264692716769,0,27,0,0,0,0,0,0.0,0.0,4.754887502163468,0,False,True
11806,6291661786811181,1,1305,297,297,297,297,297,8.214319120800766,8.214319120800766,10.349834091457247,8.214319120800766,False,False
11807,70635280107679755,7,2331,1603,1475,2000,708,684,4.524244886785593,4.509438207699546,11.186733289128867,10.526499239136566,True,False
11808,1995000000000000,0,643,0,0,0,0,0,0.0,0.0,9.328674927327947,0,False,True
11809,2498631340463371,0,875,0,0,0,0,0,0.0,0.0,9.77313920671969,0,False,True
11810,1915141998872889397,192,7243,5855,4970,2000,1021,995,4.685530719081788,4.68186524921726,12.822371659963327,12.279030136449649,True,False
11811,997500000000000000,100,729,724,682,2000,73,71,4.4410005647297615,4.439002324823534,9.509775004326936,9.413627929024173,True,False
11812,173594052386048446,17,1192,1136,1021,2000,190,189,4.528085236596945,4.525843541059957,10.219168520462162,9.995767150877802,True,False
11813,81773637272296935,8,1810,1291,1185,2000,543,526,4.498345022100808,4.485919864375878,10.821773981970567,10.210671343785622,True,False
11814,1097250000000000000,110,7003,5630,4808,2000,1107,1074,4.643341633785726,4.638531187671857,12.7737573721398,12.231221180711186,True,False
11815,658212552906009208,66,4209,3568,3102,2000,767,761,4.77243479528259,4.7683274377413625,12.039261794341055,11.59898297103609,True,False
11816,64876020838718905,6,697,658,635,2000,204,204,4.536638596795771,4.536638596795772,9.445014845868423,9.310612781659529,True,False
11817,2520481713195959792,252,5061,4258,3559,2000,771,742,4.612707785758853,4.601599935074516,12.305206759008723,11.797256217509785,True,False
11818,2352224595566769,0,1140,0,0,0,0,0,0.0,0.0,10.154818109052105,0,False,True
11819,1197956984089564669,120,4300,3564,3017,2000,724,696,4.564025882870492,4.552064901749534,12.070120944476823,11.558898981146703,True,False
11820,6818155693710604266,682,3633,3570,2876,2000,180,178,4.686350185530205,4.685350049199201,11.826945650415485,11.489847960439297,True,False
11821,35182820397072587825,3518,5268,5209,4206,2000,210,209,4.777368294911379,4.776750629685932,12.363039630256514,12.03823313473178,True,False
11822,39984370119547014702,3998,2350,2343,1947,2000,93,91,4.6298012555069,4.628934348657453,11.198445041452363,10.927037168720295,True,False
11823,1918310611847291058,192,7973,6342,5318,2000,1223,1178,4.557353650010107,4.550180381931483,12.960906953765717,12.376668061857668,True,False
11824,188411403828159225000,18841,3501,3486,2887,0,0,0,0.0,0.0,11.773551346428505,11.495355392235982,False,True
11825,10988404872015690210,1099,2079,2072,1763,2000,88,86,4.356042830740346,4.354875730885161,11.02167404285837,10.783816759320182,True,False
11826,997500000000000,0,615,0,0,0,0,0,0.0,0.0,9.264442600226602,0,False,True
11827,16672451393609001012,1667,4849,4795,3853,2000,217,215,5.233544913749405,5.231523718038241,12.24347153839633,11.91176647065955,True,False
11828,1046101403268357424,105,6881,5445,4655,2000,1026,997,4.4995398567097435,4.4939957462919935,12.748402528398184,12.184565452446156,True,False
11829,25062656641604010,3,960,761,753,2000,578,576,5.649054376692897,5.6464727797908125,9.906890595608518,9.556506054671928,True,False
11830,59850000000000000,6,694,627,596,2000,187,186,4.708372912974649,4.705366900950601,9.43879185257826,9.219168520462162,True,False
11831,45717910048508391,5,491,336,321,2000,180,176,4.761748050003025,4.749350819320351,8.939579214314692,8.326429487122303,True,False
11832,192477600000000000000,19248,5814,5728,4676,0,0,0,0.0,0.0,12.505315356136236,12.191059214531656,False,True
11833,29915025000000000000,2992,7318,6514,5423,2000,838,829,5.007599552389044,5.006562344120325,12.837233700339088,12.404875455015208,True,False
11834,7765380409749900000,777,2043,2036,1729,2000,90,89,4.413285942330629,4.412573916589845,10.996473488733228,10.755722153642282,True,False
11835,84310710142168536,8,829,762,705,2000,191,190,4.392494772662503,4.390660369260518,9.69522829149575,9.461479447286155,True,False
11836,92560056316983179,9,853,789,732,2000,194,193,4.488679939783933,4.4864788392336585,9.73640193131829,9.515699838284043,True,False
11837,75187969924812030,8,750,703,675,2000,206,206,4.493434237318312,4.493434237318311,9.550746785383243,9.398743691938193,True,False
11838,1040691750000000000,104,2941,2845,2409,2000,368,367,4.420022413448358,4.419422353442358,11.522091068887065,11.23421867823847,True,False
11839,276142041638713545,28,2402,1880,1669,2000,549,531,4.553960864180204,4.543340953186772,11.230020435705635,10.704768239362599,True,False
11840,49376250000000000000,4938,2872,2860,2400,2000,109,107,5.505008317138992,5.502715450417515,11.487840033823051,11.228818690495881,True,False
11841,74513250000000000,7,2184,1507,1387,2000,658,638,4.528219065257266,4.514816026257363,11.092757140919852,10.437752072323603,True,False
11842,17456250000000000,2,1156,783,777,2000,731,726,6.524133292724944,6.516919604481874,10.174925682500678,9.60177078840771,True,False
11843,27292992690008215598,2729,5378,5273,4308,2000,432,430,5.275219404671848,5.2748791876133625,12.392854039872873,12.072802534544207,True,False
11844,1234369710822489129,123,1014,1007,883,2000,78,77,4.247119551934584,4.245862049236181,9.985841937003341,9.786269627648466,True,False
11845,14948116684968600000,1495,2314,2301,1909,2000,78,77,4.321533595639844,4.320521273380431,11.17617314910749,10.898601387403938,True,False
11846,6273508894726838402,627,1840,1829,1534,2000,60,60,4.225935391507278,4.225935391507279,10.845490050944376,10.583082767502933,True,False
11847,5985000000000000,1,1299,211,207,211,211,207,7.721099188707188,7.673705823778279,10.34318571544788,7.693486957499325,False,False
11848,2221693108395085440,222,8111,6612,5511,2000,1257,1213,5.049729382677473,5.045502609753723,12.985664079018662,12.428098411832506,True,False
11849,3817525286417177688,382,8698,7104,5885,2000,1229,1184,5.048932560200898,5.042655407266122,13.086467993464069,12.522826699925806,True,False
11850,79800000000000000,8,3962,2669,2437,2000,1176,1133,4.585928719385148,4.569596635927317,11.952013164889486,11.250890535723341,True,False
11851,5744677662350087,1,1625,177,176,177,177,176,7.4676055500829985,7.456306115054751,10.66622400280318,7.459431618637297,False,False
11852,9220164083893487260,922,2171,2158,1805,2000,98,96,4.9071202566131635,4.906451119218985,11.084144010615145,10.817783121774534,True,False
11853,332391111096540835,33,1623,1582,1371,2000,212,212,4.447143329398034,4.447143329398035,10.664447284547972,10.421012855779226,True,False
11854,50125313283208020,5,2405,1594,1480,2000,771,743,5.040013012602872,5.018044538503965,11.231821178657404,10.531381460516313,True,False
11855,21980714743215299,2,650,402,392,2000,296,291,6.461603051201049,6.444067981060769,9.344295907915816,8.614709844115207,True,False
11856,9965320502683731218,997,5334,5125,4269,2000,628,625,5.046885548425588,5.04656032048004,12.381002109550925,12.059682447247638,True,False
11857,54228752929255090,5,2921,1917,1777,2000,921,884,5.103944616739954,5.079371917511466,11.51224664282918,10.795227966028678,True,False
11858,49875000000000000,5,3304,1914,1817,2000,1012,986,4.718877325177816,4.705835574430828,11.689997971419446,10.827342704234116,True,False
11859,28571578889544995,3,944,609,583,2000,383,375,5.750902061680629,5.734204529374616,9.88264304936184,9.187352073200497,True,False
11860,86210748535080277,9,1153,850,784,2000,368,361,4.64895073569622,4.641962406861209,10.171176797651771,9.614709844115207,True,False
11861,1859340000000000000,186,2421,2363,1928,2000,151,150,4.340023082861637,4.335286827848119,11.241387363998937,10.912889336229961,True,False
11862,5953574620193972744,595,4058,4002,3213,2000,202,200,4.677438864827081,4.673906490739717,11.98655314975666,11.649705265471413,True,False
11863,89775000000000000,9,3897,2365,2176,2000,972,942,4.389817146540321,4.377652834175047,11.928148216169037,11.087462841250339,True,False
11864,11133994898206011414,1113,1840,1835,1591,2000,84,83,5.06064116915033,5.060015079045074,10.845490050944376,10.635718120331047,True,False
11865,14938845387614322688,1494,5453,5262,4354,2000,577,575,5.087913304107097,5.087612021910021,12.412834440119273,12.088125692188207,True,False
11866,63343427385109961,6,3708,2251,2118,2000,1010,981,6.486869058964163,6.453915674582132,11.85642552862553,11.048486873992337,True,False
11867,223628659722354089,22,3594,2774,2542,2000,829,819,4.392138158123357,4.388781104185952,11.811374693509942,11.311748315004959,True,False
11868,12412461113900277570,1241,4667,4610,3720,2000,205,204,4.4865697482301155,4.485652775906007,12.188279751964144,11.861086905995395,True,False
11869,2004975000000000000,200,5574,4810,4041,2000,792,786,4.576338283269435,4.574860211270765,12.44449728710381,11.98049663618346,True,False
11870,4768050000000000000,477,8230,6728,5604,2000,980,951,4.8868433063975045,4.882185569980623,13.006676715308988,12.452241240430817,True,False
11871,2344125000000000000,234,7876,6238,5263,2000,1058,1029,5.083576758671066,5.080821214809973,12.943247395901553,12.361669679492774,True,False
11872,36056660216863798,4,2376,1458,1363,2000,846,813,5.302610718484871,5.27538516882931,11.214319120800766,10.41256984680521,True,False
11873,24699276651761223103,2470,3310,3284,2702,2000,124,123,4.392449856240659,4.392111035066195,11.69261550169458,11.399811959325685,True,False
11874,883568430684236407,88,2589,2495,2134,2000,364,363,4.7318413207431655,4.731488379566694,11.338179249900112,11.059344460824425,True,False
11875,112278076787804120,11,1439,1315,1242,2000,433,431,4.41807237062742,4.416404731171069,10.490850876740298,10.278449458220482,True,False
11876,30840023392119040702,3084,1193,1189,1033,2000,64,64,4.930722948805005,4.930722948805005,10.220378327695228,10.01262453886506,True,False
11877,3786675457630063854,379,3557,3486,2790,2000,197,196,4.536252653512289,4.5353228894399225,11.79644525906185,11.44604940671655,True,False
11878,2464642470712508176,246,3185,3117,2542,2000,192,191,4.355744619448272,4.354029353582064,11.637077657143664,11.311748315004959,True,False
11879,3118179829098633463,312,3552,3497,2825,2000,208,207,4.676810634071134,4.676122962153153,11.794415866350105,11.464035152189913,True,False
11880,4602734728918589785,460,3776,3735,3006,2000,212,212,4.547694236230635,4.547694236230635,11.88264304936184,11.553629293916364,True,False
11881,4735541130209567355,474,3799,3727,3048,2000,278,278,4.651988567812655,4.651988567812655,11.891403996665023,11.573647187493322,True,False
11882,4137325987407949593,414,3827,3746,3092,2000,302,302,4.691050293852474,4.691050293852472,11.901998185668496,11.594324603924848,True,False
11883,3398241679789000305,340,5925,5170,4321,2000,792,786,4.832058537150549,4.831246484487842,12.532599438672984,12.077149515589733,True,False
11884,104737500000000000,10,4790,3287,2980,2000,1245,1202,4.73867292014261,4.725075977202243,12.225809940623543,11.541096615349524,True,False
11885,19950000000000000,2,2070,1085,1037,2000,905,870,6.575221404141454,6.533389389200294,11.015415052386688,10.018200178813226,True,False
11886,7581000000000000,1,152,40,40,40,40,40,5.321928094887363,5.321928094887363,7.247927513443585,5.321928094887363,False,False
11887,39104276478306433,4,1736,1295,1270,2000,749,744,5.275846495356506,5.271226704435442,10.761551232444479,10.310612781659529,True,False
11888,276506958535920000,28,870,700,637,2000,218,214,4.425228963690733,4.419959565719452,9.76487159073609,9.3151495622563,True,False
11889,1800136150932105,0,62,0,0,0,0,0,0.0,0.0,5.954196310386875,0,False,True
11890,483724362918300000,48,667,660,613,2000,81,80,4.623995592487477,4.622115191156807,9.381542951184585,9.259743263690781,True,False
11891,76565629652006712,8,217,162,158,2000,95,95,4.311056599382577,4.311056599382579,7.7615512324444795,7.303780748177103,True,False
11892,18045112781954887,2,1665,869,833,2000,756,729,6.541565110218573,6.501860718445667,10.701306461958625,9.702172685365548,True,False
11893,3076157326116000000,308,1593,1586,1336,2000,81,80,4.623995592487477,4.622115191156807,10.63753055152531,10.383704292474052,True,False
11894,25735500000000000,3,1557,942,898,2000,613,595,6.1148446581496865,6.08679094236286,10.604553229079038,9.810571634741146,True,False
11895,49312680194939364,5,1027,715,673,2000,370,364,4.874437194680408,4.86540491843221,10.004220466318195,9.394462694610317,True,False
11896,31185893847994949,3,682,454,435,2000,273,268,5.572304483768498,5.558041622369844,9.413627929024173,8.76487159073609,True,False
11897,9855300000000000000,986,4091,3569,2915,2000,566,547,5.237875807701032,5.232178625664156,11.998237821888047,11.509280168087859,True,False
11898,2848579351649787249,285,2429,2394,1943,2000,127,125,4.727606935156184,4.727240270119223,11.246146774635864,10.924070185585345,True,False
11899,3092250000000000000,309,6274,5421,4573,2000,878,868,5.089852467566667,5.0888411014790425,12.615169813843602,12.158925203806964,True,False
11900,14970127950260081587,1497,8956,7571,6282,2000,1025,999,4.825199003923201,4.822112526047752,13.128638812852598,12.617008227651965,True,False
11901,3091610418734382750,309,7887,6453,5432,2000,1034,1006,4.686253844419668,4.682220131338688,12.945260927339202,12.407267764244732,True,False
11902,1603000219692113898,160,7758,6285,5250,2000,1250,1207,4.7025813094891715,4.697218101893942,12.921469060531411,12.358101707440847,True,False
11903,2905009007737527,0,929,0,0,0,0,0,0.0,0.0,9.859534786382653,0,False,True
11904,47077125107194674,5,2096,1361,1265,2000,713,688,4.999774846349623,4.978918436578294,11.03342300153745,10.304921669581672,True,False
11905,2723175000000000000,272,2091,2066,1696,2000,134,133,4.385823163899414,4.38548447577943,11.029977346589579,10.727920454563199,True,False
11906,792910113301863875,79,5464,4467,3922,2000,977,966,4.508389994377182,4.506520578982821,12.41574176829009,11.93737382019215,True,False
11907,10039916246581994059,1004,5528,4768,3878,2000,755,727,5.274962915595611,5.26976331327255,12.432541900388259,11.921097088106793,True,False
10992,192125693251150716,19,1269,1201,1049,2000,191,190,4.471617913684406,4.469971710241097,10.309476353841106,10.034798962577268,True,False
10993,390044040985167824,39,1688,1621,1371,2000,184,183,5.302197402488529,5.29807227357825,10.721099188707186,10.421012855779226,True,False
10994,772416664482837218,77,2149,2082,1714,2000,186,185,4.405484691595307,4.403703086666199,11.069449767427784,10.7431513941125,True,False
10995,254879651610494810,25,1484,1417,1232,2000,184,183,4.38559557030603,4.383594069180185,10.535275376620802,10.266786540694902,True,False
10996,1127676406103879396,113,2617,2550,2096,2000,186,185,4.352305307329449,4.350590286606282,11.353698209048035,11.03342300153745,True,False
10997,248346937809049652,25,734,576,528,2000,183,179,4.388708991869082,4.3807009838610735,9.519636252843213,9.044394119358454,True,False
10998,813755256696923883,81,4839,4002,3497,2000,856,846,4.452915354682728,4.449577779836732,12.240493223876799,11.771902080697716,True,False
10999,3674953288523690,0,1048,0,0,0,0,0,0.0,0.0,10.03342300153745,0,False,True
11000,3218218213669334,0,1093,0,0,0,0,0,0.0,0.0,10.094077685671905,0,False,True
11001,15269594373894134375,1527,9602,8095,6554,2000,1271,1227,5.629562428362321,5.627094085927496,13.229119220658594,12.67815995754276,True,False
11002,9924907660580984,1,1608,489,476,489,489,476,8.933690654952233,8.874887204027564,10.651051691178928,8.894817763307943,False,False
11003,2992500000000000000,299,1240,1235,1113,2000,85,84,4.717516904992615,4.716628679468107,10.276124405274238,10.12023787734196,True,False
11004,20947500000000000000,2095,9793,8201,6673,2000,1234,1189,5.343881677113109,5.340696604472233,13.257535169222358,12.704119788513017,True,False
11005,580998778344492352,58,5863,4486,3922,2000,1011,985,4.6947611490126935,4.690978986610144,12.517423341396473,11.93737382019215,True,False
11006,10156842344188030173,1016,8398,7227,6020,2000,1007,989,5.163914163590747,5.161938486324347,13.035830072835017,12.555547771647065,True,False
11007,595798597131196228298,59580,1626,1621,1396,0,0,0,0.0,0.0,10.667111542075027,10.447083226209653,False,True
11008,155829097183335541,16,4663,3080,2768,2000,989,960,4.528768615174549,4.514711465528358,12.187042714339894,11.434628227636725,True,False
11009,10174500000000000000,1017,3951,3888,3144,2000,172,171,4.483978577267164,4.482811618860896,11.94800213097767,11.618385502258606,True,False
11010,6310185000000000000,631,9127,7630,6321,2000,1196,1155,4.83460543276148,4.829698550348395,13.15592501602658,12.625937099538463,True,False
11011,830019750000000000,83,6932,5439,4661,2000,1249,1206,4.409840784237292,4.400848702930999,12.75905593916017,12.186423797538945,True,False
11012,3266301527586800537,327,2603,2268,1913,2000,394,384,4.713720209046045,4.704161730423483,11.345959596404112,10.901621158346112,True,False
11013,2000000000000000000,200,3655,3522,2970,2000,461,459,5.275080022354391,5.274744265979217,11.8356556908398,11.536247215688128,True,False
11014,372731829573934837,37,5922,4520,3961,2000,1230,1187,4.597305385508821,4.581898121613847,12.531868775177553,11.951648985904619,True,False
11015,8069313205380863618,807,2059,2052,1744,2000,85,84,4.343743662184875,4.342601088605476,11.007728114632254,10.768184324776927,True,False
11016,2457818561010337454,246,1406,1393,1192,2000,86,85,4.481501885807309,4.480409820999582,10.457380879072534,10.219168520462162,True,False
11017,96668549804335720,10,429,404,384,2000,129,128,5.079142507039019,5.07793611330241,8.744833837499545,8.584962500721156,True,False
11018,16902637500000000000,1690,2221,2213,1861,2000,97,95,4.627932715376709,4.627249447421977,11.116993677546981,10.861862340059151,True,False
11019,8236550378876401235,824,4097,4029,3194,2000,192,189,4.585412290841962,4.5841901543496695,12.0003521774803,11.641148597411233,True,False
11020,800000000000000000,80,3962,3216,2779,2000,730,702,4.564775649477911,4.552812605764443,11.952013164889486,11.440350119200563,True,False
11021,2523675000000000000,252,2925,2513,2111,2000,447,434,4.603436884460767,4.592359962797234,11.51422090935813,11.043710863347156,True,False
11022,2394000000000000000,239,2316,2018,1719,2000,367,359,4.590496810878167,4.58436180129118,11.177419537989236,10.747353829478062,True,False
11023,2493750000000000000,249,2174,1896,1624,2000,351,344,4.494675704862136,4.489445179784312,11.086136225027309,10.665335917185176,True,False
11024,2453850000000000000,245,2004,1746,1502,2000,327,320,4.499070499959451,4.493467577446469,10.968666793195208,10.552669097514272,True,False
11025,5811051331526830432,581,8072,6868,5735,2000,1011,989,4.9166678311858725,4.912130783494067,12.978710459106358,12.485577770903188,True,False
11026,260802514653033543,26,358,293,277,2000,99,99,4.262417448725592,4.26241744872559,8.483815777264256,8.113742166049189,True,False
11027,996193676546141214,100,2427,2372,1936,2000,203,202,4.372197704666561,4.370974803054553,11.244958393151133,10.918863237274595,True,False
11028,698250000000000,0,97,0,0,0,0,0,0.0,0.0,6.599912842187128,0,False,True
11029,362930106150529401,36,1675,1607,1381,2000,192,191,4.482353695285075,4.480951116683729,10.709945380232497,10.43149760425805,True,False
11030,263340000000000000,26,1483,1424,1250,2000,196,195,4.7719766444473795,4.769157577302327,10.53430288245463,10.287712379549449,True,False
11031,971933225551584787,97,351,348,331,2000,52,52,4.345255529152872,4.3452555291528725,8.45532722030456,8.370687406807217,True,False
11032,34873145947602881919,3487,1344,1339,1167,2000,64,64,4.748794794299041,4.74879479429904,10.39231742277876,10.188588845707349,True,False
11033,4488750000000000000,449,1132,1127,1004,2000,63,63,4.402490579762531,4.40249057976253,10.144658242831882,9.971543553950772,True,False
11034,3990000000000000000,399,1531,1524,1329,2000,82,81,4.8195531830756835,4.819044999405328,10.580258567499788,10.376125389276174,True,False
11035,3990000000000000000,399,1568,1555,1287,2000,71,71,4.606749484294068,4.606749484294068,10.614709844115207,10.329796338220701,True,False
11036,1002506265664160401,100,1916,1877,1525,2000,133,133,4.565323472159178,4.565323472159177,10.90388184573618,10.57459352733761,True,False
11037,1303258145363408521,130,2203,2151,1748,2000,151,151,4.4333824742386465,4.4333824742386465,11.105253779700883,10.7714894695006,True,False
11038,32964241295204900,3,3556,2006,1879,2000,1219,1177,5.299301425539392,5.272867532383703,11.79603960882977,10.875749351420055,True,False
11039,3087719298245614035,309,6225,5388,4547,2000,857,846,4.408696141163692,4.403427350203092,12.603858121842805,12.15069928874454,True,False
11040,6091992981874005,1,1589,232,230,232,232,230,7.857980995127573,7.840739615817228,10.63390340934852,7.845490050944375,False,False
11041,1644045131162794833,164,7546,5908,5014,2000,1045,1015,4.639610819416429,4.634950894845307,12.88149638481011,12.291746280833939,True,False
11042,2224425000000000000,222,1684,1668,1401,2000,109,108,4.356641766163021,4.355920838283396,10.717676423066395,10.452241240430817,True,False
11043,204487500000000000,20,1349,1302,1168,2000,207,207,4.492185154491704,4.492185154491704,10.397674632948268,10.189824558880018,True,False
11044,60348750000000000,6,2596,1748,1619,2000,805,774,4.781572605510927,4.760776240163168,11.342074667999139,10.660887270302567,True,False
11045,7479862428839578045,748,4187,4136,3318,2000,207,205,5.0366191606238635,4.994370284699672,12.031701202740303,11.696098170955864,True,False
11046,188427992726242747883,18843,5778,5726,4604,0,0,0,0.0,0.0,12.496354488564615,12.16867211813223,False,True
11047,5569703025028800000,557,1957,1950,1654,2000,84,83,4.407970666688266,4.407025475994158,10.934428040626804,10.691743519171276,True,False
11048,402320779980662922,40,5529,4075,3595,2000,1021,992,4.389156757484431,4.381833376322803,12.43280285635187,11.81177605532666,True,False
11049,498750000000000000,50,2885,2663,2347,2000,622,619,4.3887167855405895,4.387466707410706,11.494355603532846,11.196602126523171,True,False
11050,487175201503869247,49,3074,2808,2477,2000,675,670,4.736760106290847,4.7349604428580765,11.585901449690772,11.274378153246364,True,False
11051,37547452188921424,4,851,580,552,2000,328,322,5.245787364346491,5.2336198152427205,9.733015321685963,9.108524456778168,True,False
11052,1610772323187232060,161,2815,2748,2202,2000,187,186,4.4428061423866865,4.441670626111851,11.458919206967591,11.10459875356437,True,False
11053,58154250000000000,6,4087,2581,2373,2000,1245,1201,5.588215988072023,5.562836006664,11.996826528020659,11.212496385193948,True,False
11054,14463750000000000,1,1293,631,612,631,631,612,9.301496194982551,9.23435748186591,10.336506559810255,9.257387842692651,False,False
11055,1898852036533808728,190,6144,5257,4495,2000,920,909,4.436100550641578,4.432417603643476,12.584962500721156,12.13410540040181,True,False
11056,12638795262898208,1,2564,1075,1039,1075,1075,1039,10.070120944476825,9.994753921212961,11.324180546618742,10.020979938904212,False,False
11057,5000000000000000,1,1579,108,108,108,108,108,6.754887502163468,6.754887502163468,10.624795455860237,6.754887502163468,False,False
11058,428925000000000000,43,5543,4069,3581,2000,972,943,4.64647542221457,4.641217028312439,12.436451292286975,11.806146803320525,True,False
11059,37905000000000000,4,3214,1693,1605,2000,972,943,5.928247739276674,5.899766366351809,11.650154213675094,10.648357582009666,True,False
11060,2384025000000000000,238,7658,6118,5154,2000,977,948,5.166191477657585,5.163033650139528,12.902751944850161,12.331476821859619,True,False
11061,29925000000000000,3,3133,1714,1625,2000,1141,1105,5.28003089998749,5.254521124983162,11.613329054371054,10.66622400280318,True,False
11062,12073521856911978869,1207,2213,2200,1827,2000,81,80,4.480922813968815,4.479930249665377,11.11178773580101,10.835260918627489,True,False
11063,49251562500000000000,4925,7467,6751,5548,2000,792,786,4.920861734993527,4.920106512997563,12.866313015702191,12.437752072323603,True,False
11064,49507897815563658,5,3659,2149,1996,2000,1182,1141,4.779248073163692,4.758858095066989,11.837233700339088,10.96289600533726,True,False
11065,528675000000000000,53,4793,3786,3282,2000,933,894,4.470932590505788,4.4597056279878515,12.226713224618962,11.680359523513713,True,False
11066,199500000000000000,20,1276,1209,1057,2000,190,189,4.350592844320779,4.349091436751182,10.31741261376487,10.045759661382682,True,False
11067,2395227379718543804,240,3614,3512,2946,2000,393,391,4.605879052593141,4.603492793897247,11.8193807908646,11.524541715035848,True,False
11068,2423925000000000000,242,1709,1693,1419,2000,105,104,4.427723773830252,4.427117641176073,10.73893668167614,10.470658874060552,True,False
11069,489025313283208020,49,1093,899,810,2000,236,232,4.364078648382811,4.358932115144784,10.094077685671905,9.661778097771988,True,False
11070,25427749253557652,3,497,321,311,2000,214,210,5.457109914246505,5.442783266682036,8.957102041562287,8.280770770130603,True,False
11071,83790000000000000000,8379,2544,2536,2083,2000,113,112,5.382467142126981,5.382250519202295,11.312882955284355,11.024447124040647,True,False
11072,304656304482738396,30,548,541,510,2000,79,78,4.420819963016761,4.419586874062193,9.098032082960527,8.994353436858859,True,False
11073,80063876102353272,8,4308,2774,2534,2000,1230,1189,4.788311412793528,4.768978743175655,12.072802534544207,11.30720080914081,True,False
11074,30075187969924812030,3008,2080,1854,1570,2000,274,268,4.364488938933906,4.355943856168043,11.022367813028454,10.61654884377899,True,False
11075,41214694427086710236,4121,9355,8026,6639,2000,1027,1001,5.168379429837074,5.165882179683392,13.191521938128146,12.696750236522167,True,False
11076,1843491419782090657,184,3094,3022,2511,2000,285,285,4.525276540451761,4.525276540451761,11.595257481449035,11.2940463132715,True,False
11077,658556088781153045,66,753,742,679,2000,79,78,4.3175279395710024,4.316600864911772,9.556506054671928,9.407267764244732,True,False
11078,4069800000000000000,407,8883,7334,6109,2000,1241,1199,5.264278034364053,5.259503582362126,13.11683127589871,12.576720525080246,True,False
11079,6909694795798479296,691,4806,4634,3860,2000,517,515,5.310926804329645,5.310666688252846,12.230620933129867,11.914385132155443,True,False
11080,29175459551082579935,2918,9631,8258,6648,2000,1236,1192,5.128858671186237,5.125219714952879,13.233469887522077,12.698704666770345,True,False
11081,199500000000000000,20,4498,3166,2866,2000,1013,987,4.816813588782624,4.811470304163524,12.135067945777816,11.484822894262146,True,False
11082,2595506806576209996,260,7567,6199,5229,2000,1018,990,4.543982645427636,4.536527424731057,12.885505729792254,12.352319354846841,True,False
11083,217355002771949175000,21736,3750,3311,2698,0,0,0,0.0,0.0,11.872674880270605,11.397674632948268,False,True
11084,181889274457953835700,18189,2383,2132,1794,0,0,0,0.0,0.0,11.21856323619027,10.80896417491926,False,True
11085,1588131711175575952,159,717,620,565,2000,123,123,4.559989779195823,4.559989779195823,9.485829308701904,9.14210705730255,True,False
11086,9683433324490927,1,1683,481,470,481,481,470,8.909893083770042,8.85842762118758,10.71681946132995,8.876516946565,False,False
11087,5048704761904761,1,1304,176,172,176,176,172,7.459431618637299,7.4026134368191165,10.348728154231077,7.426264754702098,False,False
11088,337016485580903027,34,275,272,268,2000,49,49,4.178809322686374,4.178809322686374,8.103287808412022,8.066089190457772,True,False
11089,400000000000000000,40,1759,1704,1454,2000,199,198,4.388778628678945,4.386944072308032,10.78053976747196,10.505811553919594,True,False
11090,8639030052933562940,864,4870,4713,3908,2000,484,482,5.125045448038958,5.124681600954617,12.249706056969705,11.932214751968385,True,False
11091,2667964149409523113,267,5094,4290,3582,2000,771,742,4.588396184828764,4.576354461298998,12.314583244274194,11.806549621985962,True,False
11092,5000000000000000000,500,3305,3244,2625,2000,165,164,4.438088000808744,4.434694642442299,11.690434556395054,11.358101707440847,True,False
11093,433000000000000000,43,2047,1658,1455,2000,418,407,4.410729333275517,4.398548608799137,10.99929538702341,10.506803437795647,True,False
11094,92234220642618919,9,4246,2872,2623,2000,1223,1179,4.464322835612535,4.451761228103331,12.051888655905378,11.357002092264985,True,False
11095,15521918609291640000,1552,4435,3871,3142,2000,589,570,5.445680159682157,5.4414432387483584,12.114718389188425,11.617467465294196,True,False
11096,148228500000000000,15,3378,2452,2220,2000,858,824,4.552353357736395,4.535863007010258,11.721953612801386,11.116343961237469,True,False
11097,21590766458950942,2,2746,1358,1309,2000,1013,987,6.487118204733682,6.457796279010707,11.4231159101471,10.354249381945241,True,False
11098,29393716592723242,3,3314,1907,1799,2000,1225,1182,5.300657936751172,5.272989058673113,11.694357887221452,10.812979471251483,True,False
11099,28538903280126239,3,3235,1871,1767,2000,1215,1171,6.133437320330146,6.098072008803572,11.65954999687987,10.787086324551616,True,False
11100,193343080615650000,19,1373,1076,975,2000,360,354,4.516172007946777,4.50907502622329,10.4231159101471,9.929258408636972,True,False
11101,325734223322321365,33,2616,2390,2139,2000,627,624,4.430697699165514,4.429697349042971,11.353146825498083,11.062720767165045,True,False
11102,23057644110275689,2,2325,1305,1241,2000,939,901,6.565733363598687,6.522831705860925,11.183015000882756,10.277287400130357,True,False
11103,18968144549728311014,1897,3158,3132,2565,2000,128,127,4.696745617236133,4.696525938834468,11.624795455860237,11.324743110494417,True,False
11104,4937625000000000000,494,3733,3666,2956,2000,192,191,4.371525295349478,4.3701909241718955,11.86611979330307,11.52943055414615,True,False
11105,358969912586632661812,35897,4954,4895,3983,0,0,0,0.0,0.0,12.274378153246364,11.959639764364185,False,True
11106,222390840308239565288,22239,1277,1140,999,0,0,0,0.0,0.0,10.318542809702723,9.964340867792417,False,True
11107,136689043141391991054,13669,1225,1098,967,0,0,0,0.0,0.0,10.258566033889933,9.917372079476841,False,True
11108,20679871008712055092,2068,5601,5422,4483,2000,539,537,5.236029975898248,5.235754113829282,12.451468712947358,12.13024878405069,True,False
11109,29097700818978843,3,695,454,437,2000,287,282,5.593025035635069,5.580143180647951,9.44086916761087,8.7714894695006,True,False
11110,26244225000000000000,2624,10010,8524,6978,2000,1212,1170,5.540375222529763,5.537687996472758,13.289154353723356,12.768597882194374,True,False
11111,55612680797335705,6,2232,1612,1567,2000,763,757,4.432050076612622,4.427492821966098,11.124121311829187,10.61378946447258,True,False
11112,73869569793600000,7,2864,1993,1901,2000,894,884,5.304415255790449,5.29683910701829,11.483815777264256,10.892542816648552,True,False
11113,9975000000000000,1,461,170,168,170,170,168,7.4093909361377035,7.385861524372998,8.848622940429339,7.392317422778761,False,False
11114,13401175671620247486,1340,4658,4599,3721,2000,204,203,4.600317118987998,4.599509779538455,12.185494924210866,11.861474675125773,True,False
11115,894139067906868894,89,2667,2566,2185,2000,388,386,4.871950951717279,4.870521353264355,11.381002109550925,11.093417564387961,True,False
11116,993704889268230225,99,7054,5468,4687,2000,1214,1172,4.613970634775269,4.607100300427781,12.784225860426252,12.194449079479025,True,False
11117,10673250000000000000,1067,6839,6074,5013,2000,798,792,4.7410106843727995,4.740102657504869,12.73956967402599,12.291458518782344,True,False
11118,8977500000000000,1,1853,492,484,492,492,484,8.942514505339242,8.905929139485583,10.855647166027266,8.918863237274595,False,False
11119,620386766971977687,62,2052,1993,1663,2000,202,201,4.353316950640009,4.351941262796087,11.002815015607053,10.699572453287269,True,False
11120,2989199445816493133,299,6487,5609,4761,2000,909,899,4.399499954540686,4.396316793189484,12.663335723478353,12.217048913556338,True,False
11121,5019964101093722285,502,3524,3040,2499,2000,488,474,4.697746712963173,4.692644263892907,11.782998208920414,11.287135186086704,True,False
11122,2503725000000000000,250,1734,1718,1433,2000,105,103,4.420568268570745,4.401103549095971,10.759888183221834,10.484822894262146,True,False
11123,149625000000000000,15,413,405,390,2000,80,79,4.517147566875386,4.515512330711566,8.689997971419446,8.60733031374961,True,False
11124,498750000000000000,50,4639,3743,3322,2000,911,900,4.399369101355866,4.395757368576093,12.179598130849836,11.697836357962377,True,False
11125,3030011155205634620,303,1496,1489,1288,2000,86,84,4.330706318022295,4.329316834915335,10.546894459887637,10.330916878114618,True,False
11126,562903579974261,0,455,0,0,0,0,0,0.0,0.0,8.829722735086058,0,False,True
11127,3787569378019482900,379,3644,3594,2898,2000,201,201,4.82233514668239,4.822335146682389,11.831307243802051,11.50084187955693,True,False
11128,26919436345043510,3,1838,1102,1044,2000,714,688,6.235508217541987,6.200875795471003,10.843921051289035,10.027905996569885,True,False
11129,40995261243442943730,4100,8980,7851,6555,2000,1015,996,6.066843448511362,6.065150323024725,13.13249972962851,12.678380065109117,True,False
11130,20283054367798763348,2028,7643,6788,5665,2000,886,876,4.969091865581247,4.967965972807173,12.899923315016059,12.467860240707878,True,False
11131,35567454667020069,4,2383,1492,1451,2000,914,903,6.519886269937538,6.508660453537659,11.21856323619027,10.502831804066744,True,False
11132,1992409995265486886,199,2955,2891,2379,2000,203,202,4.677447539525105,4.6767599320864415,11.528942415064895,11.216139556425135,True,False
11133,8280257283169522869,828,8921,7305,6056,2000,1083,1052,5.309545758160381,5.306953168017157,13.12298972285457,12.564149489985732,True,False
11134,3918054848335117875,392,8611,7142,5884,2000,1258,1214,5.242519145940816,5.238982820659998,13.071965072954029,12.522581531254831,True,False
11135,3391500000000000000,339,3721,3201,2664,2000,549,531,4.506701049960065,4.497034620039726,11.861474675125773,11.379378367071261,True,False
11136,1566075000000000000,157,3289,2780,2352,2000,540,522,4.501553890485746,4.488197908396541,11.683433292835403,11.199672344836364,True,False
11137,3990000000000000000,399,3471,2984,2475,2000,504,489,4.650340957472267,4.640051201206759,11.761135649828645,11.273212809854334,True,False
11138,6802950000000000000,680,3452,2989,2449,2000,482,469,5.086309285193395,5.080123998575864,11.753216749178955,11.257977058563979,True,False
11139,49875000000000000000,4988,3691,3242,2640,2000,489,476,5.682736118082938,5.679136402785034,11.84979602224561,11.366322214245816,True,False
11140,78303750000000000000,7830,3470,3077,2521,2000,486,473,6.3398011891484565,6.337458783756542,11.760719947465624,11.29978040285854,True,False
11141,37905000000000000,4,1024,682,647,2000,389,381,5.255767476324577,5.2414817211680615,10.0,9.337621901992508,True,False
11142,55559474963912944114,5556,8229,7346,6150,2000,962,951,6.2309373965775965,6.211411179918384,13.006501407569434,12.586370695113965,True,False
11143,1430374041917867270,143,6010,5114,4396,2000,919,908,4.6139198122267615,4.612002756611172,12.553149275598548,12.101975670949232,True,False
11144,461662501929070,0,129,0,0,0,0,0,0.0,0.0,7.011227255423254,0,False,True
11145,979552945087500000,98,846,833,744,2000,77,76,4.444871968909722,4.443218809768062,9.72451385311995,9.539158811108031,True,False
11146,15218045112781954887,1522,7020,6217,5187,2000,844,834,5.167272798161838,5.165343205432013,12.777255315191923,12.340684654363438,True,False
11147,8080715006959352574,808,9236,7733,6298,2000,1269,1224,5.168220173909378,5.164357086935509,13.173052457774116,12.62067804213541,True,False
11148,962870091271200000,96,879,867,763,2000,80,78,4.368393343283635,4.3667666980113005,9.779719355143405,9.57553924683453,True,False
11149,714018300608920225,71,6412,4812,4181,2000,1013,984,4.648701311018889,4.643877892867197,12.646558710154547,12.029632328044137,True,False
11150,9575153095883855,1,2014,553,544,553,553,544,9.111135670234708,9.074969304954418,10.975847968006784,9.087462841250339,False,False
11151,994421365345509695,99,7093,5590,4769,2000,1258,1214,4.559068862793018,4.552024085522689,12.792180232254807,12.219471067394357,True,False
11152,9013995237058848,1,1682,456,448,456,456,448,8.83289001416474,8.793416329954216,10.715961990255144,8.807354922057604,False,False
11153,20184067667037933217,2018,4927,4858,3892,2000,196,195,4.777012679840909,4.776333101179681,12.266493756312183,11.926295994781112,True,False
11154,2000000000000000,0,475,0,0,0,0,0,0.0,0.0,8.89178370321831,0,False,True
11155,35409218306705339862,3541,5273,4596,3711,2000,673,651,4.917647499020648,4.910869795880988,12.364408281379832,11.857592285697526,True,False
11156,884422391795162,0,92,0,0,0,0,0,0.0,0.0,6.523561956057013,0,False,True
11157,54067219917999122,5,3472,2117,2004,2000,1010,984,4.741762350694075,4.727105053073302,11.761551232444479,10.968666793195208,True,False
11158,16682562103189826,2,2514,1045,1011,2000,986,956,6.516061554512462,6.480080666428124,11.295768934420508,9.981567281903015,True,False
11159,3291750000000000000,329,1366,1361,1208,2000,62,61,4.217934575942746,4.21530421296647,10.41574176829009,10.238404739325079,True,False
11160,2333113098750000000,233,1122,1117,998,2000,69,68,4.373485274159239,4.371954612790099,10.131856960608793,9.96289600533726,True,False
11161,26627194425222092,3,64,59,58,2000,57,56,4.91259733210181,4.907234442905748,6.0,5.857980995127572,True,False
11162,11103469585019884,1,306,144,142,144,144,142,7.16992500144231,7.142147223664532,8.257387842692651,7.149747119504682,False,False
11163,3990000000000000,0,962,0,0,0,0,0,0.0,0.0,9.909893083770042,0,False,True
11164,254587986609314126,25,5620,4121,3655,2000,1246,1204,4.401465138798832,4.390189442575391,12.456354415108288,11.8356556908398,True,False
11165,8424067050000000000,842,7919,6838,5729,2000,975,962,4.831887172530123,4.829740177954623,12.951102545001342,12.484067622432198,True,False
11166,6215538847117794486,622,4918,4720,3938,2000,596,594,5.538782120162453,5.538586112307816,12.263856019596082,11.943247395901553,True,False
11167,13700000000000000000,1370,6741,6133,5045,2000,776,770,4.9199496420749425,4.91857472833799,12.718746909901064,12.30063855399372,True,False
11168,50125313283208020,5,3361,2169,1998,2000,1072,1032,5.121780653294071,5.0975037657100115,11.714674827308002,10.964340867792417,True,False
11169,6185140560827859316,619,3657,3593,2884,2000,183,181,4.629624300453171,4.628578500695438,11.836444911341369,11.493855449240822,True,False
11170,5465564188112322308,547,4288,4186,3457,2000,422,420,5.567515129208025,5.567221099306408,12.066089190457772,11.7553048882624,True,False
11171,310724330491372191,31,2139,1990,1768,2000,454,452,4.439296809460527,4.438044347886414,11.062720767165045,10.787902559391432,True,False
11172,35767815869105988,4,476,405,390,2000,186,185,5.299709515973593,5.295582968518296,8.894817763307943,8.60733031374961,True,False
11173,2101973338404056582,210,4983,4173,3511,2000,777,747,4.6140981739180695,4.598700127151436,12.282798858683533,11.777666280880755,True,False
11174,950550453348891,0,9,0,0,0,0,0,0.0,0.0,3.169925001442312,0,False,True
11175,5310927620703390000,531,2748,2415,2017,2000,395,386,4.694204053886415,4.689885652004472,11.4241662888181,10.977995368612962,True,False
11176,1745625000000000001,175,5824,4806,4036,2000,943,905,4.396398294181203,4.3841503107333155,12.507794640198696,11.978710459106358,True,False
11177,39900000000000000,4,2623,1621,1511,2000,921,884,5.299744220212562,5.27072499352195,11.357002092264985,10.561287945164828,True,False
11178,2733150000000000,0,97,0,0,0,0,0,0.0,0.0,6.599912842187128,0,False,True
11179,9757619032830348,1,4,2,2,2,2,2,1.0,1.0,2.0,1.0,False,False
11180,95319758086089814,10,887,818,749,2000,188,187,4.378272041868584,4.376738397546264,9.792790294301064,9.54882190845875,True,False
11181,21899029415133761885,2190,5068,5014,4023,2000,223,222,5.339506823195407,5.339177268083262,12.30720080914081,11.97405602262563,True,False
11182,3813408078927486800,381,4132,3996,3341,2000,466,464,5.444541920244873,5.444254427611872,12.01262453886506,11.70606426733497,True,False
11183,991411351573555163,99,7091,5573,4773,2000,1224,1184,4.3928770968068385,4.3834581452815735,12.791773380858743,12.220680621052203,True,False
11184,3291750000000000000,329,3559,3504,2832,2000,203,202,4.468599256877128,4.4675726107433835,11.797256217509785,11.467605550082997,True,False
11185,2673300000000000000,267,3359,3304,2686,2000,202,201,4.406093802783079,4.404993252507942,11.713816080234498,11.391243589427443,True,False
11186,1596000000000000000,160,1116,1109,974,2000,92,90,4.500688461812377,4.499532573914769,10.124121311829187,9.927777962082342,True,False
11187,1704646062433600632,170,1148,1140,1000,2000,89,87,4.420973256659186,4.419771893120434,10.164906926675688,9.965784284662087,True,False
11188,15700195387532568,2,40,29,29,353,29,29,4.772345422422742,4.772345422422742,5.321928094887363,4.857980995127572,False,False
11189,12926681978896894604,1293,6815,6047,5008,2000,803,797,4.87737026170408,4.876598892879773,12.734497941692572,12.290018846932618,True,False
11190,451127819548872180450,45113,5870,5816,4690,0,0,0,0.0,0.0,12.519144787997414,12.19537220740274,False,True
11191,1248720451310844,0,338,0,0,0,0,0,0.0,0.0,8.400879436282183,0,False,True
11192,11934020432471198560,1193,7709,6812,5732,2000,921,910,4.789067525761839,4.787686706152269,12.912328012687096,12.484822894262146,True,False
11193,1197821395210579989,120,5987,4901,4114,2000,1011,970,4.56162664351028,4.550088653004263,12.547617554902802,12.006326078524934,True,False
11194,199500000000000000,20,3695,2727,2454,2000,897,862,4.565277553241004,4.550255131686201,11.851358649033513,11.260919533662905,True,False
11195,3368205666272790000,337,1832,1601,1383,2000,285,279,4.402776820382735,4.395194405821021,10.839203788096944,10.433585441150495,True,False
11196,673205460796938595,67,5977,4631,4051,2000,1021,995,4.69365750559389,4.689873390288562,12.545205827425605,11.984062369686436,True,False
11197,995006250000000000,100,2719,2623,2231,2000,368,367,4.621059241214054,4.620311624243149,11.40886043602476,11.12347479824414,True,False
11198,19905854707017182,2,1863,991,946,2000,827,795,6.571880544182835,6.531529374825974,10.863411958941638,9.885696373339394,True,False
11199,5734604544144407689,573,8323,6946,5805,2000,1022,996,5.042185753761529,5.039742819930279,13.02288792180326,12.50308035175293,True,False
11200,38244090084801775060,3824,6837,6526,5368,2000,760,756,5.799571094127019,5.799321911809592,12.739147709986453,12.390168956200183,True,False
11201,2961534687902780780,296,7784,6349,5341,2000,1029,1000,4.704297653525735,4.699857629165553,12.926295994781112,12.382894168892134,True,False
11202,2197373549066655681,220,8112,6625,5527,2000,1245,1206,4.402001995625546,4.391406374452143,12.985841937003341,12.432280897214161,True,False
11203,12803174881399906500,1280,6354,5467,4434,2000,858,823,5.242146818040078,5.2372907514481115,12.633449374713493,12.114393054867307,True,False
11204,10207846867974240355,1021,6184,5323,4323,2000,843,809,5.3132662718499475,5.308318766213009,12.594324603924848,12.077817120895904,True,False
11205,32408213682565114189,3241,9205,7946,6558,2000,1013,989,5.12428061266876,5.1208534856632815,13.16820200623727,12.679040186393062,True,False
11206,4297918334344954,0,1458,0,0,0,0,0,0.0,0.0,10.509775004326936,0,False,True
11207,3009942504376766,0,762,0,0,0,0,0,0.0,0.0,9.573647187493322,0,False,True
11208,1172932330827067669,117,7596,5978,5048,2000,1223,1177,4.657992596661792,4.651294938731072,12.891024190149498,12.30149619498255,True,False
11209,45883059652223007265,4588,9662,8068,6640,2000,1016,987,5.123870547424483,5.120851343700761,13.238106137432077,12.696967526234287,True,False
11210,2899466089275584688,290,8364,6865,5754,2000,1191,1149,4.613121483194165,4.604682567648362,13.029977346589579,12.490349505739287,True,False
11211,9557532176659015125,956,9445,7900,6504,2000,1237,1196,5.381803737405408,5.379177629926867,13.205335081275733,12.667111542075027,True,False
11212,89023168407400845,9,4296,2752,2524,2000,1226,1184,5.096321441412037,5.075702773363741,12.068778277985412,11.30149619498255,True,False
11213,9974402582153453034,997,6673,5919,4892,2000,804,798,5.3122081452081344,5.311710471848151,12.704119788513017,12.256208688527387,True,False
11214,9975000000000000000,998,6893,6070,5082,2000,849,839,4.878972860223976,4.877630089006082,12.750916299978075,12.311180660053354,True,False
11215,1197000000000000000,120,2554,2163,1848,2000,431,418,4.555214265908073,4.54329337079355,11.318542809702723,10.851749041416058,True,False
11216,407983697614721050,41,1764,1719,1464,2000,201,201,4.633434677636682,4.633434677636682,10.784634845557521,10.515699838284043,True,False
11217,9380225700422279964,938,1984,1977,1693,2000,89,87,4.421622102088455,4.420233978882948,10.954196310386875,10.725366257895642,True,False
11218,52509037774203649620,5251,9496,8100,6689,2000,1067,1038,6.2861214596624055,6.28439763716175,13.213104219641906,12.707574829926973,True,False
11219,698250000000000,0,287,0,0,0,0,0,0.0,0.0,8.164906926675688,0,False,True
11220,62704510972152993,6,193,187,177,2000,83,82,4.630903307086883,4.628234476130332,7.592457037268081,7.467605550082998,True,False
11221,1970000000000000000,197,2675,2286,1947,2000,422,411,4.436693920827016,4.42905921171751,11.385323176175872,10.927037168720295,True,False
11222,1708480073490049034,171,5515,4700,3997,2000,833,823,4.518238824183207,4.515836359254573,12.429145170478744,11.964701857420447,True,False
11223,997500000000000000,100,3397,3190,2753,2000,613,609,4.467800100715617,4.465016676329439,11.7300455028792,11.42678889459556,True,False
11224,5037688284189975695,504,3918,3861,3099,2000,206,205,4.488066862499813,4.487149699036269,11.935901682267588,11.597587039586216,True,False
11225,29925000000000000,3,401,338,332,2000,191,190,5.306383088390026,5.302595861672865,8.64745842645492,8.375039431346925,True,False
11226,19594093210990367242,1959,4834,4767,3819,2000,202,200,4.9074187581419,4.906516120981062,12.239001757765582,11.898979204622513,True,False
11227,222861414784142934,22,1392,1341,1191,2000,193,192,4.707925097295459,4.705424784756392,10.442943495848729,10.217957697864113,True,False
11228,7988505842536859,1,1553,353,351,353,353,351,8.463524373271182,8.452192928511977,10.600842114387302,8.45532722030456,False,False
11229,3591000000000000000,359,8008,6565,5511,2000,1032,1003,4.5451176099758595,4.539998591392935,12.967226258835993,12.428098411832506,True,False
11230,1288220551378446115,129,2685,2618,2140,2000,187,186,4.403026067240795,4.401825827192784,11.390706372872774,11.06339508128851,True,False
11231,5047619047619047619,505,3807,3740,3014,2000,197,196,4.912738303155482,4.91215718935403,11.894438854562262,11.557463701597824,True,False
11232,123308270676691729,12,4968,3374,3050,2000,1217,1174,5.1431834007788035,5.121321876367137,12.278449458220482,11.57459352733761,True,False
11233,6634467932466229,1,1835,298,292,298,298,292,8.219168520462162,8.17218865469035,10.841564347730575,8.189824558880018,False,False
11234,5039197516702392,1,1498,141,141,141,141,141,7.139551352398794,7.139551352398794,10.54882190845875,7.139551352398794,False,False
11235,19628313334839325,2,1583,847,810,2000,713,687,6.51337946822102,6.473731495279827,10.62844554013718,9.661778097771988,True,False
11236,10084807754675482961,1008,8868,7437,6169,2000,1037,1008,4.915131985961912,4.911539284055904,13.114393054867307,12.590820930930525,True,False
11237,18572019935015706613,1857,6338,6037,4978,2000,746,741,5.4999164481158616,5.4991516014616675,12.629811944382233,12.281350514981035,True,False
11238,1174368164188297436,117,6990,5522,4709,2000,984,954,4.551877157173982,4.546309288100987,12.7710767402628,12.201205007299528,True,False
11239,1230596366050689584,123,7290,5646,4801,2000,1050,1021,4.592792001810938,4.587871486185553,12.8317030992143,12.229119220658594,True,False
11240,543904951061782830,54,6529,4943,4280,2000,1212,1172,4.4357427859037655,4.428108638989361,12.672646326124626,12.06339508128851,True,False
11241,482123055900994834,48,6354,4723,4103,2000,1217,1172,4.550133418395625,4.5331468725978485,12.633449374713493,12.002463438892535,True,False
11242,744930762811238743,74,6835,5319,4573,2000,1240,1198,4.39460967669189,4.382649634871589,12.738725622493423,12.158925203806964,True,False
11243,479197994987468671,48,5342,4169,3625,2000,1072,1031,4.531146163429804,4.5174700269746655,12.38316426063511,11.82376527978966,True,False
11244,545606016666367660,55,5113,4047,3489,2000,993,952,4.505971852335406,4.491128144106197,12.319954310686944,11.768597882194374,True,False
11245,488994724168747358,49,2265,1826,1590,2000,451,439,4.382515599531308,4.3719660903956665,11.145295334933598,10.634811050171718,True,False
11246,393983440777214718,39,41,37,37,2000,29,29,4.224958053589691,4.224958053589691,5.357552004618084,5.20945336562895,True,False
11247,10063041345000000000,1006,4563,4509,3616,2000,237,235,5.75930430817816,5.758029896696546,12.155766938445653,11.820178962415188,True,False
11248,75468933116288855,8,680,617,579,2000,166,165,4.344475285624541,4.342473569868179,9.409390936137703,9.177419537989236,True,False
11249,174930967445282903,17,4640,3103,2776,2000,975,946,4.53490027706189,4.520647344560594,12.179909090014934,11.43879185257826,True,False
11250,3984255014218408258,398,8617,7148,5880,2000,1250,1206,4.923349785781579,4.9173828219109925,13.072969968542061,12.521600439723727,True,False
11251,857850000000000000,86,6874,5399,4644,2000,1188,1146,4.55534417799055,4.548208378405518,12.746934136372298,12.181152256865566,True,False
11252,174562500000000000,17,3385,2563,2378,2000,836,826,4.550762398360693,4.545389835997529,11.724940118462358,11.215532999745657,True,False
11253,138470752237768163,14,3285,2453,2296,2000,855,845,4.473235846943955,4.470897237225071,11.681677655209691,11.164906926675688,True,False
11254,11471250000000000,1,1703,797,790,797,797,790,9.63843591399047,9.620870041970395,10.733862719678543,9.625708843064466,False,False
11255,3532349932671306,0,1308,0,0,0,0,0,0.0,0.0,10.353146825498083,0,False,True
11256,8461298771220555700,846,5092,4383,3570,2000,708,683,5.200634077982087,5.19524075477948,12.314016703901357,11.801708358916462,True,False
11257,67640251754184380,7,741,686,646,2000,198,197,4.706995111812144,4.70424167000989,9.533329732305834,9.335390354693924,True,False
11258,100000000000000000,10,958,902,829,2000,190,189,4.959299029127173,4.956270394765941,9.90388184573618,9.69522829149575,True,False
11259,28218569927692064,3,391,335,331,2000,191,190,5.306591865697453,5.302805290826541,8.611024797307353,8.370687406807217,True,False
11260,40446024636287617,4,39,37,37,2000,36,36,4.460214072099615,4.460214072099615,5.285402218862249,5.20945336562895,True,False
11261,36407181347460000,4,1570,1004,940,2000,565,548,5.272000842754214,5.250114882409887,10.61654884377899,9.876516946565,True,False
11262,1956511236166793931,196,191,189,178,2000,38,38,4.368199554621035,4.368199554621036,7.577428828035749,7.475733430966398,True,False
11263,973283539492437794,97,369,366,347,2000,52,52,4.291870254287795,4.291870254287794,8.527477006060396,8.43879185257826,True,False
11264,874122554663158306,87,6383,4957,4308,2000,1028,999,4.870368500261621,4.866598752940748,12.640018932455785,12.072802534544207,True,False
11265,259069814689584683,26,4995,3561,3195,2000,1020,991,4.517109423013286,4.5038035580106905,12.286268962679781,11.641600215834357,True,False
11266,332167500000000000,33,5322,3853,3408,2000,1020,990,4.38911520701791,4.3812619972764875,12.37775279502222,11.734709620225837,True,False
11267,14763000000000000,1,2463,992,962,992,992,962,9.954196310386873,9.882955348226535,11.266200912498961,9.909893083770042,False,False
11268,177000000000000000,18,4723,3139,2805,2000,981,952,4.386996265402351,4.376957739435284,12.205487820150566,11.453785055496155,True,False
11269,299250000000000000,30,5336,3707,3274,2000,1034,1004,4.739848914527479,4.735573262656498,12.381542951184585,11.676838606474153,True,False
11270,30661858751551517,3,3347,1846,1746,2000,1183,1142,5.291273743885941,5.2640859734582826,11.70865283568653,10.76983784362944,True,False
11271,100000000000000000,10,4143,2704,2512,2000,1021,992,4.375243868700853,4.365739000494127,12.016460104979208,11.294620748891626,True,False
11272,99750000000000,0,13,0,0,0,0,0,0.0,0.0,3.700439718141092,0,False,True
11273,42838809732668513,4,978,671,636,2000,366,360,5.249803609289769,5.23814911977309,9.933690654952233,9.312882955284355,True,False
11274,19950000000000000,2,119,91,91,2000,84,84,6.088329590820552,6.0883295908205515,6.894817763307944,6.507794640198696,True,False
11275,60000000000000000,6,3687,2216,2085,2000,1001,971,4.51886243850314,4.504726818048483,11.848231701093818,11.025831668332026,True,False
11276,2766295420620985435,277,2606,2555,2076,2000,145,145,4.431185268102581,4.431185268102581,11.347621368568134,11.019590728357882,True,False
11277,14763000000000000000,1476,4100,4038,3275,2000,168,167,4.454328905050117,4.453029178920981,12.001408194392809,11.677279191312175,True,False
11278,3391500000000000000,339,3385,3317,2653,2000,186,185,4.3526269539298665,4.351000734265118,11.724940118462358,11.373408960228696,True,False
11279,9369909292877761972,937,4352,4301,3456,2000,202,201,4.724153475471339,4.723506416647809,12.087462841250339,11.754887502163468,True,False
11280,787529132584141042,79,5795,4628,4050,2000,988,970,4.38048427435784,4.375510675694551,12.500592945893834,11.98370619265935,True,False
11281,138652500000000000,14,1122,1067,969,2000,202,201,4.352650808764054,4.351274948851608,10.131856960608793,9.92035285541508,True,False
11282,29680148166727856944,2968,9949,8355,6764,2000,1222,1179,4.499890056777572,4.491862152349561,13.28033580855526,12.723660944409984,True,False
11283,102460797243420574600,10246,9561,8283,6671,0,0,0,0.0,0.0,13.222945804499009,12.703687325967547,False,True
11284,32236531036569717078,3224,9284,8007,6448,2000,1170,1127,4.600165625327216,4.593460098856476,13.180530807344482,12.654636028527968,True,False
11285,13334497846995515379,1333,4549,4481,3589,2000,193,190,4.780669591841528,4.758702181299792,12.151333719291655,11.809366207816078,True,False
11286,1528750777686901331,153,5728,4717,3966,2000,946,907,4.511995843466197,4.503929884625848,12.483815777264256,11.953468962228849,True,False
11287,5543060167844485586,554,8304,6910,5765,2000,1026,1000,5.161096352920332,5.158924820993849,13.019590728357882,12.493104892539135,True,False
11288,57965547034038433,6,3508,2291,2106,2000,1092,1051,4.761091822139816,4.740026252260578,11.776433032444734,11.040289721025717,True,False
11289,126054100132164635,13,495,474,436,2000,108,107,4.382376196565302,4.381613397849629,8.951284714966972,8.768184324776927,True,False
11290,266065162907268170426,26607,5856,5773,4705,0,0,0,0.0,0.0,12.515699838284043,12.1999790076159,False,True
11291,100833784843512978929,10083,5493,5425,4396,0,0,0,0.0,0.0,12.423378576518493,12.101975670949232,False,True
11292,9975000000000000,1,1646,507,493,507,507,493,8.985841937003338,8.925181409385658,10.684748620421626,8.945443836377912,False,False
11293,215193022968745101,22,385,373,358,2000,68,67,4.249996595588756,4.247947144319609,8.588714635582264,8.483815777264256,True,False
11294,39108535533577314051,3911,1207,1203,1045,2000,72,72,5.253870088359078,5.253870088359078,10.237209960755022,10.029287226968245,True,False
11295,29946759803825812,3,778,519,497,2000,323,317,5.655269941830796,5.6413136996392055,9.603626344986193,8.957102041562287,True,False
11296,634971308544103,0,46,0,0,0,0,0,0.0,0.0,5.523561956057013,0,False,True
11297,8470953229552065000,847,261,233,225,2000,64,64,5.165571763354194,5.165571763354193,8.027905996569885,7.813781191217037,True,False
11298,4210526315789473684,421,5807,4935,4066,2000,839,806,4.602995988523182,4.59615856240613,12.503577318702689,11.989394499844732,True,False
11299,43609022556390977,4,1833,1192,1114,2000,635,617,5.277921261731045,5.256886435984411,10.839991070539886,10.121533517340032,True,False
11300,1995000000000000,0,549,0,0,0,0,0,0.0,0.0,9.100662339005199,0,False,True
11301,2973982554977741667,297,1445,1434,1215,2000,80,79,4.397716160629877,4.396627322183677,10.496853777388042,10.246740598493144,True,False
11302,3475665019688705491,348,1749,1734,1430,2000,86,84,4.364347355846239,4.362070282229017,10.772314573921653,10.481799431665753,True,False
11303,150000000000000000,15,699,534,496,2000,187,183,4.486232412180483,4.476726994587084,9.449148645375436,8.954196310386875,True,False
11304,229425000000000000000,22943,8064,7226,6039,0,0,0,0.0,0.0,12.977279923499916,12.560093957642495,False,True
11305,238397311043791931572,23840,8200,7345,6146,0,0,0,0.0,0.0,13.001408194392809,12.585432051592962,False,True
11306,17855250000000000,2,1857,959,917,2000,838,805,6.574502074713979,6.533670560022945,10.858758099935422,9.840777923595054,True,False
11307,3110356153562297496,311,3206,3142,2526,2000,181,179,4.440942361372557,4.439523724085804,11.646558710154547,11.302638923787553,True,False
11308,3027568922305764411,303,3287,3219,2585,2000,190,189,4.524600663870006,4.5235140645749405,11.68255574108031,11.335948565202298,True,False
11309,1420574977968459114,142,2766,2698,2211,2000,193,192,4.370121954009614,4.36873078163071,11.433585441150495,11.110483309816226,True,False
11310,4691641500000000000,469,1934,1699,1457,2000,294,288,4.5502938391932855,4.545155804691635,10.917372079476841,10.508785162064513,True,False
11311,421728508650549828,42,574,561,529,2000,74,73,4.252277480550393,4.251000955235525,9.164906926675688,9.047123912114026,True,False
11312,4011442346852685,0,1394,0,0,0,0,0,0.0,0.0,10.445014845868423,0,False,True
11313,3690750000000000000,369,3560,3514,2853,2000,211,211,4.588182526217481,4.588182526217481,11.79766152585376,11.47826403158172,True,False
11314,2273702106650205648,227,8282,6738,5649,2000,1215,1176,4.695695415106926,4.690883088347642,13.01576348736988,12.463779785335385,True,False
11315,18705974482060834612,1871,8693,7524,6248,2000,1007,989,5.044656361117413,5.042465963095018,13.085638429275328,12.60917873814198,True,False
11316,295226456839764738,30,5713,4210,3716,2000,1256,1212,4.468154584149683,4.456855611010711,12.480032814583948,11.859534786382653,True,False
11317,10573200487033723,1,1626,705,680,705,705,680,9.461479447286159,9.384883702605306,10.667111542075027,9.409390936137703,False,False
11318,15463128636762347,2,1805,904,867,2000,837,804,6.573067463330839,6.532246159071085,10.817783121774534,9.759888183221834,True,False
11319,23841224872423529,2,1071,647,624,2000,442,431,6.513813113765091,6.4854451842264815,10.064742764750257,9.285402218862249,True,False
11320,3851230884815444,0,823,0,0,0,0,0,0.0,0.0,9.684748620421626,0,False,True
11321,7840350000000000000,784,4261,4203,3365,2000,210,208,4.772073413220314,4.768939478304871,12.05697633617822,11.71639078949768,True,False
11322,14715211182787411,1,459,360,359,360,360,359,8.491853096329674,8.486297540774117,8.842350343413807,8.487840033823051,False,False
11323,78898318953369006971,7890,9052,7957,6648,2000,1008,993,5.960404952811588,5.959138631693761,13.144020869266893,12.698704666770345,True,False
11324,1605105514360449,0,368,0,0,0,0,0,0.0,0.0,8.523561956057012,0,False,True
11325,6143256444059188,1,1475,253,249,253,253,249,7.98299357469431,7.943467882994706,10.526499239136566,7.960001932068081,False,False
11326,947625000000000000,95,614,610,583,2000,69,68,4.497420882501051,4.493312979846421,9.262094845370179,9.187352073200497,True,False
11327,49875000000000000,5,3773,2216,2070,2000,1214,1174,4.549868507053077,4.534672662805634,11.88149638481011,11.015415052386688,True,False
11328,3233895000000000000,323,8523,6939,5772,2000,1226,1185,5.048844776519209,5.045223360083636,13.057145616910697,12.494855584491198,True,False
11329,10796510153662640286,1080,2124,2113,1786,2000,66,66,4.486214401465491,4.486214401465491,11.052568050804153,10.802516365121223,True,False
11330,319759863278935,0,116,0,0,0,0,0,0.0,0.0,6.857980995127572,0,False,True
11331,397961320714230000,40,275,236,224,2000,79,79,4.249281530577721,4.24928153057772,8.103287808412022,7.807354922057604,True,False
11332,13771135328549702,1,2114,955,940,955,955,940,9.899356922923113,9.865571936005324,11.045759661382682,9.876516946565,False,False
11333,265800158261350,0,78,0,0,0,0,0,0.0,0.0,6.285402218862249,0,False,True
11334,19274579819627758500,1927,3667,3635,2961,2000,127,125,4.982675273004414,4.982351439381785,11.840384550711667,11.531868775177553,True,False
11335,3402990158846925,0,1345,0,0,0,0,0,0.0,0.0,10.393390457443987,0,False,True
11336,1018301455314883047,102,5363,4510,3871,2000,869,859,4.40889581119705,4.406150310536546,12.3888245380236,11.918490592292311,True,False
11337,95488879500000,0,64,0,0,0,0,0,0.0,0.0,6.0,0,False,True
11338,798000000000000,0,273,0,0,0,0,0,0.0,0.0,8.092757140919852,0,False,True
11339,51857142225000000000,5186,3181,3166,2640,2000,94,93,4.264501448014711,4.263622368143529,11.635264656539514,11.366322214245816,True,False
11340,2375939849624060150,238,3300,3230,2677,2000,272,272,4.365461019574393,4.365461019574393,11.688250309133178,11.386401423640777,True,False
11341,65825827408950000,7,208,197,190,2000,78,77,4.539141473146804,4.537583275373201,7.700439718141092,7.569855608330948,True,False
11342,2996927242976233926,300,1409,1396,1186,2000,78,77,4.32085209551614,4.319534891603168,10.460455896309636,10.211888294546004,True,False
11343,3056959541190575582,306,3500,3461,2798,2000,210,210,4.418145179333471,4.418145179333471,11.77313920671969,11.450180247164754,True,False
11344,8264961409946514,1,1260,376,376,376,376,376,8.554588851677636,8.554588851677636,10.29920801838728,8.554588851677638,False,False
11345,19950000000000000,2,287,219,217,2000,174,173,6.413212843834741,6.406962245987462,8.164906926675688,7.7615512324444795,True,False
11346,50000000000000000,5,625,558,535,2000,183,182,4.8052350619436215,4.802455031826629,9.287712379549449,9.06339508128851,True,False
11347,5284746155999697179,528,6253,5480,4594,2000,812,803,4.649759975506496,4.646959094096278,12.610332801911134,12.165535141377925,True,False
11348,2470376222782096,0,601,0,0,0,0,0,0.0,0.0,9.231221180711186,0,False,True
11349,3320643246974055567,332,3484,3418,2770,2000,207,206,4.953743564865887,4.953241430796091,11.766528908598865,11.43567026093655,True,False
11350,10872750000000000000,1087,9492,7923,6486,2000,1228,1188,5.007710417759846,5.004407634047109,13.212496385193948,12.663113308455806,True,False
11351,28927500000000000,3,3364,1901,1795,2000,1237,1194,5.304323942889516,5.276645838776753,11.715961990255144,10.809768128710413,True,False
11352,967064550127834999,97,1291,1268,1051,2000,117,116,4.341128526587887,4.3407509849177375,10.33427328530719,10.037546953962178,True,False
11353,982546541252155370,98,1279,1258,1047,2000,118,117,4.591854594853433,4.591591320141028,10.320800548881637,10.032045726930809,True,False
11354,190728877512427273,19,1327,1265,1144,2000,260,260,4.55625525442578,4.556255254425781,10.373952655370193,10.159871336778389,True,False
11355,24214182620581262680,2421,4919,4855,3918,2000,285,285,5.233343459911874,5.233343459911872,12.264149339723328,11.935901682267588,True,False
11356,16957588577400883823,1696,5150,5042,4135,2000,440,438,5.504883947006594,5.504613673083973,12.330356716957944,12.013671614058637,True,False
11357,12206665440133389790,1221,5692,5466,4528,2000,645,642,5.061506255784436,5.061090844007511,12.474719946526482,12.144658242831882,True,False
11358,15943741635780000000,1594,2320,2308,1916,2000,82,81,4.643255556831244,4.642169689344731,11.179909090014934,10.90388184573618,True,False
11359,30898860309687558802,3090,2526,2514,2077,2000,89,88,5.226642359650735,5.226030683005946,11.302638923787553,11.020285500844647,True,False
11360,24964117495072047203,2496,2428,2416,2005,2000,83,82,4.861973418454918,4.86119153852557,11.245552706255681,10.969386521342283,True,False
11361,6084750000000000000,608,1702,1503,1296,2000,260,256,4.779288962417067,4.777304358085013,10.733015321685963,10.339850002884624,True,False
11362,6156894043008605756,616,1679,1481,1280,2000,257,253,4.774946051649271,4.7729455515242405,10.71338651493703,10.321928094887362,True,False
11363,14469261817187686392,1447,9601,8087,6561,2000,1244,1204,4.8347159456992,4.830759455977962,13.228968963402728,12.679700005769249,True,False
11364,449651898212083134,45,3782,3177,2801,2000,764,758,4.43257158042807,4.428087600699868,11.884933647949762,11.451726268074506,True,False
11365,695748443707891285239,69575,1628,1623,1398,0,0,0,0.0,0.0,10.668884984266247,10.449148645375436,False,True
11366,61114769789608479461,6111,9373,8116,6704,2000,1024,1001,5.626598741190964,5.597175544708708,13.194295167381915,12.710806433699352,True,False
11367,11684719026363095242,1168,1843,1838,1591,2000,75,74,4.75447845638009,4.753511248871728,10.847840355630714,10.635718120331047,True,False
11368,302438156557280,0,95,0,0,0,0,0,0.0,0.0,6.569855608330948,0,False,True
11369,2832900000000000000,283,1420,1409,1202,2000,78,77,4.276811337243135,4.275571697883638,10.471675214392045,10.231221180711186,True,False
11370,1197000000000000000,120,1016,1004,880,2000,81,80,4.410289546545009,4.40915856844724,9.988684686772165,9.78135971352466,True,False
11371,349125000000000000,35,535,522,496,2000,76,75,4.303859813765933,4.302129507885153,9.06339508128851,8.954196310386875,True,False
11372,2273453958559185647,227,8288,6748,5656,2000,1212,1172,4.742143204691819,4.737495913425218,13.016808287686555,12.4655664048094,True,False
11373,1129234160912163,0,609,0,0,0,0,0,0.0,0.0,9.250298417906333,0,False,True
11374,8680074398972974824,868,9235,7644,6266,2000,1238,1191,5.510328712905788,5.506923371789771,13.1728962458698,12.613329054371054,True,False
11375,912213866914476791,91,2297,2252,1874,2000,214,214,4.581574172585656,4.581574172585656,11.165535141377925,10.871905237659186,True,False
11376,9975000000000000,1,1942,473,462,473,473,462,8.885696373339396,8.834956415622695,10.923327485419192,8.851749041416058,False,False
11377,203490000000000000,20,4815,3344,2993,2000,973,943,4.766768618488921,4.748675827936228,12.233320082730822,11.547376563498101,True,False
11378,464766640972415286,46,1809,1740,1439,2000,190,189,4.4035533782236875,4.402352657791427,10.82097669262124,10.490850876740298,True,False
11379,9576000000000000,1,2087,542,528,542,542,528,9.082149041353869,9.023108450947966,11.027214885159834,9.044394119358454,False,False
11380,5012531328320802,1,1526,188,184,188,188,184,7.554588851677638,7.5013973623159345,10.57553924683453,7.523561956057013,False,False
11381,1433514125724348150,143,447,396,365,2000,97,97,4.39166140213363,4.39166140213363,8.804131021183318,8.51175265376738,True,False
11382,6809802016808228047,681,4210,4128,3384,2000,323,323,4.637745417380433,4.637745417380433,12.039604517953759,11.72451385311995,True,False
11383,19950000000000000,2,60,52,52,997,52,52,5.516177563942249,5.516177563942248,5.906890595608519,5.700439718141092,False,False
11384,15770311622864024137,1577,2203,2195,1848,2000,99,96,4.828516130851512,4.780893931870493,11.105253779700883,10.851749041416058,True,False
11385,2992009084956020963,299,3364,3305,2687,2000,203,202,4.5335302865700715,4.532683937412574,11.715961990255144,11.391780606013166,True,False
11386,6927627425250000000,693,3807,3307,2706,2000,536,518,5.082242339388192,5.075458960250698,11.894438854562262,11.401946123976536,True,False
11387,4063810633132530000,406,3073,2664,2216,2000,444,431,4.5930899652609485,4.582153782124399,11.585432051592962,11.113742166049189,True,False
11388,95622480177464406,10,2950,2029,1861,2000,848,815,5.479856690724446,5.453994143871665,11.526499239136566,10.861862340059151,True,False
11389,2178111110657249809,218,7380,6140,5094,2000,1133,1090,4.466006165779292,4.453812525887864,12.849405100947758,12.314583244274194,True,False
11390,2529169255358562834,253,6088,5235,4427,2000,876,866,5.02790582034711,5.026624572469453,12.571752643503546,12.112113658097865,True,False
11391,969574345215302404,97,5879,4763,4149,2000,975,959,4.739731987449526,4.737444712086127,12.521355062558259,12.01854794187165,True,False
11392,997500000000000,0,316,0,0,0,0,0,0.0,0.0,8.303780748177102,0,False,True
11393,2930006647850733167,293,3386,3331,2724,2000,230,230,4.734340681924927,4.734340681924928,11.725366257895642,11.411510988012072,True,False
11394,25135613314333912004,2514,9540,7914,6516,2000,1033,1003,4.825797420800852,4.821621069567704,13.219773550892874,12.669770888525518,True,False
11395,89885119241078258869,8989,7328,6921,5704,2000,791,785,5.980987485359566,5.9804284616171195,12.839203788096944,12.477758266443889,True,False
11396,7895211387592221,1,990,254,250,254,254,250,7.9886846867721655,7.949314608032009,9.951284714966972,7.965784284662087,False,False
11397,561315498128049718,56,6288,4640,4039,2000,1043,1014,4.418028031955128,4.406543957810691,12.618385502258606,11.979782430703086,True,False
11398,110094668438117364,11,4512,2870,2608,2000,1054,1024,4.37979654090786,4.368771916191519,12.139551352398794,11.348728154231077,True,False
11399,7812077921661584560,781,2763,2739,2239,2000,139,138,4.736118381199182,4.7359111746226725,11.432019846812493,11.128638812852598,True,False
11400,154769958870875109,15,1029,970,854,2000,156,155,4.3748540879602436,4.368775731737953,10.007027266893969,9.73809225962049,True,False
11401,1995000000000000000,200,4923,4112,3469,2000,776,747,4.443864986659555,4.4329923712365,12.26532202423487,11.760304125286382,True,False
11402,99263916645654156,10,224,217,208,2000,66,65,4.641144642999679,4.638842675789222,7.807354922057604,7.700439718141092,True,False
11403,315300443856817953,32,547,540,514,2000,74,73,4.266161567589988,4.264964356099297,9.095397022792557,9.005624549193879,True,False
11404,517865395649553096,52,1985,1945,1643,2000,208,208,4.377024030094816,4.377024030094816,10.95492329203032,10.682116764950074,True,False
11405,926235540536701416,93,2070,2006,1639,2000,176,174,4.488671330185309,4.487362446083234,11.015415052386688,10.678600139099458,True,False
11406,9005769661458150,1,665,200,199,200,200,199,7.6438561897747235,7.633856189774724,9.377210530388552,7.636624620543649,False,False
11407,20169450000000000000,2017,9948,8399,6867,2000,1246,1204,5.3819639094664975,5.379295865403364,13.280190792216906,12.745464248276843,True,False
11408,343140000000000000,34,6008,4449,3907,2000,1221,1179,4.593967672726151,4.5864534822468705,12.552669097514272,11.931845540183673,True,False
11409,184537500000000000,18,4389,3222,2891,2000,1065,1025,4.7420663299404175,4.724827624443302,12.099676554859643,11.49735289347705,True,False
11410,9667770000000000000,967,7865,6710,5444,2000,1079,1037,5.162881312570086,5.157393429762173,12.941231050303049,12.410451351503994,True,False
11411,24937500000000000,2,897,560,542,2000,385,377,6.510906366822068,6.488995558906245,9.80896417491926,9.08214904135387,True,False
11412,1303258145363408521,130,7106,5651,4802,2000,1020,991,4.371669522036006,4.363430146018498,12.794821973331223,12.229419688230417,True,False
11413,6366713981163046491,637,8486,7014,5822,2000,978,949,5.005938733314548,5.002498729051513,13.050868963290736,12.507299124122765,True,False
11414,6531974114915338987,653,8478,6966,5787,2000,980,951,4.6924224692147085,4.687945413500088,13.049508251055096,12.49859992877026,True,False
11415,3147869674185463658,315,7931,6592,5529,2000,1082,1050,4.594900332366024,4.589800364955779,12.95328706787812,12.43280285635187,True,False
11416,448875000000000000,45,6203,4627,4049,2000,1225,1185,4.6032151555889245,4.597787603045844,12.598750409571753,11.983349927676457,True,False
11417,755900457213979116,76,6820,5359,4589,2000,1244,1201,4.650344332210293,4.643660431131817,12.735556023911535,12.163964091412273,True,False
11418,2263140498902525963,226,7995,6624,5505,2000,1223,1179,4.550955384311874,4.532502467882013,12.964882318367694,12.426526848451731,True,False
11419,1316700000000000000,132,3924,3280,2780,2000,644,625,4.488191313930366,4.4809172248209475,11.938109326219239,11.44086916761087,True,False
11420,329175000000000000,33,423,347,327,2000,105,105,4.402478041043049,4.402478041043048,8.72451385311995,8.353146825498083,True,False
11421,18892650000000000000,1889,3688,3223,2618,2000,497,484,5.538450694996866,5.5344000427601525,11.848622940429339,11.354249381945241,True,False
11422,22802850000000000000,2280,3348,2957,2431,2000,460,448,5.838283713656879,5.835238688795062,11.709083812550343,11.247334178028728,True,False
11423,4219425000000000000,422,2951,2564,2143,2000,425,414,4.644398251270091,4.639211110481881,11.526988205432007,11.065416134676548,True,False
11424,1366575000000000000,137,2523,2144,1834,2000,416,404,4.508380031707221,4.495716999697961,11.3009244909763,10.840777923595054,True,False
11425,1322186250000000000,132,2355,2011,1722,2000,397,387,4.474771547813489,4.468006720180494,11.201511344500146,10.749869427396844,True,False
11426,433413750000000000,43,1831,1499,1320,2000,387,378,4.419972735391035,4.409144492723327,10.838416075797337,10.366322214245816,True,False
11427,108727500000000000,11,1331,1005,920,2000,380,373,5.256607757242894,5.2436166553656,10.378294855911891,9.845490050944376,True,False
11428,281295000000000000,28,1547,1240,1109,2000,371,364,4.495079450235719,4.490010126487618,10.595257481449035,10.11504365016171,True,False
11429,5531656433110739,1,893,150,147,150,150,147,7.228818690495879,7.175485357162547,9.802516365121223,7.199672344836364,False,False
11430,36829937034070291,4,3187,1657,1565,2000,966,937,4.772045404021635,4.751603411925531,11.637983303777853,10.61194694181998,True,False
11431,18282995076246583,2,2720,1120,1085,2000,1004,975,6.481537679259437,6.446782791757273,11.409390936137703,10.083479327331842,True,False
11432,531328320802005012,53,6038,4592,3997,2000,1071,1041,4.607480857366238,4.602428900294889,12.559855041513625,11.964701857420447,True,False
11433,60150375939849624,6,3624,2263,2094,2000,1091,1058,4.748548682600365,4.730521252475738,11.823367240046235,11.032045726930809,True,False
11434,18982425000000000000,1898,7053,6298,5174,2000,804,798,5.381063204764289,5.380584495095809,12.784021324374178,12.33706433868474,True,False
11435,3002475000000000000,300,3372,3305,2685,2000,189,188,4.441773175529036,4.440681968836302,11.719388820942083,11.390706372872774,True,False
11436,9933543811560079238,993,8198,7063,5913,2000,993,976,5.046144646503826,5.044468754489802,13.001056274634779,12.529674561764642,True,False
11437,19600185537533971473,1960,9776,8180,6629,2000,1237,1191,5.439370129221645,5.435269591163664,13.25502856981873,12.694575537525989,True,False
11438,30392941136059622,3,1935,1199,1128,2000,714,688,6.235508217541987,6.200875795471003,10.918117851031772,10.139551352398794,True,False
11439,64515879360604461228,6452,5313,5245,4225,2000,200,198,4.9936607242055615,4.992835734924137,12.37531099747307,12.044735626056909,True,False
11440,39025552299721568,4,484,417,400,2000,180,179,5.188686071149606,5.184682735036178,8.918863237274595,8.643856189774725,True,False
11441,2000000000000000000,200,3002,2934,2350,2000,191,188,4.541439687147105,4.540240712935487,11.55170826162069,11.198445041452363,True,False
11442,786474943075171161,79,6323,4855,4223,2000,981,951,4.416141459672161,4.408125602972737,12.626393504173995,12.044052531801302,True,False
11443,8176645336449639,1,1290,375,375,375,375,375,8.550746785383245,8.550746785383245,10.333155350310616,8.550746785383243,False,False
11444,464663055207728750,46,1843,1797,1537,2000,207,207,4.479084723318243,4.479084723318243,10.847840355630714,10.585901449690772,True,False
11445,3950356900505626629,395,2675,2640,2145,2000,118,116,4.460841800551274,4.460329603527425,11.385323176175872,11.066761932386909,True,False
11446,10394525562357082,1,2552,983,950,983,983,950,9.94104760634058,9.866663663839294,11.31741261376487,9.89178370321831,False,False
11447,3998977500000000000,400,3549,3482,2811,2000,197,196,4.675974479443012,4.6752241746316825,11.793196859060945,11.456867738380343,True,False
11448,618450000000000000,62,2063,1995,1662,2000,188,187,4.411908171044284,4.410125242584288,11.010528105886484,10.698704666770345,True,False
11449,874027532275240,0,268,0,0,0,0,0,0.0,0.0,8.066089190457772,0,False,True
11908,85586459553909911129,8559,4248,4216,3429,2000,127,125,5.0208926054293475,5.02056256216014,12.052568050804153,11.743572188935634,True,False
11909,99750000000000000,10,893,825,758,2000,190,189,4.49060395495607,4.488201552553667,9.802516365121223,9.566054038171092,True,False
11910,2394000000000000000,239,1292,1280,1103,2000,74,74,4.6583442445726195,4.6583442445726195,10.335390354693924,10.107217075591382,True,False
11911,4551688376088223865,455,8482,6847,5721,2000,1057,1027,5.236894586981185,5.233827263347683,13.050188767596435,12.482051629033913,True,False
11912,26883438880664257770,2688,5034,4989,3999,2000,211,211,5.07724826340386,5.07724826340386,12.29748950116098,11.965423565810129,True,False
11913,3096865974567655797,310,3503,3460,2802,2000,209,209,4.489684795552316,4.489684795552316,11.774375272802063,11.452241240430817,True,False
11914,1145670398460540,0,602,0,0,0,0,0,0.0,0.0,9.233619676759702,0,False,True
11915,538165388910173484,54,1998,1927,1585,2000,196,195,4.5320195222092305,4.531095805790172,10.964340867792417,10.63026712502677,True,False
11916,12026289031074842988,1203,1169,1165,1017,2000,55,55,4.278561438484852,4.278561438484852,10.191059214531656,9.9901039638575,True,False
11917,65162907268170426,7,3469,2289,2102,2000,1069,1029,4.526731906277311,4.509902974502026,11.760304125286382,11.037546953962178,True,False
11918,19451250000000000,2,1657,879,840,2000,744,717,6.534387646711236,6.494239423644979,10.694357887221452,9.714245517666123,True,False
11919,15960000000000000,2,495,277,272,2000,253,249,6.45473140200121,6.438723397999208,8.951284714966972,8.087462841250339,True,False
11920,5087250000000000,1,90,13,13,13,13,13,3.7004397181410926,3.7004397181410926,6.491853096329675,3.700439718141092,False,False
11921,1953161513629584137,195,1913,1886,1551,2000,137,136,4.375985613040923,4.375648112188503,10.901621158346112,10.59898297103609,True,False
11922,19275191250000000000,1928,9822,8189,6651,2000,1248,1202,5.685340421554022,5.682514075337302,13.261801107195309,12.699355555588463,True,False
11923,19950000000000000000,1995,6386,6085,5018,2000,732,727,5.043948204812717,5.042800176375439,12.640696837570093,12.292896755409172,True,False
11924,3983017500000000000,398,3630,3587,2903,2000,214,214,4.864593371092717,4.864593371092717,11.825753832883112,11.503328856626661,True,False
11925,3121379834294158,0,1103,0,0,0,0,0,0.0,0.0,10.107217075591382,0,False,True
11926,3084643211632500000,308,1466,1453,1205,2000,61,61,4.230232099792561,4.230232099792561,10.517669388133811,10.234817431117325,True,False
11927,748125000000000000,75,3079,2877,2501,2000,588,586,4.520482149676976,4.519791576007564,11.588246152044817,11.28828934218097,True,False
11928,205016634241613223,21,1354,1286,1107,2000,184,182,4.3532633737609645,4.350628158911406,10.403012023574997,10.112439506781552,True,False
11929,2471548025716567200,247,3193,3122,2500,2000,196,195,4.587975315276839,4.5871071027094645,11.640696837570093,11.287712379549449,True,False
11930,1027425000000000000,103,3111,2992,2538,2000,419,417,4.741689337861695,4.739188712705406,11.603162679534382,11.309476353841106,True,False
11931,1996995000000000000,200,7399,5925,5025,2000,980,951,4.625661890395152,4.620524157944332,12.853114583440288,12.294907880953653,True,False
11932,687177750000000000,69,5456,4343,3727,2000,1028,987,4.457421763952359,4.445177804494348,12.413627929024173,11.86379910372885,True,False
11933,77805000000000000,8,219,208,203,2000,77,76,4.5864189625619725,4.5845226557285095,7.774787059601174,7.6653359171851765,True,False
11934,388457530352700821,39,1733,1665,1419,2000,195,194,4.464226224365191,4.462498159012902,10.75905593916017,10.470658874060552,True,False
11935,183041250000000000,18,4942,3502,3130,2000,1158,1120,4.553944668574754,4.547062470894201,12.270879295328784,11.61194694181998,True,False
11936,5471287500000000000,547,2189,2174,1804,2000,111,110,4.958393095837226,4.958078520585026,11.096056239180946,10.81698362325538,True,False
11937,612874291834109319,61,6647,5052,4357,2000,1216,1174,4.473573494357687,4.464410470754915,12.698487638557692,12.089119397915168,True,False
11938,34912500000000000,3,3494,1952,1832,2000,1203,1163,5.296091255370135,5.2700902519834445,11.77066389291676,10.839203788096944,True,False
11939,325126278884013493,33,581,574,543,2000,83,82,4.2821173381711874,4.281061311668251,9.18239435340453,9.084808387804362,True,False
11940,950973719858400000,95,889,881,800,2000,87,86,4.332309623006378,4.331495833281104,9.79603960882977,9.643856189774725,True,False
11941,3839000000000000000,384,7310,6223,5253,2000,970,956,4.467737518636098,4.463442599001561,12.8356556908398,12.358925869154714,True,False
11942,647885578283080062,65,5527,4401,3862,2000,972,956,4.556791444890793,4.553268414975257,12.432280897214161,11.91513244895065,True,False
11943,1993834638872912551,199,7011,5801,4921,2000,1011,989,4.734265084089617,4.730961251665801,12.775404519503981,12.26473580113014,True,False
11944,134064000000000000,13,4900,3360,3039,2000,1199,1159,4.782086366630104,4.762338864215508,12.258566033889933,11.569380959522295,True,False
11945,3493334655983805612,349,7273,6178,5222,2000,972,957,4.553403049753243,4.549480124231433,12.828334860961816,12.350386742312843,True,False
11946,99317334992148618712,9932,9401,8169,6755,2000,1052,1028,6.268660131714529,6.267668757782,13.198598511485047,12.721740054213047,True,False
11947,9975000000000000,1,2136,605,588,605,605,588,9.240791332161958,9.176733666869126,11.060695931687555,9.199672344836364,False,False
11948,1002506265664160,0,618,0,0,0,0,0,0.0,0.0,9.271463027904375,0,False,True
11949,77286300000000000000,7729,5658,5600,4498,2000,207,206,4.58174218478919,4.58099319803853,12.466076461396252,12.135067945777816,True,False
11950,4400825528991398413,440,7634,6485,5456,2000,985,968,4.385548428000062,4.380061411505088,12.898223471215559,12.413627929024173,True,False
11951,175350495075000000,18,4012,2911,2677,2000,966,951,4.433359532196199,4.427470731089526,11.970105890612182,11.386401423640777,True,False
11952,525853690441250562,53,725,718,670,2000,89,87,4.328975715067628,4.327693014750348,9.501837184902296,9.388017285345136,True,False
11953,437024317704010989261,43702,7869,7061,5873,0,0,0,0.0,0.0,12.94196459298614,12.519881922497428,False,True
11954,29359378800223290,3,3385,1911,1803,2000,1240,1197,5.303969457635546,5.2764705045589295,11.724940118462358,10.816183681432342,True,False
11955,731261935720391102,73,3725,3418,2969,2000,721,716,4.425444062708761,4.422882133506935,11.863024710236886,11.535761377986656,True,False
11956,51900577518608233927,5190,5356,5283,4272,2000,293,293,4.8786013348187485,4.878601334818748,12.386940245324311,12.060695931687555,True,False
11957,99750000000000000,10,3214,2219,2034,2000,915,879,5.543209454887252,5.515692575114363,11.650154213675094,10.9901039638575,True,False
11958,5359877314944557044,536,7971,6752,5509,2000,1109,1066,4.742875921707925,4.733991198697494,12.960545013211663,12.42757474756509,True,False
11959,257002530093774889404,25700,2839,2828,2285,0,0,0,0.0,0.0,11.471167133724391,11.157978449945432,False,True
11960,117817708021636058,12,2331,1712,1555,2000,614,596,5.186341238626309,5.166561734839727,11.186733289128867,10.602698865017965,True,False
11961,10025062656641604,1,105,49,49,49,49,49,5.614709844115208,5.614709844115208,6.714245517666122,5.614709844115208,False,False
11962,4498716791979949874,450,307,275,259,2000,56,56,4.485858544872365,4.4858585448723645,8.262094845370179,8.016808287686555,True,False
11963,31542981942539691,3,483,423,417,2000,245,245,5.224949569315677,5.224949569315678,8.915879378835774,8.703903573444663,True,False
11964,170296990328662116037,17030,3469,3079,2531,0,0,0,0.0,0.0,11.760304125286382,11.305491792110685,False,True
11965,16279705725013673723,1628,9097,7667,6350,2000,1058,1028,5.911435070371777,5.909763386124867,13.151175137808572,12.63254087654689,True,False
11966,139650000000000000,14,3969,2816,2614,2000,982,965,4.5319869088667195,4.524443562335545,11.954559846999834,11.352043425795433,True,False
11967,98752500000000000,10,3565,2393,2255,2000,984,967,4.3856265366244305,4.380238970769773,11.79968636133125,11.138911718142744,True,False
11968,59850000000000000,6,3409,2149,2033,2000,996,972,4.750652133970103,4.736935072535813,11.735132884139947,10.989394499844732,True,False
11969,49875000000000000,5,3401,1943,1840,2000,1014,985,4.742969859765239,4.726335449210675,11.731743290707842,10.845490050944376,True,False
11970,8271666029247727321,827,6736,5916,4959,2000,843,833,4.846441846915287,4.84496403748472,12.717676423066395,12.27583351001347,True,False
11971,2733150000000000000,273,5400,4547,3781,2000,817,784,4.512170161361302,4.503882614368052,12.398743691938193,11.884552133987235,True,False
11972,10251869092500000000,1025,4593,4537,3634,2000,204,203,4.628900380146878,4.628166924570949,12.165221068220944,11.827342704234116,True,False
11973,3424546979844303,0,741,0,0,0,0,0,0.0,0.0,9.533329732305834,0,False,True
11974,643633810047328475,64,2926,2401,2082,2000,551,533,4.4243354097749465,4.4154085616698895,11.514714054138487,11.023754353299417,True,False
11975,9716168569079603824,972,4250,4183,3345,2000,201,199,4.907363479852064,4.906460924098754,12.053247125912426,11.707790495528823,True,False
11976,27510953011985647,3,73,60,60,2000,51,51,4.847409218445097,4.847409218445097,6.189824558880018,5.906890595608519,True,False
11977,5644852500000000000,564,8856,7422,6172,2000,1160,1122,4.646274737426412,4.640304927622705,13.112439506781552,12.591522346570734,True,False
11978,304696350000000000,30,5839,4250,3754,2000,1213,1173,5.537753042670769,5.516563635308714,12.511505595792482,11.874212934830874,True,False
11979,1755372473017133,0,377,0,0,0,0,0,0.0,0.0,8.558420713268664,0,False,True
11980,2703225000000000000,270,7183,5990,4950,2000,1086,1044,4.6080233280255705,4.597249861136962,12.810370800183728,12.273212809854334,True,False
11981,8977500000000000,1,1809,416,408,416,416,408,8.700439718141096,8.660163546260897,10.82097669262124,8.672425341971495,False,False
11982,177968789738550749503,17797,5561,5492,4422,0,0,0,0.0,0.0,12.441128621804697,12.110483309816226,False,True
11983,974474588118861896,97,5021,4051,3478,2000,905,868,4.536256037182829,4.527135336577063,12.293759009667864,11.764042217306587,True,False
11984,54363750000000000000,5436,9057,7817,6284,2000,1166,1123,5.764220388651753,5.760992937859841,13.144817542234781,12.617467465294196,True,False
11985,3167919640444813,0,913,0,0,0,0,0,0.0,0.0,9.834471049984222,0,False,True
11986,79800000000000000,8,236,228,218,2000,81,80,4.606438583034892,4.604563692999614,7.882643049361842,7.768184324776926,True,False
11987,2259670729914760,0,1009,0,0,0,0,0,0.0,0.0,9.978710459106358,0,False,True
11988,4421801811597811,0,698,0,0,0,0,0,0.0,0.0,9.447083226209653,0,False,True
11989,1132284152655920564,113,4117,3840,3267,2000,702,698,4.421304482494939,4.42010442249194,12.007377733321269,11.673750739438063,True,False
11990,1605561556713448,0,830,0,0,0,0,0,0.0,0.0,9.696967526234287,0,False,True
11991,499747500000000000000,49975,6374,5560,4498,0,0,0,0.0,0.0,12.637983303777853,12.135067945777816,False,True
11992,1276800000000000000000,127680,4539,4017,3257,0,0,0,0.0,0.0,12.148158772937894,11.669328004395904,False,True
11993,1915200000000000000000,191520,4395,3886,3147,0,0,0,0.0,0.0,12.101647450030766,11.619761463298424,False,True
11994,3192000000000000000000,319200,3689,3274,2666,0,0,0,0.0,0.0,11.84901407369482,11.380461065088973,False,True
11995,23808533598792149503,2381,7183,6404,5301,2000,830,819,5.128336734046178,5.126734917841294,12.810370800183728,12.372048825272772,True,False
11996,2384375953839009599,238,3173,3104,2532,2000,195,194,4.56061134542393,4.5596961148224135,11.631631805917637,11.306061689428342,True,False
11997,9532361098905571403,953,2269,2254,1883,2000,91,90,4.61187248374818,4.611219548705909,11.147840893672337,10.878817284614229,True,False
11998,2905700215827983807,291,1651,1636,1382,2000,97,96,4.476010353409789,4.475474164199566,10.689124404913258,10.432541900388259,True,False
11999,4222720717396938915,422,2016,2001,1654,2000,97,96,4.27182385408059,4.27095702888642,10.977279923499916,10.691743519171276,True,False
12000,596661879027425352,60,558,554,534,2000,61,59,4.185645782790055,4.181561515822314,9.124121311829187,9.060695931687555,True,False
12001,1596000000000000,0,179,0,0,0,0,0,0.0,0.0,7.483815777264256,0,False,True
12002,1496250000000000,0,128,0,0,0,0,0,0.0,0.0,7.0,0,False,True
12003,29925000000000000,3,544,356,343,2000,225,221,5.489598847030929,5.4763079384392075,9.087462841250339,8.422064766172813,True,False
12004,14737394505980080318,1474,5062,4389,3555,2000,680,658,5.412340196339561,5.408080338029029,12.305491792110685,11.795633844506778,True,False
12005,30988046853172887758,3099,3735,3273,2659,2000,472,459,4.651748036713702,4.6464746840485525,11.8668925276766,11.376668061857668,True,False
12006,97511210154339630,10,2800,1992,1896,2000,827,817,4.391961665267871,4.3862610509166,11.451211111832329,10.888743248898258,True,False
12007,4011263394932222,0,137,0,0,0,0,0,0.0,0.0,7.098032082960526,0,False,True
12008,64239250891921807,6,81,78,77,2000,46,46,4.233403061488452,4.233403061488451,6.339850002884624,6.266786540694901,True,False
12009,1925175000000000000,193,196,170,164,2000,44,44,4.255723355424856,4.2557233554248555,7.614709844115208,7.357552004618084,True,False
12010,10025062656641604,1,2222,740,720,740,740,720,9.531381460516316,9.470409277436906,11.117643101389092,9.491853096329674,False,False
12011,50125313283208020,5,3534,2038,1925,2000,957,928,6.558502982953418,6.522595614183407,11.787086324551616,10.910642730469625,True,False
12012,100250626566416040,10,4226,2722,2505,2000,964,935,4.541795768553599,4.527089237374848,12.04507705193494,11.290594888082572,True,False
12013,50125313283208020,5,3466,2117,1967,2000,1080,1048,5.044632818201771,5.026587321641134,11.75905593916017,10.94178124227853,True,False
12014,20050125313283208,2,3069,1527,1463,2000,1205,1165,6.567006406094817,6.528471664722961,11.583552930466485,10.514714054138487,True,False
12015,25000000000000000,3,3324,1707,1620,2000,1214,1172,5.299154006791921,5.273296456953675,11.698704666770345,10.661778097771988,True,False
12016,9389888238580092,1,968,294,292,294,294,292,8.199672344836365,8.186066902659496,9.918863237274595,8.189824558880018,False,False
12017,29867477451678588704,2987,2991,2976,2491,2000,121,120,5.309032444863116,5.308811656667335,11.546412195119352,11.282509306240836,True,False
12018,26298856344712560,3,385,317,313,2000,188,187,5.2009316949221525,5.19726197015151,8.588714635582264,8.290018846932618,True,False
12019,5480302206095274645,548,7861,6709,5633,2000,990,973,4.46329739164468,4.459868940646261,12.940497134458205,12.459687756239548,True,False
12020,9975000000000000,1,205,68,67,68,68,67,6.087462841250342,6.058051076544459,7.679480099505446,6.066089190457772,False,False
12021,5265342798576559,1,60,9,9,9,9,9,3.169925001442312,3.169925001442312,5.906890595608519,3.169925001442312,False,False
12022,14962500000000000,1,2448,980,950,980,980,950,9.936637939002573,9.864524638530064,11.257387842692651,9.89178370321831,False,False
12023,2000000000000000000,200,3067,3008,2462,2000,203,202,4.444991972109138,4.443991517356979,11.58261245126702,11.265615046484458,True,False
12024,2050000000000000000,205,3172,3122,2539,2000,203,203,4.863904569133393,4.863904569133391,11.63117705570398,11.310044679647506,True,False
12025,1596000000000000000,160,2964,2896,2403,2000,283,283,4.997517847935596,4.997517847935597,11.533329732305834,11.230620933129867,True,False
12026,1313574538763233278,131,3328,3191,2714,2000,453,451,4.503625300399762,4.5028368488020565,11.700439718141093,11.406205005418855,True,False
12027,3190246228698183303,319,5953,5172,4353,2000,816,806,4.548078548923076,4.540726247654774,12.539401179028113,12.0877943047879,True,False
12028,569863444055998,0,105,0,0,0,0,0,0.0,0.0,6.714245517666122,0,False,True
12029,1396500000000000000,140,6250,5260,4516,2000,968,958,4.917231309326669,4.914216082430845,12.609640474436812,12.140829770773001,True,False
12030,2394000000000000000,239,7514,6123,5161,2000,1017,991,4.685143256413088,4.681478359367732,12.87536540064177,12.33343491528405,True,False
12031,1795500000000000000,180,7592,5956,5054,2000,1041,1011,4.522616248805357,4.516531162278984,12.89026427702111,12.303209948944776,True,False
12032,1097250000000000000,110,7449,5951,5018,2000,1249,1207,4.834894381272442,4.830687731849248,12.862831046897997,12.292896755409172,True,False
12033,2294250000000000000,229,5209,4370,3658,2000,796,764,4.554918584100709,4.542973914857647,12.346790721750702,11.836839359748716,True,False
12034,1695750000000000000,170,4718,3932,3325,2000,753,726,4.461703538098773,4.449725107800849,12.203959703239462,11.699138625275914,True,False
12035,638400000000000000,64,6630,5126,4445,2000,1185,1143,4.545566568699886,4.525313269385664,12.69479315499995,12.117967703717133,True,False
12036,9973434244714925593,997,2120,2107,1754,2000,88,87,4.681930357250206,4.68148084447852,11.049848549450562,10.776433032444734,True,False
12037,8619974896793689014,862,6107,5733,4760,2000,759,754,5.086550435014078,5.085973339954634,12.576248129843252,12.216745858195306,True,False
12038,64837500000000000,6,3441,2194,2078,2000,997,976,4.748750172945034,4.732029700660995,11.748612176736982,11.020979938904212,True,False
12039,199500000000000000,20,450,443,424,2000,89,88,4.298736888649064,4.297476562549115,8.813781191217037,8.727920454563199,True,False
12040,33416250000000000000,3342,2520,2514,2068,2000,101,100,4.957925859244379,4.957485447889654,11.29920801838728,11.014020470314934,True,False
12041,17206875000000000000,1721,3259,3234,2653,2000,141,140,4.586459365952961,4.586210876520596,11.670213636738564,11.373408960228696,True,False
12042,50798838346288421,5,73,70,69,2000,47,47,4.414643664704845,4.414643664704845,6.189824558880018,6.108524456778169,True,False
12043,674908710905588604,67,5210,4247,3741,2000,953,942,4.502959119541922,4.500233049712564,12.347067657165871,11.869208250550827,True,False
12044,514240513857850,0,254,0,0,0,0,0,0.0,0.0,7.9886846867721655,0,False,True
12045,961230806830232,0,245,0,0,0,0,0,0.0,0.0,7.936637939002571,0,False,True
12046,983535000000000000,98,4746,3981,3429,2000,790,784,4.468977992670483,4.4675754401466286,12.212496385193948,11.743572188935634,True,False
12047,3990000000000000000,399,1567,1555,1282,2000,71,71,4.444388511004266,4.4443885110042665,10.61378946447258,10.324180546618742,True,False
12048,200501253132832080,20,1380,1309,1134,2000,191,190,4.498919938618667,4.4967930332659565,10.430452551665532,10.147204924942228,True,False
12049,354745748460298810,35,504,492,464,2000,71,70,4.3014259665648185,4.299834576233813,8.977279923499916,8.857980995127573,True,False
12050,435540741909678171,44,5860,4222,3694,2000,1046,1017,4.392055343632643,4.3843990814758875,12.51668494930961,11.850968150982439,True,False
12051,3889785958240194472,389,8518,7111,5849,2000,1240,1197,4.74320858969461,4.738288791448699,13.056299014550337,12.513974273740658,True,False
12052,49122807017543859,5,3208,2021,1864,2000,1072,1032,5.121780653294071,5.0975037657100115,11.64745842645492,10.86418614465428,True,False
12053,500000000000000000,50,2038,1965,1693,2000,276,276,4.369592111992799,4.369592111992799,10.992938336165814,10.725366257895642,True,False
12054,35982500083175928,4,579,506,498,2000,278,278,5.233636548436341,5.233636548436342,9.177419537989236,8.960001932068081,True,False
12055,3605255845861662706,361,1491,1484,1299,2000,73,72,4.358534900399176,4.357465268649075,10.542064542283443,10.34318571544788,True,False
12056,169826126439632774,17,702,539,498,2000,192,188,4.371356685504545,4.3644793861218485,9.45532722030456,8.960001932068081,True,False
12057,892762500000000000,89,6933,5343,4587,2000,1212,1171,4.441478548378438,4.428820289672872,12.759264045188788,12.163335192081961,True,False
12058,8497868551354910477,850,4143,4076,3280,2000,201,199,4.954173792913635,4.9357840306016865,12.016460104979208,11.679480099505446,True,False
12059,9975000000000000,1,2071,610,596,610,610,596,9.252665432450247,9.202247584086045,11.016111838220512,9.219168520462162,False,False
12060,72236170426065162,7,4182,2717,2492,2000,1239,1196,5.213656774252406,5.189109492207701,12.029977346589579,11.283088353024002,True,False
12061,3000000000000000000,300,4464,3790,3148,2000,667,645,4.608075932737205,4.597867462856587,12.124121311829187,11.620219825507487,True,False
12062,33514015711046208571,3351,5237,4567,3686,2000,664,643,4.762730789354494,4.754094950520477,12.354524889449351,11.847840355630714,True,False
12063,1695750000000000000,170,965,958,864,2000,66,65,4.354687586339278,4.3534800259938065,9.914385132155443,9.754887502163468,True,False
12064,99748803000000000000,9975,10241,8655,6992,2000,1262,1216,6.0713458995947684,6.0690529917963865,13.32206897619609,12.7714894695006,True,False
12065,42892500000000000000,4289,5261,5218,4171,2000,248,248,5.811195600436712,5.811195600436712,12.36112133473479,12.026177596889225,True,False
12066,2340770784256179,0,40,0,0,0,0,0,0.0,0.0,5.321928094887363,0,False,True
12067,127884706114331027057,12788,5284,5221,4221,0,0,0,0.0,0.0,12.367414751246828,12.04336911395769,False,True
12068,997500000000000,0,285,0,0,0,0,0,0.0,0.0,8.154818109052105,0,False,True
12069,4572953550313050000,457,1830,1823,1549,2000,83,82,4.402706012488195,4.401620514443517,10.837627933171404,10.597121428789569,True,False
12070,1553287769695284864,155,1981,1953,1593,2000,114,112,4.649146890557057,4.635024036069034,10.952013164889486,10.63753055152531,True,False
12071,11367476194061607428,1137,5345,4617,3743,2000,732,706,5.378288958154013,5.373649265958335,12.383974232607853,11.869979332899963,True,False
12072,6982500000000000000,698,1307,1302,1152,2000,65,65,4.550057936006187,4.550057936006188,10.352043425795433,10.169925001442312,True,False
12073,897750000000000000,90,647,643,606,2000,62,60,4.2072009360754,4.202800385307446,9.337621901992508,9.243173983472952,True,False
12074,111009997958431424,11,1244,1157,1098,2000,344,343,4.696563269896903,4.69561119119173,10.280770770130603,10.100662339005199,True,False
12075,315927866358593003,32,386,381,378,2000,62,62,4.246243091430302,4.246243091430301,8.59245703726808,8.562242424221072,True,False
12076,12038468224633926,1,2573,928,905,928,928,905,9.857980995127573,9.801661315702479,11.3292357417338,9.821773981970567,False,False
12077,20538525000000000000,2054,3210,3185,2609,2000,128,127,4.768705776865675,4.768493111877176,11.648357582009666,11.349281228817452,True,False
12078,730438511099064074,73,4827,3856,3323,2000,903,867,4.436948962641203,4.427574600251215,12.236911111444602,11.698270577692032,True,False
12079,11970046641071227818,1197,6655,5709,4634,2000,907,870,5.313918502413019,5.309150325936606,12.700222950799255,12.178042328864821,True,False
12080,14291563354888268470,1429,6436,5534,4488,2000,864,829,5.313636912612109,5.30908902338291,12.651948610723446,12.131856960608793,True,False
12081,3509983360457729713,351,5638,4776,3954,2000,829,795,4.534273652646171,4.5256898115751385,12.460967762570421,11.949097155729207,True,False
12082,200501253132832080,20,3141,2557,2354,2000,752,747,4.536122392487682,4.5333514418932275,11.617008227651965,11.200898605038445,True,False
12083,141645000000000000000,14165,5207,4571,3702,0,0,0,0.0,0.0,12.34623669139025,11.854089179870574,False,True
12084,369075000000000000,37,3086,2780,2482,2000,719,714,4.503072179559055,4.500833735131779,11.591522346570734,11.277287400130357,True,False
12085,55626597326035600200,5563,5311,5243,4260,2000,201,200,4.724782740161149,4.724076712449561,12.374767814092825,12.056637715113201,True,False
12086,475402572303603728,48,5745,4175,3654,2000,963,934,4.449886529026143,4.441524095031014,12.488091177533475,11.835260918627489,True,False
12087,118315405378125211,12,4897,3365,3041,2000,1234,1193,5.302658554649421,5.277017142744093,12.257682480708766,11.570330101030798,True,False
12088,102470837366128481538,10247,7944,7108,5941,0,0,0,0.0,0.0,12.955649907528374,12.536490073199161,False,True
12089,17955000000000000,2,2046,1050,1005,2000,913,878,6.573193735657596,6.531361720716437,10.99859042974533,9.972979786066292,True,False
12090,22033767010730978930,2203,5628,5449,4503,2000,544,542,5.624513854543316,5.624318689751045,12.458406613236532,12.136670762341845,True,False
12091,3451350000000000000,345,8572,7068,5913,2000,1196,1152,4.964568570695236,4.958381634293176,13.065416134676548,12.529674561764642,True,False
12092,99748419456564898218,9975,9376,8166,6751,2000,1034,1010,5.839737054702678,5.83766229929224,13.194756854422248,12.720885503593726,True,False
12093,997346252476172068,100,6795,5494,4666,2000,1184,1139,4.510941672177923,4.499640120339752,12.730257835654754,12.187970591984199,True,False
12094,15087000625000000000,1509,9096,7806,6292,2000,1195,1150,5.377325372816542,5.372883573842377,13.151016538892248,12.619302955415687,True,False
12095,997500000000000000,100,5179,4182,3579,2000,923,885,4.5134977954670745,4.502135158938746,12.338457843130849,11.805340828416384,True,False
12096,270627835739790312,27,2639,2374,2147,2000,666,661,4.425325039653902,4.420619553702828,11.365775635326269,11.068106475858773,True,False
12097,17451768764706637035,1745,6297,6000,4956,2000,724,720,4.7826019602365175,4.781935293569852,12.62044895201331,12.274960472140602,True,False
12098,17525840859958665327,1753,7098,6333,5212,2000,808,802,5.204941720667705,5.204382869116887,12.793196859060945,12.347621368568134,True,False
12099,33890427778432456927,3389,7362,6350,5129,2000,954,914,4.833538340604831,4.824771407725801,12.845882034384061,12.324461855977317,True,False
12100,125887500000000000000,12589,8000,7163,5988,0,0,0,0.0,0.0,12.965784284662087,12.547858506058416,False,True
12101,110722500000000000000,11072,7981,7142,5966,0,0,0,0.0,0.0,12.962353808635275,12.542548262335213,False,True
12102,231208873875131238713,23121,8192,7338,6141,0,0,0,0.0,0.0,13.0,12.584257887744567,False,True
12103,2800154140257806399,280,2070,2045,1684,2000,137,136,4.69115803995822,4.69093892594395,11.015415052386688,10.717676423066395,True,False
12104,498276884556749483,50,6331,4812,4193,2000,1224,1184,4.472246307300004,4.4653961607361765,12.628217680223434,12.03376711484639,True,False
12105,26932500000000000,3,2932,1451,1389,2000,962,934,6.553113370069937,6.51996813736964,11.517669388133811,10.439830883981392,True,False
12106,837900000000000000,84,4986,3996,3441,2000,918,880,4.603441720093901,4.592986026955346,12.283667167491501,11.748612176736982,True,False
12107,1971794007153075000,197,834,830,770,2000,62,60,4.322977884006218,4.239146375591183,9.703903573444663,9.588714635582264,True,False
12108,62288616343590000,6,1836,1271,1175,2000,562,545,4.7633741245989185,4.746964443690507,10.842350343413807,10.198445041452363,True,False
12109,2194500000000000000,219,8262,6713,5644,2000,1224,1182,4.557330786412574,4.550598302516846,13.01227534485612,12.462502272597265,True,False
12110,4841326350000000000,484,9003,7461,6197,2000,1220,1179,5.005933175411615,5.0015684289670395,13.136190104319445,12.59735425297161,True,False
12111,160584564188299932,16,566,547,486,2000,110,109,4.300018136387805,4.2993819690913275,9.144658242831882,8.92481250360578,True,False
12112,15000000000000000000,1500,7823,6706,5416,2000,1053,1012,5.4693610352362585,5.465064294505449,12.933506249629444,12.403012023574997,True,False
12113,59978023115031610,6,1735,1210,1123,2000,546,529,4.757078164855551,4.7394150875757255,10.760719947465624,10.133142212400601,True,False
12114,25974912650608013478,2597,1306,1157,1020,2000,210,207,5.7315825134814595,5.7307157216115225,10.350939181546432,9.994353436858859,True,False
12115,9854701500000000000,985,4254,4186,3337,2000,196,195,4.580178005834282,4.5792856376678985,12.054604317960672,11.704335971182319,True,False
12116,48753805096525958,5,348,237,230,2000,121,121,4.681680525304417,4.681680525304417,8.442943495848729,7.845490050944375,True,False
12117,2382906600838636,0,30,0,0,0,0,0,0.0,0.0,4.906890595608519,0,False,True
12118,3083907011091407,0,30,0,0,0,0,0,0.0,0.0,4.906890595608519,0,False,True
12119,402843052537318,0,220,0,0,0,0,0,0.0,0.0,7.78135971352466,0,False,True
12120,27231750000000000,3,3360,1857,1758,2000,1251,1207,6.170129492222906,6.135055100868353,11.714245517666123,10.779719355143405,True,False
12121,866003842170376483,87,808,802,721,2000,79,78,4.3827583137651835,4.38186263738605,9.658211482751796,9.493855449240822,True,False
12122,1060980754738156364,106,4075,3370,2851,2000,694,670,4.559965813976044,4.553035218150633,11.992584344005802,11.477252323937952,True,False
12123,3540817271250000,0,2,0,0,0,0,0,0.0,0.0,1.0,0,False,True
12124,1403587587146528,0,754,0,0,0,0,0,0.0,0.0,9.558420713268664,0,False,True
12125,2732712862638317852,273,1405,1398,1197,2000,96,95,4.777128780074934,4.776738600064977,10.456354415108288,10.225207436943501,True,False
12126,9211191668843709367,921,2091,2082,1740,2000,85,84,4.623943997919788,4.623487317243681,11.029977346589579,10.76487159073609,True,False
12127,2974763397425506720,297,1459,1450,1237,2000,78,77,4.367393431009064,4.366728694880826,10.510764167917891,10.27262978497637,True,False
12128,4094045148804934434,409,1727,1718,1431,2000,86,85,4.523568200870364,4.523043520992083,10.754052367528924,10.482807956726667,True,False
12129,8060845148968738092,806,2017,2008,1671,2000,83,82,4.577953520365669,4.577474357148242,10.977995368612962,10.706496018061188,True,False
12130,69231747235612552,7,1455,1021,947,2000,445,434,4.526129322434672,4.514788961646727,10.506803437795647,9.887220615468385,True,False
12131,1266447707595000,0,314,0,0,0,0,0,0.0,0.0,8.294620748891626,0,False,True
12132,758094423204930000,76,3100,2538,2187,2000,568,549,4.522610565555983,4.515170548028865,11.5980525001616,11.094737505048093,True,False
12133,10468762500000000000,1047,6179,5319,4320,2000,840,806,5.381508795424774,5.376660037538715,12.593157658103001,12.076815597050832,True,False
12134,16658250000000000000,1666,5880,5082,4128,2000,786,757,5.446282839250088,5.441673246391198,12.521600439723727,12.011227255423254,True,False
12135,6257675512442300777,626,5074,4354,3558,2000,709,684,4.826282135075185,4.818561193529581,12.308907804063939,11.79685079526716,True,False
12136,2738137500000000000,274,4557,3850,3203,2000,694,670,4.544619684845597,4.53786446809319,12.15386865522324,11.645208082774683,True,False
12137,1615950000000000000,162,3381,2861,2425,2000,545,528,4.742753782622887,4.726920173273401,11.723234300893377,11.243769031961852,True,False
12138,2623425000000000000,262,3481,2977,2487,2000,533,516,4.477442368733847,4.469233534778194,11.765286098723683,11.280190792216906,True,False
12139,253938754743146551,25,1468,1407,1243,2000,195,194,4.3528670796264155,4.351295426533117,10.519636252843213,10.279610581052484,True,False
12140,37633655916711105,4,477,417,402,2000,197,196,4.713055946305529,4.710301815108733,8.897845456005511,8.651051691178928,True,False
12141,13728862588177961280,1373,4798,4704,3857,2000,372,371,4.733046310229977,4.732693358672578,12.228217442293435,11.913263430628762,True,False
12142,430070031281148261,43,1764,1697,1411,2000,183,182,4.388086042645549,4.386084541519703,10.784634845557521,10.462502272597265,True,False
12143,15944567258550000000,1594,2287,2276,1898,2000,86,85,4.9876280935708674,4.986958651794931,11.159240650411673,10.89026427702111,True,False
12144,19448158722510130999,1945,2328,2317,1929,2000,79,78,4.886977430607074,4.886179178040807,11.184875342908283,10.913637428049103,True,False
12145,34903191918194102053,3490,2546,2535,2104,2000,80,79,4.848451664773587,4.847569371457157,11.314016703901357,11.038918989292302,True,False
12146,25000274695314668384,2500,2425,2414,2007,2000,82,81,4.980534705037083,4.979731628285188,11.243769031961852,10.970824901362617,True,False
12147,17553952294235588971,1755,1860,1657,1415,2000,279,275,5.504832868080629,5.5038707058079135,10.861086905995395,10.466586337719244,True,False
12148,10025062656641604010,1003,1739,1541,1326,2000,266,262,5.271072537482241,5.269863103900302,10.764042217306587,10.372865060112588,True,False
12149,7204269614198240681,720,1621,1431,1239,2000,242,238,4.910814700670129,4.909031359786611,10.662668375517542,10.274960472140602,True,False
12150,9518858959940896240,952,1538,1362,1181,2000,241,237,5.1946104803537585,5.193181628257813,10.586839787961827,10.205793249397157,True,False
12151,9273473268712048211,927,1460,1293,1127,2000,229,225,5.079795450051813,5.078188830780414,10.51175265376738,10.138271800172221,True,False
12152,8958067295879443819,896,8654,7154,5918,2000,972,943,4.5100471766437975,4.503960331357135,13.079151405421891,12.530893981193922,True,False
12153,99379126765071715350,9938,9383,8117,6527,2000,1199,1154,5.96027198600177,5.957398168969185,13.195833549955587,12.672204323964033,True,False
12154,68800884484418233,7,4136,2545,2354,2000,1208,1167,5.196405341776947,5.17405496329123,12.014020470314934,11.200898605038445,True,False
12155,19047619047619047,2,2966,1414,1357,2000,1215,1173,6.571693549637194,6.532032794714931,11.53430288245463,10.406205005418855,True,False
12156,9476250000000000000,948,4511,4417,3630,2000,368,367,4.42015892653018,4.419558896528681,12.139231570719353,11.825753832883112,True,False
12157,4987500000000000000,499,4099,4000,3318,2000,376,375,4.592207120745626,4.591778503393766,12.001056274634779,11.696098170955864,True,False
12158,1300908777000000000,130,4544,4192,3553,2000,734,729,4.504897001859346,4.502705755986872,12.149747119504681,11.794821973331223,True,False
12159,1500000000000000000,150,6021,5132,4398,2000,917,906,4.623816343256734,4.620069207274181,12.555787402083773,12.102631888854969,True,False
12160,1100000000000000000,110,6934,5464,4664,2000,981,951,4.612158405291516,4.607001560328513,12.759472121202833,12.187352073200497,True,False
12161,2593500000000000000,259,7788,6343,5339,2000,1068,1038,4.675268414149479,4.6679935959667365,12.927037168720295,12.382353833664512,True,False
12162,4000000000000000000,400,8829,7287,6068,2000,1215,1176,4.602551306463692,4.597051037868701,13.108034327661551,12.567005370247033,True,False
12163,3600000000000000000,360,6749,5675,4675,2000,997,957,4.461949999516932,4.453350313513208,12.720458038393296,12.19075064966236,True,False
12164,991984708509889570,99,2892,2769,2370,2000,438,436,4.686332673334908,4.685707614735661,11.497851836951117,11.210671343785622,True,False
12165,134993603678949611,13,4632,3338,3017,2000,1174,1131,4.7780056604324965,4.7569374566985605,12.177419537989236,11.558898981146703,True,False
12166,4782260801599741634,478,8621,7276,5959,2000,1222,1179,4.6028935240390245,4.5969197970856985,13.07363951028323,12.540854532113636,True,False
12167,379050000000000000,38,948,775,702,2000,219,215,4.4243950500086076,4.419124263343697,9.888743248898258,9.45532722030456,True,False
12168,42580753461071,0,1,0,0,0,0,0,0.0,0.0,0.0,0,False,True
12169,8498023258474598705,850,8640,7212,5998,2000,1022,994,4.3893336061339605,4.382162884385657,13.076815597050832,12.55026580686874,True,False
12170,506610276128899895,51,6456,4871,4216,2000,1212,1170,4.602389349360386,4.59576281647783,12.656424863277781,12.041659151637214,True,False
12171,94932998071972572,9,4496,2864,2619,2000,1217,1172,4.550802147481424,4.533810503680709,12.134426320220927,11.354800344350597,True,False
12172,295037618218326296,30,5743,4220,3734,2000,1237,1197,4.558022789891627,4.552255102496364,12.48758884638603,11.866506212226202,True,False
12173,750212726940389589,75,6658,5304,4540,2000,1220,1175,4.557155334025534,4.549832608397131,12.700873155140263,12.148476582178278,True,False
12174,321130434526714246,32,4969,3793,3333,2000,1068,1028,4.7567069062181275,4.7338528017432315,12.27873982655011,11.702605602110248,True,False
12175,1008162545363345009,101,6151,5018,4219,2000,1046,1004,4.56279818460626,4.551163521849244,12.58660526060361,12.042685372219351,True,False
12176,703377586490056585,70,5517,4401,3772,2000,1033,992,4.521552939886796,4.50904329431202,12.429668265133094,11.881113960675096,True,False
12177,1405526189311193587,141,6189,5081,4256,2000,1022,982,4.455259807733618,4.445362844044335,12.59549060660764,12.055282435501189,True,False
12178,706605464892725077,71,5348,4269,3655,2000,1004,963,4.524226316766638,4.511733104171572,12.384783750093353,11.8356556908398,True,False
12179,97533583845639770,10,3327,2291,2100,2000,972,933,5.576974954661079,5.54898591798965,11.700006150882865,11.036173612553485,True,False
12180,104190733011173581,10,3508,2487,2268,2000,950,912,5.567261565460878,5.539709211614715,11.776433032444734,11.147204924942228,True,False
12181,111669045097177224,11,3520,2511,2287,2000,934,896,5.296992791444071,5.26820542341274,11.78135971352466,11.159240650411673,True,False
12182,411184100196358273,41,4171,3246,2835,2000,860,825,4.400686629472685,4.386924763107533,12.026177596889225,11.469133019829592,True,False
12183,96198889483386910,10,2909,2015,1846,2000,840,807,5.47122734450905,5.44543018968371,11.506307581100307,10.850186837645774,True,False
12184,102778143627116653,10,3055,2191,1995,2000,824,792,5.453428729533741,5.428063324645576,11.576956664706092,10.962173031109709,True,False
12185,149288624561426578,15,3110,2278,2058,2000,785,756,4.5434234271405565,4.527247695502919,11.602698865017965,11.007027266893969,True,False
12186,732914374666828392,73,3224,2636,2272,2000,593,575,4.429737473680599,4.421413087389068,11.654636028527968,11.149747119504681,True,False
12187,400496612850912491,40,2649,2121,1849,2000,551,533,4.438397796837549,4.425654494179012,11.371232128369622,10.852529509404196,True,False
12188,162975843604486842,16,2156,1637,1476,2000,542,525,4.420975378304535,4.409109492495205,11.074141462752506,10.527477006060396,True,False
12189,50488722477176558,5,1505,1021,954,2000,479,467,4.9238905227833385,4.908843651121318,10.555547771647065,9.897845456005511,True,False
12190,15591414522687146,2,967,505,490,2000,456,445,6.519917611626184,6.4920710883863,9.917372079476841,8.936637939002571,True,False
12191,210931678499846477,21,1857,1435,1277,2000,444,433,4.42139714839959,4.411945902240152,10.858758099935422,10.318542809702723,True,False
12192,505202291452132273,51,2165,1776,1551,2000,419,408,4.369051771064432,4.359775628566565,11.080151309614088,10.59898297103609,True,False
12193,101358598498411919,10,1523,1135,1036,2000,417,407,5.043568063535053,5.028969533209575,10.572700226487292,10.016808287686555,True,False
12194,700367941457633356,70,2183,1809,1572,2000,411,399,4.51151002436398,4.498852673348831,11.092096414990792,10.618385502258606,True,False
12195,104723580592706252,10,1400,1050,960,2000,396,387,5.0374795500397385,5.023625296783988,10.451211111832329,9.906890595608518,True,False
12196,105165820755114839,11,1319,995,910,2000,379,372,5.256370772781129,5.243379670903836,10.365228849251544,9.829722735086058,True,False
12197,310348106625750047,31,1370,1112,988,2000,319,312,4.743959535097119,4.728641994584362,10.419960177847889,9.948367231584678,True,False
12198,197623666296098879,20,1147,896,814,2000,301,296,4.446689250926553,4.440707878628852,10.163649676015824,9.668884984266247,True,False
12199,623437500000000000,62,1025,858,771,2000,215,211,4.390045596397423,4.385549193519725,10.001408194392809,9.590587049915035,True,False
12200,207903985068658944,21,738,575,527,2000,189,185,4.388826478037141,4.380904503798265,9.527477006060396,9.041659151637214,True,False
12201,159180353454192000864,15918,9937,8522,6991,0,0,0,0.0,0.0,13.278594649690527,12.771283119641005,False,True
12202,10025062656641604,1,2451,944,912,944,944,912,9.882643049361839,9.807304685507216,11.25915476886684,9.832890014164741,False,False
12203,1451613346915496132,145,1400,1384,1172,2000,105,104,4.402195279966227,4.4014172762423245,10.451211111832329,10.194756854422248,True,False
12204,6387680655178954,1,1728,255,253,255,255,253,7.994353436858859,7.978667162349054,10.754887502163468,7.98299357469431,False,False
12205,9655692521139233,1,51,16,16,16,16,16,4.0,4.0,5.672425341971495,4.0,False,False
12206,50656600705344944081,5066,8379,7237,5822,2000,1083,1041,5.806739164128202,5.803514768565248,13.032562359001107,12.507299124122765,True,False
12207,185900813764146024,19,3640,2684,2420,2000,895,860,4.552685769213064,4.535993688759965,11.829722735086058,11.240791332161956,True,False
12208,46068987544301802,5,2074,1346,1251,2000,709,685,4.996760662774062,4.976464163278214,11.018200178813226,10.28886607416582,True,False
12209,4200501253132832080,420,6857,5790,4757,2000,997,957,4.5491836077567775,4.541895370658931,12.743361806865865,12.215836309962455,True,False
12210,70175438596491228,7,741,673,635,2000,186,185,4.708415513953389,4.70540950192934,9.533329732305834,9.310612781659529,True,False
12211,19947027415566053073,1995,8169,7210,6044,2000,972,961,5.788239803723548,5.78775301399256,12.995943767764953,12.561287945164828,True,False
12212,4719745287068668,0,1029,0,0,0,0,0,0.0,0.0,10.007027266893969,0,False,True
12213,46334550363301112,5,2551,1645,1588,2000,915,904,4.551095839612949,4.546408489375627,11.316847183602473,10.632995197142957,True,False
12214,4986846125995006922,499,9017,7480,6208,2000,1214,1172,4.921704738157926,4.915890967927885,13.138431806276849,12.599912842187127,True,False
12215,15941945283115602594,1594,9857,8319,6812,2000,1219,1179,5.204687095436987,5.2018437387375,13.266932910607357,12.733862719678543,True,False
12216,10113652500000000000,1011,6839,6076,5017,2000,797,791,4.694170208224911,4.69320596706199,12.73956967402599,12.292609222764296,True,False
12217,14284388469061207740,1428,9487,8026,6493,2000,1267,1224,5.712774210915265,5.710474382235713,13.211736231827455,12.664669494027176,True,False
12218,18271249963505891,2,265,226,225,2000,199,199,6.433502377354024,6.433502377354026,8.049848549450562,7.813781191217037,True,False
12219,48734181374662578,5,140,127,124,2000,70,69,4.343212669946269,4.3405464914344085,7.129283016944966,6.954196310386875,True,False
12220,20050125313283208,2,432,361,360,2000,274,274,6.474208491052579,6.474208491052579,8.754887502163468,8.491853096329674,True,False
12221,184398891811827302,18,1241,1187,1068,2000,198,196,4.711752969489968,4.708646331154198,10.277287400130357,10.060695931687555,True,False
12222,49209682743645441,5,2113,1378,1281,2000,713,688,4.999774846349623,4.978918436578294,11.04507705193494,10.323054760341646,True,False
12223,2131298714711250000,213,1213,1201,1033,2000,67,67,4.2886386870515745,4.288638687051575,10.24436383512051,10.01262453886506,True,False
12224,998860898199348907,100,878,865,773,2000,82,81,4.41642278657441,4.415577598254426,9.778077129535358,9.594324603924848,True,False
12225,1126990221181959952,113,2610,2543,2083,2000,190,189,4.388921993043265,4.386919991041264,11.349834091457247,11.024447124040647,True,False
12226,891912282328928,0,393,0,0,0,0,0,0.0,0.0,8.618385502258606,0,False,True
12227,30311994065581721807,3031,9628,8262,6650,2000,1258,1212,5.979784123035634,5.977629280871888,13.233020426474496,12.699138625275914,True,False
12228,47176762500000000000,4718,9706,8347,6706,2000,1251,1204,5.712555986015773,5.708909464666515,13.244661144764198,12.711236767793784,True,False
12229,628425000000000000,63,6185,4919,4221,2000,1157,1114,4.402518087232762,4.392093581324692,12.594557879863732,12.04336911395769,True,False
12230,15062250000000000000,1506,6448,5550,4498,2000,865,830,5.3136456023625245,5.309097646465858,12.654636028527968,12.135067945777816,True,False
12231,2234400000000000000,223,5158,4326,3622,2000,791,761,4.469036950381064,4.460345960189344,12.332596057789214,11.822570830950168,True,False
12232,1206975000000000000,121,4676,3865,3281,2000,780,750,4.570610398500949,4.558615857840977,12.191059214531656,11.67991987851842,True,False
12233,987525000000000000,99,4187,3419,2950,2000,749,721,4.464783160907001,4.45120672520702,12.031701202740303,11.526499239136566,True,False
12234,4957575000000000000,496,5075,4339,3560,2000,727,699,4.697882214049564,4.688116586530652,12.309192106959902,11.79766152585376,True,False
12235,1197000000000000000,120,3523,2948,2494,2000,586,567,4.565881842602543,4.554773209392913,11.782588759494963,11.28424574982967,True,False
12236,3509697779556579492,351,3921,3359,2788,2000,568,549,4.522610565555983,4.515170548028865,11.937005926516589,11.445014845868423,True,False
12237,1576050000000000000,158,3200,2701,2287,2000,524,507,4.5436529176839215,4.5315118635832805,11.643856189774725,11.159240650411673,True,False
12238,1880287500000000000,188,3013,2957,2429,2000,239,239,4.954477729163712,4.954477729163711,11.556984957594462,11.246146774635864,True,False
12239,20538935455768977047,2054,5552,5392,4456,2000,507,505,5.378821038203236,5.378578613960812,12.43879185257826,12.121533517340032,True,False
12240,1318413394619071858,132,5226,4461,3779,2000,785,779,4.543146131820357,4.540060656523129,12.35149140932002,11.88378880325996,True,False
12241,6015037593984962406,602,8501,6957,5767,2000,986,956,4.875599942056802,4.871050780481195,13.0534168447575,12.49360530705712,True,False
12242,10473750000000000000,1047,9042,7665,6335,2000,1109,1076,4.464171934820205,4.457646689353517,13.14242620231898,12.629128904028171,True,False
12243,6933951190468817117,693,3703,3639,2915,2000,184,182,4.629689824245249,4.6286439894288565,11.85447883417163,11.509280168087859,True,False
12244,579796078082833,0,419,0,0,0,0,0,0.0,0.0,8.710806433699352,0,False,True
12245,474583371907172147,47,6288,4748,4149,2000,1210,1170,4.471810112241164,4.464719789075714,12.618385502258606,12.01854794187165,True,False
12246,933411235233793,0,333,0,0,0,0,0,0.0,0.0,8.379378367071261,0,False,True
12247,19550692419858101514,1955,9687,8184,6608,2000,1271,1228,5.314162975108732,5.311508082222696,13.241834226335136,12.689997971419446,True,False
12248,9924865539592838850,992,9343,7822,6380,2000,1242,1202,5.089607644852247,5.086608558150738,13.189670152603753,12.639340708652231,True,False
12249,17799233857243892470,1780,6835,6252,5141,2000,780,774,5.4130156457729885,5.412144923082048,12.738725622493423,12.327833296750327,True,False
12250,199500000000000000,20,3802,2877,2642,2000,932,921,4.391384131774554,4.388580709713788,11.892542816648552,11.367414751246828,True,False
12251,36055508770043683788,3606,3511,3484,2868,2000,135,134,4.834504342482713,4.834318008677501,11.777666280880755,11.485829308701904,True,False
12252,1801307277138077735,180,4407,4136,3508,2000,698,694,5.160793737272023,5.160349292827579,12.105581181277437,11.776433032444734,True,False
12253,49875000000000000,5,578,522,500,2000,196,195,4.771293387363346,4.76847504250042,9.174925682500678,8.965784284662087,True,False
12254,3990000000000000,0,1291,0,0,0,0,0,0.0,0.0,10.33427328530719,0,False,True
12255,9975000000000000,1,511,187,185,187,187,185,7.546894459887637,7.525504085556086,8.997179480937621,7.531381460516312,False,False
12256,432000740695665498857,43200,5612,5545,4513,0,0,0,0.0,0.0,12.454299293619899,12.139871063212487,False,True
12257,4488750000000000,0,1393,0,0,0,0,0,0.0,0.0,10.443979542601253,0,False,True
12258,97647239723921846,10,619,454,426,2000,193,189,4.839438128124083,4.82790470741635,9.273795599214264,8.734709620225837,True,False
12259,39900000000000000,4,2252,1426,1386,2000,837,827,4.78596799298659,4.779253465427576,11.13699111208023,10.436711542137214,True,False
12260,33645675000000000000,3365,7864,7008,5851,2000,913,903,5.8172788175633094,5.816772924057087,12.94104760634058,12.514467502819269,True,False
12261,20515159044772085,2,2809,1338,1287,2000,1012,982,6.485500187206775,6.450164669975246,11.455840909126398,10.329796338220701,True,False
12262,5785500000000000000,579,7860,6725,5650,2000,987,970,4.6914124095032195,4.688925334884189,12.940313597145968,12.464035152189913,True,False
12263,4148643025890141202,415,7625,6465,5433,2000,989,972,4.627338937913706,4.622650020720791,12.896521622224974,12.407533331671324,True,False
12264,133717856665896153,13,364,353,337,2000,78,77,4.5876503731414395,4.5857533233380785,8.507794640198696,8.396604781181859,True,False
12265,9930128630412900000,993,2085,2074,1716,2000,83,82,4.487710017803615,4.487155234136185,11.025831668332026,10.744833837499545,True,False
12266,2294250000000000000000,229425,5666,5599,4549,0,0,0,0.0,0.0,12.468114886378098,12.151333719291655,False,True
12267,1022437500000000000000,102244,5653,5586,4545,0,0,0,0.0,0.0,12.464800981655417,12.15006457908147,False,True
12268,35049179606595073,4,452,408,397,2000,198,198,5.205087833094993,5.205087833094993,8.820178962415188,8.632995197142957,True,False
12269,516679390944222908,52,1959,1892,1586,2000,194,193,4.53147960607582,4.530555854103223,10.935901682267588,10.63117705570398,True,False
12270,95237370960410224,10,4474,2853,2613,2000,1215,1172,4.785153726665151,4.765075797057185,12.127349541059118,11.35149140932002,True,False
12271,4987663288746314517,499,8891,7405,6099,2000,1257,1217,5.226842836642258,5.2231491778448635,13.118129977497281,12.574357000565888,True,False
12272,8947030594006050000,895,2071,2063,1764,2000,85,84,4.405358319654505,4.404514638405319,11.016111838220512,10.784634845557521,True,False
12273,5974597843280309775,597,1885,1874,1540,2000,78,76,4.320601594108951,4.318095795686337,10.880348808156027,10.588714635582264,True,False
12274,78396495555000000,8,799,731,680,2000,189,188,4.490501401418376,4.488202929770658,9.642051692927977,9.409390936137703,True,False
12275,195288776395499514423,19529,5757,5676,4621,0,0,0,0.0,0.0,12.491101496916537,12.173989374166535,False,True
12276,120021469171299801,12,1067,1008,924,2000,199,198,4.355401770496194,4.353828881384875,10.059344460824425,9.851749041416058,True,False
12277,757448702324344839,76,2435,2353,2005,2000,322,322,4.778419349023879,4.778419349023878,11.249706056969705,10.969386521342283,True,False
12278,9925125000000000000,993,4202,4134,3307,2000,191,189,4.683184916218491,4.659632747548672,12.036860446673046,11.691307330191115,True,False
12279,1895250000000000000,190,816,812,757,2000,67,65,4.398445446383709,4.323241925945516,9.672425341971495,9.564149489985732,True,False
12280,5986542437369901030,599,1421,1417,1273,2000,78,75,4.931281620449953,4.886609852120132,10.47269083924278,10.314016703901357,True,False
12281,5971852874894572592,597,1455,1451,1302,2000,71,70,4.501804861759942,4.497666093293583,10.506803437795647,10.346513733165635,True,False
12282,6097137257463365379,610,1499,1495,1344,2000,72,71,4.6066545506292345,4.605485522399967,10.54978466794786,10.39231742277876,True,False
12283,5781980782007452099,578,1495,1491,1340,2000,74,72,4.567201083460074,4.56569401835304,10.545929769085467,10.388017285345136,True,False
12284,8592819529374442272,859,1618,1614,1444,2000,74,72,4.606602790523953,4.6053033457352495,10.659995892429977,10.49585502688717,True,False
12285,14319112500000000000,1432,9777,8223,6743,2000,1242,1199,4.71143339104483,4.7039573657969225,13.25517613745972,12.719174882328078,True,False
12286,225435000000000000,23,3662,2830,2592,2000,849,839,4.787113814709684,4.7806856347010465,11.838416075797337,11.339850002884624,True,False
12287,1281787500000000000,128,7082,5550,4726,2000,976,947,4.628950956607934,4.623483778816873,12.789941128390916,12.206403913973848,True,False
12288,39002250000000000,4,3588,2031,1906,2000,1211,1171,4.7842026010462995,4.765211594698058,11.80896417491926,10.896332403909941,True,False
12289,319200000000000000,32,698,682,601,2000,99,98,4.3044928943620215,4.303713384644054,9.447083226209653,9.231221180711186,True,False
12290,3024420000000000000,302,3400,3333,2709,2000,189,188,4.48533010020957,4.484329891832825,11.731319031025064,11.403544678202014,True,False
12291,6460128799982550000,646,1974,1968,1669,2000,78,77,4.381834329448143,4.380449344814017,10.946906274456397,10.704768239362599,True,False
12292,2876939924768700000,288,1463,1456,1256,2000,90,89,4.300885241939623,4.300054255461085,10.514714054138487,10.294620748891626,True,False
12293,1541080876563615,0,759,0,0,0,0,0,0.0,0.0,9.567956075415466,0,False,True
12294,18742191418615879,2,1744,915,903,2000,840,830,6.572447999659722,6.559593246687447,10.768184324776927,9.818582177480858,True,False
12295,58078089519574417,6,3344,2191,2016,2000,1049,1009,4.751373638695038,4.730341155764981,11.707359132080883,10.977279923499916,True,False
12296,2720958512854799,0,1142,0,0,0,0,0,0.0,0.0,10.157346935362844,0,False,True
12297,1591031265664160401,159,7274,5734,4867,2000,975,946,4.508821396491236,4.502767076238991,12.828533210455618,12.248817059278503,True,False
12298,978647601270499990,98,6773,5135,4434,2000,1055,1026,4.687426645107037,4.683159970366795,12.7255792804196,12.114393054867307,True,False
12299,7370297314374443502,737,3739,3675,2944,2000,183,181,4.625573084779084,4.624532864293839,11.868436755858168,11.523561956057012,True,False
12300,2856222489775664,0,972,0,0,0,0,0,0.0,0.0,9.92481250360578,0,False,True
12301,19983294301747247,2,287,244,243,2000,199,199,6.434249162149237,6.4342491621492375,8.164906926675688,7.924812503605781,True,False
12302,45952234328431677,5,542,501,487,2000,203,203,5.2089255638598075,5.2089255638598075,9.08214904135387,8.927777962082342,True,False
12303,43626153231739660,4,211,148,146,2000,94,94,4.97261565281711,4.972615652817108,7.721099188707185,7.189824558880018,True,False
12304,1062656641604010025,106,6882,5385,4593,2000,959,930,4.541951110411626,4.527253405799554,12.748612176736982,12.165221068220944,True,False
12305,9975000000000000,1,146,77,77,77,77,77,6.266786540694903,6.266786540694903,7.189824558880018,6.266786540694901,False,False
12306,8445865435455000,1,443,147,147,147,147,147,7.1996723448363635,7.1996723448363635,8.791162888555018,7.199672344836364,False,False
12307,9931169211419009033,993,9022,7703,6240,2000,1207,1162,4.833364767054016,4.826174128337496,13.139231570719353,12.60733031374961,True,False
12308,991824692208130736,99,6952,5573,4754,2000,1230,1187,4.603287502183744,4.597358245122123,12.7632123668144,12.214926187942435,True,False
12309,2162779500000000000,216,8249,6709,5629,2000,1217,1177,4.833776427522916,4.829671041953701,13.010003521295205,12.458662932867817,True,False
12310,79711385712148421,8,2377,1645,1508,2000,712,688,4.51973900873654,4.5066257583092515,11.214926187942435,10.558420713268664,True,False
12311,1507424356499170677,151,4502,4196,3550,2000,723,718,4.504589784823423,4.502399087162805,12.136350341454156,11.793603309279407,True,False
12312,12959782566570012222,1296,6777,6005,4989,2000,811,803,5.048011453616027,5.046632615172696,12.72643105611424,12.284534954008425,True,False
12313,38902500000000000000,3890,5180,5119,4152,2000,205,204,4.724051523095659,4.723404407173664,12.338736382573916,12.019590728357882,True,False
12314,40897500000000000000,4090,5421,5365,4302,2000,223,222,5.471369497176768,5.471063137426867,12.404343291585755,12.070791809423062,True,False
12315,31578947368421052631,3158,5204,5152,4127,2000,203,200,4.580973677964261,4.579594750095759,12.345405246717796,12.010877723007034,True,False
12316,78796992481203007518,7880,5502,5463,4368,2000,219,219,4.836160281597452,4.836160281597452,12.42574042431621,12.092757140919852,True,False
12317,75628455000000000000,7563,5444,5398,4338,2000,237,237,5.533825350102045,5.5338253501020445,12.410451351503994,12.082814337672273,True,False
12318,99750000000000000,10,1799,1562,1495,2000,646,643,4.383034381841008,4.381784147422055,10.812979471251483,10.545929769085467,True,False
12319,13494351453279971,1,1524,720,693,720,720,693,9.491853096329674,9.40801347413995,10.573647187493322,9.436711542137214,False,False
12320,472450000000000000,47,6094,4744,4127,2000,1211,1168,5.297962235901406,5.270081192233098,12.573173784686485,12.010877723007034,True,False
12321,8095244329821521991,810,3256,3211,2587,2000,141,140,4.47295139362053,4.472471161880681,11.668884984266247,11.33706433868474,True,False
12322,98752500000000000,10,258,246,238,2000,75,74,4.273003569896768,4.271296330431329,8.011227255423254,7.894817763307944,True,False
12323,322392000000000000,32,3848,3033,2730,2000,833,823,4.407579414250167,4.404595221231801,11.909893083770042,11.414685235807214,True,False
12324,74124938101213153,7,4299,2679,2463,2000,1217,1172,5.105703778843742,5.085167353219381,12.069785394983302,11.266200912498961,True,False
12325,11970000000000000,1,2041,917,881,917,917,881,9.840777923595052,9.755320423075313,10.995060467032719,9.782998208920414,False,False
12326,453738585058389589,45,1771,1703,1401,2000,188,187,4.393749363504821,4.392275941766183,10.790348496751914,10.452241240430817,True,False
12327,471177944862155388,47,1824,1758,1500,2000,194,193,4.392074846461593,4.39024059600303,10.832890014164741,10.550746785383243,True,False
12328,695698378018228740,70,988,972,831,2000,100,99,4.293267434199132,4.292497748667291,9.948367231584678,9.698704666770345,True,False
12329,436171077111413,0,379,0,0,0,0,0,0.0,0.0,8.566054038171092,0,False,True
12330,11053110637655224,1,2638,1026,991,1026,1026,991,10.002815015607052,9.927649893308061,11.365228849251544,9.952741247186488,False,False
12331,18592922495475646407,1859,8698,7529,6256,2000,1012,993,5.1633544975991565,5.160825727885871,13.086467993464069,12.611024797307353,True,False
12332,261644250000000000,26,5596,4126,3653,2000,1245,1201,4.473528107941883,4.462354165853477,12.450180247164754,11.834866038362017,True,False
12333,1994702526477427409,199,6316,5230,4368,2000,1006,966,4.372978901070141,4.361252375968405,12.624795455860237,12.092757140919852,True,False
12334,992481203007518796,99,7152,5609,4820,2000,1207,1167,4.499458674438034,4.487354755317179,12.804131021183318,12.234817431117325,True,False
12335,3567899393053033,0,192,0,0,0,0,0,0.0,0.0,7.584962500721156,0,False,True
12336,17986394998522901,2,281,219,217,2000,189,188,6.4095250909857295,6.404023715641893,8.134426320220927,7.7615512324444795,True,False
12337,101547633258360957,10,1495,1116,1020,2000,411,401,5.033757604188352,5.01860461524309,10.545929769085467,9.994353436858859,True,False
12338,14962500000000000000,1496,4193,4130,3353,2000,186,185,5.153935363186708,5.153416767839249,12.03376711484639,11.711236767793784,True,False
12339,102082661633164755,10,4766,3267,2965,2000,1245,1203,4.4667130117793885,4.455883903220894,12.21856323619027,11.533816389433365,True,False
12340,377893792360414353,38,760,744,653,2000,100,99,4.27259541170658,4.271424785968036,9.569855608330949,9.350939181546432,True,False
12341,251629072681704260,25,1499,1431,1220,2000,193,192,4.352955951206705,4.351454543637109,10.54978466794786,10.252665432450248,True,False
12342,24937500000000000000,2494,5017,4950,3993,2000,198,197,4.723297116421989,4.722590943291877,12.292609222764296,11.963257356633047,True,False
12343,249375000000000000,25,1453,1386,1226,2000,193,192,4.415133713021105,4.413497538694166,10.504818987632841,10.259743263690781,True,False
12344,1097070787276334372,110,2585,2520,2077,2000,197,196,4.353486016672967,4.35191402667654,11.335948565202298,11.020285500844647,True,False
12345,173545050000000000000,17355,5641,5570,4509,0,0,0,0.0,0.0,12.461735221604863,12.13859179463752,False,True
12346,8977500000000000,1,1818,487,479,487,487,479,8.927777962082342,8.890816976456058,10.828136484194108,8.90388184573618,False,False
12347,596216253225942500393,59622,1626,1621,1396,0,0,0,0.0,0.0,10.667111542075027,10.447083226209653,False,True
12348,1503759398496240,0,60,0,0,0,0,0,0.0,0.0,5.906890595608519,0,False,True
12349,3453801792604810,0,623,0,0,0,0,0,0.0,0.0,9.283088353024002,0,False,True
12350,9740926499383593861,974,4401,4346,3491,2000,215,214,4.908232592118244,4.9077086453702865,12.103615656394545,11.769424641552753,True,False
12351,122218565773455962,12,4027,2809,2605,2000,991,971,4.754488667365566,4.743483779863403,11.975489756945754,11.347067657165871,True,False
12352,299148564981853125000,29915,2435,2428,2008,0,0,0,0.0,0.0,11.249706056969705,10.971543553950772,False,True
12353,59850000000000000,6,785,709,692,2000,285,285,4.686482862840811,4.68648286284081,9.61654884377899,9.434628227636725,True,False
12354,250000000000000000,25,1925,1794,1620,2000,438,436,4.52424354449316,4.522242944313106,10.910642730469625,10.661778097771988,True,False
12355,150375939849624060,15,2048,1833,1711,2000,615,613,4.433565014881177,4.432564431207367,11.0,10.740624044489413,True,False
12356,179550000000000000,18,3136,2450,2269,2000,774,768,4.7031309313602145,4.699695076344012,11.614709844115207,11.147840893672337,True,False
12357,89769955375335111737,8977,5441,5373,4313,2000,204,203,5.078304083162678,5.077780449142578,12.409656113059851,12.074476000734501,True,False
12358,633412500000000000,63,5116,4181,3677,2000,936,925,4.438281793795981,4.435809912776897,12.320800548881637,11.844313461203296,True,False
12359,7204172943741583159,720,4260,4178,3423,2000,324,324,4.824536927013185,4.824536927013184,12.056637715113201,11.741045577009837,True,False
12360,73899967112526818,7,741,696,659,2000,196,196,4.3927516650521685,4.3927516650521685,9.533329732305834,9.364134655008051,True,False
12361,4269257197252829286,427,3643,3580,2906,2000,203,202,4.629285892892324,4.6285524373163955,11.830911279742782,11.504818987632841,True,False
12362,200168325000000000000,20017,4770,4716,3832,0,0,0,0.0,0.0,12.219773550892874,11.90388184573618,False,True
12363,99650250000000000000,9965,4682,4625,3759,2000,166,165,5.031676104619056,5.030076570587227,12.192909219112012,11.876133200043016,True,False
12364,501253132832080200,50,4131,3362,2971,2000,792,786,4.469160375789488,4.467757887018022,12.01227534485612,11.536732889835415,True,False
12365,2606516290726817042,261,7727,6179,5194,2000,986,957,4.506529484324899,4.500590267514624,12.915692682615404,12.342630298678408,True,False
13740,43890258847235090,4,2063,1328,1238,2000,713,688,5.260013124260173,5.234659159813338,11.010528105886484,10.273795599214264,True,False
13741,3901996673907517500,390,3543,3475,2813,2000,191,190,4.423182108005015,4.421960049855414,11.790755750118313,11.4578938373147,True,False
13742,64751183212800000,6,155,150,144,2000,65,64,4.4976964301239,4.494989033443666,7.2761244052742375,7.169925001442312,True,False
13743,548581413383191724,55,6064,4799,4128,2000,1158,1114,4.517175838719192,4.502065829503184,12.566054038171092,12.011227255423254,True,False
13744,16080238056595273,2,302,159,156,2000,146,143,6.376328715367125,6.354830405704412,8.238404739325079,7.285402218862249,True,False
13745,540350596425554355,54,4059,3418,2988,2000,768,762,4.432964200882537,4.430226304801515,11.986908624697694,11.544964432789238,True,False
13746,98682836780240517,10,4459,2932,2674,2000,1229,1188,4.810608524742781,4.7944179960032125,12.122504484313904,11.384783750093353,True,False
13747,8977500000000000000,898,9277,7748,6323,2000,1240,1199,4.965989581573111,4.962475789011142,13.179442626129568,12.626393504173995,True,False
13748,109725000000000000,11,4222,2886,2626,2000,1073,1041,4.9928239837576935,4.976578933983011,12.043710863347156,11.358651200892886,True,False
13749,14195494430188583609,1420,3273,3245,2662,2000,127,127,4.783118521654185,4.783118521654185,11.676397887044763,11.378294855911891,True,False
13750,822805491867095496,82,3506,3240,2811,2000,669,664,4.425705545716728,4.422736552866034,11.775610280759539,11.456867738380343,True,False
13751,68907506265664160401,6891,7008,6068,4895,2000,917,880,5.709669144824995,5.706072730248364,12.774787059601174,12.257093144491057,True,False
13752,126487894257973350114,12649,5715,5665,4558,0,0,0,0.0,0.0,12.480537783101841,12.154185209265297,False,True
13753,7946990828898491,1,993,257,253,257,257,253,8.005624549193877,7.966714043357301,9.955649907528374,7.98299357469431,False,False
13754,10059753535366395000,1006,34,31,31,2000,31,31,4.815584944353739,4.8155849443537395,5.087462841250339,4.954196310386875,True,False
13755,57796048113195061347,5780,3443,3425,2843,2000,113,112,4.632584240807525,4.632144759106066,11.749450465569916,11.473198383677527,True,False
13756,355210461522190441,36,1639,1575,1360,2000,198,197,4.406349416062388,4.40524886578725,10.678600139099458,10.409390936137703,True,False
13757,49432695902978521,5,1209,822,772,2000,414,404,4.877815044880171,4.8640091601126905,10.239598529249124,9.59245703726808,True,False
13758,9612072393025935000,961,34,31,31,2000,31,31,4.7977967415882485,4.7977967415882485,5.087462841250339,4.954196310386875,True,False
13759,100097642533656009,10,3483,2446,2235,2000,972,933,5.576974954661079,5.54898591798965,11.766114757586722,11.12605911607068,True,False
13760,308120032473086527,31,5340,4076,3575,2000,1153,1110,4.774216618124823,4.751136510142624,12.382624026574916,11.803727526553114,True,False
13761,109724905137300388845,10972,6922,6001,4851,0,0,0,0.0,0.0,12.756973226165448,12.244066464194818,False,True
13762,76583684635439537329,7658,6837,5916,4776,2000,906,871,6.240276853703866,6.238041326342634,12.739147709986453,12.221587121264806,True,False
13763,21537017912741718387,2154,8626,7407,5969,2000,1132,1089,5.680056115305899,5.6765406520218065,13.074476000734501,12.543273538449803,True,False
13764,52980110967000000,5,171,165,157,2000,78,77,5.132552873184072,5.130156236239465,7.417852514885898,7.294620748891627,True,False
13765,8734020225000000000,873,3983,3472,2836,2000,554,535,4.959723948901808,4.952275871104975,11.959639764364185,11.469641817239516,True,False
13766,1500000000000000000,150,4350,3622,3056,2000,717,691,4.563551293471758,4.552007629944397,12.086799685623452,11.57742882803575,True,False
13767,14930644725780000,1,1235,612,594,612,612,594,9.257387842692651,9.191432731619773,10.27029532647204,9.214319120800766,False,False
13768,895958420648874819,90,2289,2245,1863,2000,203,203,4.724569170626085,4.724569170626085,11.160501747555687,10.863411958941638,True,False
13769,200040001691729323,20,5420,3887,3461,2000,1235,1194,4.409093220714939,4.400501758701372,12.404077136241234,11.756973226165448,True,False
13770,65351939865418051233,6535,5501,4793,3864,2000,719,694,5.624989227600929,5.621291665013214,12.425478187645329,11.915879378835774,True,False
13771,8239350000000000000,824,4273,4218,3373,2000,203,202,4.4637629094456255,4.462736742180361,12.061033601681112,11.719816603018126,True,False
13772,3964385315444400000,396,1737,1729,1479,2000,90,89,4.296693391084582,4.295864688010744,10.762382038710392,10.530406337099068,True,False
13773,8015580501401355,1,422,231,231,231,231,231,7.851749041416056,7.851749041416056,8.721099188707186,7.851749041416057,False,False
13774,19950000000000000,2,2315,1139,1113,2000,997,978,6.495534011236986,6.474591624149751,11.1767964781476,10.12023787734196,True,False
13775,334716562969847158,33,2044,1940,1711,2000,412,410,4.385668996811011,4.3845576387314384,10.997179480937621,10.740624044489413,True,False
13776,2791684312294355,0,857,0,0,0,0,0,0.0,0.0,9.7431513941125,0,False,True
13777,50125313283208020,5,3427,2073,1971,2000,1009,983,4.741514513681266,4.726857216060494,11.742730476519174,10.944712061043486,True,False
13778,50000000000000000,5,3530,2066,1960,2000,1013,984,4.742503698658874,4.725871367405628,11.785452468158542,10.936637939002571,True,False
13779,4755581250000000000,476,2827,2790,2263,2000,132,132,4.613528709482232,4.613528709482232,11.465056167831175,11.144020869266893,True,False
13780,4318875750000000000,432,3286,3223,2611,2000,179,177,4.581411605352732,4.576738762816148,11.682116764950074,11.350386742312843,True,False
13781,1073310000000000000,107,2577,2510,2055,2000,194,193,4.402521716716749,4.401320214839403,11.331476821859619,11.004922678569045,True,False
13782,34912500000000000,3,3404,1911,1792,2000,1176,1136,5.289540561833338,5.26301956920198,11.733015321685963,10.807354922057604,True,False
13783,2992500000000000000,299,7774,6266,5272,2000,973,944,4.5533327812565165,4.547713956730223,12.924441392339197,12.364134655008051,True,False
13784,27224164328986800000,2722,2441,2429,2031,2000,83,83,4.97644104168744,4.97644104168744,11.253256579781153,10.987974524296153,True,False
13785,1418285901496041006,142,3593,3410,2897,2000,529,527,4.416755495182257,4.415421939589659,11.810973220002165,11.500343969270403,True,False
13786,4666604250000000000,467,8861,7329,6050,2000,1244,1203,4.696965406771476,4.692133749826226,13.113253806651276,12.56271942704932,True,False
13787,11347061250000000000,1135,3252,2860,2352,2000,452,439,5.413004067520714,5.4081144400786485,11.667111542075027,11.199672344836364,True,False
13788,691267500000000000,69,2258,1868,1621,2000,426,414,4.455936987840113,4.443566800484142,11.140829770773001,10.662668375517542,True,False
13789,119387510764298015,12,3347,2476,2320,2000,893,883,4.552536353615429,4.54799308944727,11.70865283568653,11.179909090014934,True,False
13790,16247639100000000000,1625,5933,5122,4156,2000,793,763,5.311856104447635,5.30679003612856,12.534546067459992,12.020979938904212,True,False
13791,39218622769823132989,3922,9455,7923,6491,2000,994,963,5.209922732893017,5.206139825924891,13.206861742837123,12.664225040837929,True,False
13792,997500000000000,0,253,0,0,0,0,0,0.0,0.0,7.98299357469431,0,False,True
13793,5300180948427940,1,1699,204,200,204,204,200,7.672425341971495,7.623405734128358,10.73047013718422,7.643856189774724,False,False
13794,49875000000000000,5,2586,1688,1626,2000,909,898,4.551003369976232,4.546031922237004,11.336506559810255,10.667111542075027,True,False
13795,150600447985013736,15,1197,1137,1047,2000,251,251,4.469428455170206,4.469428455170207,10.225207436943501,10.032045726930809,True,False
13796,30075187969924812,3,3330,1833,1736,2000,1177,1137,5.289300149146049,5.262783576680127,11.701306461958625,10.761551232444479,True,False
13797,14952021342447229448,1495,4619,4555,3690,2000,276,276,4.820908669244478,4.820908669244478,12.173364830849037,11.849405100947758,True,False
13798,5000000000000000000,500,3784,3718,3006,2000,200,199,4.586073670220235,4.585282644763598,11.885696373339394,11.553629293916364,True,False
13799,3690750000000000000,369,8605,7112,5946,2000,1187,1147,4.787106417209851,4.782634206950812,13.070959476927566,12.537703747907644,True,False
13800,1000000000000000000,100,239,207,196,2000,53,53,4.3769664484723325,4.376966448472332,7.900866807980749,7.614709844115208,True,False
13801,5294670189495488,1,1255,179,175,179,179,175,7.483815777264256,7.427949855476547,10.293471648838134,7.451211111832329,False,False
13802,9914673526577527774,991,2946,2920,2398,2000,138,137,4.917349777713329,4.917180476222515,11.524541715035848,11.227615943414223,True,False
13803,7766824756770267,1,1909,394,385,394,394,385,8.622051819456374,8.571290398136576,10.898601387403938,8.588714635582264,False,False
13804,236635998561900000,24,410,405,393,2000,60,59,4.290875138370774,4.287758062725514,8.679480099505446,8.618385502258606,True,False
13805,1010450930007494,0,324,0,0,0,0,0,0.0,0.0,8.339850002884624,0,False,True
13806,34188315130985798,3,73,69,67,2000,56,54,4.889306676079058,4.879504154653792,6.189824558880018,6.066089190457772,True,False
13807,62842500000000000000,6284,5025,4961,4021,2000,208,205,5.648831310319668,5.647151558844221,12.294907880953653,11.97333862080036,True,False
13808,90763769063063552,9,71,51,51,2000,38,38,4.113433198254788,4.113433198254787,6.149747119504682,5.672425341971495,True,False
13809,21496662986713467666,2150,4946,4877,3909,2000,200,199,4.824088136938493,4.823444860517252,12.272046524389937,11.93258386928929,True,False
13810,49875000000000000,5,102,69,67,2000,47,47,4.445033989199555,4.445033989199554,6.672425341971495,6.066089190457772,True,False
13811,2120586424046769,0,1008,0,0,0,0,0,0.0,0.0,9.977279923499916,0,False,True
13812,1038583769670138,0,105,0,0,0,0,0,0.0,0.0,6.714245517666122,0,False,True
13813,69825000000000000,7,2839,1969,1881,2000,893,883,4.718403771199389,4.713958335955278,11.471167133724391,10.877284133523196,True,False
13814,100000000000000000,10,4145,2709,2516,2000,1026,997,4.6228928246590195,4.6126061103160785,12.017156386383112,11.296916206879288,True,False
13815,220685000000000000000,22069,7887,7067,5902,0,0,0,0.0,0.0,12.945260927339202,12.526988205432007,False,True
13816,102742500000000000000,10274,7836,7013,5859,0,0,0,0.0,0.0,12.935901682267588,12.516438734607949,False,True
13817,183540000000000000000,18354,7945,7116,5947,0,0,0,0.0,0.0,12.955831504235881,12.537946360376203,False,True
13818,390773950832270005939,39077,8093,7257,6063,0,0,0,0.0,0.0,12.982458880127355,12.565816107100892,False,True
13819,164495460239500751879,16450,5759,5705,4596,0,0,0,0.0,0.0,12.49160260669611,12.166163082646113,False,True
13820,28192542000000000000,2819,5048,4980,4046,2000,203,202,4.996907806091974,4.9963819746209595,12.30149619498255,11.982280604558284,True,False
13821,784930680668052968,78,754,745,689,2000,74,73,4.342147181089771,4.340895801778928,9.558420713268664,9.428360172704291,True,False
13822,2107286945483802735,211,4394,4158,3518,2000,664,661,5.44639745606418,5.446109146996859,12.101319154423276,11.78053976747196,True,False
13823,10628859265309323580,1063,2142,2131,1803,2000,64,64,4.58879047218999,4.58879047218999,11.064742764750257,10.816183681432342,True,False
13824,52824648878511966797,5282,2789,2778,2335,2000,84,83,5.364023718933389,5.329418768922477,11.445532219028312,11.189206834597025,True,False
13825,1995000000000000,0,430,0,0,0,0,0,0.0,0.0,8.74819284958946,0,False,True
13826,419748000000000000,42,5303,4106,3575,2000,1081,1040,4.642881268557738,4.628233851282273,12.372593033140745,11.803727526553114,True,False
13827,1963260710188354021,196,1910,1883,1548,2000,132,131,4.524737921566755,4.524472793844733,10.899356922923111,10.59618975614441,True,False
13828,4005588470276883,0,1416,0,0,0,0,0,0.0,0.0,10.467605550082997,0,False,True
13829,16346184721839984,2,2830,1287,1241,2000,1200,1161,6.565240991119463,6.526745986290271,11.466586337719244,10.277287400130357,True,False
13830,12967500000000000,1,912,431,419,431,431,419,8.751544059089097,8.687484568429152,9.832890014164741,8.710806433699352,False,False
13831,24907575000000000000,2491,10052,8503,6959,2000,1256,1213,5.657578490498029,5.655215191409918,13.295194955880655,12.764664292073347,True,False
13832,9454536202637798371,945,4349,4299,3451,2000,210,209,5.117026787732073,5.116603710808995,12.086467993464069,11.752798758435516,True,False
13833,651299468522206919,65,5135,4203,3692,2000,940,928,4.60110346227229,4.597741614780148,12.326148561205557,11.850186837645774,True,False
13834,1721186250000000000,172,2039,2011,1646,2000,108,106,4.29466657772928,4.293547845678998,10.993646060016596,10.684748620421626,True,False
13835,1002506265664160,0,769,0,0,0,0,0,0.0,0.0,9.586839787961827,0,False,True
13836,1995000000000000,0,191,0,0,0,0,0,0.0,0.0,7.577428828035749,0,False,True
13837,3990000000000000,0,447,0,0,0,0,0,0.0,0.0,8.804131021183318,0,False,True
13838,758100000000000000,76,5673,4542,3976,2000,963,946,5.279969593823926,5.26164698602161,12.469896148670918,11.957102041562287,True,False
13839,1485054406119219151,149,6727,5518,4603,2000,1093,1050,4.565960430653368,4.554243678127145,12.715747542831355,12.168358727223886,True,False
13840,59850000000000000,6,3651,2183,2050,2000,985,955,5.098077689873687,5.0775691990741905,11.834075953434885,11.001408194392809,True,False
13841,1821834000000000000,182,2949,2894,2366,2000,204,203,4.507944591256041,4.507005584042759,11.526010107061737,11.208234358339789,True,False
13842,12728360901764889343,1273,4646,4565,3718,2000,314,314,4.954688073526336,4.954688073526336,12.181773438808808,11.860311054919482,True,False
13843,84796380084150000,8,182,171,170,2000,56,56,4.212376337588884,4.212376337588885,7.507794640198696,7.409390936137702,True,False
13844,2573550000000000000,257,8413,6866,5752,2000,1226,1185,4.907791120815234,4.9024233971441635,13.038404628941894,12.489847960439297,True,False
13845,1302020726530276810,130,7696,6155,5213,2000,1211,1171,4.512608325302531,4.506153876890596,12.909893083770042,12.347898144596012,True,False
13846,92683236365497900,9,2612,1821,1668,2000,758,730,4.9324564182556445,4.9141989322296205,11.350939181546432,10.703903573444663,True,False
13847,129526125508366650000,12953,3052,3040,2530,0,0,0,0.0,0.0,11.57553924683453,11.304921669581672,False,True
13848,26854187060080021482,2685,5594,4863,3927,2000,752,726,5.864020450373064,5.860967822130624,12.449664538476192,11.939211882666397,True,False
13849,8269492564125164,1,1454,372,364,372,372,364,8.539158811108033,8.490771714333839,10.505811553919594,8.507794640198696,False,False
13850,644000000000000000,64,3827,3084,2669,2000,725,698,4.424702336533408,4.415315828099094,11.901998185668496,11.382083590141967,True,False
13851,421238830690230000,42,3528,2782,2429,2000,726,699,4.562374229290588,4.5489616925041245,11.784634845557521,11.246146774635864,True,False
13852,10000000000000000,1,685,292,288,292,292,288,8.189824558880018,8.159842067434253,9.419960177847889,8.169925001442312,False,False
13853,2591465697592057466,259,4221,4021,3398,2000,584,582,4.524341142315586,4.523705242163947,12.04336911395769,11.73047013718422,True,False
13854,4062477313097720,0,1354,0,0,0,0,0,0.0,0.0,10.403012023574997,0,False,True
13855,17074830969413854,2,2842,1307,1258,2000,1195,1154,6.563456812798251,6.5201534901241525,11.47269083924278,10.296916206879288,True,False
13856,34413750000000000000,3441,10174,8652,7065,2000,1207,1168,4.741860172464953,4.737353550940995,13.312599378862629,12.786473845221302,True,False
13857,2393856460583780669,239,8170,6671,5546,2000,1250,1207,4.401769003249511,4.3901544776113575,12.996120363033047,12.437231901039478,True,False
13858,107292658126302434500,10729,9833,8514,6852,0,0,0,0.0,0.0,13.263415927557217,12.742309436084,False,True
13859,58092295079950828,6,691,623,593,2000,189,188,4.7114114530914115,4.708659733266522,9.432541900388259,9.211888294546004,True,False
13860,2020935000000000000,202,3096,3028,2467,2000,197,195,4.534254256375378,4.504970700503855,11.59618975614441,11.268542000300123,True,False
13861,3371550000000000000,337,7821,6448,5430,2000,1023,993,5.000352112746107,4.994345437917261,12.933137368256713,12.406736482691723,True,False
13862,72188383921714586,7,3929,2625,2407,2000,1178,1135,4.544817187860037,4.527961781891845,11.939946452458686,11.233020426474496,True,False
13863,1096913290919234,0,329,0,0,0,0,0,0.0,0.0,8.361943773735241,0,False,True
13864,2049013079246011212,205,7540,6000,5054,2000,985,954,4.78514739296615,4.780246742875777,12.880348808156027,12.303209948944776,True,False
13865,31882387446700874618,3188,8978,7806,6489,2000,1012,994,5.477037234470567,5.475066519818572,13.132178380915544,12.663780450683134,True,False
13866,74505563869070993,7,1286,920,852,2000,401,392,4.518791539658505,4.508787538057865,10.328674927327947,9.734709620225837,True,False
13867,82760839749000000,8,185,180,173,2000,64,63,4.223042028891378,4.219987307913843,7.531381460516312,7.434628227636725,True,False
13868,222794478742656765,22,401,396,384,2000,73,72,4.476159927445074,4.474331739735849,8.64745842645492,8.584962500721156,True,False
13869,468769028427105315,47,548,543,517,2000,67,66,4.420684297971576,4.4190720362217055,9.098032082960527,9.014020470314934,True,False
13870,299250000000000000,30,534,525,500,2000,75,73,4.295339007151235,4.292159959860381,9.060695931687555,8.965784284662087,True,False
13871,50161177557602496219,5016,5450,5369,4372,2000,345,345,5.817236180880894,5.817236180880894,12.41204051455165,12.094077685671905,True,False
13872,860233603873285480,86,2558,2469,2114,2000,351,350,4.68263920355154,4.68226409805312,11.320800548881637,11.045759661382682,True,False
13873,9784450567500000000,978,4430,4374,3511,2000,212,211,5.11744175977314,5.117018560773429,12.113090983442381,11.777666280880755,True,False
13874,21350983086817355,2,2453,1357,1296,2000,1006,968,6.483655210594729,6.442462648465897,11.260331518557601,10.339850002884624,True,False
13875,5200000000000000,1,1106,155,152,155,155,152,7.27612440527424,7.224511502048433,10.111135670234708,7.247927513443585,False,False
13876,47700000000000000,5,2524,1603,1489,2000,849,816,5.082118367676875,5.059296559241987,11.30149619498255,10.5401280385821,True,False
13877,21000000000000000,2,1888,1060,1014,2000,778,750,6.55326048615682,6.513813565401076,10.88264304936184,9.985841937003341,True,False
13878,55025975840788443,6,2357,1584,1469,2000,747,720,4.766948756392883,4.746877155065023,11.202736043250168,10.52061868055628,True,False
13879,83000569011457325,8,2461,1706,1563,2000,734,708,4.5280232491085055,4.513953251254884,11.26502894245816,10.610102062999664,True,False
13880,21009892857670051,2,5,2,2,1,1,1,-0.0,-0.0,2.321928094887362,1.0,False,False
13881,734151969861094419,73,1078,907,810,2000,219,215,4.408224615711643,4.404222814901279,10.074141462752506,9.661778097771988,True,False
13882,65650970008881343316,6565,10232,8599,6957,2000,1254,1208,5.890738549248778,5.888352321241047,13.320800548881637,12.76424960536716,True,False
13883,13819711889926708,1,2135,966,950,966,966,950,9.915879378835776,9.880408713715187,11.060020354507852,9.89178370321831,False,False
13884,16231631910306487,2,2229,1053,1032,2000,996,977,6.497786537162819,6.476630408397096,11.122180901259753,10.011227255423254,True,False
13885,994518864438377782,99,2354,2288,1881,2000,199,198,4.671865590342722,4.670853863508965,11.200898605038445,10.877284133523196,True,False
13886,1427652440425215660,143,1026,1015,891,2000,68,68,4.6494630565498545,4.6494630565498545,10.002815015607053,9.799281621521923,True,False
13887,70324610253423594,7,4192,2693,2470,2000,1242,1200,4.444357373222262,4.431099574561444,12.03342300153745,11.27029532647204,True,False
13888,1994624724841136,0,400,0,0,0,0,0,0.0,0.0,8.643856189774725,0,False,True
13889,60341786198247232304,6034,3700,3674,3020,2000,135,134,4.88608172834254,4.885904516829019,11.853309555403674,11.560332834212442,True,False
13890,421443750000000000,42,3848,3170,2811,2000,778,772,4.4315123721786795,4.429926579722961,11.909893083770042,11.456867738380343,True,False
13891,489718201589983970,49,1809,1742,1426,2000,190,189,4.417364015496301,4.415861993543674,10.82097669262124,10.477758266443889,True,False
13892,6083496190980091126,608,6412,5658,4709,2000,784,778,4.486629184804732,4.485120542472819,12.646558710154547,12.201205007299528,True,False
13893,112537135962185504798,11254,3757,3735,3057,0,0,0,0.0,0.0,11.87536540064177,11.57790083688697,False,True
13894,5634984179873084308,563,2486,2463,2012,2000,127,126,4.736743784712394,4.736533237099569,11.279610581052484,10.974414589805527,True,False
13895,52092411421268429,5,2232,1497,1391,2000,713,688,4.999774846349623,4.978918436578294,11.124121311829187,10.44190670454224,True,False
13896,1695750000000000000,170,2852,2784,2280,2000,193,192,4.405159378189371,4.403958897997294,11.477758266443889,11.154818109052105,True,False
13897,1147125000000000000,115,5174,4370,3746,2000,831,822,4.6958311977351945,4.694340275674428,12.33706433868474,11.871135184243045,True,False
13898,1236900000000000000,124,5429,4592,3925,2000,853,843,4.400024997121948,4.39641274830663,12.406470768529283,11.938476938666351,True,False
13899,56857500000000000,6,2954,1974,1894,2000,956,945,4.435472005531934,4.431733797933612,11.52845411076479,10.887220615468385,True,False
13900,20698125000000000000,2070,4994,4944,3964,2000,211,210,4.995668186403804,4.995210511337234,12.285980105928212,11.952741247186488,True,False
13901,249378108486476285,25,4181,3182,2894,2000,969,958,4.430297038216461,4.427520685593766,12.029632328044137,11.498849206531725,True,False
13902,89376000000000000,9,3638,2466,2250,2000,1068,1028,5.037343827710286,5.015707850790634,11.828929827651486,11.1357092861044,True,False
13903,247627590432943691354,24763,4465,4430,3610,0,0,0,0.0,0.0,12.124444460008585,11.817783121774534,False,True
13904,549622500000000000,55,5841,4447,3887,2000,1012,986,4.544137909567921,4.539627624893479,12.511999669441451,11.924441392339197,True,False
13905,24907575000000000000,2491,9745,8317,6833,2000,1173,1136,5.598957891123747,5.596522401644656,13.250446470145253,12.738303411474638,True,False
13906,8927625000000000000,893,8980,7337,6073,2000,1054,1025,4.75967268982677,4.755211660247996,13.13249972962851,12.568193653850074,True,False
13907,6134625000000000000,613,2574,2548,2083,2000,125,124,4.398312900128861,4.397971479343254,11.329796338220701,11.024447124040647,True,False
13908,1020138959585297782,102,1912,1875,1524,2000,131,131,4.612719454687271,4.61271945468727,10.900866807980748,10.573647187493322,True,False
13909,1002506265664160,0,554,0,0,0,0,0,0.0,0.0,9.113742166049189,0,False,True
13910,484609543992200849,48,1833,1773,1498,2000,199,198,4.70717087112817,4.7044174293259164,10.839991070539886,10.54882190845875,True,False
13911,996462261595374273,100,2369,2309,1888,2000,205,204,4.443944831306912,4.442944376554754,11.21006248324023,10.88264304936184,True,False
13912,992001241236122920,99,2357,2298,1885,2000,198,197,4.4889806381077,4.486778656324095,11.202736043250168,10.880348808156027,True,False
13913,1097250000000000000,110,2623,2566,2113,2000,201,200,4.4365615415315425,4.434899533523687,11.357002092264985,11.04507705193494,True,False
13914,1142927110593186431,114,2674,2619,2152,2000,197,195,4.49134512285307,4.481140525279201,11.384783750093353,11.071462362556623,True,False
13915,596727328964123775,60,2062,2007,1677,2000,200,199,4.353907052267225,4.352334837588456,11.00982861736811,10.711666973564347,True,False
13916,997213032101460937,100,2446,2390,1947,2000,194,193,4.488679939783933,4.4864788392336585,11.256208688527387,10.927037168720295,True,False
13917,492872913552058401,49,1890,1832,1549,2000,203,202,4.443896716191272,4.4428964433896,10.884170519108435,10.597121428789569,True,False
13918,4932001614438150000,493,1438,1434,1287,2000,74,72,4.5608971011306245,4.559377778895306,10.489847960439297,10.329796338220701,True,False
13919,184053541637469570985,18405,5991,5889,4829,0,0,0,0.0,0.0,12.548581118165128,12.237508748172656,False,True
13920,11965574203884996106,1197,9051,7637,6307,2000,1084,1053,5.272148519466977,5.269466345612484,13.143861481867859,12.622738217871143,True,False
13921,93568735013025484,9,865,797,735,2000,181,180,4.7072758794140865,4.704020997090601,9.756556322524087,9.521600439723727,True,False
13922,6097314497256429823,610,3311,3252,2631,2000,149,148,4.351926207415957,4.34713330545166,11.693051295397,11.36139553316589,True,False
13923,42260693357595536775,4226,10073,8476,6854,2000,1248,1202,5.570974439889839,5.5683589317665465,13.298205798797902,12.742730476519174,True,False
13924,4760640524062976,0,1254,0,0,0,0,0,0.0,0.0,10.29232163280204,0,False,True
13925,13136221586329650,1,385,198,194,198,198,194,7.629356620079611,7.588952579675571,8.588714635582264,7.599912842187128,False,False
13926,872812500000000000,87,5818,4692,4095,2000,966,950,4.72698716843489,4.719269855508869,12.506307581100307,11.99964773652837,True,False
13927,20000000000000000,2,648,393,385,2000,306,301,6.477925828510561,6.4606767775030285,9.339850002884624,8.588714635582264,True,False
13928,498991892461748382,50,3585,3179,2794,2000,743,737,4.3869709788603615,4.382927989268571,11.807757403589267,11.448116305409464,True,False
13929,21002480476718329413,2100,5007,4947,3994,2000,216,215,4.915119901726951,4.914586490806576,12.289730740083755,11.963618617443972,True,False
13930,2216148437265399000,222,1820,1575,1365,2000,302,296,4.566746424831213,4.561542198256932,10.829722735086058,10.414685235807214,True,False
13931,59850000000000000000,5985,2863,2851,2392,2000,77,76,4.798231069133471,4.792450147353854,11.483311954999353,11.224001674198105,True,False
13932,19263747219931597580,1926,2427,2415,2034,2000,99,98,5.470148937705752,5.467359131886791,11.244958393151133,10.9901039638575,True,False
13933,49875000000000000,5,566,499,479,2000,185,184,4.765004971540139,4.761935132706677,9.144658242831882,8.90388184573618,True,False
13934,191021250000000000000,19102,5645,5586,4498,0,0,0,0.0,0.0,12.462757865660363,12.135067945777816,False,True
13935,142000000000000000000,14200,9172,8060,6739,0,0,0,0.0,0.0,13.163020639580793,12.71831881047926,False,True
13936,1954374323897072082,195,1818,1793,1482,2000,128,127,4.3925751475380554,4.392237385892367,10.828136484194108,10.533329732305834,True,False
13937,1015943775000000,0,1,0,0,0,0,0,0.0,0.0,0.0,0,False,True
13938,4603585315407593918,460,6304,5331,4387,2000,911,874,4.743277110799557,4.7347021393061,12.622051819456376,12.09901899101923,True,False
13939,3790977264472944393,379,2350,2066,1755,2000,359,352,4.635878714501839,4.631658469346372,11.198445041452363,10.777255315191923,True,False
13940,5328143453870496,1,277,58,58,58,58,58,5.857980995127571,5.857980995127571,8.113742166049189,5.857980995127572,False,False
13941,979871357786131665,98,1343,1317,1087,2000,126,125,4.513810884615772,4.513428612762915,10.391243589427443,10.086136225027309,True,False
13942,378047027277095083,38,949,924,780,2000,128,127,4.28431238287704,4.283842302678023,9.89026427702111,9.60733031374961,True,False
13943,852130325814536340,85,1822,1764,1442,2000,148,147,4.354854881843429,4.349384800475281,10.831307243802051,10.493855449240822,True,False
13944,5012531328320802005,501,3503,3439,2774,2000,181,179,4.52927354827098,4.528073192265865,11.774375272802063,11.437752072323603,True,False
13945,5057162368834932707,506,3589,3525,2826,2000,184,182,4.604045847443226,4.602890607577536,11.809366207816078,11.46454575033394,True,False
13946,10413900000000000000,1041,4509,4450,3584,2000,207,206,4.533975572716495,4.533129060730657,12.13859179463752,11.807354922057604,True,False
13947,2779700471047712807,278,3381,3326,2699,2000,204,203,4.406250102337753,4.405149331798377,11.723234300893377,11.398209261466851,True,False
13948,34336788018682517,3,611,413,395,2000,243,239,5.517978736772799,5.505135742512477,9.25502856981873,8.625708843064466,True,False
13949,379118868995401351,38,327,323,319,2000,52,52,4.228387237234749,4.228387237234749,8.353146825498083,8.31741261376487,True,False
13950,864425548808524352,86,2403,2331,1969,2000,284,284,4.4966508372241245,4.496650837224125,11.230620933129867,10.943247395901553,True,False
13951,2229031593767409,0,484,0,0,0,0,0,0.0,0.0,8.918863237274595,0,False,True
13952,1258792692475515,0,46,0,0,0,0,0,0.0,0.0,5.523561956057013,0,False,True
13953,595754738234067886005,59575,1626,1621,1396,0,0,0,0.0,0.0,10.667111542075027,10.447083226209653,False,True
13954,4430240630501598,0,1448,0,0,0,0,0,0.0,0.0,10.499845887083206,0,False,True
13955,5395132904211292,1,6,1,1,1,1,1,-0.0,-0.0,2.584962500721156,0.0,False,False
13956,219450000000000000,22,340,336,329,2000,59,57,4.18973477313644,4.184478657040554,8.409390936137703,8.361943773735241,True,False
13957,9975000000000000,1,15,8,8,8,8,8,3.0,3.0,3.9068905956085187,3.0,False,False
13958,102600805716443909,10,3555,2563,2414,2000,969,958,4.390643842297593,4.386382217050746,11.795633844506778,11.237209960755022,True,False
13959,53392677602257146,5,672,605,577,2000,184,183,4.595643033733081,4.593108982418541,9.39231742277876,9.172427508645482,True,False
13960,4257445437345024320,426,7994,6653,5578,2000,1027,1001,5.2350664589300875,5.2330092943517315,12.964701857420447,12.445532219028312,True,False
13961,4987500000000000000,499,6160,5386,4522,2000,813,804,4.648308537270104,4.646679991219493,12.588714635582264,12.14274527675153,True,False
13962,12314399189237250000,1231,6812,6036,5019,2000,827,818,5.3128898592081795,5.3121018666119735,12.733862719678543,12.29318423075951,True,False
13963,1995000000000000000,200,7836,6378,5396,2000,1170,1131,4.5543000699355245,4.547521126581359,12.935901682267588,12.397674632948268,True,False
13964,9733390170351742,1,1911,554,543,554,554,543,9.113742166049189,9.06905825359041,10.900112062977456,9.084808387804362,False,False
13965,199500000000000000,20,2073,1874,1733,2000,578,576,4.535969711237727,4.534479902561637,11.017504401109415,10.75905593916017,True,False
13966,31355355475043734,3,1123,909,898,2000,611,609,6.559249562884782,6.556247311196016,10.133142212400601,9.810571634741146,True,False
13967,3590359081936268,0,1366,0,0,0,0,0,0.0,0.0,10.41574176829009,0,False,True
13968,44559910758732130,4,940,652,619,2000,349,343,5.2338258559612,5.221993607032719,9.876516946565,9.273795599214264,True,False
13969,169737608330310182,17,4649,3230,2889,2000,1067,1036,4.377506546866165,4.367717871279988,12.182704710518964,11.496354488564615,True,False
13970,9831271341278217,1,1422,424,413,424,424,413,8.7279204545632,8.669536285926021,10.473705749619416,8.689997971419446,False,False
13971,196387800000000000000,19639,6222,5431,4402,0,0,0,0.0,0.0,12.603162679534382,12.103943429891558,False,True
13972,2961186924401017988,296,1388,1376,1185,2000,71,71,4.553214722223982,4.55321472222398,10.43879185257826,10.210671343785622,True,False
13973,12456996093660645433,1246,2218,2206,1862,2000,72,71,4.300179300201963,4.290756716352584,11.11504365016171,10.862637357558794,True,False
13974,58068210901702229050,5807,8756,7764,6511,2000,1006,995,5.839125090141473,5.838482670869205,13.096056239180946,12.668663423175296,True,False
13975,2367795918253172,0,858,0,0,0,0,0,0.0,0.0,9.744833837499545,0,False,True
13976,35694703313640595,4,535,473,463,2000,258,258,4.727176218443607,4.727176218443606,9.06339508128851,8.854868383260236,True,False
13977,8091747458043156233,809,1815,1808,1570,2000,81,79,4.621562011715265,4.613574260394627,10.825753832883112,10.61654884377899,True,False
13978,3990000000000000000,399,8473,7116,5849,2000,1230,1186,4.696414241699693,4.6911235946327325,13.048657153725893,12.513974273740658,True,False
13979,11894125179993097,1,1633,771,765,771,771,765,9.590587049915037,9.575022847580406,10.673309075561695,9.579315937580015,False,False
13980,74730267560355175836,7473,2540,2532,2084,2000,84,83,4.329394624993499,4.3285294099792795,11.310612781659529,11.025139562278508,True,False
13981,98811695093641151483,9881,5616,5535,4517,2000,320,320,5.310814342660094,5.310814342660093,12.45532722030456,12.141149198437516,True,False
13982,1346625000000000000,135,316,281,266,2000,68,68,4.437500626066329,4.4375006260663294,8.303780748177102,8.055282435501189,True,False
13983,20948159059853037,2,639,391,382,2000,294,289,6.460386150610279,6.442859861176126,9.319672120946995,8.57742882803575,True,False
13984,4009750500000000000,401,8837,7293,6075,2000,1236,1195,5.443146577822226,5.440584209386405,13.109340968793223,12.568668693380506,True,False
13985,123690000000000000,12,4220,2867,2649,2000,1009,983,4.370259780308882,4.362931131498495,12.043027283594547,11.371232128369622,True,False
13986,32917500000000000000,3292,34,33,32,2000,33,32,4.95609618595362,4.9129558481336115,5.087462841250339,5.0,True,False
13987,265592485825627436,27,39,37,37,2000,31,31,4.29976513858999,4.29976513858999,5.285402218862249,5.20945336562895,True,False
13988,985162649586124926,99,3116,2939,2528,2000,527,525,5.041075992531405,5.040742659198074,11.605479518061669,11.303780748177102,True,False
13989,99750000000000000,10,2461,1736,1585,2000,705,681,5.303604747840813,5.281170317585702,11.26502894245816,10.63026712502677,True,False
13990,85111790027028667,9,2088,1467,1344,2000,618,599,4.8403721152323955,4.825771711690884,11.027905996569885,10.39231742277876,True,False
13991,46882500000000000,5,3748,2279,2104,2000,1245,1201,4.79917050474943,4.779779298387724,11.871905237659186,11.038918989292302,True,False
13992,37562121168424878,4,1992,1257,1175,2000,713,688,5.260013124260173,5.234659159813338,10.960001932068081,10.198445041452363,True,False
13993,946634460295882917,95,1505,1477,1213,2000,108,107,4.395441067170911,4.395092389063572,10.555547771647065,10.24436383512051,True,False
13994,4997133689825277763,500,3765,3694,2954,2000,191,190,4.371202073973197,4.369867776980923,11.87843414955929,11.52845411076479,True,False
13995,15706558303724625438,1571,5855,5624,4664,2000,659,656,5.534728876291051,5.534461349973148,12.515453455388577,12.187352073200497,True,False
13996,199500000000000000,20,1272,1217,1080,2000,202,201,4.352650808764053,4.351274948851609,10.312882955284355,10.076815597050832,True,False
13997,54673135145499190142,5467,7621,6858,5644,2000,815,809,5.599461448700044,5.599075764287889,12.895764600016399,12.462502272597265,True,False
13998,117259897349510776826,11726,7744,6979,5743,0,0,0,0.0,0.0,12.918863237274595,12.48758884638603,False,True
13999,1997960385550914621,200,2967,2901,2376,2000,199,198,4.405033060520337,4.4039327854515715,11.534789211480266,11.214319120800766,True,False
14000,502729359341281457,50,1941,1882,1589,2000,202,201,4.506662787520438,4.504705492146772,10.922584402713664,10.63390340934852,True,False
14001,81495750000000000,8,2710,1861,1707,2000,807,776,4.550723293500194,4.535865030864079,11.404077136241234,10.737247343027738,True,False
14002,1475496346868250000,148,2736,2669,2142,2000,184,183,4.352723637325073,4.351008248861059,11.417852514885897,11.064742764750257,True,False
14003,99852039063235357,10,3888,2495,2325,2000,1010,984,4.578395240312169,4.568613927251928,11.92481250360578,11.183015000882756,True,False
14004,216041817055343720,22,1377,1322,1170,2000,198,197,4.39338966718354,4.391774869767217,10.427312844134963,10.192292814470767,True,False
14005,9975000000000000,1,120,64,64,64,64,64,6.0,6.0,6.906890595608519,6.0,False,False
14006,50000000000000000,5,611,572,557,2000,205,205,4.578212682809417,4.578212682809418,9.25502856981873,9.121533517340032,True,False
14007,138742451235141392,14,4458,2949,2684,2000,970,941,4.735373182863741,4.719513412487114,12.122180901259753,11.390168956200183,True,False
14008,2040076996721977,0,319,0,0,0,0,0,0.0,0.0,8.31741261376487,0,False,True
14009,50559384724630705696,5056,5428,5348,4350,2000,347,347,6.002113863201217,6.002113863201217,12.406205005418855,12.086799685623452,True,False
14010,5000304264340186606,500,8376,7034,5858,2000,1083,1051,4.503995850935013,4.498045853538477,13.032045726930809,12.516192477879367,True,False
14011,2696820982086398121,270,7782,6423,5410,2000,1092,1060,4.509672520923787,4.500731839075527,12.925925264972856,12.401412878714178,True,False
14012,29827259452984542,3,2944,1601,1520,2000,1077,1045,5.265069021200303,5.241246200459651,11.523561956057012,10.569855608330949,True,False
14013,9975000000000000,1,2223,594,578,594,594,578,9.214319120800766,9.151003227746159,11.11829223302699,9.174925682500678,False,False
14014,44887500000000000,4,3795,2201,2040,2000,1214,1171,5.298655564507389,5.270839591605136,11.889884170302828,10.994353436858859,True,False
14015,6461449655836291460,646,2500,2479,2030,2000,120,119,4.6354120722541,4.635175084469673,11.287712379549449,10.987264012072538,True,False
14016,447389129867033041,45,248,245,242,2000,53,53,4.333812030686017,4.333812030686017,7.954196310386875,7.918863237274595,True,False
14017,34681080000000000000,3468,865,862,754,2000,63,62,4.8796930909172245,4.833454426706937,9.756556322524087,9.558420713268664,True,False
14018,2144885412966418,0,486,0,0,0,0,0,0.0,0.0,8.92481250360578,0,False,True
14019,10822875000000000000,1082,8164,7083,5928,2000,981,967,5.127194488964927,5.124848489289217,12.995060467032719,12.533329732305834,True,False
14020,2198315437500000,0,5,0,0,0,0,0,0.0,0.0,2.321928094887362,0,False,True
14021,3466045719020282,0,7,0,0,0,0,0,0.0,0.0,2.807354922057604,0,False,True
14022,690043411564654152,69,2944,2756,2398,2000,557,555,4.685680662827929,4.685145045218543,11.523561956057012,11.227615943414223,True,False
14023,88263378561303195508,8826,9347,8148,6749,2000,1032,1010,5.567440021836024,5.564849238265241,13.19028767858039,12.720458038393296,True,False
14024,33988933550021345307,3399,10039,8424,6815,2000,1236,1191,5.340184795898383,5.33707281044442,13.293327946956358,12.734497941692572,True,False
14025,2734034422594392,0,561,0,0,0,0,0,0.0,0.0,9.131856960608793,0,False,True
14026,41877710960484784870,4188,3376,3357,2768,2000,126,125,4.928036627049303,4.9278655422164865,11.721099188707186,11.434628227636725,True,False
14027,15548542626839604,2,2920,1290,1236,2000,1217,1171,6.571166609983611,6.527088393763942,11.51175265376738,10.271463027904375,True,False
14028,62647995952075550232,6265,2904,2892,2421,2000,79,78,4.66217389147745,4.655741608307622,11.50382573799575,11.241387363998937,True,False
14029,24565802134685795540,2457,5509,5355,4401,2000,471,469,4.873642080331236,4.873169064566984,12.42757474756509,12.103615656394545,True,False
14030,14498281332643894,1,2073,984,946,984,984,946,9.942514505339242,9.858810716745136,11.017504401109415,9.885696373339394,False,False
14031,468839022855000000,47,460,456,447,2000,69,67,4.481928493966232,4.4143322499409,8.845490050944376,8.804131021183318,True,False
14032,81896036499322250,8,4037,2394,2203,2000,1053,1023,4.375573340796404,4.365903705710257,11.97906787148051,11.105253779700883,True,False
14033,22947486631376349,2,364,304,300,2000,198,197,6.424790990063665,6.419277205602512,8.507794640198696,8.228818690495881,True,False
14034,49628197867147410000,4963,1665,1489,1281,2000,253,249,5.678966572774057,5.678034041417689,10.701306461958625,10.323054760341646,True,False
14035,202878249062200422,20,1349,1300,1154,2000,198,198,4.4061866941154735,4.406186694115473,10.397674632948268,10.172427508645482,True,False
14036,57806452480815688,6,3772,2477,2281,2000,1173,1130,4.777566814554486,4.756501244675249,11.881113960675096,11.155450731312138,True,False
14037,11316637500000000000,1132,4635,4581,3674,2000,218,217,5.079237915485176,5.078815340463519,12.178353623512892,11.84313591111135,True,False
14038,16818858541509658988,1682,4412,4348,3505,2000,203,200,5.534192651240604,5.532320528576745,12.107217075591382,11.775198728897985,True,False
14039,7195782735181654,1,1947,360,354,360,360,354,8.491853096329674,8.452964207440784,10.927037168720295,8.467605550082997,False,False
14040,836692913132237,0,434,0,0,0,0,0,0.0,0.0,8.761551232444479,0,False,True
14041,1219837219163136,0,749,0,0,0,0,0,0.0,0.0,9.54882190845875,0,False,True
14042,5933741563815964915,593,8273,6932,5791,2000,1026,1000,5.161088836333132,5.1589173446209475,13.014194866814499,12.499596781489753,True,False
14043,1955100000000000000,196,3334,3236,2720,2000,369,368,4.377227554661383,4.376370228091403,11.703038388986418,11.409390936137703,True,False
14044,40594939131340460,4,568,508,496,2000,246,246,5.225027508924013,5.225027508924014,9.149747119504681,8.954196310386875,True,False
14045,22850096741098820,2,1738,1002,958,2000,715,689,6.5166244499543815,6.476956633182886,10.7632123668144,9.90388184573618,True,False
14046,108851733448910665,11,2079,1533,1394,2000,557,540,5.268470490267984,5.246221992054037,11.02167404285837,10.445014845868423,True,False
14047,510261150000000000000,51026,9744,8352,6901,0,0,0,0.0,0.0,13.250298417906333,12.75258971764099,False,True
14048,181397747987549971,18,1231,1180,1068,2000,221,221,4.679270021464969,4.679270021464971,10.265615046484458,10.060695931687555,True,False
14049,3316506304284600000,332,1492,1479,1222,2000,69,69,4.476995717204617,4.476995717204616,10.543031820255237,10.25502856981873,True,False
14050,1216640098263857638,122,948,935,821,2000,76,76,4.37068357280388,4.3706835728038795,9.888743248898258,9.681238411777805,True,False
14051,334646229198276500,33,458,445,424,2000,60,60,4.195468769553451,4.195468769553451,8.839203788096944,8.727920454563199,True,False
14052,6061924422938358123,606,1834,1822,1524,2000,64,64,4.45218464801706,4.4521846480170595,10.840777923595054,10.573647187493322,True,False
14053,1274379183588243003,127,956,945,832,2000,59,59,4.224101454351763,4.224101454351764,9.900866807980748,9.700439718141093,True,False
14054,289358982199492819,29,412,401,386,2000,57,57,4.1804604316575755,4.1804604316575755,8.686500527183219,8.59245703726808,True,False
14055,2781311787994825213,278,1329,1318,1141,2000,68,68,4.640164087217607,4.640164087217608,10.376125389276174,10.156083076288681,True,False
14056,1415430191349683303,142,1033,1021,896,2000,62,62,4.277140863874642,4.277140863874642,10.01262453886506,9.807354922057604,True,False
14057,4849748924850033415,485,1989,1974,1642,2000,102,101,4.592620050214313,4.592114420705606,10.957827560833744,10.681238411777805,True,False
14058,299429252373900055050,29943,372,340,321,0,0,0,0.0,0.0,8.539158811108031,8.326429487122303,False,True
14059,235799479565735851,24,644,626,555,2000,102,101,4.374264160694482,4.372855398376034,9.330916878114618,9.116343961237469,True,False
14060,3096316699602640,0,50,0,0,0,0,0,0.0,0.0,5.643856189774724,0,False,True
14061,5759325156613531,1,1755,172,171,172,172,171,7.4262647547021,7.4146368477253555,10.777255315191923,7.417852514885898,False,False
14062,4975287445055059150,498,3729,3662,2946,2000,191,190,4.402941830121527,4.4017412298213765,11.86457308177364,11.524541715035848,True,False
14063,8974095423482569964,897,4256,4197,3368,2000,205,204,4.494113187979936,4.493189012386572,12.055282435501189,11.717676423066395,True,False
14064,12350369226373072115,1235,4618,4540,3690,2000,319,319,5.6529350737462565,5.6529350737462565,12.173052457774116,11.849405100947758,True,False
14065,8458241738436643704,846,4585,4483,3682,2000,416,414,4.7317150010101425,4.731126748414479,12.162706018482417,11.846273911349906,True,False
14066,3477830731252924049,348,4680,4453,3738,2000,629,626,4.430464375793914,4.429464125731399,12.192292814470767,11.868050853745158,True,False
14067,6484663080524310455,648,6256,5648,4691,2000,773,767,4.738777433404385,4.736813519809756,12.611024797307353,12.195679785495981,True,False
14068,6782850797014526307,678,6580,5765,4842,2000,854,844,5.381860625091151,5.381046783043349,12.683871868622603,12.241387363998937,True,False
14069,6083938845735075116,608,7391,6460,5443,2000,950,938,5.048711042871169,5.046947665114752,12.851553858429778,12.410186320725094,True,False
14070,8478480303067184739,848,8027,6910,5794,2000,979,963,4.831502450967629,4.8294557259872235,12.970645182266665,12.500343969270403,True,False
14071,7250000000000000000,725,8589,7130,5906,2000,1027,997,5.082353480009929,5.079190924711575,13.068274455720509,12.527965641133955,True,False
14072,5087250000000000000,509,8372,6840,5679,2000,978,949,4.552506669052742,4.547024561086552,13.031356596255709,12.471421196424862,True,False
14073,10602017101432223959,1060,8991,7405,6117,2000,996,967,4.5043184328189145,4.498462312261639,13.134265869234731,12.578608560737752,True,False
14074,5985000000000000000,599,9070,7565,6276,2000,1207,1163,5.442941076481864,5.438955507911487,13.146886835415884,12.615629636968098,True,False
14075,9975000000000000,1,126,79,79,79,79,79,6.303780748177105,6.303780748177105,6.977279923499917,6.303780748177103,False,False
14076,1805475000000000000,181,867,745,676,2000,141,141,4.46120521420705,4.46120521420705,9.759888183221834,9.400879436282183,True,False
14077,355534165781918076243,35553,5632,5565,4492,0,0,0,0.0,0.0,12.459431618637296,12.133142212400601,False,True
14078,41566188094468354,4,2568,1637,1582,2000,932,921,5.2945890919763965,5.287112053641295,11.326429487122303,10.627533884472792,True,False
14079,49349015404754608,5,2872,1784,1711,2000,961,947,5.597748421892705,5.587409247399595,11.487840033823051,10.740624044489413,True,False
14080,3563667055296043,0,55,0,0,0,0,0,0.0,0.0,5.78135971352466,0,False,True
14081,9930534625369168616,993,9425,7803,6369,2000,1238,1192,5.381830925999825,5.37885424630956,13.202276903043389,12.636851156626534,True,False
14082,84787500000000000,8,2449,1809,1740,2000,763,757,4.385034575652477,4.38158581688918,11.257977058563979,10.76487159073609,True,False
14083,49875000000000000,5,2827,1790,1719,2000,969,955,4.77004447299298,4.758843035060818,11.465056167831175,10.747353829478062,True,False
14084,498750000000000000,50,5210,4038,3561,2000,987,969,4.380315437885151,4.372432262503629,12.347067657165871,11.798066720363062,True,False
14085,21646465493697260,2,2963,1627,1557,2000,1201,1159,6.5668029305230515,6.525666773117695,11.532842910961282,10.604553229079038,True,False
14086,2955925720000794111,296,1505,1497,1289,2000,94,93,4.339222447098585,4.338470957432091,10.555547771647065,10.332036548361652,True,False
14087,33735310275885915134,3374,9432,7905,6478,2000,997,967,5.477911881201029,5.475613385503681,13.203348002979762,12.661332752795186,True,False
14088,80000000000000000,8,3702,2483,2264,2000,1097,1056,4.567336772694887,4.550315264616473,11.854089179870574,11.144658242831882,True,False
14089,18417185543945147,2,2318,1191,1142,2000,1029,991,6.494900829668391,6.45370826753956,11.178664851006472,10.157346935362844,True,False
14090,47620196667482715717,4762,9811,8214,6751,2000,1094,1063,5.444065365460261,5.441583771054048,13.260184477326176,12.720885503593726,True,False
14091,1480379350706216731,148,7637,6179,5165,2000,1235,1192,4.436838155374272,4.428475236325964,12.898790308381212,12.334552633752422,True,False
14092,4579182143240460,0,1427,0,0,0,0,0,0.0,0.0,10.478769619475763,0,False,True
14093,96558000000000000000,9656,5490,5430,4385,2000,271,271,5.759633651074429,5.759633651074427,12.42259043389256,12.098361127332096,True,False
14094,340096649698969029,34,2725,2489,2229,2000,647,644,4.7866493681434585,4.786093766287747,11.41204051455165,11.122180901259753,True,False
14095,363658119363293457,36,3006,2726,2436,2000,708,704,4.375759882959794,4.374259695436354,11.553629293916364,11.250298417906333,True,False
14096,519512174265469063,52,3459,3153,2763,2000,721,716,4.39468377244759,4.393169734520508,11.756139298372927,11.432019846812493,True,False
14097,494915942598080649,49,3345,3038,2670,2000,716,712,4.756264795357831,4.753407594086139,11.707790495528823,11.382624026574916,True,False
14098,484175782680071459,48,3354,3043,2677,2000,725,721,4.5147752766441185,4.513623961699166,11.711666973564347,11.386401423640777,True,False
14099,485181110547863621,49,3442,3090,2719,2000,734,729,4.504823198556512,4.50263261385553,11.749031382040204,11.40886043602476,True,False
14100,97374644890948744,10,4444,2916,2662,2000,1225,1184,4.39940911410103,4.388366017034306,12.117643101389092,11.378294855911891,True,False
14101,8701245393823186031,870,9403,7855,6468,2000,1233,1190,5.172149214695995,5.167323102823793,13.198905402581904,12.659103963473662,True,False
14102,1289204688998149510,129,2673,2605,2079,2000,191,190,4.44287183982203,4.4416891615105305,11.384244122243079,11.02167404285837,True,False
14103,990673824611515880,99,2337,2270,1823,2000,194,192,4.580172644826631,4.578827589196946,11.190442018782825,10.832098846039134,True,False
14104,33815250000000000000,3382,5163,5094,4090,2000,201,200,4.907371832416271,4.906800199690299,12.33399388276136,11.997885127829111,True,False
14105,74972487376707919,7,772,704,655,2000,186,185,4.440152211998655,4.438090001996936,9.59245703726808,9.355351096424812,True,False
14106,1995000000000000,0,25,0,0,0,0,0,0.0,0.0,4.643856189774724,0,False,True
14107,99750000000000000,10,2994,2135,2021,2000,876,866,4.5633204332304285,4.558955891222984,11.547858506058416,10.980853606379736,True,False
14108,42354560628975000000,4235,8774,7557,6074,2000,1115,1072,5.307972762522911,5.30305607700873,13.09901899101923,12.56843119316746,True,False
14109,248366641892371632,25,359,355,348,2000,64,63,4.277410921656644,4.274943028499733,8.487840033823051,8.442943495848729,True,False
14110,847479509161284832,85,607,603,573,2000,64,62,4.353770399306833,4.350681113593287,9.245552706255681,9.162391328756906,True,False
14111,127832504513771861,13,2784,2035,1843,2000,725,699,4.75979846059241,4.739974474121813,11.442943495848729,10.847840355630714,True,False
14112,33152444661898671,3,2277,1415,1381,2000,877,867,5.89021330186767,5.880735499581016,11.152918576136623,10.43149760425805,True,False
14113,4986502500000000000,499,8985,7350,6066,2000,1225,1179,4.513375965328638,4.5061416774560215,13.133302788397303,12.56652978262417,True,False
14114,114712500000000000,11,4840,3350,3040,2000,1238,1198,4.445291378367747,4.432689414106011,12.240791332161956,11.569855608330949,True,False
14115,14275807040721901,1,1965,932,895,932,932,895,9.86418614465428,9.777958110344622,10.940313597145968,9.805743872151618,False,False
14116,57509884418631648112,5751,5390,5318,4301,2000,319,318,5.787291975874664,5.786510962495029,12.396069557639867,12.07045641594465,True,False
14117,63564926407500000000,6356,4352,4308,3504,2000,149,147,5.031918466138422,5.031623766612258,12.087462841250339,11.774787059601174,True,False
14118,151722452817557368478,15172,1315,1172,1033,0,0,0,0.0,0.0,10.360847084179664,10.01262453886506,False,True
14119,21241696341638923390,2124,8018,7115,5972,2000,934,923,5.382144221751112,5.381378085007873,12.96902670215077,12.543998450134541,True,False
14120,81176550000000000000,8118,4153,3656,2962,2000,575,558,6.339967909928032,6.3376784412563545,12.019938156424795,11.532355925288847,True,False
14121,126846960882116348,13,2734,1999,1809,2000,713,688,4.7554568361182525,4.736444533614098,11.41679752760606,10.82097669262124,True,False
14122,180451127819548872,18,4715,3270,2922,2000,1063,1033,4.380941141231027,4.371223368531741,12.20304205556246,11.512740462803498,True,False
14123,52048867460625000,5,1119,788,741,2000,383,376,4.882221274115019,4.872263449642977,10.127994320976393,9.533329732305834,True,False
14124,2893748356586132,0,929,0,0,0,0,0,0.0,0.0,9.859534786382653,0,False,True
14125,1513395385017184872,151,3073,2587,2192,2000,498,483,4.589294125025709,4.576970101249168,11.585432051592962,11.098032082960527,True,False
14126,6019923951193418,1,1843,224,222,224,224,222,7.807354922057605,7.78949777920046,10.847840355630714,7.794415866350106,False,False
14127,4489400587975413,0,1470,0,0,0,0,0,0.0,0.0,10.521600439723727,0,False,True
14128,9510650493730632,1,851,267,265,267,267,265,8.060695931687555,8.045714658279316,9.733015321685963,8.049848549450562,False,False
14129,708918387674280000,71,580,491,456,2000,118,118,4.462108955832922,4.46210895583292,9.179909090014934,8.832890014164741,True,False
14130,441443666900281186,44,1840,1785,1532,2000,221,221,4.362379894594368,4.362379894594368,10.845490050944376,10.581200581924957,True,False
14131,225817947231025129,23,5592,3961,3510,2000,1218,1173,4.550120409945318,4.533135562802121,12.449148645375436,11.777255315191923,True,False
14132,3318295739348370927,332,7371,6235,5266,2000,988,971,4.6443877560603415,4.641780582430248,12.84764464308332,12.362491806046062,True,False
14133,287061315991994243,29,5228,3955,3495,2000,1159,1116,4.435192982124257,4.421018122321993,12.352043425795433,11.7710767402628,True,False
14134,6683250000000000000,668,3418,2960,2430,2000,479,466,5.165444904275819,5.15975435243706,11.73893668167614,11.246740598493144,True,False
14135,50034600000000000000,5003,3841,3813,3127,2000,128,128,4.780592652889017,4.780592652889018,11.907266248531066,11.610563503925041,True,False
14136,7854301388477376,1,1606,347,343,347,347,343,8.438791852578259,8.41573709753503,10.649256177517314,8.422064766172813,False,False
14137,122800158892649910000,12280,1631,1462,1263,0,0,0,0.0,0.0,10.671541066711884,10.302638923787553,False,True
14138,1785822137450610,0,887,0,0,0,0,0,0.0,0.0,9.792790294301064,0,False,True
14139,793279216140197003,79,6332,4887,4255,2000,1028,999,4.455939249114577,4.4489943841236315,12.62844554013718,12.054943416573325,True,False
14140,1047375000000000000,105,383,380,362,2000,49,49,4.430841233234189,4.430841233234189,8.581200581924957,8.499845887083206,True,False
14141,19113620206117071,2,337,188,185,2000,161,158,6.399405296943433,6.3798808914365495,8.396604781181859,7.531381460516312,True,False
14142,491571533751632798,49,4633,3727,3314,2000,918,907,4.513701365510483,4.511665496319658,12.177730967033272,11.694357887221452,True,False
14143,1001436765117796158,100,5720,4791,4138,2000,934,923,4.512948973466995,4.511031827513838,12.481799431665753,12.014717929860009,True,False
14144,633910586617251,0,249,0,0,0,0,0,0.0,0.0,7.960001932068081,0,False,True
14145,225981285164269648,23,4949,3700,3287,2000,1142,1100,4.5390896958332245,4.52236051189982,12.272921326867003,11.68255574108031,True,False
14146,189360049876785074244,18936,9806,8338,6836,0,0,0,0.0,0.0,13.259449046285685,12.73893668167614,False,True
14147,59578477599096435,6,20,18,18,54,18,18,3.68356669892522,3.68356669892522,4.321928094887363,4.169925001442312,False,False
14148,10025062656641604,1,2583,951,915,951,951,915,9.893301530860562,9.809311727515738,11.334831928118,9.837627933171404,False,False
14149,984358688341890679,98,2273,2205,1767,2000,187,185,4.40380870220609,4.4019412933142625,11.150381968817848,10.787086324551616,True,False
14150,37075810390015709721,3708,9004,7851,6538,2000,998,980,5.164662308829059,5.1628067081840125,13.136350341454156,12.674633661767267,True,False
14151,29925000000000000,3,2643,1471,1422,2000,983,966,5.264873566693236,5.252302579699033,11.36796070964157,10.473705749619416,True,False
14152,16907082305379660116,1691,5404,5243,4335,2000,512,510,5.569024303332972,5.568806010172972,12.399811959325685,12.081816278109198,True,False
14153,39900000000000000,4,1627,1266,1241,2000,732,727,5.24183687516107,5.23742618225794,10.667998535672528,10.277287400130357,True,False
14154,26362450234681713,3,1444,1071,1052,2000,739,734,5.2723855877187455,5.267572451276331,10.49585502688717,10.038918989292302,True,False
14155,987435143097714091,99,2255,2187,1759,2000,187,185,4.35271556562402,4.35076415181449,11.138911718142744,10.78053976747196,True,False
14156,742388628912818486,74,2083,2015,1624,2000,185,184,4.428631150023884,4.426677878293736,11.024447124040647,10.665335917185176,True,False
14157,149625000000000000,15,1170,1110,1026,2000,253,253,4.451433043576879,4.45143304357688,10.192292814470767,10.002815015607053,True,False
14158,81082072009844964695,8108,1919,1717,1468,2000,305,301,6.266174552920754,6.265652783542821,10.90613899619538,10.519636252843213,True,False
14159,5985000000000000,1,162,34,34,34,34,34,5.087462841250339,5.087462841250339,7.339850002884624,5.087462841250339,False,False
14160,2664577654228056,0,286,0,0,0,0,0,0.0,0.0,8.159871336778389,0,False,True
14161,242651850000000000,24,3685,2771,2470,2000,848,815,4.559099404129533,4.544466525343701,11.847448903982432,11.27029532647204,True,False
14162,9684191002460961487,968,6714,5949,4920,2000,796,790,4.74068824996187,4.739780730535643,12.71295682169755,12.264442600226602,True,False
14163,57930506905752943,6,3651,2180,2053,2000,999,969,4.547593670583698,4.5347502295181705,11.834075953434885,11.003517912108602,True,False
14164,23390607453925839,2,713,454,442,2000,320,314,6.493193403157154,6.473696803969617,9.477758266443889,8.787902559391432,True,False
14165,5910730695469712020,591,4613,3977,3262,2000,639,619,4.876070923332596,4.86899137080003,12.171489577065655,11.671541066711884,True,False
14166,406280462350856259471,40628,2563,2304,1929,0,0,0,0.0,0.0,11.323617763291578,10.913637428049103,False,True
14167,14614566058418793,1,1328,647,626,647,647,626,9.337621901992506,9.265961116866386,10.375039431346925,9.290018846932618,False,False
14168,249069415882883431,25,5632,4021,3567,2000,1218,1172,4.435884404570402,4.426270485237314,12.459431618637296,11.800495500466813,True,False
14169,7954808768957193,1,1471,360,360,360,360,360,8.491853096329674,8.491853096329674,10.522581531254831,8.491853096329674,False,False
14170,246104193523800858,25,1273,1017,913,2000,315,309,4.4120495583605805,4.405301937747284,10.314016703901357,9.834471049984222,True,False
14171,9974438696317964591,997,9387,7791,6351,2000,1224,1178,4.742569335614174,4.734465268105355,13.196448443962078,12.632768054728745,True,False
14172,99750000000000000,10,63,61,61,2000,32,32,4.113695178342079,4.113695178342079,5.977279923499917,5.930737337562887,True,False
14173,50125313283208020,5,1544,1053,981,2000,501,486,4.916430663602982,4.898507911716867,10.59245703726808,9.938109326219239,True,False
14174,81227954843238420,8,126,122,121,2000,48,48,4.173030001629375,4.173030001629375,6.977279923499917,6.918863237274595,True,False
14175,86557919482268430,9,131,127,126,2000,49,49,4.367826067095789,4.3678260670957885,7.03342300153745,6.977279923499917,True,False
14176,66215200262538610,7,3652,2289,2116,2000,1086,1054,4.529958915917366,4.51579978067463,11.834471049984222,11.047123912114026,True,False
14177,119700000000000000,12,1351,1027,939,2000,378,371,5.008136936084359,4.997400873123861,10.399811959325685,9.874981347653774,True,False
14178,298481074924158079,30,5208,3727,3291,2000,1074,1043,4.395246358146047,4.387535152661326,12.346513733165635,11.68431031112435,True,False
14179,28357467338513086672,2836,4963,4907,3940,2000,258,257,5.761624459435877,5.76157129018994,12.27699673929712,11.943979914343739,True,False
14180,40276574473381085801,4028,5227,5184,4140,2000,255,254,6.00106178338577,6.000952711694951,12.351767443959893,12.015415052386688,True,False
14181,1987467903435000000,199,6721,5621,4795,2000,978,963,5.048394712521463,5.046195818804977,12.714460188456027,12.227315099905493,True,False
14182,22565934476634012311,2257,7253,6495,5332,2000,815,808,5.599434768183405,5.598333029598896,12.824362133569483,12.380461065088973,True,False
14183,38095238095238095,4,2924,1791,1666,2000,1036,996,5.250290165359058,5.2220334225355565,11.513727595952437,10.702172685365548,True,False
14184,664596128184134644,66,2072,2014,1687,2000,197,196,4.367441660862094,4.366050048489396,11.016808287686555,10.720244258287567,True,False
14185,4947600000000000000,495,1782,1769,1467,2000,78,77,4.321533595639844,4.3205212733804315,10.799281621521923,10.51865315567339,True,False
14186,997500000000000,0,90,0,0,0,0,0,0.0,0.0,6.491853096329675,0,False,True
14187,997500000000000,0,74,0,0,0,0,0,0.0,0.0,6.20945336562895,0,False,True
14188,1970055339580460571,197,7928,6425,5374,2000,1260,1216,4.594226024140062,4.586439799423288,12.952741247186488,12.391780606013166,True,False
14189,17120858968169035,2,2889,1383,1329,2000,1247,1204,6.581089440237513,6.53993860050398,11.496354488564615,10.376125389276174,True,False
14190,10949199016115850000,1095,1427,1422,1251,2000,71,71,4.75938038163747,4.759380381637469,10.478769619475763,10.28886607416582,True,False
14191,12692418079103794676,1269,2809,2790,2293,2000,112,111,4.394181279849422,4.393837284853177,11.455840909126398,11.163020639580793,True,False
14192,45685500000000000000,4569,9985,8491,6855,2000,1277,1237,6.024307266324762,6.022974157367588,13.285546712331335,12.742940950666588,True,False
14193,930000000000000000,93,6500,5043,4364,2000,1023,993,4.544335178441411,4.539158474266365,12.66622400280318,12.091435386323607,True,False
14194,4990939757081649009,499,7009,5930,4856,2000,1005,965,4.593794521050599,4.587053045405669,12.774992908933175,12.245552706255681,True,False
14195,9900000000000000000,990,6845,5838,4756,2000,950,910,5.167426458787478,5.1617172948776116,12.740834826145262,12.215532999745657,True,False
14196,15000000000000000000,1500,6671,5732,4646,2000,906,870,5.477978073505553,5.473624869414223,12.703687325967547,12.181773438808808,True,False
14197,25964925000000000000,2596,6318,5473,4422,2000,829,796,5.711946083423687,5.708250381414328,12.625252221746873,12.110483309816226,True,False
13282,1950003026782925703,195,2979,2935,2409,2000,204,204,4.581132887842188,4.5811328878421875,11.54061240824953,11.23421867823847,True,False
13283,400489230268351427,40,2502,2000,1747,2000,522,505,4.42716149630092,4.414269252629727,11.28886607416582,10.77066389291676,True,False
13284,5500713750000000000,550,2373,2096,1773,2000,348,341,4.589306584629581,4.584796144235016,11.212496385193948,10.79197682089869,True,False
13285,2693250000000000,0,175,0,0,0,0,0,0.0,0.0,7.451211111832329,0,False,True
13286,4880577786444716004,488,3553,3489,2801,2000,187,185,4.5316801120964065,4.530479525120343,11.794821973331223,11.451726268074506,True,False
13287,9975000000000000,1,120,64,64,64,64,64,6.0,6.0,6.906890595608519,6.0,False,False
13288,20680120013830334055,2068,9723,8220,6648,2000,1256,1212,4.879746556637694,4.87515758416348,13.247185806038997,12.698704666770345,True,False
13289,262565545639878432,26,5448,3957,3512,2000,1180,1139,4.469813455505056,4.461538580268184,12.411510988012072,11.778077129535358,True,False
13290,69484989518857828,7,4162,2633,2419,2000,1224,1183,5.3004331143477925,5.27466588785877,12.023061249735335,11.240195053979924,True,False
13291,147974210629093943,15,5036,3513,3168,2000,1231,1191,4.393469907287484,4.3840981362311044,12.298062567719017,11.62935662007961,True,False
13292,1025278300945622772,103,3161,2651,2250,2000,543,525,4.590744318221994,4.577569670727941,11.626165319904498,11.1357092861044,True,False
13293,49111412520695658716,4911,2083,2077,1760,2000,78,77,4.944188589083448,4.9435094123855885,11.024447124040647,10.78135971352466,True,False
13294,11259102945687179,1,821,382,373,382,382,373,8.57742882803575,8.520859088573872,9.681238411777805,8.543031820255237,False,False
13295,15061855991961364,2,1380,699,677,2000,656,635,6.509177918913971,6.474180373693461,10.430452551665532,9.403012023574997,True,False
13296,170861853015973689,17,4950,3623,3251,2000,1201,1159,4.434493943192715,4.426230610977796,12.273212809854334,11.666667840690355,True,False
13297,7000000000000000,1,1263,325,325,325,325,325,8.344295907915816,8.344295907915816,10.302638923787553,8.344295907915816,False,False
13298,19950000000000000,2,2041,1074,1056,2000,944,933,6.556177868468765,6.544964180225695,10.995060467032719,10.044394119358454,True,False
13299,6039836336383459,1,1281,284,284,284,284,284,8.149747119504681,8.149747119504681,10.323054760341646,8.149747119504681,False,False
13300,350122500000000000,35,4297,3301,2908,2000,918,881,4.442169580086528,4.426404605866526,12.069114061773938,11.505811553919594,True,False
13301,7426808151078477309,743,2028,2020,1722,2000,96,95,4.527074411329781,4.5265450677722265,10.985841937003341,10.749869427396844,True,False
13302,3687155226454350185,369,1534,1522,1256,2000,64,64,4.32998843109356,4.329988431093559,10.583082767502933,10.294620748891626,True,False
13303,149625000000000000000,14963,5484,5416,4402,0,0,0,0.0,0.0,12.421012855779226,12.103943429891558,False,True
13304,3987769347245006282,399,8664,7165,5911,2000,1249,1207,4.697150322934476,4.692155058202227,13.080817527608327,12.529186505250891,True,False
13305,3435461610445166,0,1165,0,0,0,0,0,0.0,0.0,10.186114239541643,0,False,True
13306,14496049352715042,1,293,148,145,148,148,145,7.209453365628952,7.1689128250884115,8.194756854422248,7.1799090900149345,False,False
13307,3074387603234976512,307,5846,5072,4272,2000,810,801,4.470542483507501,4.468321812917853,12.513234113806053,12.060695931687555,True,False
13308,400000000000000000,40,4459,3544,3169,2000,925,913,4.440800489714715,4.4353029238551684,12.122504484313904,11.629811944382233,True,False
13309,9975000000000000,1,1932,487,476,487,487,476,8.927777962082342,8.878496647913963,10.915879378835774,8.894817763307943,False,False
13310,1379587999361588,0,665,0,0,0,0,0,0.0,0.0,9.377210530388552,0,False,True
13311,1406478304695438204,141,3380,2851,2414,2000,556,538,4.45010047385522,4.441180358267743,11.722807531169547,11.237209960755022,True,False
13312,340852130325814536,34,3857,2990,2632,2000,827,794,4.554894589205771,4.538107704991747,11.913263430628762,11.361943773735241,True,False
13313,2487515625000000,0,1093,0,0,0,0,0,0.0,0.0,10.094077685671905,0,False,True
13314,91160787553284605253,9116,6532,6315,5251,2000,646,643,5.630474332650396,5.629811782816432,12.673309075561695,12.35837648032824,True,False
13315,119436212757032487,12,4231,2827,2607,2000,1011,985,4.456860558918244,4.4515284511938935,12.04678297035635,11.348174867535556,True,False
13316,20320722557213602,2,1515,1003,988,2000,749,744,6.536465886499778,6.529536777736451,10.565102078360313,9.948367231584678,True,False
13317,48611607121718540,5,1363,901,843,2000,460,449,4.917413616927066,4.90264853519327,10.41256984680521,9.719388820942083,True,False
13318,964654731637228,0,355,0,0,0,0,0,0.0,0.0,8.471675214392045,0,False,True
13319,64266713257862795,6,82,79,78,2000,48,48,4.3174947820330125,4.3174947820330125,6.357552004618084,6.285402218862249,True,False
13320,300236136738246466637,30024,5610,5543,4468,0,0,0,0.0,0.0,12.453785055496155,12.125413470483315,False,True
13321,153680612156815077836,15368,5540,5473,4410,0,0,0,0.0,0.0,12.43567026093655,12.106562940444883,False,True
13322,21639501154164890,2,647,400,390,2000,296,291,6.461603051201049,6.444067981060769,9.337621901992508,8.60733031374961,True,False
13323,16458750000000000000,1646,7031,6266,5159,2000,799,793,4.971374566348533,4.970647580038459,12.7795141791435,12.332875731152674,True,False
13324,6888297330045264496,689,6858,6006,5036,2000,875,865,5.1292265536745,5.1282541453797865,12.743572188935634,12.298062567719017,True,False
13325,467302053698015,0,321,0,0,0,0,0,0.0,0.0,8.326429487122303,0,False,True
13326,1828142645522726,0,666,0,0,0,0,0,0.0,0.0,9.379378367071261,0,False,True
13327,93344004474758359,9,4468,2860,2614,2000,1213,1167,4.784807454058612,4.7611899060730485,12.125413470483315,11.352043425795433,True,False
13328,2992500000000000,0,84,0,0,0,0,0,0.0,0.0,6.392317422778761,0,False,True
13329,812962500000000000,81,6987,5392,4629,2000,1221,1178,4.573078355354621,4.565683866531177,12.770457424932022,12.17648484729189,True,False
13330,443192067073823775085,44319,5840,5759,4678,0,0,0,0.0,0.0,12.51175265376738,12.191676146352428,False,True
13331,862837500000000000,86,6662,5352,4568,2000,1194,1149,4.648523220411841,4.639126089649162,12.70173963867435,12.157346935362844,True,False
13332,15454267500000000000,1545,4692,4631,3744,2000,204,202,4.726893130572945,4.723540708556242,12.19598729802851,11.870364719583405,True,False
13333,9975000000000000,1,1300,440,439,440,440,439,8.781359713524658,8.776814258979204,10.344295907915816,8.778077129535358,False,False
13334,598500000000000000,60,5019,4088,3598,2000,937,926,4.847604354371512,4.846093681136699,12.29318423075951,11.812979471251483,True,False
13335,38957393483709273182,3896,9945,8451,6830,2000,1262,1223,5.596023133161131,5.5941496715874885,13.279755655721106,12.737669863177453,True,False
13336,439777800000000000,44,4642,3617,3162,2000,956,917,4.482045142265947,4.467735384754798,12.180530807344482,11.62662165235837,True,False
13337,3271967068026129367,327,6057,5239,4425,2000,842,832,4.9656094526614325,4.964388726584233,12.564387696052629,12.111461739857722,True,False
13338,11510509551135000,1,56,23,23,23,23,23,4.523561956057012,4.523561956057012,5.807354922057604,4.523561956057013,False,False
13339,417680375246917096,42,5472,4246,3696,2000,1115,1073,4.654267178123627,4.639642423307329,12.417852514885897,11.851749041416058,True,False
13340,11436371901353565,1,2262,1000,964,1000,1000,964,9.965784284662087,9.88817464418765,11.14338321398982,9.912889336229961,False,False
13341,38125361421332916966,3813,7334,6566,5417,2000,811,804,5.312442249019839,5.276564010110773,12.840384550711667,12.403278375471052,True,False
13342,24732766123133786240,2473,4928,4856,3919,2000,287,287,4.8265539427788715,4.826553942778872,12.266786540694902,11.936269857602209,True,False
13343,967575000000000000,97,2719,2618,2228,2000,382,380,4.640173890029549,4.637990957848647,11.40886043602476,11.121533517340032,True,False
13344,239508034002493757,24,4447,3277,2959,2000,994,976,4.381348446266499,4.37361202471453,12.118616689351509,11.530893981193922,True,False
13345,294557052732692529,29,3646,2867,2591,2000,812,802,4.516091563733827,4.512470751622484,11.832098846039134,11.339293300180094,True,False
13346,16246203253471969491,1625,7018,6221,5179,2000,831,822,4.802666350530302,4.801278114549724,12.776844232402167,12.338457843130849,True,False
13347,6777764754137642905,678,6514,5712,4797,2000,840,830,4.965555752378425,4.963200486003339,12.669328004395904,12.227916724201489,True,False
13348,3489894582649042387,349,6023,5220,4408,2000,829,820,4.435497427101659,4.433111951804433,12.556266543582993,12.105908508571158,True,False
13349,179486312226758941,18,4318,3163,2840,2000,1054,1014,4.737003807639567,4.719803402639417,12.076147528022505,11.471675214392045,True,False
13350,102872373305743710,10,3327,2440,2301,2000,916,905,4.741158396834051,4.733335229912881,11.700006150882865,11.16804526822409,True,False
13351,13083182898893835757,1308,2183,2172,1831,2000,68,67,4.799664305033152,4.748003903495389,11.092096414990792,10.838416075797337,True,False
13352,1708646783757973,0,972,0,0,0,0,0,0.0,0.0,9.92481250360578,0,False,True
13353,51469971539391727008,5147,10183,8569,6940,2000,1257,1215,5.9492900918239515,5.947628582965642,13.313875034039125,12.760719947465624,True,False
13354,987525000000000000,99,3612,2975,2564,2000,638,618,4.466490408270037,4.454156754682384,11.818582177480858,11.324180546618742,True,False
13355,40903110777360101,4,2174,1402,1369,2000,796,788,4.779160528097198,4.773803683975663,11.086136225027309,10.4189067312579,True,False
13356,10738780608106086628,1074,3577,3528,2858,2000,151,151,4.900942016062684,4.900942016062684,11.804534402995225,11.480790201095816,True,False
13357,12216692966637703,1,90,45,45,45,45,45,5.491853096329674,5.491853096329674,6.491853096329675,5.491853096329675,False,False
13358,646122600155595131,65,5394,4324,3798,2000,967,954,4.531218511467271,4.527732828476321,12.397139806235604,11.891024190149498,True,False
13359,107010362045141736,11,1510,1130,1032,2000,410,400,5.232443538842901,5.214275117735555,10.560332834212442,10.011227255423254,True,False
13360,9288571050425101726,929,3922,3858,3101,2000,186,184,4.7687971141385,4.7679303070874886,11.93737382019215,11.598517810612622,True,False
13361,2397026483621959070,240,7379,6094,5139,2000,1014,988,4.418434621352958,4.412571702304648,12.849209600569264,12.327271936805156,True,False
13362,498750000000000000,50,3581,2846,2478,2000,716,690,4.428325336205649,4.416549901511694,11.806146803320525,11.274960472140602,True,False
13363,887775000000000000,89,3836,3123,2698,2000,701,676,4.545508675502754,4.534373383641725,11.905387005018131,11.397674632948268,True,False
13364,1695750000000000000,170,4034,3388,2861,2000,641,623,4.452334633461407,4.442964069391923,11.977995368612962,11.482303782323182,True,False
13365,1296750000000000000,130,3624,3032,2568,2000,593,575,4.400926599781017,4.391704317454314,11.823367240046235,11.326429487122303,True,False
13366,6384000000000000000,638,232,204,197,2000,55,55,4.864146331269533,4.864146331269535,7.857980995127572,7.622051819456376,True,False
13367,4599849730544854984,460,3466,3402,2736,2000,183,181,4.5779603797271164,4.576845833888347,11.75905593916017,11.417852514885897,True,False
13368,9701561030646129746,970,4258,4218,3389,2000,211,211,4.447222202118947,4.447222202118947,12.055960234452295,11.726643921483994,True,False
13369,118287490767352179,12,2690,1958,1778,2000,709,685,5.219729805590721,5.197264731858256,11.393390457443987,10.79603960882977,True,False
13370,10025062656641604,1,756,348,343,348,348,343,8.44294349584873,8.412038646704584,9.562242424221072,8.422064766172813,False,False
13371,99378983715992244575,9938,9379,8113,6523,2000,1199,1154,5.96027198600177,5.957398168969185,13.195218393762113,12.6713199131833,True,False
13372,9234496535660735,1,132,63,63,63,63,63,5.977279923499918,5.977279923499918,7.044394119358453,5.977279923499917,False,False
13373,11515466577909000000,1152,2146,2133,1791,2000,81,81,4.633486969734772,4.633486969734773,11.067434360756522,10.806549621985962,True,False
13374,102243750000000000,10,3320,2354,2148,2000,895,860,5.526234911221061,5.499400875162973,11.696967526234287,11.068778277985412,True,False
13375,4456670280392378431,446,3675,3609,2919,2000,206,205,4.881325974103868,4.880754693916902,11.843528534611089,11.511258495502268,True,False
13376,356843326477300729,36,1662,1603,1375,2000,196,195,4.488842274804327,4.4866407337255705,10.698704666770345,10.425215903299383,True,False
13377,1883625585140182449,188,3356,3255,2731,2000,384,382,4.375706450357279,4.374273054586888,11.712527000439824,11.415213598765286,True,False
13378,76955912956309300990,7696,1735,1730,1506,2000,79,78,4.941334542194027,4.925881202209212,10.760719947465624,10.556506054671928,True,False
13379,712395452298710247,71,3701,2993,2584,2000,696,671,4.519200192482171,4.5068334624905155,11.85369942030022,11.335390354693924,True,False
13380,5545000000000000000,555,9162,7622,6310,2000,1220,1180,5.007474926675172,5.004083761806125,13.161446847518008,12.623424289869911,True,False
13381,992445908325933253,99,2344,2285,1885,2000,197,196,4.354722881171733,4.353347365353301,11.194756854422248,10.880348808156027,True,False
13382,1193835294809082178,119,2653,2593,2136,2000,204,203,4.500816718736266,4.499885304680381,11.373408960228696,11.060695931687555,True,False
13383,406015037593984962,41,1761,1705,1448,2000,195,194,4.355464985054173,4.354089383228375,10.782179193831208,10.499845887083206,True,False
13384,382869072665872136,38,1737,1682,1452,2000,224,224,4.491453776781377,4.491453776781377,10.762382038710392,10.50382573799575,True,False
13385,245603123093062816,25,1969,1816,1646,2000,458,456,4.395855751331968,4.394804657746494,10.943247395901553,10.684748620421626,True,False
13386,12595624792464000000,1260,42,39,39,2000,39,39,5.133277307856911,5.133277307856909,5.392317422778761,5.285402218862249,True,False
13387,53004885444796292,5,1243,866,811,2000,407,397,4.872655559907869,4.858172347267974,10.279610581052484,9.663558104217273,True,False
13388,2714405677670472315,271,7820,6376,5366,2000,1074,1044,4.8836315253518645,4.879937721555471,12.932952892194715,12.389631339260522,True,False
13389,7245561823519548,1,48,13,13,13,13,13,3.7004397181410926,3.7004397181410926,5.584962500721156,3.700439718141092,False,False
13390,9951890835097087908,995,3188,3160,2578,2000,119,117,4.888427686192774,4.888053645335541,11.638435913990472,11.332036548361652,True,False
13391,1729595679157246780,173,6453,5456,4663,2000,976,965,4.400076237435837,4.397584306715155,12.655754310144218,12.187042714339894,True,False
13392,10900680000000000000,1090,3026,3002,2467,2000,140,139,4.601603638046251,4.6013555314174335,11.563196272216738,11.268542000300123,True,False
13393,29438507119627490082,2944,8960,7711,6203,2000,1188,1145,6.26335791236167,6.261164501550721,13.129283016944967,12.598750409571753,True,False
13394,3842587412545659757,384,8295,6680,5608,2000,1075,1044,5.123836354479915,5.120747787604795,13.018026265843226,12.453270634010623,True,False
13395,37717309282800000,4,3636,2089,1948,2000,1223,1181,4.78626458957127,4.766439169704505,11.828136484194108,10.927777962082342,True,False
13396,59426974776531784,6,663,617,600,2000,206,206,4.78095613267748,4.78095613267748,9.372865060112588,9.228818690495881,True,False
13397,497868073292549350,50,5219,4048,3564,2000,991,974,4.382757078406554,4.37746857126246,12.34955768662052,11.799281621521923,True,False
13398,220577445946973148,22,4298,3165,2880,2000,971,954,4.508863877162947,4.504053535766646,12.069449767427784,11.491853096329674,True,False
13399,299250000000000000,30,5156,3686,3277,2000,1020,990,4.414716321427909,4.4029329059276066,12.332036548361652,11.67815995754276,True,False
13400,156877462300175237,16,4549,3080,2792,2000,989,959,4.4456466158288634,4.4371358658775755,12.151333719291655,11.447083226209653,True,False
13401,39900000000000000,4,3342,1724,1612,2000,1015,986,4.742996128014617,4.725868684263537,11.706496018061188,10.654636028527968,True,False
13402,63036970275370225,6,4117,2636,2422,2000,1247,1203,4.799594017190373,4.780338265827406,12.007377733321269,11.24198314969433,True,False
13403,1022875710047221413,102,5418,4417,3732,2000,930,891,4.57506800751016,4.563306680916562,12.403544678202014,11.86573327085176,True,False
13404,139911306146985227,14,4041,2913,2632,2000,1037,997,4.72853824402929,4.709635283572524,11.98049663618346,11.361943773735241,True,False
13405,4529647500000000000,453,6839,5968,5040,2000,905,895,4.7433257245780664,4.7419898712872115,12.73956967402599,12.29920801838728,True,False
13406,1994857158732549094,199,6327,5241,4377,2000,1008,968,4.371624090344015,4.359897395827408,12.627305880514848,12.095726668639047,True,False
13407,100843709665174558452,10084,7516,6745,5596,0,0,0,0.0,0.0,12.875749351420055,12.450180247164754,False,True
13408,14017109639400000,1,48,37,37,37,37,37,5.209453365628953,5.209453365628953,5.584962500721156,5.20945336562895,False,False
13409,14785151115428516487,1479,3750,3701,3000,2000,151,151,4.854724809041406,4.854724809041407,11.872674880270605,11.550746785383243,True,False
13410,9901404709103431367,990,3526,3473,2807,2000,168,166,5.189785557186186,5.189355878961072,11.783816759320182,11.454813348512525,True,False
13411,9959958221333400000,996,2133,2126,1794,2000,85,84,4.3133108087462215,4.312492051580575,11.058668250340572,10.80896417491926,True,False
13412,8778000000000000000,878,2093,2086,1753,2000,86,85,4.572800153116447,4.572127829737986,11.031356596255709,10.775610280759539,True,False
13413,99750000000000000,10,2079,1482,1355,2000,594,577,5.227139653393747,5.208358531262876,11.02167404285837,10.404077136241234,True,False
13414,21772878466246830260,2177,6820,6410,5265,2000,772,767,5.412693626074234,5.412269272750231,12.735556023911535,12.362217815913079,True,False
13415,3643529178311494,0,640,0,0,0,0,0,0.0,0.0,9.321928094887362,0,False,True
13416,177267989504550000,18,362,356,344,2000,64,63,4.29987049446064,4.297321604164902,8.499845887083206,8.426264754702098,True,False
13417,31920000000000000000,3192,5150,5082,4101,2000,204,202,4.863786680150753,4.843520775280629,12.330356716957944,12.001760028327217,True,False
13418,66842475000000000000,6684,6118,5944,4927,2000,565,561,6.523597461722098,6.507557166516562,12.578844391558203,12.266493756312183,True,False
13419,6034875000000000000,603,5433,5158,4313,2000,710,705,5.001225140482213,5.0000285967992575,12.407533331671324,12.074476000734501,True,False
13420,700815269358270307,70,6872,5241,4506,2000,1223,1177,4.4079147069386595,4.398268453872222,12.746514321138463,12.137631598235428,True,False
13421,2188007782958829140,219,5670,4905,4121,2000,791,785,4.503933202788652,4.502185751184627,12.469133019829592,12.0087787482805,True,False
13422,9930751227418847309,993,9294,7794,6347,2000,1251,1209,5.017831559910073,5.013553189602488,13.182083929510725,12.63185912728278,True,False
13423,99750000000000000,10,4391,2850,2606,2000,1204,1164,4.54868674820543,4.533084065468932,12.100333819126542,11.347621368568134,True,False
13424,73945567297827662,7,748,704,669,2000,198,198,4.492616030861073,4.492616030861074,9.546894459887637,9.38586240064146,True,False
13425,946318861514785668,95,2329,2286,1893,2000,210,210,4.681809545981954,4.681809545981954,11.185494924210866,10.886458695703706,True,False
13426,191904216795215692,19,3225,2402,2160,2000,781,753,4.54274031125107,4.5269631214570065,11.65508344519798,11.076815597050832,True,False
13427,1970061864425591885,197,1238,1227,1059,2000,83,82,4.35684718103265,4.356080847921966,10.273795599214264,10.048486873992337,True,False
13428,14402735509948778641,1440,774,771,676,2000,55,55,4.4007132653052965,4.4007132653052965,9.59618975614441,9.400879436282183,True,False
13429,4587195547930230,0,1363,0,0,0,0,0,0.0,0.0,10.41256984680521,0,False,True
13430,1000000000000000000,100,1385,1366,1143,2000,115,114,4.44156840126025,4.441235084350581,10.43567026093655,10.158609688214478,True,False
13431,8382802832853687636,838,3308,3259,2625,2000,150,150,4.854674399977202,4.854674399977201,11.691743519171276,11.358101707440847,True,False
13432,69825000000000000,7,143,138,136,2000,62,61,4.336267136227489,4.265629433262652,7.159871336778389,7.087462841250339,True,False
13433,1640851844564197093,164,3425,3302,2794,2000,434,432,4.544981411440487,4.544212091903617,11.74188827273525,11.448116305409464,True,False
13434,1385339801335865630,139,5205,4429,3772,2000,808,799,4.390372586722371,4.387319164661605,12.34568244818678,11.881113960675096,True,False
13435,6144808664008858146,614,6433,5652,4731,2000,828,818,4.836731696464554,4.8344538578481195,12.651275973346639,12.207929445511667,True,False
13436,996054314056413044,100,6680,5093,4399,2000,994,965,4.4622421822271265,4.455854485635629,12.705632387361415,12.102959885910124,True,False
13437,1297412080248624887,130,973,961,839,2000,73,72,4.569292311968452,4.56815289961927,9.926295994781112,9.712527000439824,True,False
13438,687086384398848883,69,810,795,698,2000,86,85,4.517461926056804,4.516526622166538,9.661778097771988,9.447083226209653,True,False
13439,2698361142634786130,270,6111,5104,4249,2000,940,900,4.616321257621046,4.605327161921699,12.577192765687045,12.052907628313287,True,False
13440,518700000000000000,52,5995,4581,3990,2000,1069,1038,4.566719345734842,4.55841666999509,12.549544038301587,11.962173031109709,True,False
13441,543637500000000000,54,6035,4670,4061,2000,1100,1067,4.642939265709559,4.637508937877898,12.559138055642384,11.987619311924325,True,False
13442,46337610509028136,5,3304,1769,1656,2000,974,945,5.273482236011704,5.249723388701657,11.689997971419446,10.693486957499326,True,False
13443,975455250000000000,98,3279,3077,2661,2000,599,597,4.6764250415163735,4.6759987359183235,11.679040186393062,11.37775279502222,True,False
13444,10807640855557659007,1081,8972,7622,6287,2000,1107,1074,5.405486627375665,5.402953100050451,13.131213905086272,12.61815604777846,True,False
13445,4987500000000000000,499,8873,7373,6065,2000,1258,1216,5.008643839607941,5.005167966088067,13.115206253153248,12.566291930007873,True,False
13446,9975000000000000000,998,9308,7808,6358,2000,1269,1224,5.168230321153588,5.16320468967385,13.184255495405349,12.634357301137976,True,False
13447,6457970488185300000,646,7428,6312,5143,2000,1042,1001,5.082970551820935,5.077067337790063,12.858758099935422,12.328394438352458,True,False
13448,277710255147069675,28,514,507,481,2000,78,77,4.574927688861649,4.573560386795166,9.005624549193879,8.909893083770042,True,False
13449,99750000000000000,10,4401,2859,2614,2000,1209,1169,4.440911844306599,4.4279102589672,12.103615656394545,11.352043425795433,True,False
13450,19507266008373955050,1951,2372,2361,1994,2000,73,73,4.8431193025915125,4.8431193025915125,11.211888294546004,10.961449694398196,True,False
13451,149625000000000000,15,4905,3396,3071,2000,1190,1149,4.780463756592585,4.760326327243145,12.2600374211066,11.584492796975875,True,False
13452,970773372676337746,97,6573,5003,4328,2000,964,935,4.3866850733601295,4.377776433756842,12.682336269711378,12.079484783826816,True,False
13453,19950000000000000,2,1019,753,746,2000,678,674,6.517520675552021,6.5070311216844985,9.992938336165814,9.543031820255237,True,False
13454,39222953689391890383,3922,2874,2571,2136,2000,391,383,5.3096272615645494,5.306915925557546,11.488844346457336,11.060695931687555,True,False
13455,1246875000000000000,125,468,465,441,2000,58,58,4.4314621518521,4.431462151852099,8.870364719583405,8.784634845557521,True,False
13456,14918379582124127528,1492,5529,5327,4412,2000,600,598,5.202637123059937,5.202371098148741,12.43280285635187,12.107217075591382,True,False
13457,210024417392055000,21,2875,2175,1943,2000,680,658,4.412550557250436,4.400548861660802,11.4893462407191,10.924070185585345,True,False
13458,1930507785987150530,193,3707,3547,3000,2000,502,500,5.274864664517427,5.274582660374982,11.856036399819155,11.550746785383243,True,False
13459,5982270347820818230,598,1897,1889,1625,2000,96,94,4.673089259818885,4.672424492326197,10.889503963411476,10.66622400280318,True,False
13460,1473585731184570,0,914,0,0,0,0,0,0.0,0.0,9.83605035505807,0,False,True
13461,13678412124434298,1,41,29,29,29,29,29,4.85798099512757,4.85798099512757,5.357552004618084,4.857980995127572,False,False
13462,4670000000000000000,467,7478,6396,5387,2000,966,953,4.402339714628935,4.399180941754203,12.868436755858168,12.395266349839096,True,False
13463,357105000000000000000,35711,9613,8337,6715,0,0,0,0.0,0.0,13.230771018439848,12.713171684314805,False,True
13464,81979740666329224159,8198,1326,1322,1150,2000,81,81,5.526047894217922,5.526047894217922,10.372865060112588,10.167418145831737,True,False
13465,301476759041293558,30,1666,1604,1404,2000,261,261,4.382900138324698,4.382900138324697,10.702172685365548,10.45532722030456,True,False
13466,2448862500000000000,245,8156,6694,5557,2000,1248,1205,4.923278099610456,4.918525601997926,12.993646060016596,12.440090524950488,True,False
13467,1043393563657875827,104,7330,5927,4979,2000,1239,1196,4.879108696754113,4.874795468094405,12.839597483021175,12.28164030006605,True,False
13468,592048899967164460,59,2128,1755,1529,2000,411,400,4.472539576947188,4.459272083663822,11.055282435501189,10.578372691360805,True,False
13469,5187000000000000000,519,2449,2427,1980,2000,125,124,4.805673965805595,4.805354291370166,11.257977058563979,10.951284714966972,True,False
13470,59850000000000000000,5985,3835,3811,3128,2000,141,140,4.829982955738907,4.829795731479708,11.905010862390295,11.611024797307353,True,False
13471,5745600000000000000,575,9058,7537,6192,2000,1241,1202,4.879282743630886,4.8756238188545975,13.144976824050111,12.59618975614441,True,False
13472,2892750000000000000,289,1366,1354,1158,2000,72,71,4.2369601455533665,4.235277878366985,10.41574176829009,10.177419537989236,True,False
13473,28061696026349540,3,2942,1580,1497,2000,1091,1058,5.266571688144969,5.242517051951637,11.522581531254831,10.547858506058416,True,False
13474,349070655084630852,35,4281,3286,2897,2000,917,880,4.442265304635215,4.426500346375954,12.063732120196919,11.500343969270403,True,False
13475,6483750000000000000,648,2003,1996,1700,2000,84,83,4.374598156849794,4.3735464104251776,10.967946705812707,10.731319031025064,True,False
13476,475961889984542039,48,5749,4175,3655,2000,967,938,4.432463344920661,4.42068035650619,12.489095315413504,11.8356556908398,True,False
13477,206534349131333553,21,178,175,173,2000,50,50,4.218164574421929,4.21816457442193,7.475733430966398,7.434628227636725,True,False
13478,97414684426546064,10,2930,2078,1972,2000,863,853,4.525311422166814,4.521851676165058,11.51668494930961,10.945443836377912,True,False
13479,1968316448243101251,197,2047,2019,1661,2000,106,106,4.399142641717496,4.3991426417174955,10.99929538702341,10.697836357962377,True,False
13480,1006988314805703471,101,6829,5341,4563,2000,964,935,4.647083759292357,4.638742627944736,12.737458618570459,12.155766938445653,True,False
13481,9975000000000000000,998,8758,7216,5966,2000,983,953,4.785370732161942,4.781321217258035,13.096385734452651,12.542548262335213,True,False
13482,8768645774888272801,877,9297,7808,6446,2000,1185,1144,4.647557385956955,4.641478944711844,13.182549540307372,12.654188473059545,True,False
13483,83490750000000000,8,3097,2102,1930,2000,917,881,4.56673912291259,4.54988043565486,11.596655667674662,10.914385132155443,True,False
13484,3111606105678945000,311,762,672,610,2000,121,121,4.605017460364894,4.605017460364894,9.573647187493322,9.252665432450248,True,False
13485,3273207765457968720,327,49,46,46,2000,31,31,4.497502957314079,4.497502957314079,5.614709844115208,5.523561956057013,True,False
13486,2509761275147587,0,751,0,0,0,0,0,0.0,0.0,9.552669097514272,0,False,True
13487,2613450000000000000,261,1735,1719,1440,2000,104,103,4.3833052663644745,4.382640930075364,10.760719947465624,10.491853096329674,True,False
13488,29831379502647768,3,2818,1651,1551,2000,1060,1021,6.510678154624118,6.469307168760275,11.460455896309636,10.59898297103609,True,False
13489,89775000000000000,9,2567,1851,1778,2000,777,771,4.775196055190451,4.771338246616773,11.325867580575418,10.79603960882977,True,False
13490,2958481190175000000,296,7863,6500,5471,2000,1104,1071,4.917986332823619,4.914097708909344,12.940864139049573,12.41758884038258,True,False
13491,28289516599563268,3,1897,1146,1083,2000,727,701,6.262011587993108,6.227181309852282,10.889503963411476,10.080817527608327,True,False
13492,10125568223230904,1,818,365,360,365,365,360,8.511752653767381,8.482287208555974,9.67595703294175,8.491853096329674,False,False
13493,4374115004354388,0,333,0,0,0,0,0,0.0,0.0,8.379378367071261,0,False,True
13494,97638712537725580063,9764,7734,6980,5746,2000,817,811,5.718985893123688,5.718630877613888,12.916999049082808,12.488342277532524,True,False
13495,257205048243398,0,83,0,0,0,0,0,0.0,0.0,6.3750394313469245,0,False,True
13496,1734614069267116036,173,4424,4147,3510,2000,707,702,4.687038274361937,4.6853375328678935,12.111135670234708,11.777255315191923,True,False
13497,3316220915375004,0,1416,0,0,0,0,0,0.0,0.0,10.467605550082997,0,False,True
13498,155592181098787182,16,2227,1980,1847,2000,658,655,4.5269424274224805,4.525142247404479,11.12088584278779,10.850968150982439,True,False
13499,2453703693604724588,245,8244,6699,5595,2000,1231,1190,4.460438314066595,4.4511489016906065,13.009128789539256,12.449922415863757,True,False
13500,1629490823100000000,163,4327,4056,3447,2000,683,679,5.0842173866150215,5.0832808635701205,12.079151405421891,11.75112558336727,True,False
13501,1197251934118009334,120,1016,1005,878,2000,83,82,4.469015247253244,4.468480884225918,9.988684686772165,9.778077129535358,True,False
13502,3775439480527124096,378,8100,6750,5654,2000,1090,1058,4.652608288642971,4.64767142003837,12.98370619265935,12.465056167831175,True,False
13503,1069025479279622069,107,7505,5891,4983,2000,1214,1170,4.784980779042144,4.763775264735008,12.873636356508051,12.282798858683533,True,False
13504,113760027930597553,11,2683,1951,1774,2000,711,687,5.259298981630254,5.234608010683928,11.389631339260522,10.792790294301064,True,False
13505,9514155000000000000,951,6657,5903,4882,2000,792,786,4.947934248673416,4.947125049801864,12.700656452918167,12.253256579781153,True,False
13506,29896331812474050000,2990,1973,1968,1699,2000,86,85,5.228497631184441,5.227896616748801,10.946175240723559,10.73047013718422,True,False
13507,9975000000000000,1,2118,614,598,614,614,598,9.26209484537018,9.204261335591147,11.048486873992337,9.224001674198105,False,False
13508,2753627862797134189,275,8381,6788,5664,2000,1221,1179,4.408271303494952,4.399321659943296,13.032906677628251,12.467605550082997,True,False
13509,50550617901778895,5,4037,2443,2257,2000,1214,1171,5.199486755769145,5.175087387922538,11.97906787148051,11.140190703191836,True,False
13510,6483123448333741965,648,1839,1828,1533,2000,66,66,4.6407840097769295,4.640784009776931,10.844705764411938,10.582141981658777,True,False
13511,7830959367221547928,783,5360,5131,4278,2000,641,638,4.645820490505914,4.645153601542926,12.388017285345136,12.062720767165045,True,False
13512,2992448405374306308,299,6716,5625,4651,2000,1018,977,4.603763946864095,4.593045312605619,12.71338651493703,12.183325224524612,True,False
13513,9136594923297347,1,745,236,234,236,236,234,7.882643049361841,7.865693896819468,9.541096615349524,7.870364719583405,False,False
13514,3869535146996342,0,432,0,0,0,0,0,0.0,0.0,8.754887502163468,0,False,True
13515,10025062656641604010,1003,9399,7807,6385,2000,1220,1176,4.710795274803962,4.7044879526817205,13.19829155509221,12.640470904590087,True,False
13516,13922401116817272,1,2788,1165,1122,1165,1165,1122,10.186114239541642,10.100050151553237,11.445014845868423,10.131856960608793,False,False
13517,848932168152991364873,84893,2002,1998,1715,0,0,0,0.0,0.0,10.967226258835993,10.743992861060175,False,True
13518,324442403765174155,32,582,575,543,2000,90,89,4.280461003622869,4.279520352240575,9.184875342908283,9.084808387804362,True,False
13519,212050206745697732,21,419,406,388,2000,77,76,4.276744612609256,4.275265439657472,8.710806433699352,8.599912842187127,True,False
13520,538650000000000000,54,2029,1974,1672,2000,218,218,4.407573298145763,4.407573298145765,10.98655314975666,10.707359132080883,True,False
13521,758100000000000000,76,3276,3049,2646,2000,628,625,4.385902831249883,4.38465228413552,11.677719641641009,11.369597346278677,True,False
13522,498718419150000000,50,5955,4551,3987,2000,1132,1098,4.644760716466699,4.639842256683986,12.539885792751477,11.96108788999733,True,False
13523,2314200000000000000,231,1697,1681,1410,2000,107,106,4.477107164184248,4.476568390092293,10.728770849542663,10.461479447286155,True,False
13524,7127018966635358379,713,4731,4575,3794,2000,459,457,5.265487464322463,5.262333132121972,12.207929445511667,11.889503963411476,True,False
13525,122240791074565154,12,1295,995,910,2000,363,357,4.991503330106644,4.981909939381326,10.338736382573916,9.829722735086058,True,False
13526,49891956622200000,5,109,104,99,2000,61,60,4.361053006002208,4.357732794704485,6.768184324776926,6.6293566200796095,True,False
13527,5077275000000000000,508,8984,7398,6107,2000,1219,1177,4.47194515670285,4.463967950377353,13.133142212400601,12.576248129843252,True,False
13528,16903729010922132250,1690,7076,6311,5192,2000,800,794,4.921115981476399,4.920381327009096,12.788718332690458,12.342074667999139,True,False
13529,717490998055859588,72,6838,5309,4577,2000,1201,1161,4.470772948696246,4.4628622624226075,12.739358707433395,12.160186576600662,True,False
13530,5187000000000000000,519,1815,1808,1557,2000,90,88,4.421041562498034,4.419804562232368,10.825753832883112,10.604553229079038,True,False
13531,997500000000000000,100,896,888,803,2000,85,83,4.2894744842151455,4.287755870495212,9.807354922057604,9.649256177517314,True,False
13532,399000000000000000,40,629,621,589,2000,87,85,4.2907355998913745,4.2891289739001826,9.296916206879288,9.20212382383046,True,False
13533,32912512500000000000,3291,7366,6611,5424,2000,820,814,5.865813394700842,5.865496217175241,12.846665681899738,12.405141463136344,True,False
13534,29582358750000000000,2958,9420,7947,6526,2000,1030,998,5.506752922719468,5.472907429898372,13.201511344500146,12.671983272091865,True,False
13535,12391743000000000000,1239,9011,7540,6227,2000,1019,988,5.277509168879229,5.274342519274655,13.13747150335196,12.604321563877273,True,False
13536,89775000000000000,9,3746,2529,2305,2000,1091,1050,5.054064174333268,5.032108106697717,11.871135184243045,11.1705510353167,True,False
13537,30226330952348941732,3023,10005,8376,6791,2000,1230,1186,4.9681838656282125,4.963535148415604,13.288433546793103,12.729408316984019,True,False
13538,100250626566416040,10,3908,2673,2494,2000,991,971,4.526196169032792,4.517392259031062,11.932214751968385,11.28424574982967,True,False
13539,99750000000000000,10,3731,2472,2306,2000,1001,977,4.659448081609576,4.647299497278482,11.86534664481678,11.171176797651771,True,False
13540,8965345359416355000,897,300,269,255,2000,69,68,5.206992718580872,5.206789069430884,8.228818690495881,7.994353436858858,True,False
13541,40879632629873282695,4088,3662,3638,3001,2000,153,152,5.17771331353286,5.177580818425348,11.838416075797337,11.551227603598289,True,False
13542,99012713316691406,10,3886,2489,2317,2000,1009,983,4.412377049086664,4.402604702977308,11.924070185585345,11.178042328864821,True,False
13543,158675377819627921642,15868,10445,8828,7145,0,0,0,0.0,0.0,13.350524871954471,12.802718295983178,False,True
13544,52045761891648622252,5205,9876,8233,6772,2000,1072,1043,5.813796341734933,5.812348176167168,13.269711121142782,12.725366257895642,True,False
13545,799489518870000,0,209,0,0,0,0,0,0.0,0.0,7.7073591320808825,0,False,True
13546,48211225362177457526,4821,5273,5206,4217,2000,207,206,5.115751748479389,5.11529010348439,12.364408281379832,12.042001306279133,True,False
13547,200000000000000000,20,4830,3581,3194,2000,1136,1094,4.576133230632618,4.560743243425573,12.237807473723135,11.641148597411233,True,False
13548,2743125000000000,0,1026,0,0,0,0,0,0.0,0.0,10.002815015607053,0,False,True
13549,95760000000000000,10,4522,2888,2643,2000,1222,1176,4.399355240358596,4.386950945942452,12.14274527675153,11.36796070964157,True,False
13550,3329900620355001,0,1230,0,0,0,0,0,0.0,0.0,10.264442600226602,0,False,True
13551,14733641637240532549,1473,9641,8059,6581,2000,1226,1185,4.927916525918333,4.923252107598476,13.234967080517478,12.684091106529095,True,False
13552,14659015521471120271,1466,9644,8056,6581,2000,1240,1199,5.566539021278492,5.564245351610995,13.235415935602527,12.684091106529095,True,False
13553,62842500000000000,6,4109,2520,2335,2000,1212,1170,4.789093572778235,4.769824148581851,12.004571615167656,11.189206834597025,True,False
13554,2134650000000000000,213,2238,1946,1663,2000,357,350,4.41651816786226,4.4103498405678625,11.127994320976393,10.699572453287269,True,False
13555,549499637114943318,55,5903,4669,4020,2000,1126,1083,4.513679069771969,4.498674043971871,12.527232626447567,11.972979786066292,True,False
13556,21501233430608489,2,3207,1618,1548,2000,1212,1170,6.569446389586898,6.529172993604447,11.647008638441648,10.59618975614441,True,False
13557,283507057436400000,28,516,505,479,2000,77,76,4.497865152455603,4.496604113101614,9.011227255423254,8.90388184573618,True,False
13558,1626747092335414425,163,1051,1040,913,2000,58,58,4.206346478237164,4.2063464782371645,10.037546953962178,9.834471049984222,True,False
13559,13479581385629248589,1348,9555,8062,6532,2000,1275,1230,5.842256150233456,5.839185606319672,13.22204015786482,12.673309075561695,True,False
13560,494412906242613663,49,815,800,698,2000,100,99,4.2893071992969345,4.288532205404212,9.67065624911844,9.447083226209653,True,False
13561,41357309468818847435,4136,5415,5360,4323,2000,225,224,5.303657688613992,5.303302786937888,12.40274562249569,12.077817120895904,True,False
13562,10642707273427590170,1064,9511,7903,6432,2000,1230,1184,4.922707906686245,4.9181034250936655,13.215381320721084,12.651051691178928,True,False
13563,291427568438090465,29,1547,1480,1248,2000,189,188,4.352888375673249,4.3513262149976235,10.595257481449035,10.285402218862249,True,False
13564,17550709163966594,2,2614,1167,1129,2000,1061,1030,6.508762941838301,6.474064444958431,11.352043425795433,10.140829770773001,True,False
13565,14431448693163233504,1443,9710,8224,6755,2000,1203,1162,5.2351726057043875,5.231907134893363,13.245255580306555,12.721740054213047,True,False
13566,492541562122615911,49,1869,1799,1489,2000,194,193,4.441703856377306,4.440612351920332,10.868050853745158,10.5401280385821,True,False
13567,11727095404282870573,1173,9697,8154,6699,2000,1228,1187,5.51014190056519,5.507706759589677,13.243322768605955,12.709730036543629,True,False
13568,50671621784459168039,5067,9894,8428,6779,2000,1271,1226,5.765933708336775,5.736795231905836,13.272338184158624,12.726856755450727,True,False
13569,12599789785219047272,1260,2162,2150,1801,2000,74,74,4.6011387931946786,4.601138793194679,11.07815080773465,10.814582465906277,True,False
13570,234267344084707755,23,1417,1365,1209,2000,198,195,4.4912389336170735,4.488911800309828,10.468624042918018,10.239598529249124,True,False
13571,1760587500000000000,176,1493,1477,1255,2000,107,106,4.581433145754106,4.580955840418749,10.543998450134541,10.293471648838134,True,False
13572,47880000000000000,5,12,10,10,28,10,10,3.1489320402226566,3.148932040222657,3.584962500721156,3.321928094887362,False,False
13573,55045835322866684,6,43,41,41,2000,30,30,4.2203696368963675,4.2203696368963675,5.426264754702098,5.357552004618084,True,False
13574,4571173053586002735,457,8845,7293,6024,2000,1228,1185,4.658161903264411,4.651915430071233,13.110646427577821,12.556506054671928,True,False
13575,780115276566520145,78,4537,3772,3279,2000,788,782,4.432384505037319,4.430841535943342,12.147522944350744,11.679040186393062,True,False
13576,99750000000000000,10,3951,2721,2480,2000,1118,1078,5.72449657112157,5.696122180901182,11.94800213097767,11.276124405274238,True,False
13577,1047647971523523,0,25,0,0,0,0,0,0.0,0.0,4.643856189774724,0,False,True
13578,12585553161711759455,1259,8807,7466,6194,2000,1023,997,5.000279583211901,4.997730377138457,13.10443495055075,12.596655667674662,True,False
13579,2747073524973547046,275,7715,6219,5228,2000,968,938,4.553889827342683,4.548020950626796,12.913450441458098,12.352043425795433,True,False
13580,178153500000000000,18,3138,2328,2099,2000,772,743,4.7261245647065815,4.7111080463965544,11.615629636968098,11.035486451292154,True,False
13581,13130804377173066084,1313,4716,4661,3759,2000,211,210,4.867136666678071,4.866581447618914,12.203348002979762,11.876133200043016,True,False
13582,326122845350809,0,117,0,0,0,0,0,0.0,0.0,6.870364719583405,0,False,True
13583,14264248659976602,1,2019,949,938,949,949,938,9.890264277021107,9.867081979866208,10.979425195331473,9.873444112515376,False,False
13584,89376000000000000,9,3672,2395,2242,2000,1006,980,4.7130958536552265,4.701362975831914,11.842350343413807,11.130570562805426,True,False
13585,18172909970051773971,1817,4891,4837,3879,2000,210,207,4.9521011622256905,4.951217353464196,12.25591374933779,11.921469060531411,True,False
13586,7186764759043722984,719,8709,7245,6015,2000,1085,1054,5.004376999320037,5.001213531491267,13.088291357347817,12.55434902206344,True,False
13587,12045679248992169,1,2613,1114,1074,1114,1114,1074,10.121533517340032,10.042889315836947,11.35149140932002,10.068778277985412,False,False
13588,3768198367575600000,377,1697,1691,1429,2000,84,83,4.335594773986015,4.334598063894008,10.728770849542663,10.480790201095816,True,False
13589,1164094689751906849,116,1017,1006,877,2000,80,79,4.29826758903389,4.297439913230796,9.9901039638575,9.776433032444734,True,False
13590,3627709294424372070,363,5774,5168,4307,2000,767,761,4.838668204100336,4.835453270051863,12.495355392235982,12.072467608241858,True,False
13591,1388491363035820623,139,5049,4398,3726,2000,782,776,4.647397433832676,4.646340097855867,12.301781962051106,11.863411958941638,True,False
13592,365548467013913865,37,1194,1156,969,2000,123,123,4.323679243578505,4.323679243578504,10.221587121264806,9.92035285541508,True,False
13593,4243915026550016384,424,8265,6688,5577,2000,978,948,4.785825122869026,4.781266011745407,13.012799104179676,12.445273555640638,True,False
13594,3300231699108806745,330,7266,6167,5212,2000,969,954,4.402086973228952,4.398161433034655,12.826945650415485,12.347621368568134,True,False
13595,253884161991434893,25,1387,1324,1122,2000,169,167,4.5121725839462785,4.509000519627723,10.437752072323603,10.131856960608793,True,False
13596,369543682316571,0,118,0,0,0,0,0,0.0,0.0,6.882643049361842,0,False,True
13597,952380952380952380,95,6388,4995,4326,2000,1011,984,4.418135919134468,4.408273077328992,12.641148597411233,12.078817949961978,True,False
13598,2164965169252596364,216,7559,6088,5135,2000,984,954,4.830979658562452,4.827170449540358,12.883979673808748,12.326148561205557,True,False
13599,21600312550058504,2,3227,1604,1531,2000,1214,1168,6.570136743228886,6.526731015993191,11.655977862486942,10.580258567499788,True,False
13600,544155540674670856,54,2023,1971,1669,2000,224,224,4.872139359889345,4.872139359889345,10.982280604558284,10.704768239362599,True,False
13601,181922086549451507367,18192,3494,3479,2885,0,0,0,0.0,0.0,11.77066389291676,11.494355603532846,False,True
13602,99940439250700972598,9994,5473,5406,4342,2000,224,223,5.705724905627154,5.705428267901679,12.418116141207488,12.084144010615145,True,False
13603,19154153507860093721,1915,4932,4296,3479,2000,657,637,5.5989937725141505,5.595392600172795,12.26795708440284,11.76445696361989,True,False
13604,1475677609236600000,148,1087,1081,940,2000,85,84,4.439658331376139,4.43881281667084,10.086136225027309,9.876516946565,True,False
13605,256390377133297270,26,510,504,480,2000,84,83,4.291269898287678,4.289540626022253,8.994353436858859,8.906890595608518,True,False
13606,19444687648819263161,1944,9730,8232,6665,2000,1249,1210,5.089793417406644,5.086841741228135,13.248224089668474,12.702389159976336,True,False
13607,2992500000000000000,299,527,467,428,2000,106,106,4.532950342629244,4.532950342629243,9.041659151637214,8.741466986401146,True,False
13608,1858318121100000,0,52,0,0,0,0,0,0.0,0.0,5.700439718141092,0,False,True
13609,5527147500000000000,553,8323,6927,5780,2000,1018,991,4.637819864243106,4.631123685149406,13.02288792180326,12.496853777388042,True,False
13610,4907700000000000000,491,8262,6829,5712,2000,1042,1014,5.270197666294322,5.26797132721609,13.01227534485612,12.479780264029099,True,False
13611,331758392836304820,33,3900,3009,2648,2000,840,806,4.551280771543851,4.532365079853534,11.929258408636972,11.370687406807217,True,False
13612,10972500000000000,1,190,134,133,134,134,133,7.06608919045777,7.051163817323442,7.569855608330948,7.05528243550119,False,False
13613,5271244550495700000,527,1930,1923,1631,2000,83,82,4.369521647974353,4.368477871549438,10.914385132155443,10.671541066711884,True,False
13614,33171363299130000,3,1573,1003,943,2000,578,561,6.057156117288752,6.030331789278688,10.619302955415687,9.881113960675096,True,False
13615,2378830363719143588,238,3820,3669,3092,2000,461,459,4.595216428403576,4.594540677116393,11.899356922923111,11.594324603924848,True,False
13616,192546908185195876,19,4740,3376,3018,2000,1092,1059,4.760856381720925,4.74281841140545,12.210671343785622,11.559377090526683,True,False
13617,5617295487195000,1,363,80,80,80,80,80,6.3219280948873635,6.3219280948873635,8.50382573799575,6.321928094887363,False,False
13618,681443321465404958,68,654,649,618,2000,67,66,4.253866254462644,4.251844755530613,9.353146825498083,9.271463027904375,True,False
13619,3990000000000000,0,1000,0,0,0,0,0,0.0,0.0,9.965784284662087,0,False,True
13620,257719195265579,0,36,0,0,0,0,0,0.0,0.0,5.169925001442312,0,False,True
13621,20041826329785850609,2004,7278,6458,5395,2000,837,827,4.649376674467945,4.647586238240711,12.829326335841666,12.39740724437538,True,False
13622,1002286997608786,0,293,0,0,0,0,0,0.0,0.0,8.194756854422248,0,False,True
13623,7293049564114887142,729,9174,7647,6260,2000,1238,1196,4.834509532300694,4.8301298055379425,13.163335192081961,12.61194694181998,True,False
13624,5954113913577900000,595,1978,1965,1638,2000,92,91,4.732027032013638,4.731234335251018,10.94982671075911,10.677719641641009,True,False
13625,133665000000000000,13,2867,2099,1902,2000,742,716,4.765507473078957,4.745933611670891,11.485326189240524,10.893301530860564,True,False
13626,88164702740569610,9,797,747,702,2000,192,192,4.958519772845648,4.958519772845648,9.638435913990472,9.45532722030456,True,False
13627,434910000000000000,43,5388,4179,3634,2000,1086,1044,4.4245213914773975,4.408671871813489,12.395534135462302,11.827342704234116,True,False
13628,108433824048117708,11,4774,3185,2905,2000,1214,1173,4.441495690951453,4.42883848736456,12.220982851081777,11.50432244829189,True,False
13629,99750000000000000,10,857,808,756,2000,198,198,4.445993861425015,4.445993861425015,9.7431513941125,9.562242424221072,True,False
13630,3508604956005070073,351,8657,7039,5832,2000,1225,1179,4.96087489021441,4.9534589775395865,13.079651444144783,12.509775004326936,True,False
13631,23651512083360000,2,1488,878,841,2000,607,589,6.548203582619003,6.5146388140562355,10.539158811108031,9.715961990255144,True,False
13632,213465303041945966,21,1828,1705,1548,2000,432,430,4.37340784538843,4.3721576109694755,10.83605035505807,10.59618975614441,True,False
13633,132204128440307874,13,1561,1419,1329,2000,454,452,4.75944860601456,4.757082166422498,10.608254821977908,10.376125389276174,True,False
13634,63212287502542021,6,1146,993,971,2000,453,451,4.73421399177353,4.73213444851803,10.162391328756906,9.923327485419192,True,False
13635,13566640410866347166,1357,7761,6865,5766,2000,927,916,4.92294204664179,4.9217381357151995,12.922026839405897,12.493355121494906,True,False
13636,26085043451721705,3,1378,853,811,2000,546,529,5.9926438788806236,5.964394688895855,10.428360172704291,9.663558104217273,True,False
13637,2573672301989943,0,66,0,0,0,0,0,0.0,0.0,6.044394119358453,0,False,True
13638,198502500000000000000,19850,7044,6767,5591,0,0,0,0.0,0.0,12.782179193831208,12.448890629629261,False,True
13639,299250000000000000000,29925,7266,6965,5741,0,0,0,0.0,0.0,12.826945650415485,12.48708634027127,False,True
13640,885034138768134169,89,6683,5064,4379,2000,1076,1045,4.5857012461756295,4.5784962310576915,12.706280158849161,12.096385734452651,True,False
13641,252367500000000000000,25237,5613,5546,4504,0,0,0,0.0,0.0,12.45455634396194,12.13699111208023,False,True
13642,382322136745595204,38,1691,1625,1397,2000,195,194,4.3921871655599025,4.390352762157917,10.723660944409984,10.448116305409464,True,False
13643,223440000000000000,22,5557,3962,3514,2000,1215,1173,4.807101531406813,4.790159484190403,12.440090524950488,11.778898476008376,True,False
13644,49174786567894710,5,3752,2206,2051,2000,1217,1177,4.549982792178917,4.534989987100323,11.873444112515376,11.002111776479852,True,False
13645,1561172557024885466,156,7226,5752,4884,2000,976,948,4.529964714676955,4.524093462585728,12.818981539432443,12.253847484987404,True,False
13646,498750000000000000,50,620,613,579,2000,70,69,4.3269261851192375,4.325154380406245,9.276124405274238,9.177419537989236,True,False
13647,4089750000000000,0,711,0,0,0,0,0,0.0,0.0,9.473705749619416,0,False,True
13648,323998568584030815,32,1617,1550,1326,2000,185,184,4.35210950245324,4.350394604275319,10.659103963473662,10.372865060112588,True,False
13649,4853083632519652163,485,1621,1614,1412,2000,77,76,4.512094172851849,4.511375076888602,10.662668375517542,10.46352437327118,True,False
13650,17199663372176278,2,1536,800,766,2000,713,687,6.51337946822102,6.473731495279827,10.584962500721156,9.581200581924957,True,False
13651,99503788234762717,10,1368,1209,1154,2000,480,478,4.41655695636447,4.415467121611584,10.417852514885897,10.172427508645482,True,False
13652,33159503451889980,3,1276,1029,1015,2000,657,654,5.684399223998008,5.681030960524954,10.31741261376487,9.987264012072538,True,False
13653,64752992947765767,6,2327,1687,1635,2000,763,757,4.432050076612622,4.427492821966098,11.184255495405349,10.675074920385445,True,False
13654,72445806849998878,7,2540,1776,1712,2000,785,779,4.543776131663611,4.540689421682391,11.310612781659529,10.741466986401146,True,False
13655,46408493445468067,5,2367,1530,1485,2000,851,841,4.787267078058532,4.780945755528613,11.208843990734614,10.536247215688128,True,False
13656,120674161692976815,12,3809,2702,2520,2000,967,952,4.386428506485133,4.382012181744447,11.89519657256334,11.29920801838728,True,False
13657,76664094664005673,8,3366,2222,2115,2000,983,966,4.5314621393217625,4.52378009672619,11.71681946132995,11.046441948007311,True,False
13658,40253542472809635,4,2951,1751,1683,2000,996,977,5.090581484049338,5.078869977979771,11.526988205432007,10.71681946132995,True,False
13659,24051089037391366,2,2872,1344,1288,2000,976,947,6.533675760907638,6.497833552798539,11.487840033823051,10.330916878114618,True,False
13660,81291166021910944,8,4032,2397,2208,2000,1050,1021,4.471989643181298,4.46159677684788,11.977279923499916,11.108524456778168,True,False
13661,18808109380252500,2,2619,1204,1164,2000,1061,1030,6.508762941838301,6.474064444958431,11.354800344350597,10.184875342908283,True,False
13662,159600000000000000,16,4,3,3,0,0,0,0.0,0.0,2.0,1.584962500721156,False,False
13663,59676788251850446425,5968,2697,2686,2187,2000,96,95,5.159532215995376,5.159176410836935,11.397139806235604,11.094737505048093,True,False
13664,4604478509460815745,460,3192,3133,2543,2000,163,162,4.522894012367351,4.519638642995708,11.640244936222345,11.312315746690107,True,False
13665,928070458729995979,93,6485,5223,4454,2000,1155,1112,4.468409867050056,4.458457513793224,12.662890859139061,12.12088584278779,True,False
13666,336643533716554366,34,5760,4403,3866,2000,1221,1177,4.407790426061224,4.398386137753292,12.491853096329674,11.916625922211235,True,False
13667,9514542894802661222,951,9404,7897,6510,2000,1215,1174,5.347640325150897,5.345111351364995,13.199058823653022,12.668441828052998,True,False
13668,1355358164488925700,136,7364,5729,4870,2000,1041,1012,4.552195765165488,4.53962854474126,12.846273911349906,12.249706056969705,True,False
13669,49875000000000000000,4988,2825,2813,2360,2000,83,82,4.809926989067075,4.805831455754783,11.464035152189913,11.204571144249204,True,False
13670,90393552696284878390,9039,156,154,145,2000,60,58,5.468380243494243,5.403162542244917,7.285402218862249,7.1799090900149345,True,False
13671,60562592086204992,6,1648,1383,1348,2000,665,661,4.831018026338931,4.806060828243316,10.686500527183219,10.396604781181859,True,False
13672,67915713172483705,7,3752,2174,2007,2000,974,944,4.535342989678499,4.519447894127765,11.873444112515376,10.970824901362617,True,False
13673,18631477756803865,2,2899,1361,1312,2000,1198,1158,6.564529569229781,6.525534564400589,11.501339618061397,10.357552004618084,True,False
13674,2145363408521303258,215,7555,6123,5171,2000,1038,1009,5.042494441089127,5.039282532184606,12.883216040052192,12.33622758948339,True,False
13675,3550580253984058669,355,7603,6404,5384,2000,1009,989,4.48555654104459,4.48145210662694,12.892353075734109,12.394462694610317,True,False
13676,3641850095616388805,364,8007,6552,5488,2000,1030,1001,4.959608903458554,4.9565138684506245,12.967046090863123,12.422064766172813,True,False
13677,4481203007518796992,448,8155,6638,5545,2000,976,947,4.429426848532384,4.422263425070607,12.993469161599247,12.436971745049073,True,False
13678,3842254674818248984,384,3477,2986,2478,2000,511,494,4.823835592136094,4.813621813630586,11.763627351727628,11.274960472140602,True,False
13679,173981302254526867249,17398,5680,5636,4528,0,0,0,0.0,0.0,12.471675214392045,12.144658242831882,False,True
13680,49875000000000000,5,3371,1881,1774,2000,957,928,4.774213398512149,4.755846779386288,11.71896091198421,10.792790294301064,True,False
13681,1607532681867052049,161,7240,5730,4868,2000,976,947,4.8317436993224865,4.827899333828654,12.821773981970567,12.249113452713729,True,False
13682,500000000000000000,50,5871,4524,3940,2000,1083,1050,4.395808940370779,4.386740573542364,12.51939054134796,11.943979914343739,True,False
13683,110000000000000000,11,4647,3162,2870,2000,1188,1147,4.438517947875825,4.423764866750846,12.182083929510725,11.486835021563051,True,False
13684,7782753633894750000,778,1958,1945,1617,2000,77,76,4.36397424359726,4.3630520560600194,10.935165049603695,10.659103963473662,True,False
13685,203381610605067595,20,211,208,206,2000,46,46,4.2303093015803235,4.2303093015803235,7.721099188707185,7.6865005271832185,True,False
13686,15810125000000000,2,2769,1262,1217,2000,1193,1152,6.562737896320401,6.523054169615669,11.43514933836693,10.249113452713729,True,False
13687,995291767715994671,100,6017,4855,4137,2000,1068,1026,4.502860079033657,4.491565518372836,12.554828641429854,12.014369242235137,True,False
13688,13701633403326560,1,2660,1148,1109,1148,1148,1109,10.164906926675686,10.085194579110942,11.377210530388552,10.11504365016171,False,False
13689,15182289911664716,2,2216,1036,1017,2000,1001,982,6.482014698579961,6.461504923575634,11.113742166049189,9.9901039638575,True,False
13690,1333766302450691497,133,730,725,687,2000,66,66,4.408402004588785,4.408402004588785,9.51175265376738,9.4241662888181,True,False
13691,300780834551908353,30,346,341,338,2000,55,55,4.2078799113356835,4.207879911335683,8.434628227636725,8.400879436282183,True,False
13692,1503759398496240601,150,6973,5679,4824,2000,1018,992,4.798999743003345,4.794298312388448,12.767563766286798,12.236014191900084,True,False
13693,43609022556390977443,4361,4146,4108,3349,2000,149,147,5.462832188397837,5.462664718548504,12.017504401109415,11.709514660706716,True,False
13694,20512987256729722052,2051,2486,2223,1872,2000,359,352,5.5668063431594454,5.565100594709643,11.279610581052484,10.870364719583405,True,False
13695,271480410181057139,27,5664,4147,3671,2000,1221,1181,5.299755615489149,5.274638411421776,12.467605550082997,11.841957399099547,True,False
13696,9745213374665160000,975,4929,4255,3465,2000,677,655,5.087484310074691,5.081693535144868,12.26707926567123,11.758639637024576,True,False
13697,46514894919499580,5,3314,1826,1725,2000,956,927,4.7384554917882875,4.712187316336451,11.694357887221452,10.752380646552893,True,False
13698,53517583287796309,5,670,603,575,2000,184,183,4.595643033733081,4.593108982418541,9.388017285345136,9.167418145831737,True,False
13699,3508771929824561,0,1165,0,0,0,0,0,0.0,0.0,10.186114239541643,0,False,True
13700,9600000000000000000,960,6634,5866,4868,2000,789,783,4.543876923737982,4.540791448440755,12.695663296788021,12.249113452713729,True,False
13701,9791713198799858401,979,9320,7793,6354,2000,1245,1202,5.242222952867388,5.202322271671583,13.186114239541643,12.633449374713493,True,False
13702,112717500000000000,11,1631,1459,1382,2000,496,494,4.488049010584024,4.4868198487187705,10.671541066711884,10.432541900388259,True,False
13703,21413842453599125,2,23,21,21,98,21,21,3.998856028974095,3.998856028974095,4.523561956057013,4.392317422778761,False,False
13704,173265750000000000000,17327,5608,5548,4478,0,0,0,0.0,0.0,12.453270634010623,12.128638812852598,False,True
13705,267272485577939431465,26727,5620,5552,4474,0,0,0,0.0,0.0,12.456354415108288,12.127349541059118,False,True
13706,12776977500000000,1,2060,944,906,944,944,906,9.882643049361839,9.795392490064593,11.00842862207058,9.823367240046235,False,False
13707,8131069460732714734,813,5567,5299,4415,2000,700,696,4.498868308220646,4.496934445775277,12.442684367865834,12.108197722535829,True,False
13708,4336132500000000000,434,5587,4750,3914,2000,796,764,4.614320579175306,4.602906424935608,12.44785810495403,11.934428040626804,True,False
13709,97523430088025575844,9752,10172,8638,6978,2000,1278,1236,6.174083990302961,6.152890271228438,13.312315746690107,12.768597882194374,True,False
13710,4551735627106603,0,1492,0,0,0,0,0,0.0,0.0,10.543031820255237,0,False,True
13711,1688740153780527141,169,4587,4280,3617,2000,724,719,4.604245717560919,4.6021202743141405,12.163335192081961,11.820577882655774,True,False
13712,2084775000000000000,208,3595,3490,2925,2000,423,421,4.999941510329123,4.999506699363191,11.81177605532666,11.51422090935813,True,False
13713,1064332500000000000,106,3127,3008,2552,2000,423,421,4.413334040749876,4.411666262230865,11.610563503925041,11.31741261376487,True,False
13714,22003799805712431,2,3223,1630,1559,2000,1214,1171,6.571349121773911,6.529621684554451,11.654188473059545,10.606405212697785,True,False
13715,1013600205643276,0,681,0,0,0,0,0,0.0,0.0,9.411510988012072,0,False,True
13716,102255639097744360,10,929,702,648,2000,274,269,4.92584928347425,4.915410619537569,9.859534786382653,9.339850002884624,True,False
13717,6026852456930235000,603,2488,2203,1855,2000,362,355,4.7361985533753606,4.732456854739663,11.280770770130603,10.857203471508166,True,False
13718,7920150000000000000,792,7852,6789,5695,2000,980,966,4.785621591985137,4.7714873426568225,12.938844457466171,12.475480126595475,True,False
13719,36502201833192091904,3650,2594,2322,1949,2000,352,345,5.042191034618009,5.0394998811168445,11.3409627642517,10.92851837525789,True,False
13720,260652924365427,0,78,0,0,0,0,0,0.0,0.0,6.285402218862249,0,False,True
13721,71074226025741519,7,2340,1608,1480,2000,710,686,4.524852559720511,4.510045880634463,11.192292814470767,10.531381460516313,True,False
13722,209039685667691212,21,2337,2110,1939,2000,627,624,4.453315246538985,4.45182025476144,11.190442018782825,10.921097088106793,True,False
13723,4803030431735696698,480,2723,2695,2193,2000,106,104,4.326631724124355,4.325315811438856,11.410981267043796,11.098690096673593,True,False
13724,547368421052631578,55,1974,1906,1549,2000,192,191,4.447069283964147,4.445815299952443,10.946906274456397,10.597121428789569,True,False
13725,16887000922370203355,1689,2339,2327,1931,2000,81,80,4.613734322179203,4.612924468873986,11.191676146352428,10.91513244895065,True,False
13726,9478893101685000,1,967,294,292,294,294,292,8.199672344836365,8.186066902659496,9.917372079476841,8.189824558880018,False,False
13727,1077293459470207377,108,3772,3138,2656,2000,631,611,4.584394766217224,4.573547285143595,11.881113960675096,11.375039431346925,True,False
13728,1984077147311769409,198,3792,3197,2695,2000,596,577,4.5367909318416535,4.5276269455134655,11.888743248898258,11.396069557639867,True,False
13729,62000000000000000,6,2541,1713,1586,2000,781,753,4.77635863449065,4.75663764047021,11.311180660053354,10.63117705570398,True,False
13730,130000000000000000,13,2035,1525,1381,2000,535,519,4.75193479699476,4.734571382950362,10.99081307915361,10.43149760425805,True,False
13731,100000000000000000,10,1831,1336,1218,2000,508,493,5.114173240785263,5.0949512559557295,10.838416075797337,10.250298417906333,True,False
13732,45233914380381312,5,1410,926,866,2000,481,468,4.924057321973795,4.907942760676975,10.461479447286155,9.758223214726724,True,False
13733,1002506265664160401,100,2636,2582,2129,2000,201,199,4.404108507638403,4.402759880371405,11.364134655008051,11.055960234452295,True,False
13734,30075187969924812030,3008,5106,5063,4048,2000,212,212,4.725717857250562,4.725717857250562,12.31797782240712,11.98299357469431,True,False
13735,32817750000000000000,3282,5143,5102,4073,2000,234,234,5.502913329076239,5.502913329076237,12.328394438352458,11.991876099003415,True,False
13736,679738707336954731,68,6740,5243,4499,2000,1253,1210,4.922281219653156,4.9178282860386116,12.71853287606922,12.135388651579046,True,False
13737,7852850000000000000,785,9205,7703,6286,2000,1266,1221,4.790148763697139,4.784920970897909,13.16820200623727,12.617926556798752,True,False
13738,16000000000000000000,1600,9603,8108,6552,2000,1273,1226,5.348727261809767,5.344929528449345,13.229269462266737,12.677719641641009,True,False
13739,3670800000000000000,367,8574,6983,5804,2000,1214,1173,4.5263180327296935,4.516574787851158,13.065752701816972,12.502831804066744,True,False
12824,138688011957788095,14,152,149,148,2000,51,51,4.370581773213535,4.370581773213535,7.247927513443585,7.20945336562895,True,False
12825,997501182851303253,100,5239,4232,3622,2000,936,896,4.512756635303017,4.501143471615131,12.35507574666906,11.822570830950168,True,False
12826,596012716736353542474,59601,1626,1621,1396,0,0,0,0.0,0.0,10.667111542075027,10.447083226209653,False,True
12827,4389000000000000000,439,8752,7165,5937,2000,1218,1176,4.742319596878658,4.737137080371504,13.095397022792557,12.535518397768667,True,False
12828,291083383147410000,29,2696,2098,1856,2000,600,582,4.433215330999344,4.422260533828343,11.396604781181859,10.857980995127573,True,False
12829,23724078799798605,2,3045,1405,1346,2000,1049,1020,6.503226263027733,6.469568965406959,11.572226512793694,10.394462694610317,True,False
12830,14962500000000000,1,1431,703,679,703,703,679,9.457380879072534,9.381819832872301,10.482807956726667,9.407267764244732,False,False
12831,9163253794797318,1,769,244,242,244,244,242,7.930737337562885,7.914343894939934,9.586839787961827,7.918863237274595,False,False
12832,1247815455822556,0,338,0,0,0,0,0,0.0,0.0,8.400879436282183,0,False,True
12833,10605541310004251033,1061,349,347,312,2000,42,42,4.44346142674001,4.44346142674001,8.447083226209653,8.285402218862249,True,False
12834,281783407552516733,28,1575,1514,1337,2000,253,253,4.505925130983694,4.505925130983693,10.621136113274641,10.384783750093353,True,False
12835,766119750590590958,77,6931,5385,4642,2000,1222,1180,4.696007079046423,4.690177742176109,12.75884780310832,12.180530807344482,True,False
12836,1947201907591705,0,651,0,0,0,0,0,0.0,0.0,9.346513733165635,0,False,True
12837,7167237086235451,1,169,91,91,91,91,91,6.507794640198699,6.507794640198699,7.400879436282184,6.507794640198696,False,False
12838,2493088271457584229,249,5098,4739,3984,2000,742,737,4.64322809106921,4.642266233908228,12.315715658022201,11.960001932068081,True,False
12839,225043853201790000,23,489,387,366,2000,118,118,4.431926495748279,4.431926495748279,8.933690654952233,8.515699838284043,True,False
12840,12170122808433586397,1217,8917,7412,6115,2000,972,943,4.571886429751154,4.563100087781692,13.122342701858912,12.578136783414749,True,False
12841,19882566138830830993,1988,2157,2150,1808,2000,97,95,5.202150836860395,5.201368348243412,11.074810461160453,10.820178962415188,True,False
12842,19704726737165060776,1970,2171,2164,1819,2000,99,97,5.12585610603583,5.125205098280596,11.084144010615145,10.828929827651486,True,False
12843,19987958057804199889,1999,2237,2230,1867,2000,87,85,4.375506210644609,4.374257552042773,11.127349541059118,10.866506212226202,True,False
12844,24899030964781021424,2490,2310,2302,1919,2000,103,101,5.087530934779773,5.0869979441345,11.17367713630342,10.90613899619538,True,False
12845,19962025556014650091,1996,2401,2389,1967,2000,85,84,4.70520001514774,4.704617400544922,11.229419688230417,10.94178124227853,True,False
12846,1381306028793128971,138,7086,5590,4753,2000,963,934,4.5100554039043335,4.503885221811971,12.790755750118313,12.214622686302336,True,False
12847,997500000000000,0,484,0,0,0,0,0,0.0,0.0,8.918863237274595,0,False,True
12848,29956018898400000,3,106,95,94,2000,76,75,5.023732429726297,5.021336700601483,6.727920454563199,6.554588851677638,True,False
12849,116200783785444468,12,4785,3243,2940,2000,1210,1170,4.398111812655258,4.386967994743079,12.224303209373389,11.521600439723727,True,False
12850,28927500000000000,3,3342,1791,1701,2000,1216,1175,6.574459740659732,6.535968105054346,11.706496018061188,10.732167425663386,True,False
12851,3716635765068865145,372,223,195,188,2000,49,49,4.459328407483077,4.459328407483076,7.800899899920305,7.554588851677638,True,False
12852,4332108395880978246,433,1701,1690,1390,2000,84,83,4.492650773995958,4.492029040800346,10.732167425663386,10.44086916761087,True,False
12853,1301737500000000000,130,6507,5373,4602,2000,978,961,4.5714254851219485,4.565757422778287,12.667776838393431,12.16804526822409,True,False
12854,994484240591491708,99,6790,5174,4462,2000,1068,1038,4.641012189601285,4.6363909084997745,12.729195859132094,12.12347479824414,True,False
12855,44752065372460014609,4475,5278,5205,4208,2000,290,290,4.777683451337049,4.77768345133705,12.365775635326269,12.038918989292302,True,False
12856,1225459812868200000,123,1039,1028,899,2000,83,82,4.482829651112591,4.482251539406606,10.020979938904212,9.812177305514448,True,False
12857,512787006541568523,51,5969,4430,3868,2000,976,947,4.547871593214657,4.541586218033485,12.543273538449803,11.917372079476841,True,False
12858,20448750000000000,2,2214,1219,1168,2000,912,877,6.573477004728004,6.531644989786846,11.112439506781552,10.189824558880018,True,False
12859,759635524937926329,76,2229,2171,1795,2000,204,202,4.488260396979783,4.487179740231653,11.122180901259753,10.809768128710413,True,False
12860,119700000000000000,12,1754,1292,1174,2000,462,451,5.07482636200289,5.059108896027407,10.776433032444734,10.197216693110052,True,False
12861,31077091645203660000,3108,924,830,738,2000,118,118,4.458819277769399,4.458819277769398,9.851749041416058,9.527477006060396,True,False
12862,9956586058630131299,996,5235,5033,4179,2000,592,590,4.691970695430994,4.691533154411523,12.35397382181817,12.02894204332241,True,False
12863,498750000000000000000,49875,6315,5508,4459,0,0,0,0.0,0.0,12.624567018674915,12.122504484313904,False,True
12864,77676573891794478,8,1318,1144,1106,2000,499,497,4.552034680237185,4.55089410424631,10.364134655008051,10.111135670234708,True,False
12865,4936491784106992458,494,2801,2766,2248,2000,118,116,4.508004731549625,4.507531955523532,11.451726268074506,11.134426320220927,True,False
12866,1216596563495408,0,60,0,0,0,0,0,0.0,0.0,5.906890595608519,0,False,True
12867,88122446529310567,9,3764,2543,2317,2000,1099,1058,5.0598418131949785,5.038000190555031,11.878050912728536,11.178042328864821,True,False
12868,2582205860386682602,258,7767,6298,5297,2000,1020,990,4.371645251703959,4.3628108202441105,12.923141750621268,12.370959793297386,True,False
12869,823593259817190414,82,880,865,757,2000,83,82,4.280065327709964,4.278950617791322,9.78135971352466,9.564149489985732,True,False
12870,7972853119952393127,797,372,370,337,2000,51,51,4.751436028502563,4.751436028502563,8.539158811108031,8.396604781181859,True,False
12871,803422934780010664,80,752,739,663,2000,74,73,4.252136290570354,4.250859846984491,9.554588851677638,9.372865060112588,True,False
12872,49875000000000000,5,2355,1540,1493,2000,828,818,4.7846168139443135,4.777903125701245,11.201511344500146,10.543998450134541,True,False
12873,1288969500000000000,129,6587,5416,4619,2000,996,979,4.643018096969098,4.640503396630191,12.68540583478614,12.173364830849037,True,False
12874,822055137844611528,82,2622,2522,2154,2000,383,381,4.663021756346663,4.6607527716955355,11.356451970221755,11.072802534544207,True,False
12875,280660249708000149,28,523,515,492,2000,76,74,4.25001314137426,4.247338611192726,9.030667136246942,8.94251450533924,True,False
12876,20050125313283208,2,1838,1023,982,2000,768,740,6.548184484213435,6.508451108473268,10.843921051289035,9.939579214314692,True,False
12877,59102813283208020,6,1393,971,905,2000,441,430,4.754219668109399,4.740044571643688,10.443979542601253,9.821773981970567,True,False
12878,8082742500000000000,808,2527,2241,1886,2000,365,358,4.959128686422258,4.956199084737817,11.303209948944776,10.881113960675096,True,False
12879,9796222522637016,1,249,84,84,84,84,84,6.39231742277876,6.39231742277876,7.960001932068081,6.392317422778761,False,False
12880,3971526673141907250,397,1991,1741,1495,2000,308,302,4.585817046295105,4.581109162062141,10.959277505720502,10.545929769085467,True,False
12881,85623425174588476,9,792,743,697,2000,192,192,4.712071165570215,4.712071165570215,9.62935662007961,9.445014845868423,True,False
12882,59850000000000000,6,4024,2475,2285,2000,1215,1174,4.549706650722121,4.534513845643527,11.974414589805527,11.157978449945432,True,False
12883,60038105539293127,6,2196,1488,1377,2000,687,664,4.745131530281196,4.726917469652632,11.100662339005199,10.427312844134963,True,False
12884,9420419572114310587,942,185,183,170,2000,45,45,4.768584645407243,4.768584645407243,7.531381460516312,7.409390936137702,True,False
12885,997500000000000000,100,7196,5652,4841,2000,1216,1177,4.833696805065317,4.829644486013874,12.812979471251483,12.241089378860856,True,False
12886,588663185048745698,59,6674,5127,4446,2000,1214,1172,4.549718354611313,4.533379723292198,12.704335971182319,12.11829223302699,True,False
12887,558046661244376545,56,6633,5001,4312,2000,1220,1175,4.5224389635134,4.5118582144477966,12.695445810537382,12.074141462752506,True,False
12888,980988524611772965,98,4799,3998,3476,2000,828,819,4.471670886958398,4.469502075887182,12.228518097716194,11.7632123668144,True,False
12889,1995000000000000,0,688,0,0,0,0,0,0.0,0.0,9.426264754702098,0,False,True
12890,1895250000000000000,190,2924,2865,2353,2000,202,201,4.444773482617359,4.44377293686513,11.513727595952437,11.200285605224298,True,False
12891,194961462064046229,19,1251,1210,1085,2000,205,205,4.376144444333999,4.376144444333998,10.28886607416582,10.083479327331842,True,False
12892,49700662535585284319,4970,5598,5497,4506,2000,397,395,5.277506396855027,5.276358488673422,12.450695771572915,12.137631598235428,True,False
12893,79291474500000000000,7929,7775,6952,5808,2000,866,855,5.510555185388857,5.509402736543812,12.924626959905327,12.50382573799575,True,False
12894,49925062656641604,5,579,520,498,2000,197,196,5.196819891668998,5.19314832958622,9.177419537989236,8.960001932068081,True,False
12895,1973938220705220299,197,2925,2856,2293,2000,192,191,4.449517501290769,4.448417391279769,11.51422090935813,11.163020639580793,True,False
12896,2178286674299296193,218,5271,4756,3988,2000,764,758,4.875295884016502,4.873832779515055,12.363860976729532,11.961449694398196,True,False
12897,997500000000000,0,617,0,0,0,0,0,0.0,0.0,9.269126679149418,0,False,True
12898,61374548351724882,6,909,655,616,2000,309,304,4.7383852269109665,4.729762858617182,9.828136484194108,9.266786540694902,True,False
12899,9866058188371519818,987,4917,4761,3937,2000,478,476,5.126878135120992,5.126511069087997,12.263562639820615,11.94288099715904,True,False
12900,54077060508799001239,5408,3658,3632,2986,2000,146,145,5.445116778262893,5.4450110385746004,11.836839359748716,11.543998450134541,True,False
12901,69608099716240401314,6961,2928,2916,2439,2000,88,87,5.031941421784968,5.027681774095917,11.515699838284043,11.252074042796185,True,False
12902,45827503250705457,5,550,492,473,2000,195,194,5.195165587385434,5.191495250381763,9.103287808412022,8.885696373339394,True,False
12903,46835147493497089665,4684,2573,2565,2104,2000,95,94,4.787771193580995,4.787382769357847,11.3292357417338,11.038918989292302,True,False
12904,2106961487428110561,211,7544,6011,5063,2000,979,948,4.598459882614874,4.591218228378768,12.881113960675096,12.30577676890981,True,False
12905,110299501095630000,11,224,181,175,2000,86,86,4.9597295694548045,4.9597295694548045,7.807354922057604,7.451211111832329,True,False
12906,50229694142962799,5,3989,2455,2268,2000,1228,1187,4.787107672699497,4.767782252832731,11.961811408087163,11.147204924942228,True,False
12907,477054506966703306,48,5671,4184,3663,2000,959,930,4.3930599670307835,4.3756014856200505,12.469387440964345,11.83880998570856,True,False
12908,39293968616681809,4,2238,1398,1306,2000,790,760,5.2907460033727505,5.263109447471907,11.127994320976393,10.350939181546432,True,False
12909,10025062656641604,1,1328,579,563,579,579,563,9.177419537989234,9.117393825550266,10.375039431346925,9.13699111208023,False,False
12910,60150375939849624,6,613,444,424,2000,210,206,4.719366418362566,4.709355155692062,9.259743263690781,8.727920454563199,True,False
12911,10272273518133760825,1027,8240,7128,5959,2000,980,963,4.889942981723564,4.886012515884865,13.00842862207058,12.540854532113636,True,False
12912,9973158286484294350,997,8142,7025,5886,2000,979,963,4.739450153179383,4.737162743262461,12.99116750614001,12.523071826940395,True,False
12913,6628923657575647353,663,7916,6790,5700,2000,979,963,4.963536118646276,4.961768678592742,12.950555897047511,12.476746203939467,True,False
12914,6295454218471998952,630,1841,1829,1521,2000,72,72,4.488759118419521,4.488759118419521,10.846273911349906,10.570804437724497,True,False
12915,12036318468745797373,1204,2165,2152,1807,2000,70,70,4.536254779662274,4.536254779662273,11.080151309614088,10.8193807908646,True,False
12916,4987500000000000000,499,1789,1777,1482,2000,90,88,4.665595059718006,4.664457907129168,10.804937672051908,10.533329732305834,True,False
12917,2394000000000000000,239,1637,1622,1369,2000,101,100,4.460086204711981,4.459455242502584,10.676838606474153,10.4189067312579,True,False
12918,8041337042382555451,804,2593,2574,2109,2000,117,116,4.390812350198914,4.390468690657112,11.340406490853294,11.042343379793692,True,False
12919,2849305087926174974,285,2132,2106,1726,2000,137,136,4.475011217815664,4.4747250441469175,11.057991722759176,10.753216749178955,True,False
12920,1710612748289324975,171,2835,2767,2213,2000,184,183,4.371310605746827,4.3694295465658115,11.469133019829592,11.11178773580101,True,False
12921,7767316119718877658,777,4146,4086,3272,2000,205,204,4.487996503881739,4.487079455111417,12.017504401109415,11.67595703294175,True,False
12922,1846781705345846801,185,2918,2859,2345,2000,205,204,4.494113187979936,4.493189012386572,11.510764167917891,11.19537220740274,True,False
12923,2452413713595535913,245,3297,3243,2657,2000,211,209,4.994506046961412,4.992364766857036,11.686938171670388,11.375582512490507,True,False
12924,209229393170684511,21,1352,1302,1158,2000,194,193,4.503559897902591,4.502495913765626,10.400879436282183,10.177419537989236,True,False
12925,3996189859961614840,400,3674,3623,2929,2000,199,198,4.373565307615695,4.37245401128853,11.84313591111135,11.516192477879367,True,False
12926,12628350000000000000,1263,4757,4663,3829,2000,381,379,5.566214613548634,5.565413481346168,12.215836309962455,11.902751944850161,True,False
12927,6483750000000000000,648,6033,5620,4675,2000,757,752,4.784404997869919,4.783603454688935,12.558659867026508,12.19075064966236,True,False
12928,10962707030491780156,1096,6875,6066,5071,2000,838,828,4.713252799222528,4.710663043791296,12.747143998186747,12.308054559066635,True,False
12929,698250000000000000,70,3587,2900,2508,2000,669,646,4.521282748549145,4.509174153896077,11.808562029957525,11.29232163280204,True,False
12930,481180230373903439,48,1939,1876,1609,2000,263,263,4.555354585924796,4.555354585924796,10.921097088106793,10.651948610723446,True,False
12931,836900000000000000,84,2430,2352,1999,2000,292,292,4.405966097642345,4.405966097642345,11.246740598493144,10.965062756744627,True,False
12932,446279276637366976,45,2071,1987,1734,2000,328,327,4.419445633883296,4.416827004149122,11.016111838220512,10.759888183221834,True,False
12933,230000000000000000,23,2402,2173,1991,2000,631,628,4.431922265389906,4.430621452381775,11.230020435705635,10.959277505720502,True,False
12934,926784612300120000,93,1381,1165,1034,2000,265,261,4.425524865442342,4.42228321017212,10.43149760425805,10.014020470314934,True,False
12935,178289629401639369,18,4700,3130,2794,2000,963,934,4.449886529026143,4.441524095031015,12.198445041452363,11.448116305409464,True,False
12936,9948416861600919615,995,4246,4195,3380,2000,225,225,5.11810644590804,5.1181064459080385,12.051888655905378,11.722807531169547,True,False
12937,300202248764342923,30,1738,1391,1234,2000,397,387,4.611726368122836,4.6001985871128905,10.7632123668144,10.269126679149418,True,False
12938,159037132872018644,16,1354,1056,959,2000,362,356,4.414025337442156,4.408201007277726,10.403012023574997,9.905387005018131,True,False
12939,303949130492847919,30,3522,2715,2397,2000,766,738,4.871113420583129,4.853118102017483,11.782179193831208,11.227014193649133,True,False
12940,2225563909774436090,223,8283,6735,5651,2000,1230,1187,5.089267075679784,5.085483980693786,13.015937673309226,12.464290473850767,True,False
12941,6000000000000000,1,1801,251,245,251,251,245,7.97154355395077,7.91576666152049,10.814582465906277,7.936637939002571,False,False
12942,1140069122732925000,114,842,836,763,2000,64,63,4.225015251206703,4.223406390845895,9.717676423066395,9.57553924683453,True,False
12943,9886049450488305,1,1406,425,413,425,425,413,8.731319031025066,8.668366354549384,10.457380879072534,8.689997971419446,False,False
12944,8452572449987281,1,343,192,192,192,192,192,7.584962500721157,7.584962500721157,8.422064766172813,7.584962500721156,False,False
12945,9232763115464357077,923,6666,5869,4906,2000,828,819,4.534867585175454,4.532809632971489,12.702605602110248,12.260331518557601,True,False
12946,53380084603284263394,5338,2411,2156,1813,2000,349,343,5.708152636843125,5.706716133880991,11.235415935602527,10.824163209744158,True,False
12947,9983143737955258317,998,2056,1816,1547,2000,315,309,5.345035262319523,5.342887740596812,11.005624549193879,10.595257481449035,True,False
12948,13361892747668297391,1336,1960,1953,1674,2000,88,87,5.193662022387888,5.193312025580438,10.936637939002571,10.709083812550343,True,False
12949,1804041761527600517,180,3604,3449,2910,2000,462,460,4.379724970332251,4.378542268291959,11.815383295813538,11.506803437795647,True,False
12950,48179559830913887,5,248,223,220,2000,126,125,4.573756393368336,4.57282227863671,7.954196310386875,7.78135971352466,True,False
12951,36751430062470143,4,471,405,390,2000,193,192,4.710801976358658,4.708049568001345,8.879583249612784,8.60733031374961,True,False
12952,4030808740918047,0,57,0,0,0,0,0,0.0,0.0,5.832890014164741,0,False,True
12953,10250643834419613521,1025,7646,6744,5682,2000,930,919,5.2054297457622125,5.204526748067435,12.90048948483465,12.472183116189541,True,False
12954,5030618146588730065,503,1886,1878,1611,2000,91,90,4.734216130339456,4.7334506585858085,10.881113960675096,10.653740778706569,True,False
12955,9975000000000000,1,1113,362,353,362,362,353,8.499845887083207,8.442511943707064,10.12023787734196,8.46352437327118,False,False
12956,995249425903955179,100,6591,5146,4441,2000,1028,999,4.39042765283533,4.383104678528213,12.686281655144432,12.116668855967113,True,False
12957,1298730260893400693,130,983,972,855,2000,64,64,4.373173588596265,4.3731735885962655,9.94104760634058,9.73978060977326,True,False
12958,13815375000000000000,1382,2216,2204,1861,2000,74,74,4.891939189298617,4.891939189298617,11.113742166049189,10.861862340059151,True,False
12959,2784785306166950914,278,1426,1414,1217,2000,86,84,4.4067524301661125,4.405523205994403,10.477758266443889,10.249113452713729,True,False
12960,88266987140943341,9,344,323,311,2000,114,113,4.5037549014163805,4.503080990550243,8.426264754702098,8.280770770130603,True,False
12961,9284884885437123060,928,4370,4289,3507,2000,297,297,4.477708083137967,4.477708083137968,12.093417564387961,11.776021715252812,True,False
12962,4947600000000000000,495,3982,3443,2831,2000,564,545,4.64268974231173,4.6328548407616115,11.959277505720502,11.467096033905747,True,False
12963,1493030786391406,0,731,0,0,0,0,0,0.0,0.0,9.513727595952437,0,False,True
12964,408975000000000000,41,1193,1161,970,2000,117,115,4.505551672715643,4.50494214318637,10.220378327695228,9.92184093707449,True,False
12965,15061812063066300000,1506,2254,2242,1879,2000,77,77,4.500845810733193,4.500845810733192,11.138271800172221,10.875749351420055,True,False
12966,19666533478512691875,1967,4583,4519,3642,2000,186,183,4.582948324754427,4.581409327218795,12.162076570374312,11.830515206976838,True,False
12967,11421828391085459688,1142,4397,4329,3468,2000,193,191,4.627654088202221,4.6266136595688065,12.102303817212647,11.759888183221834,True,False
12968,21062730122050616953,2106,4934,4867,3943,2000,193,192,4.62763870914475,4.6268385757891926,12.268542000300123,11.945077995107816,True,False
12969,16861832318307523216,1686,4797,4728,3823,2000,198,197,4.5816006399304765,4.580814785313579,12.227916724201489,11.90048948483465,True,False
12970,8305740881886541900,831,4167,4109,3301,2000,213,212,5.002745076834433,5.0022549572006865,12.024793384702548,11.688687423222536,True,False
12971,11591268435021655609,1159,4587,4527,3652,2000,215,214,5.019421006893648,5.018913813975907,12.163335192081961,11.834471049984222,True,False
12972,22070423862391097325,2207,5027,4977,3992,2000,211,208,5.16661894809955,5.165872677330662,12.295481973695367,11.96289600533726,True,False
12973,33954750149291282641,3395,5838,5666,4691,2000,534,530,5.888639425013148,5.8638459423881795,12.511258495502268,12.195679785495981,True,False
12974,10471416028426359677,1047,5875,5599,4641,2000,706,702,4.639736149170205,4.638936149170207,12.520373136339725,12.180219982170192,True,False
12975,12158052397069849958,1216,6767,5999,4973,2000,805,799,5.006508994956061,5.005838210292113,12.724300673209568,12.279900715802762,True,False
12976,13331800472255442766,1333,7597,6722,5633,2000,913,903,4.923296443849222,4.922214858540025,12.89121410590583,12.459687756239548,True,False
12977,16700774499689871663,1670,8450,7355,6143,2000,993,978,5.738671043842432,5.737135872285883,13.044735626056909,12.584727667963922,True,False
12978,9365268150000000000,937,8242,7070,5904,2000,1006,988,5.164206589071486,5.161763274528013,13.0087787482805,12.527477006060396,True,False
12979,31466545034376525439,3147,9381,7856,6436,2000,990,959,4.830476989296402,4.82605096812447,13.195526004646197,12.651948610723446,True,False
12980,14926862337461918836,1493,9344,7727,6374,2000,1079,1048,4.782102798258972,4.777276737689267,13.189824558880018,12.637983303777853,True,False
12981,7490314537240250473,749,9349,7799,6455,2000,1246,1205,5.415117943793215,5.41285429598754,13.190596342475638,12.656201380194553,True,False
12982,12029462596411050854,1203,9581,7950,6474,2000,1234,1189,5.007897020003603,5.003835015357987,13.225960527236161,12.660441650209172,True,False
12983,7928398490204927588,793,9264,7712,6310,2000,1227,1184,4.658170435013226,4.6519235353244195,13.177419537989236,12.623424289869911,True,False
12984,20122876333896450230,2012,7975,6856,5530,2000,1056,1015,5.443028454415457,5.438787007050548,12.961268803539594,12.43306376512207,True,False
12985,70972423287247649472,7097,2965,2953,2466,2000,86,84,4.901589405142864,4.893105075924548,11.533816389433365,11.26795708440284,True,False
12986,468825000000000000,47,5387,4110,3609,2000,1007,981,4.559244912515167,4.548317156769496,12.395266349839096,11.817383427897232,True,False
12987,1895250000000000000,190,7361,5903,4994,2000,1013,983,4.543961586192022,4.538037020625204,12.845686055977064,12.285980105928212,True,False
12988,2992500000000000,0,519,0,0,0,0,0,0.0,0.0,9.019590728357882,0,False,True
12989,379050000000000000,38,1710,1667,1429,2000,203,203,4.406851147340881,4.406851147340882,10.73978060977326,10.480790201095816,True,False
12990,976212805644714835,98,3072,2898,2495,2000,498,496,4.398349679581133,4.397210403021749,11.584962500721156,11.284824100224624,True,False
12991,99921178261123783,10,3064,2187,2070,2000,905,895,4.454497923978245,4.451842152028233,11.581200581924957,11.015415052386688,True,False
12992,2133150702466180,0,588,0,0,0,0,0,0.0,0.0,9.199672344836364,0,False,True
12993,1755792585487680429,176,7064,5834,4868,2000,1119,1078,4.382987403024069,4.372578983103833,12.786269627648466,12.249113452713729,True,False
12994,610022253057113064,61,4373,3608,3144,2000,785,779,4.7079901166596585,4.70464216169305,12.094407633081207,11.618385502258606,True,False
12995,19950000000000000,2,40,36,36,413,36,36,4.911453223190736,4.911453223190735,5.321928094887363,5.169925001442312,False,False
12996,149126250000000000,15,5033,3530,3181,2000,1250,1206,4.5054638158259,4.487014346533437,12.297202882496903,11.635264656539514,True,False
12997,1397171214623079803,140,944,804,729,2000,161,158,4.362797186923625,4.3577932950076885,9.88264304936184,9.509775004326936,True,False
12998,28482020866272651,3,3163,1843,1740,2000,1193,1151,6.110771465581693,6.07655692867154,11.627077840517394,10.76487159073609,True,False
12999,21370899473536372,2,1935,1112,1090,2000,834,824,6.574831707916572,6.561394253339503,10.918117851031772,10.090112419664289,True,False
13000,10074750000000000,1,1544,707,702,707,707,702,9.4655664048094,9.451422133239385,10.59245703726808,9.45532722030456,False,False
13001,107268170426065162,11,4851,3253,2954,2000,1215,1172,4.398488956105829,4.386568960288941,12.244066464194818,11.52845411076479,True,False
13002,1890220973728280280,189,7905,6385,5362,2000,1222,1182,4.392706019168994,4.383287067643729,12.948549747245734,12.38855550398256,True,False
13003,103740000000000000000,10374,9697,8210,6726,0,0,0,0.0,0.0,13.243322768605955,12.715533063526584,False,True
13004,93623715086378549234,9362,9645,8106,6623,2000,1007,976,5.683966794259783,5.656658106130175,13.235565522936465,12.693269142893206,True,False
13005,889901254464348958,89,2290,2247,1867,2000,210,210,4.376872719747741,4.376872719747741,11.161131882984307,10.866506212226202,True,False
13006,609716833461323201,61,697,684,628,2000,80,79,4.376095703984092,4.375001313604337,9.445014845868423,9.294620748891626,True,False
13007,6364939562024253187,636,835,740,661,2000,126,126,4.845444620093839,4.84544462009384,9.705632387361415,9.368506461507693,True,False
13008,680534165216669288,68,413,350,328,2000,100,100,4.3294996285825835,4.329499628582582,8.689997971419446,8.357552004618084,True,False
13009,43320915158511711,4,3314,1785,1683,2000,978,949,4.76579982550049,4.747885444381062,11.694357887221452,10.71681946132995,True,False
13010,716791979949874686,72,6886,5268,4524,2000,1222,1176,4.393528895594702,4.381540990112352,12.749450465569916,12.14338321398982,True,False
13011,350877192982456140,35,6058,4514,3963,2000,1228,1185,5.477185536920907,5.448609483363347,12.564625862795372,11.952377251967985,True,False
13012,501253132832080200,50,5106,4027,3477,2000,1001,961,4.439440190551064,4.426960248389547,12.31797782240712,11.763627351727628,True,False
13013,19507214748021013374,1951,2457,2445,2056,2000,95,93,5.190740592541574,5.186902171147646,11.262682142362165,11.005624549193879,True,False
13014,74756803377411292,7,557,510,484,2000,134,134,4.666934106356292,4.666934106356292,9.121533517340032,8.918863237274595,True,False
13015,89796203815638915,9,215,208,199,2000,67,66,4.593484900277932,4.5911536879835175,7.7481928495894605,7.636624620543649,True,False
13016,1632338739953405,0,371,0,0,0,0,0,0.0,0.0,8.535275376620802,0,False,True
13017,403622081355256975,40,4618,3584,3133,2000,968,928,4.479862721558078,4.465363940561923,12.173052457774116,11.613329054371054,True,False
13018,91417238547296550000,9142,2756,2745,2230,2000,88,87,4.8756081790703725,4.8752623204614665,11.428360172704291,11.122827994807666,True,False
13019,9754691321090027191,975,8269,7102,5936,2000,1001,983,4.918403789927577,4.91527895114236,13.013497154291704,12.535275376620802,True,False
13020,306872207534948012,31,68,66,65,2000,36,36,4.216204963941914,4.216204963941914,6.087462841250339,6.022367813028454,True,False
13021,6155388471177944862,616,2840,2496,2074,2000,404,393,4.781242694684458,4.772963841292386,11.471675214392045,11.018200178813226,True,False
13022,1796184280743065801,180,5778,4925,4191,2000,872,862,4.473147141213621,4.470900822491389,12.496354488564615,12.03307880613062,True,False
13023,4987500000000000,0,1402,0,0,0,0,0,0.0,0.0,10.453270634010623,0,False,True
13024,190199449650000000,19,5265,3758,3364,2000,1233,1193,4.460562326020287,4.450563852858817,12.362217815913079,11.715961990255144,True,False
13025,200199447000000000,20,5386,3888,3467,2000,1247,1204,4.514605506717399,4.507861820407734,12.394998514501673,11.759472121202833,True,False
13026,229425000000000000,23,5072,3796,3368,2000,1161,1119,4.542083692092421,4.525430012010004,12.308339030139408,11.717676423066395,True,False
13027,41296500000000000,4,814,560,533,2000,307,302,5.2354271494822004,5.223926823064002,9.668884984266247,9.057991722759176,True,False
13028,7082250000000000,1,337,97,97,97,97,97,6.599912842187128,6.599912842187128,8.396604781181859,6.599912842187128,False,False
13029,25935000000000000,3,473,307,296,2000,203,199,5.446842993833213,5.4317017576332125,8.885696373339394,8.20945336562895,True,False
13030,95261250000000000,10,623,458,430,2000,197,193,4.840680510308456,4.829134984199824,9.283088353024002,8.74819284958946,True,False
13031,34912500000000000,3,460,302,290,2000,178,174,5.400669349761076,5.383699224252856,8.845490050944376,8.179909090014934,True,False
13032,10224375000000000000,1022,4409,4370,3495,2000,210,210,4.559700289295257,4.559700289295257,12.106235761615748,11.7710767402628,True,False
13033,6250916646726524835,625,1833,1822,1528,2000,60,60,4.369814043268688,4.369814043268687,10.839991070539886,10.57742882803575,True,False
13034,554255326124579270,55,2112,2042,1747,2000,271,271,4.367945619644564,4.367945619644565,11.044394119358454,10.77066389291676,True,False
13035,2420733509141274,0,437,0,0,0,0,0,0.0,0.0,8.7714894695006,0,False,True
13036,11745562500000000000,1175,4471,4411,3567,2000,274,274,5.531353237233063,5.531353237233064,12.126381830542641,11.800495500466813,True,False
13037,1246702291551569490,125,2668,2599,2087,2000,188,187,4.352718924285535,4.351217610636091,11.381542951184585,11.027214885159834,True,False
13038,1269849435723919530,127,2672,2603,2091,2000,191,189,4.403899654251982,4.369398054075626,11.383704292474052,11.029977346589579,True,False
13039,1017150696779839582,102,2591,2521,2033,2000,194,193,4.403238105680358,4.402037385248098,11.339293300180094,10.989394499844732,True,False
13040,366338832616494106,37,1692,1623,1356,2000,190,189,4.389581987823333,4.387580319766619,10.72451385311995,10.405141463136344,True,False
13041,477795181040514997,48,1835,1766,1463,2000,193,192,4.35270196588564,4.351200840041256,10.841564347730575,10.514714054138487,True,False
13042,1325568492429692408,133,2680,2613,2127,2000,189,188,4.352081768708684,4.350366257629343,11.388017285345136,11.054604317960672,True,False
13043,635226949054267697,64,2049,1982,1643,2000,190,189,4.392199859964853,4.390839469986393,11.000704269011246,10.682116764950074,True,False
13044,282929654624992890,28,1508,1449,1272,2000,199,198,4.4241320400172945,4.423010849516837,10.558420713268664,10.312882955284355,True,False
13045,39900000000000000,4,492,437,419,2000,198,197,4.837396149712803,4.834506355938995,8.94251450533924,8.710806433699352,True,False
13046,25938002946217976,3,1903,1131,1072,2000,745,718,6.297748146411651,6.262197183882549,10.894059846274022,10.066089190457772,True,False
13047,301124561443020000,30,383,314,296,2000,100,100,4.314097750838851,4.31409775083885,8.581200581924957,8.20945336562895,True,False
13048,77805000000000000,8,1776,1264,1161,2000,538,521,4.496011522400247,4.483591784827876,10.794415866350105,10.181152256865566,True,False
13049,23940000000000000,2,1224,733,701,2000,500,485,6.495580292531187,6.461937008772991,10.257387842692651,9.453270634010623,True,False
13050,45885000000000000,5,1270,854,798,2000,441,430,4.90436104066927,4.889368546761548,10.310612781659529,9.640244936222345,True,False
13051,14463750000000000,1,551,297,292,297,297,292,8.214319120800766,8.180649087130734,9.105908508571158,8.189824558880018,False,False
13052,99750000000000000,10,4505,2963,2704,2000,1230,1189,4.436617572748919,4.428823590380847,12.137311390700901,11.400879436282183,True,False
13053,143640000000000000,14,5008,3515,3175,2000,1247,1204,4.466819581534947,4.455853494982202,12.290018846932618,11.63254087654689,True,False
13054,12846190851628707580,1285,2443,2428,2032,2000,89,88,4.412081895274237,4.411250082379867,11.254438148267257,10.988684686772165,True,False
13055,1470656457496800000,147,1084,1072,939,2000,78,77,4.561116466345734,4.555827912963083,10.08214904135387,9.874981347653774,True,False
13056,24562211586465000,2,3071,1714,1630,2000,1214,1170,6.570136743228886,6.527822147987341,11.584492796975875,10.67065624911844,True,False
13057,21945000000000000,2,2989,1638,1568,2000,1210,1167,6.569963858831448,6.528138807327028,11.545447181678094,10.614709844115207,True,False
13058,547215730828045633,55,6214,4920,4232,2000,1179,1134,4.519295387482618,4.504073704318963,12.60130652612184,12.047123912114026,True,False
13059,354864186409189974,35,4413,3394,2988,2000,942,903,4.438912668005745,4.423027455777627,12.107544031975987,11.544964432789238,True,False
13060,4584958116681920,0,978,0,0,0,0,0,0.0,0.0,9.933690654952233,0,False,True
13061,11234433908163183924,1123,4468,4422,3550,2000,225,225,5.11829040248807,5.118290402488071,12.125413470483315,11.793603309279407,True,False
13062,900820101753578,0,239,0,0,0,0,0,0.0,0.0,7.900866807980749,0,False,True
13063,5785139963900049161,579,3788,3286,2701,2000,534,517,4.638876380486087,4.6329569035754545,11.887220615468385,11.399277924508967,True,False
13064,4287809595536203269,429,2826,2461,2060,2000,409,399,4.555585493624393,4.549879728445367,11.46454575033394,11.00842862207058,True,False
13065,4289401558949606733,429,2507,2206,1856,2000,371,364,4.554509985086102,4.549987495115469,11.291746280833939,10.857980995127573,True,False
13066,4359597970711737796,436,2335,2057,1743,2000,353,346,4.640959192158257,4.636075624596927,11.189206834597025,10.767356854125685,True,False
13067,3188505125807909268,319,2156,1894,1624,2000,340,333,4.691656920894841,4.687565667942746,11.074141462752506,10.665335917185176,True,False
13068,95989339388673193245,9599,10287,8667,7000,2000,1259,1212,6.071314918834546,6.069457158600594,13.32853468965679,12.77313920671969,True,False
13069,19709712048720214630,1971,9333,7968,6559,2000,1106,1073,4.918061465434324,4.914172754141031,13.188125180255538,12.67926015971679,True,False
13070,36338094272025000000,3634,6022,5827,4816,2000,596,594,5.476988133816276,5.476781233762772,12.556026992724677,12.233619676759702,True,False
13071,219533962047478324875,21953,9825,8389,6901,0,0,0,0.0,0.0,13.262241692033331,12.75258971764099,False,True
13072,2134650000000000000,213,4181,3974,3369,2000,614,611,4.526419238240882,4.52575198849845,12.029632328044137,11.718104713121757,True,False
13073,7973017500000000000,797,4137,4082,3291,2000,234,233,5.3042640935308984,5.302854603906768,12.014369242235137,11.68431031112435,True,False
13074,5290274574565849,1,1699,146,145,146,146,145,7.189824558880018,7.176125928743032,10.73047013718422,7.1799090900149345,False,False
13075,1939321674204206,0,899,0,0,0,0,0,0.0,0.0,9.812177305514448,0,False,True
13076,260651629072681704,26,1479,1414,1241,2000,197,196,4.393768213755324,4.392153060682861,10.530406337099068,10.277287400130357,True,False
13077,84802173692282665,8,4283,2817,2575,2000,1236,1193,5.304104741491107,5.276596619040342,12.064405961891042,11.330356716957944,True,False
13078,467447956665563,0,5,0,0,0,0,0,0.0,0.0,2.321928094887362,0,False,True
13079,870565042287696,0,239,0,0,0,0,0,0.0,0.0,7.900866807980749,0,False,True
13080,681996094155995501,68,4498,3689,3238,2000,828,818,4.55524451332739,4.548507787108328,12.135067945777816,11.660887270302567,True,False
13081,149625000000000000,15,3329,2497,2334,2000,848,838,5.081590963899886,5.0744035146562325,11.700873155140263,11.188588845707349,True,False
13082,24937500000000000000,2494,9559,7943,6536,2000,1083,1053,5.443779681462615,5.4417992644557165,13.222643985451697,12.674192268145683,True,False
13083,19950000000000000000,1995,9791,8222,6706,2000,1233,1193,5.167336141598387,5.1645226591764235,13.257240501116577,12.711236767793784,True,False
13084,19950000000000000000,1995,9782,8196,6682,2000,1227,1187,5.309352504711808,5.306820876627437,13.25591374933779,12.70606426733497,True,False
13085,29925000000000000000,2993,9919,8325,6762,2000,1236,1190,5.309771404609283,5.3056995932984705,13.275978964975623,12.723234300893377,True,False
13086,419749029700056174,42,1809,1480,1304,2000,387,379,4.473003210915058,4.465035214330838,10.82097669262124,10.348728154231077,True,False
13087,50797133769049122,5,3984,2464,2281,2000,1231,1192,4.552409859993905,4.537771598872807,11.960001932068081,11.155450731312138,True,False
13088,18547124502915456,2,2917,1410,1358,2000,1228,1189,6.574884499897048,6.538299825790139,11.510269670898177,10.407267764244732,True,False
13089,3142842412039767227,314,6495,5455,4506,2000,984,943,4.738876914277871,4.730215634965509,12.665113810335244,12.137631598235428,True,False
13090,9777944178340257,1,238,80,80,80,80,80,6.3219280948873635,6.3219280948873635,7.894817763307944,6.321928094887363,False,False
13091,990823175766847325,99,7099,5572,4768,2000,1227,1186,4.399602901682892,4.388559804616168,12.793400098483819,12.219168520462162,True,False
13092,8862458790954193963,886,8980,7336,6071,2000,1064,1034,4.734901225135954,4.730320796467126,13.13249972962851,12.567718457850754,True,False
13093,9624060150375939849,962,9373,7741,6324,2000,1226,1181,4.723065871719001,4.71707770110019,13.194295167381915,12.62662165235837,True,False
13094,309225000000000000,31,5940,4307,3785,2000,1223,1177,4.407943448132288,4.3949110177244215,12.536247215688128,11.886077584873094,True,False
13095,20439178365038928886,2044,9254,7703,6325,2000,988,958,4.9628492826635435,4.958905809011981,13.175861383565296,12.626849764469036,True,False
13096,1000000000000000,0,12,0,0,0,0,0,0.0,0.0,3.584962500721156,0,False,True
13097,11531134628661838,1,2586,1072,1038,1072,1072,1038,10.066089190457774,9.996719294957213,11.336506559810255,10.019590728357882,False,False
13098,3205855566279877004,321,3719,3637,3007,2000,324,324,4.77863190056012,4.778631900560119,11.860699032611988,11.554109152574004,True,False
13099,38104500000000000000,3810,5401,5343,4293,2000,237,235,5.86061636422208,5.859435640341772,12.39901083295199,12.067770457447823,True,False
13100,29915802677492472825,2992,10001,8365,6772,2000,1235,1187,4.923102783456824,4.916583310756972,13.287856641840545,12.725366257895642,True,False
13101,918511605156334215,92,2289,2221,1830,2000,192,191,4.355002296391268,4.353566128869499,11.160501747555687,10.837627933171404,True,False
13102,99717064127032044915,9972,10403,8859,7221,2000,1233,1193,5.479079332152097,5.4768851347421785,13.344712009935012,12.817982927195652,True,False
13103,2896390875864320,0,35,0,0,0,0,0,0.0,0.0,5.129283016944966,0,False,True
13104,57314903625000000,6,3799,2156,2002,2000,1041,1012,4.418768847499304,4.407276151677581,11.891403996665023,10.967226258835993,True,False
13105,738193801236465000,74,2238,1858,1613,2000,418,407,4.45377849735945,4.44675841756709,11.127994320976393,10.655530723155643,True,False
13106,49875000000000000,5,2355,1540,1493,2000,828,818,4.7846168139443135,4.777903125701245,11.201511344500146,10.543998450134541,True,False
13107,193641650289511535,19,4025,2943,2701,2000,963,950,4.539643191964592,4.532439630395579,11.974773067889341,11.399277924508967,True,False
13108,3819400988925016,0,431,0,0,0,0,0,0.0,0.0,8.751544059089099,0,False,True
13109,31176463200351906924,3118,7224,6450,5336,2000,810,801,4.601608474132692,4.599041320473742,12.818582177480858,12.381542951184585,True,False
13110,810282549195984613,81,2534,2442,2096,2000,351,350,4.453155378773656,4.4526099242282,11.30720080914081,11.03342300153745,True,False
13111,11781524447188348338,1178,8952,7521,6234,2000,1032,1003,4.784551856910074,4.7802477036068485,13.127994320976393,12.605942439625368,True,False
13112,1151613750000000000,115,6326,5214,4475,2000,977,961,4.876659069982011,4.873501801989898,12.627077840517394,12.127671967038982,True,False
13113,304862500000000000000,30486,8102,7265,6073,0,0,0,0.0,0.0,12.984062369686436,12.568193653850074,False,True
13114,186152742428802956752,18615,8103,7250,6065,0,0,0,0.0,0.0,12.984240425230123,12.566291930007873,False,True
13115,139353408363435000,14,1787,1326,1200,2000,461,450,4.627442188307858,4.615771862753853,10.80332391904149,10.228818690495881,True,False
13116,3234627799498746867,323,5739,4837,4006,2000,849,815,4.513704278980271,4.505663605925357,12.486583659067268,11.967946705812707,True,False
13117,10826166750000000000,1083,9594,8049,6615,2000,1244,1202,5.665852455262401,5.663384099453218,13.227916724201489,12.69152544116604,True,False
13118,248377500000000000000,24838,8072,7235,6048,0,0,0,0.0,0.0,12.978710459106358,12.562242424221072,False,True
13119,154566669579492537817,15457,8153,7298,6104,0,0,0,0.0,0.0,12.993115299679177,12.57553924683453,False,True
13120,69825000000000000,7,3743,2274,2128,2000,988,958,4.758412697358217,4.740422253316046,11.869979332899963,11.055282435501189,True,False
13121,57855000000000000,6,3630,2162,2033,2000,979,949,4.536189898968409,4.521702627982367,11.825753832883112,10.989394499844732,True,False
13122,109725000000000000,11,4266,2797,2573,2000,976,946,4.429928721752431,4.417863845164823,12.058668250340572,11.3292357417338,True,False
13123,74812500000000000,7,3777,2280,2127,2000,956,927,4.7751325119672074,4.756620422951753,11.883025068440173,11.054604317960672,True,False
13124,69825000000000000,7,3739,2228,2080,2000,970,941,4.431518599560482,4.419579162456384,11.868436755858168,11.022367813028454,True,False
13125,56857500000000000,6,3622,2091,1950,2000,972,943,4.4321054271446,4.420221050840674,11.822570830950168,10.929258408636972,True,False
13126,37905000000000000,4,3181,1639,1544,2000,973,944,4.767381158965675,4.749562766039936,11.635264656539514,10.59245703726808,True,False
13127,91857771343851893,9,4217,2720,2494,2000,1179,1139,4.544530683942298,4.528620740462745,12.042001306279133,11.28424574982967,True,False
13128,1059368574575850000,106,2707,2268,1928,2000,455,443,4.559766445410679,4.553881178079434,11.402479172214964,10.912889336229961,True,False
13129,311370029804152690,31,512,505,485,2000,69,68,4.442187645498556,4.441214736538736,9.0,8.92184093707449,True,False
13130,4700768099104861,0,1481,0,0,0,0,0,0.0,0.0,10.532355925288847,0,False,True
13131,22543500000000000000,2254,10005,8469,6923,2000,1215,1175,5.0463972625452715,5.042657351444154,13.288433546793103,12.757181632816716,True,False
13132,3272242597062658,0,916,0,0,0,0,0,0.0,0.0,9.839203788096944,0,False,True
13133,36907500000000000,4,3116,1771,1659,2000,1075,1042,5.2618544500301985,5.235465222032606,11.605479518061669,10.696098170955864,True,False
13134,1977650889985639804,198,2941,2874,2344,2000,191,190,4.579075602263616,4.578218306317911,11.522091068887065,11.194756854422248,True,False
13135,1862877645720000,0,289,0,0,0,0,0,0.0,0.0,8.174925682500678,0,False,True
13136,1281787500000000000,128,3157,2656,2256,2000,524,507,4.371631857788001,4.360689944074481,11.624338545312986,11.139551352398794,True,False
13137,349025250000000000000,34903,5580,5512,4442,0,0,0,0.0,0.0,12.44604940671655,12.116993677546981,False,True
13138,634246030124026714,63,3803,3064,2654,2000,722,695,4.394928070824717,4.384518653523189,11.892922223630592,11.373952655370193,True,False
13139,44130625694115927,4,1335,873,820,2000,460,449,5.26655479535403,5.247982706221894,10.382624026574916,9.679480099505446,True,False
13140,996025505842106757,100,2440,2391,1948,2000,192,192,4.398232800495838,4.398232800495838,11.252665432450248,10.927777962082342,True,False
13141,299250000000000,0,80,0,0,0,0,0,0.0,0.0,6.321928094887363,0,False,True
13142,17381297872972641227,1738,9219,7873,6479,2000,1091,1058,4.873338914151834,4.869225906169769,13.170394552314118,12.661555442467758,True,False
13143,66159474662311589,7,3342,2167,2060,2000,996,977,4.750652133970103,4.739509676433706,11.706496018061188,11.00842862207058,True,False
13144,6918274155672974857,692,7307,6212,5060,2000,1026,985,5.041734794185238,5.035590456782096,12.835063492005094,12.304921669581672,True,False
13145,12732897578413442579,1273,2222,2209,1836,2000,82,81,4.8299445661774705,4.82940596739944,11.117643101389092,10.842350343413807,True,False
13146,119544600994077198,12,3496,2564,2404,2000,932,921,4.40680321474581,4.404311284025129,11.7714894695006,11.231221180711186,True,False
13147,13865250000000000,1,2499,1090,1054,1090,1090,1054,10.09011241966429,10.012805389841821,11.287135186086704,10.041659151637214,False,False
13148,299250000000000000,30,1059,852,770,2000,255,251,4.508439971277658,4.503358414265355,10.048486873992337,9.588714635582264,True,False
13149,31733809896761472,3,445,378,368,2000,189,188,5.311863392351027,5.308078120499685,8.79766152585376,8.523561956057012,True,False
13150,108747971566453823,11,4280,2862,2608,2000,1066,1035,5.453200793272366,5.432655150664192,12.06339508128851,11.348728154231077,True,False
13151,974531001423940763,97,2557,2476,2102,2000,300,300,4.403452877831991,4.40345287783199,11.32023644524165,11.037546953962178,True,False
13152,4987500000000000000,499,1840,1832,1573,2000,82,81,4.405905843805675,4.404398968953063,10.845490050944376,10.619302955415687,True,False
13153,1465743706875000000,147,2749,2685,2207,2000,202,201,4.637162261248793,4.636419645215039,11.424691191512954,11.107870914279614,True,False
13154,291270000000000000000,29127,5422,5356,4339,0,0,0,0.0,0.0,12.404609397837712,12.083146870816742,False,True
13155,2275705836390658,0,1128,0,0,0,0,0,0.0,0.0,10.139551352398794,0,False,True
13156,49875000000000000,5,574,519,498,2000,197,196,4.7113631727651475,4.708609730962894,9.164906926675688,8.960001932068081,True,False
13157,119458595414553908,12,362,354,339,2000,78,76,4.266320659346871,4.263481089062228,8.499845887083206,8.405141463136344,True,False
13158,418950000000000000,42,6139,4674,4078,2000,1238,1195,5.305153453755601,5.277484575677542,12.583787954502338,11.993646060016596,True,False
13159,6004389490920310,1,1677,275,271,275,275,271,8.103287808412023,8.066924172048388,10.711666973564347,8.08214904135387,False,False
13160,19950000000000000,2,292,240,238,2000,191,190,6.418035983766243,6.413035983766244,8.189824558880018,7.894817763307944,True,False
13161,671217750000000000,67,2132,2082,1726,2000,197,197,4.374770633461949,4.374770633461949,11.057991722759176,10.753216749178955,True,False
13162,29983503046367950487,2998,382,380,343,2000,47,47,4.525427435797487,4.525427435797487,8.57742882803575,8.422064766172813,True,False
13163,1000000000000000,0,427,0,0,0,0,0,0.0,0.0,8.73809225962049,0,False,True
13164,2372923872903675000,237,1182,1017,904,2000,197,193,4.752017145465395,4.749071742519776,10.207014320177532,9.820178962415188,True,False
13165,9845325000000000000,985,2480,2464,2049,2000,105,104,4.582237179651556,4.581773246835811,11.276124405274238,11.000704269011246,True,False
13166,9875250000000000000,988,2741,2720,2235,2000,121,120,4.495749278633876,4.495443918331567,11.420486612825774,11.12605911607068,True,False
13167,9825375000000000000,983,3424,3375,2730,2000,150,150,4.94469908541401,4.944699085414012,11.741466986401146,11.414685235807214,True,False
13168,3937217534497415,0,644,0,0,0,0,0,0.0,0.0,9.330916878114618,0,False,True
13169,13615394080747640905,1362,4622,4554,3650,2000,197,196,4.728373294397809,4.727660027636041,12.174301544467632,11.833680748654741,True,False
13170,9975000000000000000,998,8199,6983,5659,2000,1112,1069,5.338803045581264,5.333881162742172,13.001232245244363,12.466331422082767,True,False
13171,9975000000000000000,998,3902,3400,2778,2000,547,529,5.346447333696488,5.341112343734526,11.929998062609027,11.439830883981392,True,False
13172,10573500000000000000,1057,3686,3208,2615,2000,497,483,5.346107069393299,5.341162953302211,11.847840355630714,11.352595231134304,True,False
13173,14264250000000000000,1426,3007,2658,2198,2000,420,409,5.3090071083465995,5.304098066326206,11.554109152574004,11.101975670949232,True,False
13174,19950000000000000000,1995,1831,1631,1396,2000,283,279,5.733903253274884,5.733103173266883,10.838416075797337,10.447083226209653,True,False
13175,31617102664916948,3,92,81,80,2000,61,60,4.998335337059197,4.991812828751037,6.523561956057013,6.321928094887363,True,False
13176,60522275451852224045,6052,5520,5470,4390,2000,220,218,5.593619936461067,5.582718313803028,12.430452551665532,12.10000522442272,True,False
13177,60221814197505025594,6022,5445,5404,4328,2000,246,246,5.90927663581595,5.909276635815953,12.410716333604269,12.079484783826816,True,False
13178,89846081512856234874,8985,5493,5453,4372,2000,233,233,5.47315635028476,5.473156350284761,12.423378576518493,12.094077685671905,True,False
13179,10025062656641604010,1003,4407,4364,3487,2000,221,221,4.865275039410756,4.865275039410754,12.105581181277437,11.767770648776704,True,False
13180,20000000000000000000,2000,4809,4753,3823,2000,244,244,5.196223424876044,5.196223424876047,12.231521210875703,11.90048948483465,True,False
13181,39397845162551775,4,1415,918,858,2000,512,497,5.2387289395291425,5.216675611343313,10.466586337719244,9.744833837499545,True,False
13182,3282245912524788440,328,6171,5342,4510,2000,856,846,5.026715606357013,5.025431243021976,12.59128857924609,12.138911718142744,True,False
13183,25440915407048184,3,2350,1359,1326,2000,963,953,5.282681314753507,5.2760113130860065,11.198445041452363,10.372865060112588,True,False
13184,84538125000000000,8,3585,2418,2208,2000,1065,1025,4.559166671377885,4.542221984310838,11.807757403589267,11.108524456778168,True,False
13185,150619099479797809,15,5053,3509,3171,2000,1228,1186,4.4085295044854425,4.397935023609709,12.302924464617952,11.630722162103838,True,False
13186,7231875000000000000,723,2564,2543,2078,2000,121,120,4.534460137788009,4.534189035350019,11.324180546618742,11.020979938904212,True,False
13187,1223788943956866227,122,7030,5489,4669,2000,976,947,4.383655092773172,4.3747470099598615,12.779308973959898,12.188897873242189,True,False
13188,247530382180690879619,24753,4425,3913,3173,0,0,0,0.0,0.0,12.111461739857722,11.631631805917637,False,True
13189,2992500000000000,0,831,0,0,0,0,0,0.0,0.0,9.698704666770345,0,False,True
13190,7099725780713763,1,1704,316,314,316,316,314,8.3037807481771,8.291122520328997,10.734709620225837,8.294620748891626,False,False
13191,9906800290500277220,991,2807,2781,2279,2000,123,122,4.391849497692618,4.391509617712369,11.454813348512525,11.154185209265297,True,False
13192,652667950303958632,65,6497,5161,4429,2000,1209,1166,4.406913532713165,4.397619335060011,12.665557989846414,12.112765281885316,True,False
13193,4820157048053671803,482,3135,3076,2498,2000,157,156,4.526232819595399,4.523282210583579,11.614249727689401,11.286557761607957,True,False
13194,13433637631482478431,1343,9563,8058,6537,2000,1243,1203,4.923126786520282,4.919094617283287,13.223247560417468,12.674412981837063,True,False
13195,2011330911766984,0,1041,0,0,0,0,0,0.0,0.0,10.023754353299417,0,False,True
13196,25612567074795435000,2561,4906,4291,3469,2000,650,630,5.738203063810847,5.734983662577024,12.260331518557601,11.760304125286382,True,False
13197,133621030861718753993,13362,442,407,382,0,0,0,0.0,0.0,8.787902559391432,8.57742882803575,False,True
13198,14928212456094000000,1493,1933,1926,1644,2000,68,67,4.446148683997934,4.445003017517307,10.916625922211235,10.682994583681683,True,False
13199,41937562595405659826,4194,2139,2132,1789,2000,73,72,4.709432423348019,4.708574281730512,11.062720767165045,10.804937672051908,True,False
13200,29124997885405051420,2912,4990,4944,3962,2000,228,228,5.195271008644109,5.1952710086441085,12.284824100224624,11.952013164889486,True,False
13201,15526114112092548,2,2833,1314,1266,2000,1230,1191,6.575550614654848,6.538965940547938,11.468114886378098,10.306061689428342,True,False
13202,4534273147525644,0,170,0,0,0,0,0,0.0,0.0,7.409390936137702,0,False,True
13203,1291576575459414012,129,7557,6088,5106,2000,1249,1205,4.7435656310452154,4.736231236192318,12.883597907455398,12.31797782240712,True,False
13204,339349206266220279,34,5596,4299,3766,2000,1176,1132,4.585232108533408,4.567956742638168,12.450180247164754,11.878817284614229,True,False
13205,19907529192995169684,1991,4837,4769,3856,2000,196,195,4.590662635497573,4.5898315830634004,12.239896822445862,11.912889336229961,True,False
13206,16824098776704786,2,1332,696,672,2000,622,604,6.543327598302159,6.510728393381614,10.379378367071261,9.39231742277876,True,False
13207,59196750000000000000,5920,7366,6359,5132,2000,973,933,5.91456634941104,5.911605364210651,12.846665681899738,12.325305455089682,True,False
13208,116500000000000000,12,2909,2103,1913,2000,763,736,5.268399989330414,5.2442605564878555,11.506307581100307,10.901621158346112,True,False
13209,131228070175438596,13,1115,1048,934,2000,190,189,4.428734187267173,4.426927774501856,10.122827994807666,9.867278739709661,True,False
13210,249375000000000000,25,1490,1430,1278,2000,257,257,4.639169577085921,4.639169577085921,10.541096615349524,10.319672120946995,True,False
13211,7715740701844091815,772,6472,5704,4752,2000,810,804,5.042312815429487,5.041624845731784,12.659995892429977,12.214319120800766,True,False
13212,12174024396390072,1,2238,1004,965,1004,1004,965,9.971543553950772,9.887515139631448,11.127994320976393,9.914385132155443,False,False
13213,951791101891333,0,301,0,0,0,0,0,0.0,0.0,8.233619676759702,0,False,True
13214,23864907105969281,2,3226,1720,1637,2000,1247,1204,6.581089440237513,6.53993860050398,11.655530723155643,10.676838606474153,True,False
13215,24555451138800303,2,2313,1312,1243,2000,920,883,6.575564867026096,6.5320106033873175,11.175549550636191,10.279610581052484,True,False
13216,7258241418750000000,726,6485,5529,4514,2000,909,872,4.926580155505952,4.9194729951910485,12.662890859139061,12.140190703191836,True,False
13217,5794765097028642000,579,6336,5393,4426,2000,894,858,4.650364851678584,4.644091017319415,12.62935662007961,12.11178773580101,True,False
13218,30747469864955371320,3075,6861,5926,4787,2000,883,847,4.662132816214692,4.651986351497128,12.74420315113283,12.224906090719767,True,False
13219,9421928312356629458,942,6251,5351,4363,2000,861,826,5.167590513586132,5.1623814301943,12.609871287178827,12.091104758376499,True,False
13220,29925000000000000,3,3010,1574,1506,2000,1026,997,5.246189721717028,5.224013280046035,11.555547771647065,10.556506054671928,True,False
13221,8794571209433641,1,417,143,143,143,143,143,7.159871336778389,7.159871336778389,8.703903573444663,7.159871336778389,False,False
13222,47739344972283418530,4774,7538,6773,5573,2000,810,803,5.3124119374325005,5.311407832618606,12.879966079664356,12.444238438078106,True,False
13223,98752500000000000000,9875,5648,5597,4499,2000,219,216,5.372828171925185,5.372236524844231,12.46352437327118,12.135388651579046,True,False
13224,101175818880030675975,10118,10003,8387,6888,0,0,0,0.0,0.0,13.28814512315342,12.749869427396844,False,True
13225,2403319998804329952,240,7611,6124,5161,2000,966,937,4.694034142192662,4.686108308500801,12.893870304785095,12.33343491528405,True,False
13226,16727412533958675060,1673,4206,3687,3000,2000,569,550,5.4122052482613725,5.407292709394122,12.03823313473178,11.550746785383243,True,False
13227,193224041158716,0,60,0,0,0,0,0,0.0,0.0,5.906890595608519,0,False,True
13228,16680602688348792921,1668,9719,8121,6592,2000,1236,1193,5.347953253236229,5.3453458181777,13.246592165441838,12.686500527183219,True,False
13229,1505282069129756416,151,7072,5823,4859,2000,1145,1101,4.617203943777087,4.605381791076273,12.787902559391432,12.246443717117286,True,False
13230,46450504814935875,5,3765,2245,2081,2000,1231,1192,4.552409859993905,4.537771598872807,11.87843414955929,11.023061249735335,True,False
13231,18657502797896826519,1866,8852,7608,6306,2000,1017,996,5.627076260939287,5.625282565733835,13.11178773580101,12.622509454683335,True,False
13232,2520269392801181563,252,487,436,399,2000,100,100,4.576300383217281,4.576300383217281,8.927777962082342,8.640244936222345,True,False
13233,2524069151475468134,252,7453,6223,5148,2000,1127,1084,4.610644365765936,4.599931176152957,12.86360554432145,12.329796338220701,True,False
13234,1723315473589260713,172,3135,3055,2555,2000,314,314,4.95474435241434,4.954744352414341,11.614249727689401,11.319107575824983,True,False
13235,4952382718972635,0,878,0,0,0,0,0,0.0,0.0,9.778077129535358,0,False,True
13236,29925000000000000,3,1998,1207,1138,2000,754,727,6.315164041687469,6.279865362944289,10.964340867792417,10.152284842306582,True,False
13237,44388750000000000000,4439,3455,3434,2832,2000,118,117,4.589699295032541,4.589446507827364,11.75446999527562,11.467605550082997,True,False
13238,3092250000000000000,309,2200,2175,1767,2000,132,131,4.497346496739745,4.497060841681464,11.103287808412022,10.787086324551616,True,False
13239,10074750000000000000,1007,3248,3220,2627,2000,112,109,4.450845387096359,4.4322572648541945,11.665335917185176,11.359200485133632,True,False
13240,18743025000000000000,1874,3586,3558,2903,2000,117,115,4.796280542700246,4.795867113573198,11.808159772868375,11.503328856626661,True,False
13241,40648125000000000000,4065,4762,4699,3821,2000,208,206,5.704617910999516,5.702969954173621,12.217351905270334,11.89973454235751,True,False
13242,10623375000000000000,1062,4282,4215,3388,2000,193,191,4.723694460558803,4.722776516329622,12.06406908038551,11.726218159332198,True,False
13243,58423575000000000000,5842,5346,5278,4238,2000,199,196,4.9102207975518795,4.909482402615328,12.384244122243079,12.04916787237217,True,False
13244,38004750000000000000,3800,5215,5146,4135,2000,224,222,5.650278753216076,5.640362365909737,12.348451537407128,12.013671614058637,True,False
13245,14812875000000000000,1481,4664,4596,3716,2000,196,195,4.467891836410596,4.466820838220928,12.187352073200497,11.859534786382653,True,False
13246,21396375000000000000,2140,4947,4888,3957,2000,210,209,4.996095483322469,4.995615249317536,12.272338184158624,11.950191349972702,True,False
13247,16947525000000000000,1695,4898,4842,3885,2000,195,194,4.395510388615309,4.394262444886226,12.257977058563979,11.923698883295073,True,False
13248,31271625000000000000,3127,5039,4993,3994,2000,243,243,5.7333026569907295,5.733302656990732,12.298921740969753,11.963618617443972,True,False
13249,75610500000000000000,7561,5473,5402,4373,2000,313,312,5.734761529832579,5.733946722807045,12.418116141207488,12.094407633081207,True,False
13250,40299000000000000000,4030,5762,5611,4615,2000,477,475,5.238306282216055,5.237980052635251,12.49235394515987,12.172114932533136,True,False
13251,36408750000000000000,3641,5886,5715,4730,2000,535,532,5.888599733467135,5.888043137064953,12.523071826940395,12.207624468226758,True,False
13252,21795375000000000000,2180,6435,6144,5070,2000,726,722,4.916738877543569,4.916167421759958,12.651724433108065,12.307770031890703,True,False
13253,25835250000000000000,2584,7118,6347,5255,2000,799,791,4.703302680475532,4.699939060541548,12.797256217509785,12.359475048849541,True,False
13254,38104500000000000000,3810,7430,6625,5518,2000,842,833,5.007722535280619,5.006685372107913,12.859146495425959,12.429929741353273,True,False
13255,50174250000000000000,5017,7808,6971,5814,2000,894,883,5.890984442768401,5.88999655401992,12.930737337562887,12.505315356136236,True,False
13256,52039575000000000000,5204,8286,7396,6200,2000,976,965,6.342497107877757,6.341972588662294,13.016460104979208,12.5980525001616,True,False
13257,9077250000000000000,908,8903,7524,6232,2000,1132,1099,5.538665724818121,5.536766941132712,13.120075840497751,12.605479518061669,True,False
13258,13266750000000000000,1327,9610,8040,6569,2000,1225,1185,4.513393221180427,4.507062358159093,13.230320715661113,12.681458050210274,True,False
13259,14144550000000000000,1414,9634,8038,6528,2000,1237,1193,5.347975732139736,5.345325332775016,13.233919208586977,12.672425341971495,True,False
13260,14862750000000000000,1486,9419,8013,6468,2000,1250,1205,5.205448368003208,5.200515601226833,13.201358184030669,12.659103963473662,True,False
13261,6284250000000000000,628,8383,7123,5795,2000,1159,1115,4.87772134402222,4.870204278686111,13.03325091409872,12.500592945893834,True,False
13262,299250000000000000,30,4129,3131,2777,2000,920,883,4.967951067665009,4.9479197350541835,12.011576703176177,11.439311461818846,True,False
13263,44112904313428878418,4411,3734,3709,3048,2000,140,139,4.581568889612451,4.581320832827595,11.866506212226202,11.573647187493322,True,False
13264,224378925640750609,22,3178,2410,2153,2000,745,719,4.648110607075837,4.634831072389014,11.63390340934852,11.072132604167233,True,False
13265,6418912500000000000,642,4134,4076,3266,2000,211,210,4.951940522770728,4.951440454579611,12.013322673425447,11.673309075561695,True,False
13266,575586937598185084,58,4848,3965,3502,2000,918,907,4.730343899004405,4.727801291207151,12.243173983472952,11.773963368433558,True,False
13267,2597490000000000000,260,8307,6775,5650,2000,1238,1197,4.537189303866935,4.5292771565315135,13.020111839088086,12.464035152189913,True,False
13268,3692961413610000,0,654,0,0,0,0,0,0.0,0.0,9.353146825498083,0,False,True
13269,4240303776671620866,424,3797,3739,3017,2000,200,199,4.374192976401589,4.373028089351667,11.890644283619089,11.558898981146703,True,False
13270,2985000000000000000,299,4907,4154,3456,2000,741,713,4.609374298815576,4.598242050253107,12.260625556068227,11.754887502163468,True,False
13271,1060484590909285,0,326,0,0,0,0,0,0.0,0.0,8.348728154231077,0,False,True
13272,3989315697813075000,399,1765,1546,1335,2000,274,270,4.638036203107925,4.63588400214616,10.785452468158542,10.382624026574916,True,False
13273,3036803004939900000,304,1536,1523,1257,2000,81,80,4.513207459503036,4.512464908481691,10.584962500721156,10.295768934420508,True,False
13274,4095013201397309289,410,2310,2284,1852,2000,131,130,4.78969477180953,4.789496550666916,11.17367713630342,10.854868383260236,True,False
13275,2987509568080158411,299,3330,3262,2658,2000,192,191,4.486569641491929,4.485569391429413,11.701306461958625,11.376125389276174,True,False
13276,3312065186013662168,331,1642,1635,1383,2000,89,88,4.404965128138612,4.404257043073023,10.681238411777805,10.433585441150495,True,False
13277,1604645155940098985,160,3672,3491,2959,2000,531,529,4.685925579286852,4.685425579286852,11.842350343413807,11.530893981193922,True,False
13278,32746722932739816086,3275,9497,7927,6500,2000,991,960,5.625110657202313,5.62278600217512,13.213256138247942,12.66622400280318,True,False
13279,595769228645807720910,59577,1626,1621,1396,0,0,0,0.0,0.0,10.667111542075027,10.447083226209653,False,True
13280,100250626,0,1,0,0,0,0,0,0.0,0.0,0.0,0,False,True
13281,3143087563889325292,314,3367,3299,2639,2000,191,189,4.613581219999322,4.612341065252162,11.717248005827646,11.365775635326269,True,False
14198,454243684561422,0,188,0,0,0,0,0,0.0,0.0,7.554588851677638,0,False,True
14199,10000000000000000000,1000,5095,4930,4095,2000,517,514,5.311047834431797,5.310134784047877,12.314866431053176,11.99964773652837,True,False
14200,3957586723642724694,396,8073,6606,5534,2000,983,953,4.4280632720968605,4.420825432091781,12.978889176361573,12.434106928609955,True,False
14201,27930000000000000,3,2975,1520,1458,2000,1014,985,6.4888402040630115,6.455886819680979,11.538673953082668,10.509775004326936,True,False
14202,974211092386011743,97,561,556,534,2000,60,60,4.279261866379246,4.279261866379246,9.131856960608793,9.060695931687555,True,False
14203,96443488078694772,10,3563,2387,2247,2000,1000,981,4.44020322583899,4.434565632786805,11.798876768133299,11.133784409179908,True,False
14204,41663015773410986762,4166,9140,7960,6600,2000,1036,1014,5.682133842982263,5.679963394423511,13.157978449945432,12.688250309133178,True,False
14205,78984332581917459,8,80,78,77,2000,45,44,4.192326221317754,4.191712800905319,6.321928094887363,6.266786540694901,True,False
14206,855938466321596487,86,289,287,276,2000,47,47,4.189232031000833,4.189232031000833,8.174925682500678,8.108524456778168,True,False
14207,3481275000000000000,348,7543,6327,5204,2000,1094,1052,4.425931718301851,4.416412426967577,12.880922710586542,12.345405246717796,True,False
14208,1966441548007970447,197,7938,6440,5445,2000,1196,1155,5.166357907211719,5.162968765455448,12.954559846999834,12.410716333604269,True,False
14209,6958484660194125,1,1815,322,316,322,322,316,8.330916878114614,8.28743861724505,10.825753832883112,8.303780748177102,False,False
14210,1657538735504477510,166,3417,3294,2786,2000,438,436,4.957942766695499,4.957488200578856,11.738514532429267,11.443979542601253,True,False
14211,269325000000000000,27,2308,2113,1909,2000,576,574,4.5317715341697244,4.5309312951854475,11.172427508645482,10.898601387403938,True,False
14212,277524337322907404,28,3412,2606,2319,2000,767,739,4.614733406558581,4.60224734689815,11.73640193131829,11.179287104646004,True,False
14213,238361396436965030,24,2435,1876,1666,2000,561,544,4.505531349975669,4.494063359219348,11.249706056969705,10.702172685365548,True,False
14214,99747455677847532227,9975,9375,8165,6750,2000,1039,1015,6.090956756425688,6.089237283173279,13.194602975157968,12.720671786825555,True,False
14215,29735475000000000000,2974,9206,7865,6505,2000,1022,996,4.824954851388757,4.821868698448469,13.168358727223886,12.667333341605158,True,False
14216,1660931470664607,0,372,0,0,0,0,0,0.0,0.0,8.539158811108031,0,False,True
14217,19351500000000000000,1935,5557,5370,4435,2000,569,567,5.567543547846275,5.5673384143813145,12.440090524950488,12.114718389188425,True,False
14218,156451573720985391,16,1147,1084,989,2000,193,192,4.485768789436008,4.4835683493479905,10.163649676015824,9.94982671075911,True,False
14219,238272906502336878,24,4926,3471,3109,2000,1018,989,4.388828455534111,4.381505074372482,12.266200912498961,11.602234901341063,True,False
14220,50872500000000000,5,1854,1502,1466,2000,730,725,4.530805016435099,4.52578420547286,10.85642552862553,10.517669388133811,True,False
14221,16311919979155936168,1631,8255,7258,6082,2000,1001,990,5.656390348506087,5.655856280698305,13.01105249980062,12.570330101030798,True,False
14222,1497509069219209682,150,6411,5272,4406,2000,1046,1004,4.563248250684195,4.551617205876773,12.646333693380967,12.105253779700883,True,False
14223,31267457043508413109,3127,8421,7451,6237,2000,957,946,4.741275525262855,4.739956267822496,13.039775849233681,12.606636543579526,True,False
14224,61047000000000000,6,1841,1535,1494,2000,714,709,5.263778290790071,5.255665935364654,10.846273911349906,10.544964432789238,True,False
14225,9318499941431481251,932,6146,5274,4297,2000,848,814,5.205790889437249,5.200599918641359,12.585432051592962,12.069114061773938,True,False
14226,3392318230492483841,339,5550,4698,3890,2000,814,781,4.552402099703633,4.541177429798157,12.43827205612483,11.925554439873554,True,False
14227,8971783148956618647,897,4216,4145,3309,2000,202,201,4.8162034083891045,4.8155716133013104,12.041659151637214,11.692179576312538,True,False
14228,2506265664160401,0,1090,0,0,0,0,0,0.0,0.0,10.090112419664289,0,False,True
14229,25625862115340055,3,1613,970,925,2000,637,619,6.142729630710887,6.116271101612098,10.655530723155643,9.853309555403674,True,False
14230,2787654949023513,0,1223,0,0,0,0,0,0.0,0.0,10.256208688527387,0,False,True
14231,29027250000000000000,2903,6399,5547,4477,2000,855,821,6.005958015349176,6.003102051955089,12.643630751061728,12.128316602903544,True,False
14232,4465760911802400000,447,1765,1754,1458,2000,92,91,4.819688882852002,4.819342366015462,10.785452468158542,10.509775004326936,True,False
14233,299366286324642195,30,1538,1490,1307,2000,206,206,4.39575183774058,4.39575183774058,10.586839787961827,10.352043425795433,True,False
14234,1002508387045907,0,690,0,0,0,0,0,0.0,0.0,9.430452551665532,0,False,True
14235,984938154299011766,98,2312,2249,1861,2000,196,195,4.4133567963786025,4.41224635826029,11.174925682500678,10.861862340059151,True,False
14236,27085977107987499,3,1844,1108,1049,2000,714,688,6.235508217541987,6.200875795471003,10.848622940429339,10.034798962577268,True,False
14237,5985000000000000,1,1109,240,240,240,240,240,7.906890595608521,7.906890595608521,10.11504365016171,7.906890595608519,False,False
14238,249395197429875000,25,253,213,202,2000,80,80,4.328139436456551,4.328139436456551,7.98299357469431,7.658211482751795,True,False
14239,1383767614943448395,138,2997,2513,2134,2000,485,471,4.520273973642258,4.507655257291618,11.549303368513575,11.059344460824425,True,False
14240,987525000000000000,99,4945,4002,3440,2000,890,853,4.473297024739604,4.46109038210559,12.271754805646474,11.74819284958946,True,False
14241,4987500000000000,0,1067,0,0,0,0,0,0.0,0.0,10.059344460824425,0,False,True
14242,44016007272300000,4,115,103,102,2000,60,60,4.465780096056238,4.46578009605624,6.845490050944375,6.672425341971495,True,False
14243,833326723461240738,83,731,719,643,2000,74,73,4.3568480079556755,4.355392515869432,9.513727595952437,9.328674927327947,True,False
14244,37470545913327079,4,242,165,162,2000,104,104,5.06099733557012,5.06099733557012,7.918863237274595,7.339850002884624,True,False
14245,12658275000000000000,1266,9609,7995,6495,2000,1229,1185,5.086530504208754,5.083054197512384,13.23017058349584,12.665113810335244,True,False
14246,7642657034955814235,764,4889,4712,3915,2000,531,529,5.596885906416806,5.596685906416804,12.255323690008137,11.934796592178403,True,False
14247,99344003288885717548,9934,9732,8147,6671,2000,1003,971,5.477499665858102,5.474502942928348,13.24852060493843,12.703687325967547,True,False
14248,491599085746712,0,3,0,0,0,0,0,0.0,0.0,1.584962500721156,0,False,True
14249,108492514943587393,11,2399,2040,1938,2000,733,728,5.23054416254813,5.226470933726522,11.228217442293435,10.92035285541508,True,False
14250,7985928884351926,1,1963,419,410,419,419,410,8.71080643369935,8.663073736801977,10.938844457466171,8.679480099505446,False,False
14251,1002506265664160401,100,7357,5892,4960,2000,1244,1201,4.437755068893456,4.429451499220654,12.844901876019783,12.276124405274238,True,False
14252,10567921781084952857,1057,4568,4514,3620,2000,220,216,5.338798541603133,5.336707932404927,12.157346935362844,11.821773981970567,True,False
14253,107378672419482448,11,4783,3194,2920,2000,1213,1173,4.549429302255673,4.534236497177079,12.223700075986306,11.51175265376738,True,False
14254,488559740607452083,49,6355,4724,4102,2000,1220,1175,4.407948385812444,4.397606258501492,12.63367640989232,12.002111776479852,True,False
14255,787054185791692124,79,6939,5336,4585,2000,1218,1174,4.435755777967139,4.427272935951596,12.760512051357347,12.162706018482417,True,False
14256,168798939896877725,17,5226,3692,3306,2000,1233,1191,4.465610380191358,4.450051175470715,12.35149140932002,11.690871009292314,True,False
14257,116684244005882836,12,4856,3337,3019,2000,1224,1183,4.408088492701758,4.399446069450084,12.245552706255681,11.559855041513625,True,False
14258,39915253058414822,4,2022,1279,1194,2000,719,693,5.262936293633949,5.236499903403979,10.981567281903015,10.221587121264806,True,False
14259,910344737973492738,91,200,170,164,2000,56,56,4.523189604452676,4.523189604452675,7.643856189774724,7.357552004618084,True,False
14260,199500000000000000,20,1270,1227,1101,2000,212,212,4.358936583841289,4.358936583841289,10.310612781659529,10.10459875356437,True,False
14261,31634784950396782,3,428,385,379,2000,205,205,5.202057600061725,5.2020576000617265,8.741466986401146,8.566054038171092,True,False
14262,2867912627270474256,287,3640,3546,2968,2000,371,370,4.500406860127847,4.499906714251965,11.829722735086058,11.535275376620802,True,False
14263,478800000000000000,48,29,26,26,2000,25,25,4.1996010994637185,4.199601099463719,4.857980995127572,4.700439718141092,True,False
14264,552139244024792718,55,653,646,607,2000,67,66,4.3852197043007255,4.383238489750128,9.350939181546432,9.245552706255681,True,False
14265,245414432308250738,25,814,788,678,2000,126,125,4.3323110993083045,4.331937330884083,9.668884984266247,9.405141463136344,True,False
14266,202394261623720349,20,771,743,657,2000,112,112,4.288768340105364,4.2887683401053645,9.590587049915035,9.35974956032233,True,False
14267,191448021290705018,19,1261,1194,1043,2000,192,191,4.353899310880176,4.352335976603591,10.30035256032822,10.026523442519766,True,False
14268,247511860687291139,25,1455,1386,1181,2000,192,191,4.4122034821013285,4.4108161988643335,10.506803437795647,10.205793249397157,True,False
14269,147801060591869343,15,1172,1101,975,2000,190,189,4.364432626963405,4.362915176280553,10.194756854422248,9.929258408636972,True,False
14270,209901640456111856,21,1381,1312,1136,2000,189,188,4.708866072591332,4.705861565831192,10.43149760425805,10.149747119504681,True,False
14271,1144436121007648757,114,5967,4881,4099,2000,1009,969,4.457615862947396,4.4490546440816185,12.5427900615549,12.001056274634779,True,False
14272,131103202965092408434,13110,1138,1135,979,0,0,0,0.0,0.0,10.152284842306582,9.935165049603695,False,True
14273,145096308870716691,15,4991,3440,3119,2000,1234,1192,4.393807106986543,4.382932084846018,12.285113188501493,11.606867837374152,True,False
14274,1137150000000000000,114,7462,5993,5035,2000,1247,1203,4.501190585694676,4.489403645390819,12.86534664481678,12.297776062894147,True,False
14275,1974843931063500000,197,1236,1225,1057,2000,75,74,4.480788729329108,4.479996274755731,10.271463027904375,10.045759661382682,True,False
14276,237405000000000000,24,471,459,439,2000,78,77,4.344625835542688,4.343235671116708,8.879583249612784,8.778077129535358,True,False
14277,986842402548973216,99,6795,5151,4441,2000,1061,1031,4.650739052609314,4.645355251651954,12.730257835654754,12.116668855967113,True,False
14278,380952380952380952,38,1697,1637,1397,2000,201,200,4.437020898260821,4.43536001950497,10.728770849542663,10.448116305409464,True,False
14279,16688175000000000000,1669,2170,2163,1820,2000,93,90,4.574963970553902,4.522543391268474,11.083479327331842,10.829722735086058,True,False
14280,3083764020755104,0,630,0,0,0,0,0,0.0,0.0,9.29920801838728,0,False,True
14281,11853409596577211615,1185,9203,7867,6358,2000,1216,1174,4.788274981181063,4.783705058869092,13.16788851318065,12.634357301137976,True,False
14282,5085417655930570485,509,5225,4960,4156,2000,709,705,5.8394900703462795,5.8366721398427694,12.351215321855607,12.020979938904212,True,False
14283,2679500650016900,0,1202,0,0,0,0,0,0.0,0.0,10.231221180711186,0,False,True
14284,1613373731774365,0,892,0,0,0,0,0,0.0,0.0,9.800899899920305,0,False,True
14285,802987500000000000,80,6242,4849,4223,2000,1014,988,4.5807958471138654,4.571012901930638,12.607792641919211,12.044052531801302,True,False
14286,568575000000000000,57,1504,1253,1106,2000,308,302,4.413654040311236,4.407171478224856,10.554588851677638,10.111135670234708,True,False
14287,528675000000000000,53,1419,1179,1044,2000,296,290,4.430350598001926,4.42378847220659,10.470658874060552,10.027905996569885,True,False
14288,1785525000000000000,179,4226,3981,3375,2000,663,660,4.829520460917091,4.828994117425328,12.04507705193494,11.720671786825555,True,False
14289,1107271617343354,0,797,0,0,0,0,0,0.0,0.0,9.638435913990472,0,False,True
14290,13929503511273202112,1393,3168,3141,2574,2000,140,139,4.62880732804745,4.6285750076881875,11.62935662007961,11.329796338220701,True,False
14291,439196007792652811,44,1981,1903,1660,2000,290,290,4.508259038444688,4.508259038444688,10.952013164889486,10.696967526234287,True,False
14292,1978306703058945000,198,1956,1697,1465,2000,327,320,4.48345239936771,4.476550368367601,10.933690654952233,10.51668494930961,True,False
14293,86038578544285131,9,400,375,360,2000,128,127,4.3075779887889025,4.306947642159402,8.643856189774725,8.491853096329674,True,False
14294,1579628142938913,0,799,0,0,0,0,0,0.0,0.0,9.642051692927977,0,False,True
14295,99348591523077922281,9935,9418,8146,6553,2000,1202,1157,5.983031303885074,5.980209143093667,13.201205007299528,12.677939816390142,True,False
14296,27618391388676083082,2762,8376,7405,6201,2000,961,950,4.832788341703455,4.831607953467342,13.032045726930809,12.598285174146604,True,False
14297,237440098588130239,24,4239,3158,2872,2000,966,953,4.391647319521058,4.386458137106796,12.049508251055096,11.487840033823051,True,False
14298,19950000000000000,2,2124,1115,1064,2000,929,892,6.567403722686385,6.524498547651317,11.052568050804153,10.055282435501189,True,False
14299,147607056977705605648,14761,2823,2530,2109,0,0,0,0.0,0.0,11.463013413449692,11.042343379793692,False,True
14300,2089149831089789807,209,7418,6169,5124,2000,1150,1106,4.530642475095117,4.518096131653023,12.85681455250301,12.323054760341646,True,False
14301,2472814382071763715,247,6879,5819,4936,2000,975,962,4.429627913132048,4.426156547334171,12.74798314030195,12.269126679149418,True,False
14302,14212220689362992,1,1827,911,901,911,911,901,9.831307243802051,9.809353346985365,10.835260918627489,9.815383295813538,False,False
14303,332167500000000000,33,5732,4384,3852,2000,1216,1173,4.526501947306948,4.5157678707464175,12.484822894262146,11.911391987843459,True,False
14304,106693159823463883,11,1709,1251,1141,2000,461,450,5.26720410032109,5.248628913259156,10.73893668167614,10.156083076288681,True,False
14305,3881841841297835,0,399,0,0,0,0,0,0.0,0.0,8.640244936222345,0,False,True
14306,226581973062133908,23,3896,2990,2742,2000,916,905,4.408466127165367,4.405751069203142,11.927777962082342,11.421012855779226,True,False
14307,410970000000000000,41,5972,4624,4035,2000,1214,1171,4.785238301177538,4.764325775425327,12.543998450134541,11.978352958165143,True,False
14308,30002374864273818,3,2743,1628,1531,2000,1022,984,6.492747863207448,6.451565599219148,11.421538906848276,10.580258567499788,True,False
14309,498750000000000000,50,6330,4840,4218,2000,1242,1202,4.501897599246329,4.493860596277878,12.627989784315703,12.042343379793692,True,False
14310,4987500000000000000,499,8900,7407,6090,2000,1264,1219,5.382366487897387,5.378121183030416,13.119589620741122,12.572226512793694,True,False
14311,3990000000000000000,399,8666,7164,5909,2000,1263,1218,5.129530352979633,5.1255965925824984,13.08115052127187,12.528698283574188,True,False
14312,1198671505614388251,120,1343,1327,1122,2000,110,109,4.434263234268841,4.43367213330836,10.391243589427443,10.131856960608793,True,False
14313,43347691151493158965,4335,5252,5185,4174,2000,198,197,4.90884760369598,4.908273729326643,12.358651200892886,12.027214885159834,True,False
14314,9930197502310139898,993,9334,7842,6381,2000,1257,1213,5.008564624854858,5.00418289324454,13.188279751964144,12.639566818681828,True,False
14315,706936402920775,0,239,0,0,0,0,0,0.0,0.0,7.900866807980749,0,False,True
14316,7661602717209964677,766,4099,4031,3237,2000,201,200,4.677535017232918,4.676847409794253,12.001056274634779,11.660441650209172,True,False
14317,2187537572632650000,219,1312,1301,1111,2000,81,80,4.284951171308981,4.283824913312003,10.357552004618084,10.117643101389092,True,False
14318,7586824631191438458,759,321,289,273,2000,68,68,5.138598046860242,5.138598046860243,8.326429487122303,8.092757140919852,True,False
14319,48483147603805286,5,3716,2176,2019,2000,1207,1167,4.784015911232284,4.764513533223187,11.859534786382653,10.979425195331473,True,False
14320,10114650000000000000,1011,4649,4555,3743,2000,373,371,5.341704018475686,5.340755132558391,12.182704710518964,11.869979332899963,True,False
14321,197044165889830900,20,1766,1624,1494,2000,455,453,4.423870136613052,4.422293101976182,10.786269627648466,10.544964432789238,True,False
14322,86779297820310237632,8678,8678,7713,6470,2000,973,962,5.600009327318146,5.599448635897352,13.083146870816742,12.65954999687987,True,False
14323,40876817135607836645,4088,3530,3504,2882,2000,120,119,4.33607919806907,4.335626980156868,11.785452468158542,11.492854620174748,True,False
14324,30880394602510013613,3088,8408,7443,6233,2000,969,958,5.47890457774521,5.478281586412382,13.037546953962178,12.605710997410885,True,False
14325,7928796382973718834,793,5396,5160,4308,2000,674,670,5.6870096356437765,5.686296622143162,12.397674632948268,12.072802534544207,True,False
14326,990152864059090,0,247,0,0,0,0,0,0.0,0.0,7.948367231584678,0,False,True
14327,58316872591783218295,5832,4808,4745,3866,2000,192,191,5.409021595394405,5.408598334166646,12.231221180711186,11.916625922211235,True,False
14328,3405592143177086797,341,8660,7133,5953,2000,1203,1163,4.601930239957091,4.595699117561026,13.080151309614088,12.539401179028113,True,False
14329,702860738528311801,70,6420,5129,4381,2000,1179,1134,4.5317141516387585,4.519471350860138,12.648357582009666,12.097044499322951,True,False
14330,1985699923884560303,199,7465,6187,5158,2000,1165,1122,4.387589792181315,4.375927830974293,12.865926545021903,12.332596057789214,True,False
14331,202576623187959000,20,3207,2417,2163,2000,756,729,4.5351473133702065,4.5210347459530595,11.647008638441648,11.078817949961978,True,False
14332,46772775000000000000,4677,5068,5002,4047,2000,199,197,5.035436326997479,5.03478622170922,12.30720080914081,11.982637133669424,True,False
14333,20087575489275000000,2009,4829,4783,3833,2000,225,225,4.997126266128632,4.997126266128632,12.237508748172656,11.904258282800518,True,False
14334,598475297324068500000,59848,2045,2041,1744,0,0,0,0.0,0.0,10.997885127829111,10.768184324776927,False,True
14335,2907268170426065162,291,7949,6349,5349,2000,1019,990,5.043034616003838,5.039573373985587,12.956557662570523,12.38505348834615,True,False
14336,10972500000000000000,1097,6127,5274,4282,2000,836,802,5.371772464589664,5.366628646386786,12.58096513597733,12.06406908038551,True,False
14337,8974825465384714747,897,7656,6707,5641,2000,959,948,5.445394576689863,5.444701796394986,12.902375114486025,12.461735221604863,True,False
14338,5778644334646308188,578,7479,6496,5479,2000,974,963,5.047599390806284,5.046664877847985,12.868629668212657,12.41969688830598,True,False
14339,33976449221244227,3,2233,1379,1292,2000,809,777,6.413793503924104,6.375233374756494,11.124767535822473,10.335390354693924,True,False
14340,2493750000000000000,249,1289,1277,1093,2000,70,69,4.249545186904781,4.247281675117424,10.332036548361652,10.094077685671905,True,False
14341,15689134048687835,2,2822,1329,1280,2000,1238,1198,6.578184617503318,6.5405999433964075,11.462502272597265,10.321928094887362,True,False
14342,2400096920000905518,240,7609,6113,5148,2000,972,941,4.825827248034535,4.816965570722255,12.893491147084914,12.329796338220701,True,False
14343,11487211259170185000,1149,2111,1868,1587,2000,323,317,5.444404573872511,5.442453469572196,11.043710863347156,10.632086412835182,True,False
14344,25945552940028750000,2595,818,815,714,2000,61,61,4.659669225875956,4.659669225875955,9.67595703294175,9.479780264029099,True,False
14345,156000000000000000,16,5189,3567,3204,2000,1214,1171,4.78977865920044,4.771505435974349,12.341240820538749,11.64565843240871,True,False
14346,1952514316046153955,195,2929,2861,2348,2000,190,189,4.421973234043537,4.420751362543689,11.516192477879367,11.197216693110052,True,False
14347,10189532099794627932,1019,4437,4370,3526,2000,206,205,4.996167559324149,4.995641681765971,12.115368837820224,11.783816759320182,True,False
14348,16076676526568786464,1608,4749,4682,3791,2000,195,194,4.675006034210836,4.674255776309681,12.213408040858337,11.888362741170644,True,False
14349,195080881191045104,20,5281,3764,3362,2000,1223,1183,4.442245636742785,4.429687034709098,12.366595426071438,11.715104009236168,True,False
14350,13533834586466164,1,2021,942,904,942,942,904,9.879583249612788,9.792147444966716,10.980853606379736,9.820178962415188,False,False
14351,9928662023278248959,993,8434,7199,5987,2000,1020,998,5.374834719067346,5.373350452403509,13.042001306279133,12.547617554902802,True,False
14352,810000000000000000,81,6880,5419,4638,2000,1246,1203,4.789700219102391,4.785054152964441,12.74819284958946,12.179287104646004,True,False
14353,1020000000000000000,102,6955,5678,4767,2000,1169,1125,4.570702189325548,4.559500666279488,12.7638347994296,12.218865910069676,True,False
14354,856142505909494663,86,6310,5062,4325,2000,1141,1098,4.645768215874596,4.636097402554648,12.623424289869911,12.078484417411449,True,False
14355,360000000000000000,36,1258,1022,913,2000,289,283,4.371937546877768,4.362842132653983,10.296916206879288,9.834471049984222,True,False
14356,92665329224959966,9,518,375,357,2000,165,162,4.470047797467122,4.4626780834822135,9.016808287686555,8.479780264029099,True,False
14357,8550620438521594825,855,1013,892,791,2000,159,159,5.188267331271436,5.188267331271433,9.984418458801137,9.627533884472792,True,False
14358,185435900605376486,19,324,261,249,2000,97,97,4.356036322673735,4.356036322673735,8.339850002884624,7.960001932068081,True,False
14359,255158453987850000,26,381,377,368,2000,64,61,4.235407638054462,4.193305409268036,8.573647187493322,8.523561956057012,True,False
14360,2005012531328320,0,481,0,0,0,0,0,0.0,0.0,8.909893083770042,0,False,True
14361,11970000000000000,1,356,180,176,180,180,176,7.491853096329673,7.44740865188523,8.475733430966399,7.459431618637297,False,False
14362,818884769418807947,82,5360,4428,3876,2000,933,922,4.4351184868605085,4.432875749211896,12.388017285345136,11.92035285541508,True,False
14363,44653613373771384123,4465,8822,7758,6490,2000,986,972,4.861579882997685,4.849005041565226,13.106890045092218,12.6640027628865,True,False
14364,2968346025666525000,297,1495,1482,1268,2000,87,85,4.413282284231169,4.412041320448535,10.545929769085467,10.308339030139408,True,False
14365,69810037500000000000,6981,5585,5531,4448,2000,215,213,4.95372086832919,4.953128907425932,12.447341565370678,12.118941072723507,True,False
14366,4752265763766577558,475,7860,6661,5579,2000,1014,994,4.780437671869222,4.778043560985887,12.940313597145968,12.445790836048076,True,False
14367,6483750000000000,1,1260,294,294,294,294,294,8.199672344836365,8.199672344836365,10.29920801838728,8.199672344836364,False,False
14368,1044148444436529,0,545,0,0,0,0,0,0.0,0.0,9.090112419664289,0,False,True
14369,10862346292633027321,1086,9513,7919,6450,2000,1229,1184,4.922660740080358,4.915509919985005,13.215684662824996,12.65508344519798,True,False
14370,34889896437991350000,3489,2896,2881,2412,2000,99,96,4.996294909230124,4.99497658765085,11.499845887083206,11.236014191900084,True,False
14371,3138359150280102534,314,1609,1601,1362,2000,95,94,4.477474393087163,4.4769029060516505,10.651948610723446,10.411510988012072,True,False
14372,33279212644780232442,3328,5590,5467,4493,2000,448,446,5.042915547285595,5.042498880618929,12.448632567730552,12.133463346523438,True,False
14373,6703169260122300000,670,1956,1944,1612,2000,81,80,4.367749628015786,4.366829352112522,10.933690654952233,10.654636028527968,True,False
14374,13567707077610000,1,1354,649,626,649,649,626,9.342074667999139,9.264471389144594,10.403012023574997,9.290018846932618,False,False
14375,427167291834206727,43,1809,1758,1510,2000,223,223,4.726791093790673,4.726791093790672,10.82097669262124,10.560332834212442,True,False
14376,469075198713440360,47,553,542,506,2000,66,65,4.210094762284836,4.207411451904896,9.111135670234708,8.98299357469431,True,False
14377,111324527534927866,11,1490,1339,1270,2000,454,452,4.494605217735009,4.493274157896924,10.541096615349524,10.310612781659529,True,False
14378,91188400111139470251,9119,8670,7710,6467,2000,983,972,6.02481184359225,6.024411872546084,13.081816278109198,12.658880895047878,True,False
14379,12327589413808666,1,514,263,258,263,263,258,8.0389189892923,8.00089617560409,9.005624549193879,8.011227255423254,False,False
14380,19850759782661852430,1985,7406,6569,5475,2000,869,858,5.027225522701039,5.02593692239895,12.85447883417163,12.418643249375899,True,False
14381,53371166266244952,5,1666,1155,1073,2000,536,519,4.935502427167598,4.916435318668466,10.702172685365548,10.067434360756522,True,False
14382,114335100120360000,11,1328,1007,924,2000,375,368,5.25501143510238,5.241842544157059,10.375039431346925,9.851749041416058,True,False
14383,393089445362228192,39,4896,3781,3316,2000,1025,985,4.415073013484422,4.399514497342381,12.257387842692651,11.69522829149575,True,False
14384,48974586009378383,5,2110,1375,1278,2000,713,688,4.999774846349623,4.978918436578294,11.043027283594547,10.319672120946995,True,False
14385,188527500000000000,19,5138,3737,3345,2000,1230,1187,4.443130150895648,4.42929455889062,12.326991174900817,11.707790495528823,True,False
14386,1884381770299651090,188,5384,4633,3903,2000,788,782,4.600297965401262,4.599195655624111,12.394462694610317,11.930367747438952,True,False
14387,34035047841611798,3,439,400,393,2000,205,205,5.209754660816282,5.209754660816282,8.778077129535358,8.618385502258606,True,False
14388,11160159833476681,1,208,139,138,139,139,138,7.1189410727235085,7.104552583514875,7.700439718141092,7.108524456778169,False,False
14389,75887791727398329,8,3275,2201,2017,2000,992,953,4.553890741403195,4.53705738491886,11.677279191312175,10.977995368612962,True,False
14390,151719298245614035087,15172,10127,8666,6984,0,0,0,0.0,0.0,13.305919236202762,12.76983784362944,False,True
14391,371070000000000000,37,6053,4452,3892,2000,1215,1173,4.5500072967949805,4.533055164099365,12.563434635710198,11.926295994781112,True,False
14392,443887500000000000,44,6191,4721,4112,2000,1248,1204,5.127300831600363,5.106463962236999,12.595956743943162,12.005624549193879,True,False
14393,6441644707520462037,644,3046,2666,2208,2000,428,416,5.040457368728002,5.0339794434021,11.572700226487292,11.108524456778168,True,False
14394,99750000000000000,10,899,832,760,2000,185,184,4.461945930096062,4.459853697509541,9.812177305514448,9.569855608330949,True,False
14395,4220681850000000000,422,7692,6480,5307,2000,1098,1056,4.652682023372628,4.645397946947442,12.909143047339898,12.373680833411614,True,False
14396,1088279896807818664,109,7508,5877,4961,2000,1219,1174,4.4357481110930825,4.427255687521484,12.874212934830874,12.276415241892678,True,False
14397,73674535988515249,7,4060,2559,2362,2000,1185,1144,4.77980179215564,4.759567472578483,11.987264012072538,11.205793249397157,True,False
14398,37186800000000000,4,3614,2126,1981,2000,1251,1207,5.218595563177871,5.191551640249566,11.8193807908646,10.952013164889486,True,False
14399,1670712750000000000,167,3789,3189,2692,2000,604,587,4.43070258070375,4.422381706877486,11.88760142450871,11.394462694610317,True,False
14400,602950417896435000,60,70,63,62,2000,32,32,4.312827024776999,4.312827024776999,6.129283016944966,5.954196310386875,True,False
14401,5667105539808273298,567,8708,7073,5884,2000,1059,1030,4.82686945778778,4.823276580813756,13.088125692188207,12.522581531254831,True,False
14402,957600000000000000,96,3471,3242,2794,2000,633,630,4.401561676092573,4.400450132714592,11.761135649828645,11.448116305409464,True,False
14403,5206950000000000000,521,9139,7601,6291,2000,1210,1168,4.695476893460231,4.688655076171283,13.157820597213627,12.619073646817748,True,False
14404,2277699696245310792,228,8159,6655,5542,2000,1250,1206,4.621184037515385,4.612997562645402,12.994176625161732,12.436190995481416,True,False
14405,695443947563597057274,69544,1628,1623,1398,0,0,0,0.0,0.0,10.668884984266247,10.449148645375436,False,True
14406,1891876486370879645,189,3509,3386,2857,2000,445,443,5.042398388094389,5.041981695384427,11.776844232402167,11.480285320936371,True,False
14407,61219230663517927,6,3599,2208,2088,2000,1011,985,4.515458270385181,4.503731259587482,11.813380386924727,11.027905996569885,True,False
14408,4572874495037498871,457,8132,6728,5623,2000,1026,1000,5.082430920699171,5.080085049318434,12.989394499844732,12.457124331540804,True,False
14409,10990176038471444327,1099,5184,5012,4150,2000,525,521,5.624965086419332,5.595437681196165,12.339850002884624,12.018895621121649,True,False
14410,27890185515320615,3,2970,1525,1463,2000,1021,992,5.92595488598535,5.8994863041523935,11.536247215688128,10.514714054138487,True,False
14411,7400969574523199,1,1134,264,259,264,264,259,8.044394119358454,7.998939573903908,10.147204924942228,8.016808287686555,False,False
14412,54400676118656680210,5440,9889,8246,6783,2000,1075,1046,5.811459698240083,5.81000895233082,13.271608924151744,12.727707777472686,True,False
14413,44338875000000000000,4434,9304,8045,6644,2000,1023,998,5.475979297816264,5.4731827009153395,13.183635381473218,12.697836357962377,True,False
14414,199500000000000000,20,1804,1650,1515,2000,459,457,4.384189313395522,4.382837424539606,10.81698362325538,10.565102078360313,True,False
14415,6084750000000000000,608,4620,4464,3707,2000,468,466,4.549601041391587,4.5488731932520725,12.17367713630342,11.856036399819155,True,False
14416,1513131039547989,0,757,0,0,0,0,0,0.0,0.0,9.564149489985732,0,False,True
14417,5910187500000000000,591,3912,3846,3096,2000,198,197,4.373408407279275,4.372185845456546,11.933690654952233,11.59618975614441,True,False
14418,8977500000000000,1,1575,422,414,422,422,414,8.721099188707186,8.678445160271167,10.621136113274641,8.693486957499326,False,False
14419,99342949654923610941,9934,9266,8095,6729,2000,1036,1017,6.09117528505445,6.089503665834309,13.177730967033272,12.71617640580743,True,False
14420,174993610378408148665,17499,4038,3554,2887,0,0,0,0.0,0.0,11.979425195331473,11.495355392235982,False,True
14421,34832332326848128060,3483,2516,2508,2065,2000,99,98,4.529417034848738,4.528883645710318,11.296916206879288,11.011926066306808,True,False
14422,7888796584720800030,789,2227,2212,1848,2000,105,104,4.91480638563728,4.914347411265414,11.12088584278779,10.851749041416058,True,False
14423,43015573898638934599,4302,5428,5374,4319,2000,221,219,5.26776536092242,5.265823752362904,12.406205005418855,12.076481601207021,True,False
14424,519390986237449673,52,654,641,594,2000,73,72,4.2436176531326435,4.242153651637005,9.353146825498083,9.214319120800766,True,False
14425,3768879786331051,0,1389,0,0,0,0,0,0.0,0.0,10.439830883981392,0,False,True
14426,49824289447784584,5,3099,1966,1814,2000,1036,996,5.100572390014559,5.076242222995413,11.597587039586216,10.824958740528523,True,False
14427,9983676500752734341,998,3395,3350,2716,2000,142,142,4.809525770930565,4.809525770930566,11.729195859132094,11.407267764244732,True,False
14428,4883918401973440682,488,4613,4425,3700,2000,562,560,4.893959327396558,4.893565362598288,12.171489577065655,11.853309555403674,True,False
14429,446135034655025738,45,5584,4349,3784,2000,1127,1085,4.388920404161239,4.375620632144348,12.447083226209653,11.885696373339394,True,False
14430,4972029016750591,0,724,0,0,0,0,0,0.0,0.0,9.499845887083206,0,False,True
14431,48836033997929121,5,561,509,489,2000,191,189,4.486721263971425,4.48402441406607,9.131856960608793,8.933690654952233,True,False
14432,188724266850000000,19,216,212,209,2000,55,55,4.204531199515286,4.204531199515286,7.754887502163468,7.7073591320808825,True,False
14433,83040019507346457056,8304,5476,5437,4358,2000,223,223,5.078210029962127,5.078210029962129,12.4189067312579,12.089450481115907,True,False
14434,1197000000000000000,120,1109,1095,950,2000,92,90,4.523914237172622,4.522837765819598,10.11504365016171,9.89178370321831,True,False
14435,2094750000000000000,209,1809,1789,1478,2000,117,116,4.402383086347193,4.402016084666078,10.82097669262124,10.52943055414615,True,False
14436,957600000000000000,96,2242,2174,1751,2000,184,183,4.3532633737609645,4.351404770572745,11.130570562805426,10.773963368433558,True,False
14437,1882781250000000000,188,2987,2936,2399,2000,202,199,4.72531567446023,4.724175527693035,11.544481522310791,11.228217442293435,True,False
14438,4488750000000000000,449,4836,4614,3872,2000,622,619,4.404281729351582,4.4031706182404715,12.239598529249124,11.918863237274595,True,False
14439,481493250000000000,48,4232,3403,3011,2000,846,836,4.399606027670831,4.395932978746687,12.047123912114026,11.556026992724677,True,False
14440,2114700000000000000,211,6795,5734,4869,2000,975,963,4.508246596927483,4.506127648886971,12.730257835654754,12.249409785269128,True,False
14441,2144625000000000000,214,7527,6031,5081,2000,971,940,4.786550862482656,4.778053740695017,12.877859256130328,12.310896748797713,True,False
14442,1725675000000000000,173,7421,5840,4946,2000,999,970,4.961608950544922,4.958415102249175,12.85739789170129,12.272046524389937,True,False
14443,2144625000000000000,214,1193,1028,914,2000,200,196,4.4448567860240535,4.440810550478499,10.220378327695228,9.83605035505807,True,False
14444,1845375000000000000,185,129,115,112,2000,35,35,4.140141962844732,4.140141962844732,7.011227255423254,6.807354922057604,True,False
14445,206104815210193827,21,40,38,38,2000,35,35,4.2877157679680735,4.287715767968074,5.321928094887363,5.247927513443585,True,False
14446,685384619825967419,69,2606,2483,2150,2000,430,428,4.590861848944231,4.590147410135914,11.347621368568134,11.070120944476823,True,False
14447,1342197171914533740,134,7113,5644,4803,2000,983,953,4.4280632720968605,4.420825432091782,12.796242448203165,12.229720093237413,True,False
14448,189525000000000000,19,4928,3502,3130,2000,1146,1110,4.401525608862425,4.393022350527649,12.266786540694902,11.61194694181998,True,False
14449,7371936734200903693,737,271,269,248,2000,40,40,4.42684669108808,4.42684669108808,8.08214904135387,7.954196310386875,True,False
14450,986449452485896091,99,306,304,290,2000,49,49,4.308629632799544,4.308629632799545,8.257387842692651,8.179909090014934,True,False
14451,299250000000000000,30,234,231,229,2000,54,54,4.278413005413963,4.278413005413961,7.870364719583405,7.839203788096944,True,False
14452,9975000000000000,1,1336,450,448,450,450,448,8.813781191217036,8.804892302328147,10.383704292474052,8.807354922057604,False,False
14453,67177066927740000,7,1458,1019,946,2000,447,436,4.526788369828842,4.5155560838169535,10.509775004326936,9.885696373339394,True,False
14454,88211636788801622338,8821,2768,2757,2240,2000,96,95,5.30739404626729,5.3070669308105645,11.434628227636725,11.129283016944967,True,False
14455,18764750740431870284,1876,2395,2388,1978,2000,90,89,4.9238191491163015,4.923345995649275,11.225809940623543,10.94982671075911,True,False
14456,694785279824721461453,69479,6215,6084,4992,0,0,0,0.0,0.0,12.601538675939848,12.285402218862249,False,True
14457,48840278003006866,5,2932,1799,1718,2000,970,953,4.768954572852984,4.758477112378489,11.517669388133811,10.746514321138463,True,False
14458,901238809595596392,90,2257,2189,1810,2000,191,189,4.354800581063839,4.313042679621606,11.140190703191836,10.821773981970567,True,False
14459,24476220669353112,2,1768,1032,980,2000,716,690,6.518247359738177,6.478569613600783,10.787902559391432,9.936637939002571,True,False
14460,49824513928717282,5,900,634,599,2000,326,320,4.854328211071378,4.8447022452357595,9.813781191217037,9.226412192788786,True,False
14461,5538026958883489076,554,3890,3850,3094,2000,220,220,4.8196839680054415,4.819683968005441,11.925554439873554,11.595257481449035,True,False
14462,32182075466349481380,3218,7413,6649,5461,2000,800,793,4.8728336808738995,4.871202707151953,12.85584179604994,12.414949441474263,True,False
14463,97998153492873194,10,2742,1914,1753,2000,781,753,5.402477094304987,5.378010946433211,11.421012855779226,10.775610280759539,True,False
14464,52818643868195852,5,666,472,450,2000,233,229,4.7996404580156025,4.790372856007623,9.379378367071261,8.813781191217037,True,False
14465,224039127089662067468,22404,6931,6012,4857,0,0,0,0.0,0.0,12.75884780310832,12.245849771023723,False,True
14466,5412871031541961871,541,154,152,144,2000,47,47,4.593755363916268,4.593755363916268,7.266786540694901,7.169925001442312,True,False
14467,6454789724533034670,645,330,328,298,2000,46,46,4.472941194083569,4.472941194083568,8.366322214245816,8.219168520462162,True,False
14468,591777546761608633,59,2005,1939,1626,2000,197,196,4.374050999932769,4.372828438110041,10.969386521342283,10.667111542075027,True,False
14469,1905197409021015609,191,8014,6380,5363,2000,1229,1183,4.7887878751182456,4.783890159490626,12.968306794430799,12.3888245380236,True,False
14470,7051156143250993573,705,1886,1873,1566,2000,67,67,4.393898856603885,4.393898856603885,10.881113960675096,10.612868497291041,True,False
14471,11672333476869024785,1167,2137,2126,1792,2000,70,69,4.890043236426501,4.84497405532473,11.061371192659811,10.807354922057604,True,False
14472,30622638899738691793,3062,2558,2547,2149,2000,74,74,4.931080544251733,4.931080544251731,11.320800548881637,11.069449767427784,True,False
14473,102430889537665884696,10243,2946,2934,2444,0,0,0,0.0,0.0,11.524541715035848,11.25502856981873,False,True
14474,78682397824776282,8,3961,2366,2180,2000,1068,1037,4.77648421975524,4.7620438890907675,11.951648985904619,11.090112419664289,True,False
14475,9975000000000000,1,1330,448,447,448,448,447,8.807354922057604,8.802890636343317,10.377210530388552,8.804131021183318,False,False
14476,7881690525190763,1,1288,356,356,356,356,356,8.4757334309664,8.4757334309664,10.330916878114618,8.475733430966399,False,False
14477,139650000000000000,14,4965,3397,3088,2000,1216,1176,4.785068371614443,4.766077365266201,12.277578002415737,11.59245703726808,True,False
14478,91659636956903978577,9166,3902,3877,3176,2000,161,160,5.483980569472674,5.483880205541595,11.929998062609027,11.632995197142957,True,False
14479,12967500000000000000,1297,7124,6297,5262,2000,851,841,4.742949026318103,4.741369334966793,12.798471801101618,12.36139553316589,True,False
14480,7980000000000000000,798,6828,5998,5026,2000,874,864,5.598225032534727,5.597492087135027,12.737247343027738,12.295194955880655,True,False
14481,85775442127827706795,8578,7921,7084,5918,2000,883,873,5.629410446077269,5.628783377309491,12.951466861932795,12.530893981193922,True,False
14482,1592409000000000000,159,4511,3760,3172,2000,737,709,4.60921580563222,4.598080836950741,12.139231570719353,11.63117705570398,True,False
14483,1147125000000000000,115,3336,2805,2376,2000,559,541,4.520817933852083,4.513384925365341,11.703903573444663,11.214319120800766,True,False
14484,5985000000000000,1,1407,223,219,223,223,219,7.800899899920305,7.75605685059295,10.458406613236532,7.774787059601174,False,False
14485,3421404160531802,0,924,0,0,0,0,0,0.0,0.0,9.851749041416058,0,False,True
14486,10000000000000000,1,1508,582,567,582,582,567,9.184875342908283,9.12859546747501,10.558420713268664,9.147204924942228,False,False
14487,8977500000000000,1,1227,346,340,346,346,340,8.434628227636725,8.39416579989106,10.260919533662905,8.409390936137703,False,False
14488,199500000000000000,20,3383,2524,2268,2000,818,786,4.552844284418539,4.537939857314346,11.724087461793989,11.147204924942228,True,False
14489,498750000000000000,50,3990,3153,2748,2000,791,760,4.444340012595976,4.431611366777954,11.962173031109709,11.4241662888181,True,False
14490,299250000000000000,30,3100,2389,2115,2000,692,668,4.803970935874293,4.787750930539551,11.5980525001616,11.046441948007311,True,False
14491,30552083842414142450,3055,5110,5043,4089,2000,201,199,4.993310609932303,4.975792284612785,12.319107575824983,11.997532347526366,True,False
14492,561629592606395172,56,1164,1139,952,2000,130,129,4.34817686398974,4.347804092331468,10.184875342908283,9.894817763307943,True,False
14493,5605278518801001,1,1796,167,166,167,167,166,7.383704292474054,7.371728244569862,10.810571634741146,7.3750394313469245,False,False
14494,253042177254126159,25,3385,2579,2298,2000,766,739,4.432690160717518,4.41964959522176,11.724940118462358,11.166163082646113,True,False
14495,2018910554253405,0,915,0,0,0,0,0,0.0,0.0,9.837627933171404,0,False,True
14496,19950000000000000,2,2973,1474,1413,2000,1246,1203,6.581994180775472,6.541333175790693,11.537703747907644,10.46454575033394,True,False
14497,997123392553775628,100,7169,5631,4832,2000,1207,1167,4.556415602801408,4.55033921450506,12.807556176858919,12.238404739325079,True,False
14498,70652925000000000000,7065,9632,8089,6627,2000,995,966,5.790851259643433,5.78904967042962,13.233619676759702,12.694140204076431,True,False
14499,1137150000000000000,114,25,24,23,646,24,23,4.177738484501974,4.0873207585006535,4.643856189774724,4.523561956057013,False,False
14500,480703991248068387,48,5774,4328,3788,2000,1066,1035,4.8027968379506145,4.79186387319918,12.495355392235982,11.887220615468385,True,False
14501,99378825408076025391,9938,9378,8112,6522,2000,1199,1154,5.96027198600177,5.957398168969185,13.19506456372082,12.671098725748465,True,False
14502,4788000000000000000,479,1371,1367,1225,2000,74,73,4.658366103750998,4.655005709783918,10.421012855779226,10.258566033889933,True,False
14503,740416755479986942,74,2365,2284,1946,2000,293,293,4.507300321669197,4.507300321669197,11.207624468226758,10.926295994781112,True,False
14504,19935981171143467,2,2223,1099,1076,2000,962,946,6.542510639654157,6.523068799065278,11.11829223302699,10.071462362556623,True,False
14505,4087966498398919,0,699,0,0,0,0,0,0.0,0.0,9.449148645375436,0,False,True
14506,24541278086047012418,2454,4888,4842,3882,2000,218,218,4.865203484856148,4.865203484856149,12.25502856981873,11.922584402713664,True,False
14507,25062656641604010,3,3293,1801,1711,2000,1243,1200,6.5822362034615605,6.541962807479109,11.685186796595348,10.740624044489413,True,False
14508,39900000000000000,4,490,436,418,2000,194,193,5.195877135716184,5.192208022974356,8.936637939002571,8.707359132080883,True,False
14509,17149595341830201,2,1985,1014,1000,2000,949,938,6.554585413482021,6.543368921115861,10.95492329203032,9.965784284662087,True,False
14510,58326721344579638,6,4061,2470,2283,2000,1209,1168,5.198035691843919,5.175685313358201,11.987619311924325,11.156715144224702,True,False
14511,16041796792428404,2,2690,1072,1039,2000,1015,986,6.486974230409624,6.45271934290746,11.393390457443987,10.020979938904212,True,False
14512,535338345864661654,54,4818,3929,3481,2000,925,914,4.644411787046201,4.6418706860728465,12.23421867823847,11.765286098723683,True,False
14513,295216363288964592,30,4097,3183,2882,2000,925,913,4.798280883589397,4.793446004841833,12.0003521774803,11.492854620174748,True,False
14514,5993077452671408985,599,3520,3457,2793,2000,181,179,4.6258263937042,4.621462462351802,11.78135971352466,11.44759985827995,True,False
14515,46383750000000000,5,418,287,277,2000,151,148,4.7313107583518175,4.719847250518421,8.707359132080883,8.113742166049189,True,False
14516,122977340344622757549,12298,7834,7071,5826,0,0,0,0.0,0.0,12.935533412950747,12.508289986140348,False,True
14517,22036927899371816025,2204,9881,8250,6689,2000,1252,1206,5.7915045725264305,5.788916821611364,13.270441340848045,12.707574829926973,True,False
14518,425707277972418473,43,5839,4200,3684,2000,1044,1014,4.649785260178964,4.644960294266754,12.511505595792482,11.847057346091336,True,False
14519,65547479212327723,7,3952,2616,2407,2000,1208,1165,4.44138344021699,4.427435943471979,11.948367231584678,11.233020426474496,True,False
14520,11293954465701258,1,2640,1032,997,1032,1032,997,10.011227255423256,9.93649913964926,11.366322214245816,9.961449694398196,False,False
14521,202492500000000000,20,1809,1685,1538,2000,434,432,4.540829443787988,4.539709622959322,10.82097669262124,10.586839787961827,True,False
14522,3275270497056504,0,828,0,0,0,0,0,0.0,0.0,9.693486957499326,0,False,True
14523,9930823890387803160,993,9394,7761,6339,2000,1227,1181,4.562320539426825,4.551405991340495,13.197523878257787,12.630039552656097,True,False
14524,19765206464896398489,1977,4848,4780,3833,2000,199,197,4.952488312200809,4.908380225008743,12.243173983472952,11.904258282800518,True,False
14525,6235021122988060300,624,3660,3596,2886,2000,186,184,4.779731503648353,4.778844739412744,11.837627933171404,11.494855584491198,True,False
14526,2828506874206156,0,679,0,0,0,0,0,0.0,0.0,9.407267764244732,0,False,True
14527,18902625000000000000,1890,4761,4699,3790,2000,264,264,4.45121302128236,4.45121302128236,12.217048913556338,11.887982133058454,True,False
14528,25062656641604010,3,3179,1669,1586,2000,1196,1156,5.294921973861031,5.268916635528793,11.634357301137976,10.63117705570398,True,False
14529,2673300000000000000,267,2307,2279,1855,2000,111,109,4.50282649146863,4.5022208632624,11.171802288682983,10.857203471508166,True,False
14530,883942658186700000,88,1036,1021,878,2000,99,98,4.297576465530365,4.29679577379769,10.016808287686555,9.778077129535358,True,False
14531,1995000000000000000,200,7610,6042,5122,2000,1076,1045,4.688652453830208,4.684276231954668,12.893680738390907,12.322491537597468,True,False
14532,9933072576984663969,993,8184,7049,5904,2000,986,969,4.883964986140137,4.881809919444801,12.99859042974533,12.527477006060396,True,False
14533,2375381096708180680,238,8249,6616,5521,2000,1224,1179,4.47227280604123,4.464551719059141,13.010003521295205,12.430713885791938,True,False
14534,771766887000749329,77,3923,3564,3098,2000,743,738,4.64331765941463,4.642355802253648,11.937741620077096,11.597121428789569,True,False
14535,1377000970047187,0,820,0,0,0,0,0,0.0,0.0,9.679480099505446,0,False,True
14536,375060000000000000,38,6138,4505,3940,2000,1224,1178,4.646420517913207,4.632882678515398,12.583552930466485,11.943979914343739,True,False
14537,96378842681601625,10,4331,2797,2559,2000,1199,1159,4.590267001818317,4.574107139124525,12.080484457067568,11.321364432039447,True,False
14538,234697000000000000,23,4054,3035,2707,2000,942,904,4.5468849565218115,4.52973459394477,11.985130373466898,11.402479172214964,True,False
14539,241005975000000000,24,2331,1811,1615,2000,546,529,4.499285765922979,4.486957992401704,11.186733289128867,10.657318449581288,True,False
14540,40022254637400000,4,107,100,96,2000,63,62,4.642255456926149,4.639506249757794,6.741466986401147,6.584962500721156,True,False
14541,8971854702378052385,897,4188,4122,3308,2000,200,199,4.444050109469168,4.443049882144776,12.032045726930809,11.691743519171276,True,False
14542,6231935666052114,1,691,137,137,137,137,137,7.0980320829605255,7.0980320829605255,9.432541900388259,7.098032082960526,False,False
14543,915733724986113101,92,861,853,777,2000,90,88,4.357568074356963,4.356421614115868,9.749869427396844,9.60177078840771,True,False
14544,997500000000000000,100,914,906,820,2000,86,84,4.3819631062037345,4.380225602083733,9.83605035505807,9.679480099505446,True,False
14545,834816023544678629,83,2191,2132,1773,2000,201,199,4.469253332235352,4.467351772516636,11.097373768990222,10.79197682089869,True,False
14546,43499332483387846,4,2059,1324,1235,2000,713,688,5.260013124260173,5.234659159813338,11.007728114632254,10.27029532647204,True,False
14547,50357840132576934004,5036,5429,5349,4351,2000,338,338,5.786462218923362,5.786462218923362,12.406470768529283,12.087131301540529,True,False
14548,1102756892230576441,110,6401,5259,4516,2000,988,971,4.597344856244916,4.594551216424216,12.644081593265675,12.140829770773001,True,False
14549,30182294287677803,3,570,489,485,2000,296,296,5.404529237811802,5.404529237811802,9.154818109052105,8.92184093707449,True,False
14550,5644010004144926,1,894,151,148,151,151,148,7.2384047393250786,7.185424606874747,9.804131021183318,7.20945336562895,False,False
14551,975984164733226025,98,7027,5561,4741,2000,1240,1196,4.50424843301649,4.485622811280269,12.77869318322384,12.210975677726395,True,False
14552,359758029802500000,36,501,496,476,2000,64,63,4.2188183651103515,4.216850620798243,8.968666793195208,8.894817763307943,True,False
14553,51604928458375026,5,1968,1332,1239,2000,625,607,4.986472534417892,4.96880524130791,10.94251450533924,10.274960472140602,True,False
14554,61815816855353400000,6182,2711,2700,2200,2000,96,94,5.122545796097075,5.082032346946539,11.404609397837712,11.103287808412022,True,False
14555,24883109574621150892,2488,4224,4165,3393,2000,158,157,4.67013326164847,4.6677406991061865,12.044394119358454,11.728345714710978,True,False
14556,4930877724710601422,493,4643,4452,3726,2000,565,563,4.480296133088769,4.479507285548405,12.180841565566661,11.863411958941638,True,False
14557,3555036164736175547,356,3539,3471,2807,2000,196,195,4.488165559514592,4.487208254168215,11.789126046425231,11.454813348512525,True,False
14558,116129163000412067841,11613,9565,8234,6811,0,0,0,0.0,0.0,13.223549253233475,12.733650916838716,False,True
14559,76364567641581319,8,190,183,175,2000,66,65,4.51378109224327,4.5112347109495605,7.569855608330948,7.451211111832329,True,False
14560,180451127819548872,18,5240,3654,3279,2000,1209,1169,5.100932034522183,5.082813006402214,12.355351096424812,11.679040186393062,True,False
14561,31363998468711682452,3136,9445,8010,6607,2000,1056,1027,5.708800677321593,5.707080331823921,13.205335081275733,12.689779629377275,True,False
14562,26078249795955000,3,340,216,210,2000,144,142,5.318227530972136,5.307056296899871,8.409390936137703,7.714245517666122,True,False
14563,138891861531181647,14,4969,3377,3058,2000,1210,1169,4.3979894610965085,4.38714236691607,12.27873982655011,11.578372691360805,True,False
14564,637591049300687,0,296,0,0,0,0,0,0.0,0.0,8.20945336562895,0,False,True
14565,241241754389317418,24,4938,3434,3052,2000,963,934,4.434078741065882,4.421831266446653,12.269711121142782,11.57553924683453,True,False
14566,1746866057931759128,175,5990,4950,4147,2000,977,938,4.388850236191381,4.376724386482477,12.548340287676147,12.017852331905962,True,False
14567,745733073308764779630,74573,2344,2337,1943,0,0,0,0.0,0.0,11.194756854422248,10.924070185585345,False,True
14568,92575413584533380,9,884,813,745,2000,188,187,4.465802417256451,4.463710002260809,9.787902559391432,9.541096615349524,True,False
14569,49311415591488196,5,2854,1788,1717,2000,970,958,5.102107058982721,5.094875154407596,11.478769619475763,10.745674324002135,True,False
14570,53657119157972265,5,3123,1997,1909,2000,963,947,5.279969593823926,5.267008366764674,11.608716854020573,10.898601387403938,True,False
14571,3690750000000000000,369,6296,5459,4602,2000,859,849,4.535270669894936,4.53308646864583,12.620219825507487,12.16804526822409,True,False
14572,12967500000000000,1,2411,1099,1057,1099,1099,1057,10.10197567094923,10.019751350679348,11.235415935602527,10.045759661382682,False,False
14573,8701667136732369,1,2097,482,470,482,482,470,8.912889336229963,8.857381270872777,11.034111146096592,8.876516946565,False,False
14574,54388066862371337341,5439,4259,3750,3039,2000,571,553,5.813907993302516,5.8103996540218805,12.056299014550337,11.569380959522295,True,False
14575,997500000000000000,100,751,745,695,2000,68,67,4.3971935528326025,4.395907757493394,9.552669097514272,9.44086916761087,True,False
14576,20050125313283208020,2005,5077,5021,4030,2000,207,205,4.774355724722987,4.771166416733766,12.309760544729622,11.97656412341533,True,False
14577,19950000000000000000,1995,5015,4957,3974,2000,213,211,5.157504071057772,5.155343880720042,12.292033985499543,11.95637615724967,True,False
14578,15945512449815847730,1595,4887,4829,3872,2000,207,205,4.629504818252627,4.62864032167548,12.254733389246674,11.918863237274595,True,False
14579,299436188563707425,30,1569,1515,1321,2000,200,197,4.353862691416438,4.351549948823881,10.615629636968098,10.367414751246828,True,False
14580,5012531328320802005,501,3848,3806,3052,2000,213,213,4.4311415613802545,4.431141561380255,11.909893083770042,11.57553924683453,True,False
14581,11027568922305764411,1103,4452,4409,3526,2000,225,225,5.078493954316101,5.078493954316102,12.12023787734196,11.783816759320182,True,False
14582,9022556390977443609,902,4231,4185,3371,2000,226,226,5.1572622352383375,5.157262235238337,12.04678297035635,11.71896091198421,True,False
14583,5012531328320802005,501,3842,3796,3059,2000,212,212,4.404965771973076,4.404965771973078,11.907641803665527,11.578844391558203,True,False
14584,5012531328320802005,501,3826,3781,3045,2000,219,219,4.867355463528927,4.867355463528926,11.901621158346112,11.572226512793694,True,False
14585,4010025062656641604,401,3708,3644,2981,2000,277,277,4.824209496175484,4.8242094961754844,11.85642552862553,11.541580659991169,True,False
14586,1052631578947368421,105,2715,2643,2206,2000,274,274,4.434378029644126,4.434378029644125,11.406736482691723,11.107217075591382,True,False
14587,3007518796992481203,301,3815,3716,3087,2000,391,389,5.163590716422298,5.162314525605683,11.897467341721892,11.591989767615125,True,False
14588,2997233662876482230,300,4242,4053,3407,2000,567,565,5.445442811332337,5.445210701892737,12.050528905530555,11.734286232096347,True,False
14589,2506265664160401002,251,4927,4623,3896,2000,721,717,4.594306075347234,4.593448932490091,12.266493756312183,11.927777962082342,True,False
14590,1503759398496240601,150,7276,5812,4926,2000,1025,995,4.499455450332612,4.49356595206493,12.828929827651486,12.266200912498961,True,False
14591,106924687442062102,11,4741,3196,2914,2000,1227,1185,4.399665747011875,4.386147241256932,12.210975677726395,11.508785162064513,True,False
14592,97475334366834213,10,4441,2921,2672,2000,1232,1193,5.101087554766819,5.084974507373333,12.116668855967113,11.383704292474052,True,False
14593,463403886427095166,46,6263,4715,4127,2000,1220,1179,4.472008316106804,4.465011268478004,12.612638163604771,12.010877723007034,True,False
14594,2657809850595621,0,921,0,0,0,0,0,0.0,0.0,9.847057346091336,0,False,True
14595,2880803679117840000,288,2022,1765,1519,2000,323,316,4.552596891141536,4.547352106939993,10.981567281903015,10.568906154502084,True,False
14596,99984172810571065465,9998,2770,2759,2237,2000,101,99,5.34318781662989,5.3424052414982,11.43567026093655,11.127349541059118,True,False
14597,14663250000000000000,1466,9596,8005,6535,2000,1227,1186,5.045289089519585,5.041958275695373,13.228217442293435,12.673971520682796,True,False
14598,8695740747993703767,870,6674,5865,4914,2000,836,826,4.696016730891445,4.693612954616181,12.704335971182319,12.262682142362165,True,False
14599,1896569156510467927,190,6227,5149,4304,2000,998,958,4.440881989081696,4.428404695631165,12.604321563877273,12.071462362556623,True,False
14600,2884770000000000000,288,8327,6732,5606,2000,1221,1179,4.746718275708769,4.741435358211527,13.023581108623029,12.452756029032495,True,False
14601,687196101385734,0,381,0,0,0,0,0,0.0,0.0,8.573647187493322,0,False,True
14602,16193762330359671,2,1520,784,751,2000,712,686,6.511757397952132,6.47211933948279,10.569855608330949,9.552669097514272,True,False
14603,12296263903921802189,1230,1050,1047,908,2000,49,49,4.1820214788070045,4.182021478807005,10.036173612553485,9.826548487290914,True,False
14604,6427890000000000000,643,3953,3895,3140,2000,209,206,4.78490065890589,4.783662819748892,11.948732239819615,11.61654884377899,True,False
14605,453660558073798611,45,297,256,242,2000,83,83,4.31768484240195,4.31768484240195,8.214319120800766,7.918863237274595,True,False
14606,11696465265381046498,1170,9670,8126,6670,2000,1224,1185,5.337323441912889,5.3347747368012985,13.239300174364203,12.703471046071947,True,False
14607,247695853905025064780,24770,5693,5629,4546,0,0,0,0.0,0.0,12.474973384391147,12.150381968817848,False,True
14608,8250812833770197427,825,1528,1352,1173,2000,234,230,4.996640699215443,4.994893440227979,10.57742882803575,10.19598729802851,True,False
14609,199500000000000000,20,77,63,61,2000,35,35,4.224485451842111,4.224485451842111,6.266786540694901,5.930737337562887,True,False
14610,119700000000000000,12,7,5,5,2,3,3,1.584962500721156,1.584962500721156,2.807354922057604,2.321928094887362,False,False
14611,994364631833786539,99,4733,3979,3427,2000,781,775,4.469348084852751,4.4670150222461515,12.208539206738363,11.742730476519174,True,False
14612,4070175438596491228,407,6229,5411,4566,2000,838,828,4.788593048444008,4.78710103483368,12.60478485708642,12.156715144224702,True,False
14613,99750000000000000,10,3526,2426,2217,2000,1014,976,5.58578607427447,5.558234802163213,11.783816759320182,11.114393054867307,True,False
14614,37064082668561748407,3706,9766,8123,6686,2000,1077,1048,5.958281948812971,5.956994718838539,13.253552062637464,12.706927639617403,True,False
14615,196145254523240536260,19615,2814,2803,2266,0,0,0,0.0,0.0,11.458406613236532,11.145932145820515,False,True
14616,7247708882450937,1,89,34,34,34,34,34,5.087462841250339,5.087462841250339,6.475733430966398,5.087462841250339,False,False
14617,9975000000000000,1,129,69,69,69,69,69,6.108524456778168,6.108524456778168,7.011227255423254,6.108524456778169,False,False
14618,609315171306877040,61,719,710,648,2000,84,83,4.578058832357081,4.577379702952365,9.489847960439297,9.339850002884624,True,False
14619,581453634085213032,58,6512,5105,4391,2000,1231,1188,4.472680332944299,4.465077679264018,12.668884984266247,12.100333819126542,True,False
14620,567122436675565050,57,3003,2440,2107,2000,565,546,4.426600364968136,4.412615979396372,11.552188759557149,11.040974598817305,True,False
14621,26932500000000000,3,1771,1058,1003,2000,690,667,6.185201614883674,6.1541404596735925,10.790348496751914,9.970105890612182,True,False
14622,7082250000000000000,708,1959,1948,1615,2000,85,84,4.550715859444083,4.550159474589355,10.935901682267588,10.657318449581288,True,False
14623,716419703438145000,72,604,506,468,2000,121,121,4.471102232222692,4.471102232222691,9.238404739325079,8.870364719583405,True,False
14624,668424750000000000,67,6707,5119,4413,2000,1210,1170,4.392268363770504,4.382725680127498,12.711451886714766,12.107544031975987,True,False
14625,12175232050603600,1,2571,952,927,952,952,927,9.894817763307941,9.834923278004734,11.328113894833656,9.85642552862553,False,False
14626,1324889430367188,0,804,0,0,0,0,0,0.0,0.0,9.651051691178928,0,False,True
14627,70221983442806652122,7022,2505,2497,2057,2000,92,90,4.444926823001129,4.4437173612919985,11.290594888082572,11.006326078524934,True,False
14628,1088771250000000000,109,7529,5936,5028,2000,1220,1178,4.886659907107777,4.873162329903773,12.87824254386927,12.295768934420508,True,False
14629,100000000000000000,10,926,883,829,2000,203,203,4.6526428551908845,4.652642855190885,9.854868383260236,9.69522829149575,True,False
14630,8020050125313283,1,87,48,48,48,48,48,5.584962500721155,5.584962500721155,6.442943495848728,5.584962500721156,False,False
14631,30472057774653076451,3047,5119,5050,4055,2000,205,203,5.116517513046676,5.076097179793197,12.321646290991382,11.985486199104635,True,False
14632,99369130957177187297,9937,9246,7996,6426,2000,1189,1145,5.956841071511997,5.954052483074143,13.174613647235942,12.649705265471413,True,False
14633,422185749599760942,42,1756,1689,1403,2000,183,182,4.412489217349155,4.410458932263291,10.778077129535358,10.454299293619899,True,False
14634,164587500000000000,16,4993,3634,3261,2000,1214,1170,4.549568127298802,4.532642289202185,12.285691191330093,11.671098725748465,True,False
14635,982530976949594905,98,653,649,620,2000,70,68,4.346527376697771,4.344348502542223,9.350939181546432,9.276124405274238,True,False
14636,3974040000000000000,397,3555,3487,2829,2000,194,193,4.579762038911541,4.578904651086448,11.795633844506778,11.466076461396252,True,False
14637,5141688016153003,1,859,190,190,190,190,190,7.569855608330949,7.569855608330949,9.746514321138463,7.569855608330948,False,False
14638,304292157045966526,30,4038,3174,2848,2000,884,874,4.409172557730944,4.406474093602655,11.979425195331473,11.475733430966399,True,False
14639,9975000000000000,1,2075,609,594,609,609,594,9.250298417906329,9.19651370936419,11.018895621121649,9.214319120800766,False,False
14640,299250000000000000,30,1567,1511,1313,2000,193,192,4.417016720184393,4.4151540497923865,10.61378946447258,10.358651200892886,True,False
14641,8012632818334890,1,1204,349,349,349,349,349,8.447083226209653,8.447083226209653,10.233619676759702,8.447083226209653,False,False
14642,343995279083400000,34,550,543,517,2000,70,69,4.532376691655571,4.5300691766483565,9.103287808412022,9.014020470314934,True,False
14643,1319764569375000000,132,3724,3520,3007,2000,603,601,4.7010176634290515,4.700635631656743,11.862637357558794,11.554109152574004,True,False
14644,1793471690812467899,179,6479,5474,4676,2000,969,958,4.390643842297593,4.387439702503874,12.661555442467758,12.191059214531656,True,False
14645,818149500000000000,82,4911,3938,3392,2000,908,871,4.558073584999711,4.547673781003553,12.261801107195309,11.727920454563199,True,False
14646,229425000000000000,23,4711,3357,3022,2000,1011,985,4.374465313924889,4.366089715284447,12.20181761666792,11.561287945164828,True,False
14647,19942020000000000000,1994,9821,8189,6653,2000,1244,1199,5.5709325350930685,5.567854051433025,13.261654215677503,12.699789318382136,True,False
14648,1113338177577324280,111,2655,2599,2132,2000,201,200,4.581539404774467,4.580753297435082,11.374496145691516,11.057991722759176,True,False
14649,984897497063195955,98,4720,3963,3410,2000,787,781,4.521251723073364,4.519877407765704,12.204571144249204,11.735556023911535,True,False
14650,86091925746891483765,8609,5564,5486,4459,2000,309,309,5.272766606403408,5.27276660640341,12.44190670454224,12.122504484313904,True,False
14651,27491414764143910,3,2680,1558,1473,2000,1027,989,6.495166697743668,6.453984433755368,11.388017285345136,10.524541715035848,True,False
14652,25326213669722308,3,1583,949,905,2000,625,607,6.130317943831742,6.102920083568481,10.62844554013718,9.821773981970567,True,False
14653,9607479892311042,1,757,246,244,246,246,244,7.942514505339242,7.926254342737615,9.564149489985732,7.930737337562887,False,False
14654,7441646543341000,1,573,145,144,145,145,144,7.1799090900149345,7.166115986566658,9.162391328756906,7.169925001442312,False,False
14655,195753538704955770981,19575,8985,7941,6653,0,0,0,0.0,0.0,13.133302788397303,12.699789318382136,False,True
14656,17345696757613488117,1735,6977,6209,5128,2000,799,793,4.832439999473572,4.831628010921972,12.768391118304248,12.324180546618742,True,False
14657,74812500000000000,7,2476,1760,1698,2000,778,772,4.908792908414155,4.905141026182853,11.273795599214264,10.729620743553038,True,False
14658,53545942901601042479,5355,5321,5275,4233,2000,217,217,4.773487101054616,4.773487101054615,12.377481688182957,12.04746477331842,True,False
14659,972511826202000000,97,862,856,767,2000,87,86,4.403239129753552,4.402536020226106,9.751544059089099,9.583082767502933,True,False
14660,2498408955233884505,250,1228,1221,1080,2000,79,77,4.67200413644249,4.664246276885137,10.262094845370179,10.076815597050832,True,False
14661,190152676741028718,19,55,53,53,2000,35,35,4.160533232998717,4.160533232998718,5.78135971352466,5.727920454563199,True,False
14662,4588500000000000000,459,3752,3692,2977,2000,204,203,4.405770859798862,4.404670144333808,11.873444112515376,11.539643506238036,True,False
14663,3990000000000000000,399,3703,3648,2943,2000,204,203,4.443422117418459,4.442421799135369,11.85447883417163,11.523071826940395,True,False
14664,10187900415000000000,1019,4589,4531,3624,2000,209,207,4.728043884943984,4.724721848218778,12.163964091412273,11.823367240046235,True,False
14665,177440218567436742,18,5282,3661,3273,2000,1217,1174,4.3993170392512795,4.387845370755985,12.366868586167094,11.676397887044763,True,False
14666,180298903157212199,18,2677,2004,1806,2000,660,639,4.674033921727192,4.661798421205079,11.386401423640777,10.818582177480858,True,False
14667,8743030984750648,1,1419,383,375,383,383,375,8.581200581924959,8.534203192891017,10.470658874060552,8.550746785383243,False,False
14668,518700000000000000,52,2005,1949,1639,2000,198,197,4.444879869753406,4.443879642429015,10.969386521342283,10.678600139099458,True,False
14669,76148551477458286,8,206,194,190,2000,70,69,4.592238591296129,4.589711521629469,7.6865005271832185,7.569855608330948,True,False
14670,1047699743790112309,105,651,646,613,2000,58,58,4.221613581303519,4.221613581303518,9.346513733165635,9.259743263690781,True,False
14671,312423140735685000,31,643,517,481,2000,148,146,4.682238429372074,4.67422340119424,9.328674927327947,8.909893083770042,True,False
14672,99788134641628982783,9979,9642,8148,6666,2000,1010,981,6.15186422097914,6.149775878758543,13.23511671439625,12.702605602110248,True,False
14673,3000000000000000,0,296,0,0,0,0,0,0.0,0.0,8.20945336562895,0,False,True
14674,1147446176161072009,115,7195,5566,4747,2000,1031,1001,4.544965340665645,4.539541511819157,12.81277897162766,12.212800334429431,True,False
14675,118104000000000000,12,4336,2972,2704,2000,1089,1057,5.265988812752403,5.2423934010135085,12.08214904135387,11.400879436282183,True,False
14676,565520220380197552,57,2341,2247,1946,2000,363,362,5.247623760244007,5.245623093355045,11.192909219112012,10.926295994781112,True,False
14677,23043187342002476235,2304,8742,7605,6340,2000,1002,985,5.450284920516397,5.448881991555129,13.093747662785669,12.63026712502677,True,False
14678,836659559604099,0,168,0,0,0,0,0,0.0,0.0,7.392317422778761,0,False,True
14679,12098478000000000000,1210,9238,7600,6275,2000,1057,1028,4.7809780376794,4.777185556429041,13.173364830849037,12.615399743725497,True,False
14680,17037300000000000000,1704,9385,7998,6589,2000,1146,1112,5.621331937433151,5.618816735364635,13.196141029718236,12.685843811426082,True,False
14681,7044614325000000,1,1907,356,350,356,356,350,8.4757334309664,8.436407588269772,10.897089128312755,8.451211111832329,False,False
14682,22283177010468812127,2228,6263,5419,4383,2000,827,795,5.736871333733762,5.733212702340573,12.612638163604771,12.097702963524654,True,False
14683,1995000000000000000,200,1949,1690,1456,2000,324,317,4.408291435235851,4.40092027002734,10.92851837525789,10.507794640198696,True,False
14684,16969161016830941755,1697,3123,3097,2536,2000,130,129,4.787025331895645,4.786828539439885,11.608716854020573,11.308339030139408,True,False
14685,1090721820292289984,109,6323,5161,4330,2000,1067,1025,4.502936574772589,4.4916407297842165,12.626393504173995,12.080151309614088,True,False
14686,48120300751879699,5,2818,1792,1663,2000,954,916,5.1053798864279845,5.081623498187334,11.460455896309636,10.699572453287269,True,False
14687,8095692756508368509,810,3192,2797,2307,2000,442,429,5.000663248888344,4.993818590080508,11.640244936222345,11.171802288682983,True,False
14688,84458869239036673,8,1172,1049,1008,2000,423,421,4.744532123301718,4.742031810762651,10.194756854422248,9.977279923499916,True,False
14689,41396250000000000,4,3665,2114,1978,2000,1217,1176,6.137035217847611,6.104866346210008,11.839597483021175,10.94982671075911,True,False
14690,4938384406779413483,494,6182,5416,4535,2000,805,799,5.088065810169175,5.0874486904249405,12.593857938858223,12.146886835415884,True,False
14691,3093447168657300000,309,1474,1463,1207,2000,72,71,4.349556600974117,4.348075614569211,10.52552080909507,10.237209960755022,True,False
14692,87769045130118088,9,1508,1310,1266,2000,581,579,4.388913102927516,4.387848604074276,10.558420713268664,10.306061689428342,True,False
14693,180451127819548872,18,1504,1161,1053,2000,392,383,4.55403481297579,4.546805559854566,10.554588851677638,10.040289721025717,True,False
14694,1435985045112520,0,55,0,0,0,0,0,0.0,0.0,5.78135971352466,0,False,True
14695,210526315789473684,21,5525,3931,3488,2000,1219,1175,4.392531588498879,4.380847456475154,12.431758749166157,11.768184324776927,True,False
14696,501253132832080,0,296,0,0,0,0,0,0.0,0.0,8.20945336562895,0,False,True
14697,8822731348494985,1,810,242,240,242,242,240,7.9188632372745955,7.90233431165476,9.661778097771988,7.906890595608519,False,False
14698,2028915000000000000,203,3317,3237,2702,2000,305,305,4.538631986524206,4.538631986524206,11.695663296788021,11.399811959325685,True,False
14699,2942625000000000000,294,4355,4151,3503,2000,610,608,4.746804838920953,4.746445535968681,12.088457003486226,11.774375272802063,True,False
14700,75810000000000000,8,2097,1461,1343,2000,627,609,4.521085233213263,4.509546657795644,11.034111146096592,10.391243589427443,True,False
14701,7880250003276769148,788,4073,4005,3218,2000,197,196,4.487974641079625,4.486974307635146,11.991876099003415,11.651948610723446,True,False
14702,3849885110227550,0,1369,0,0,0,0,0,0.0,0.0,10.4189067312579,0,False,True
14703,27197262446338808,3,442,382,379,2000,250,250,5.377139174747088,5.377139174747088,8.787902559391432,8.566054038171092,True,False
14704,5138810380987500000,514,1901,1892,1578,2000,86,85,4.6922923586893175,4.69181565151324,10.892542816648552,10.623881490013458,True,False
14705,2493750000000000000,249,3241,3200,2620,2000,219,219,4.773320526156376,4.773320526156375,11.662223305317841,11.355351096424812,True,False
14706,3192000000000000000,319,3635,3558,2925,2000,295,295,4.7900984926294505,4.7900984926294505,11.827739648806956,11.51422090935813,True,False
14707,498750000000000000,50,1872,1832,1560,2000,209,209,4.358517119096876,4.3585171190968754,10.870364719583405,10.60733031374961,True,False
14708,3335655203351885,0,1295,0,0,0,0,0,0.0,0.0,10.338736382573916,0,False,True
14709,6397177949181370329,640,5779,5467,4552,2000,739,735,5.044472557309805,5.043996406703079,12.496604154575603,12.152284842306582,True,False
14710,49173799165575000,5,421,290,280,2000,151,148,4.7313107583518175,4.719847250518421,8.717676423066395,8.129283016944967,True,False
14711,29907696112163011527,2991,5109,5039,4051,2000,193,192,4.683622744179148,4.6828563138285055,12.318825220399699,11.984062369686436,True,False
14712,38889959574238500000,3889,2586,2575,2141,2000,76,75,4.551493926706888,4.55042317119451,11.336506559810255,11.06406908038551,True,False
14713,638499000883843799,64,2279,2198,1889,2000,304,304,4.539510277672391,4.53951027767239,11.154185209265297,10.88340698638837,True,False
14714,3229831504977299782,323,7753,6508,5354,2000,1136,1094,4.507789286888931,4.499976870416757,12.920538949583786,12.386401423640777,True,False
14715,51641495973278295,5,1408,961,899,2000,453,442,4.913247692739877,4.8983744736413435,10.459431618637296,9.812177305514448,True,False
14716,155855753839044663730,15586,4921,4326,3509,0,0,0,0.0,0.0,12.26473580113014,11.776844232402167,False,True
14717,3887705279204647117,389,881,769,687,2000,131,131,4.422112175006412,4.422112175006411,9.782998208920414,9.4241662888181,True,False
14718,5784006026436574601,578,3261,3203,2596,2000,150,149,4.363729032876255,4.358887175717437,11.671098725748465,11.342074667999139,True,False
14719,80697750000000000000,8070,8639,7682,6447,2000,975,963,5.914514793520545,5.913868208646523,13.076648608794276,12.65441226814894,True,False
14720,2251424760055062479,225,4205,3560,2984,2000,646,627,4.5668781604784705,4.560731375796004,12.037890085142507,11.543031820255237,True,False
14721,2083299927811271,0,418,0,0,0,0,0,0.0,0.0,8.707359132080883,0,False,True
14722,1232906966412313,0,213,0,0,0,0,0,0.0,0.0,7.734709620225838,0,False,True
14723,34774383408978982,3,3332,1685,1589,2000,1040,1011,5.252010644686452,5.229036751488051,11.702172685365548,10.63390340934852,True,False
14724,19950000000000000,2,2671,1227,1183,2000,1062,1032,6.509219630641671,6.475209855637344,11.38316426063511,10.208234358339789,True,False
14725,6908737610599296,1,1832,317,311,317,317,311,8.308339030139406,8.264174992284516,10.839203788096944,8.280770770130603,False,False
14726,153973950476113522,15,4968,3594,3233,2000,1225,1181,4.436181208835814,4.426849737498268,12.278449458220482,11.658657792126085,True,False
14727,845795896728532822,85,2221,2153,1781,2000,190,189,4.49060395495607,4.488201552553668,11.116993677546981,10.798471801101618,True,False
14728,2613450000000000000,261,1747,1731,1445,2000,107,105,4.471642981014781,4.453463597378711,10.77066389291676,10.496853777388042,True,False
14729,1824000000000000000,182,7971,6354,5339,2000,1219,1174,4.435767525404418,4.427185950878553,12.960545013211663,12.382353833664512,True,False
14730,30075187969924812,3,2994,1774,1665,2000,1094,1054,6.525835078575931,6.484397927085466,11.547858506058416,10.701306461958625,True,False
14731,564509611341273847,56,6545,4956,4281,2000,1214,1173,4.392183974121323,4.382691664848837,12.676177476832603,12.063732120196919,True,False
14732,360478626684776858,36,1665,1617,1400,2000,208,208,4.377049287678781,4.377049287678781,10.701306461958625,10.451211111832329,True,False
14733,2005012531328320,0,180,0,0,0,0,0,0.0,0.0,7.491853096329675,0,False,True
14734,30735108971700000,3,69,64,64,2000,54,54,4.96519728729933,4.965197287299333,6.108524456778169,6.0,True,False
14735,270821250000000000,27,2848,2202,1955,2000,642,624,4.431135356386118,4.422982477595456,11.475733430966399,10.932952892194715,True,False
14736,5965050000000000000,597,3905,3836,3089,2000,202,201,4.771831351730215,4.771164555408708,11.931106833029341,11.592924155627637,True,False
14737,4600000000000000000,460,8188,6671,5569,2000,976,947,4.403658626958588,4.3947404679812445,12.99929538702341,12.443202577297011,True,False
14738,29925000000000000,3,3210,1571,1496,2000,1050,1021,5.254692086501176,5.232246406193893,11.648357582009666,10.546894459887637,True,False
14739,6292853879721990749,629,8132,6937,5788,2000,1010,989,4.639842635526757,4.633997232036195,12.989394499844732,12.498849206531725,True,False
14740,81095006634023777426,8110,2218,1981,1678,2000,346,340,6.285591988143923,6.284569994336962,11.11504365016171,10.712527000439824,True,False
14741,556493221684034,0,198,0,0,0,0,0,0.0,0.0,7.6293566200796095,0,False,True
14742,8043440153879408331,804,5563,5295,4406,2000,705,700,4.732311395847442,4.730039862678228,12.441647390253612,12.105253779700883,True,False
14743,12438836952490661579,1244,2839,2514,2085,2000,395,386,4.959573231613439,4.954736488025819,11.471167133724391,11.025831668332026,True,False
14744,99461778109112280,10,3406,2347,2145,2000,982,943,5.579206664848585,5.551354464910194,11.733862719678543,11.066761932386909,True,False
14745,1933352514386149739,193,7968,6422,5393,2000,1228,1186,4.3932169821721265,4.383304272238743,12.960001932068081,12.39687231851056,True,False
14746,9677387576042673025,968,1874,1867,1614,2000,87,84,4.953146405312605,4.8625279000593125,10.871905237659186,10.656424863277781,True,False
14747,53890048136759190,5,656,605,582,2000,191,190,4.70572863909521,4.703107934454652,9.357552004618084,9.184875342908283,True,False
14748,22358855855360201742,2236,2275,2025,1708,2000,337,331,5.734188986263523,5.7326830970401375,11.151650829973422,10.73809225962049,True,False
14749,1965520686190098855,197,4009,3802,3231,2000,622,619,5.087244604747925,5.086207282230025,11.96902670215077,11.657765035265363,True,False
14750,69874456886797462,7,435,312,303,2000,140,139,4.461310835983356,4.457906410229876,8.76487159073609,8.243173983472952,True,False
14751,27155836294823888,3,253,160,158,2000,109,109,5.195703051967356,5.195703051967354,7.98299357469431,7.303780748177103,True,False
14752,76406373432344,0,3,0,0,0,0,0,0.0,0.0,1.584962500721156,0,False,True
14753,329175000000000000,33,509,496,470,2000,70,69,4.567767620366895,4.565150902639161,8.991521846075695,8.876516946565,True,False
14754,112514116158624796,11,1042,985,900,2000,201,200,4.354960050562768,4.353387386326583,10.025139562278508,9.813781191217037,True,False
14755,99894468611090372359,9989,5441,5373,4372,2000,208,207,5.195624407151284,5.1951930782989795,12.409656113059851,12.094077685671905,True,False
14756,1977043337881229314,198,2773,2709,2187,2000,184,181,4.455582429797515,4.453616001193332,11.437231901039478,11.094737505048093,True,False
14757,398002500000000000,40,6097,4547,3996,2000,1227,1186,4.473071340901765,4.466073020793289,12.573883830656468,11.964340867792417,True,False
14758,498750000000000,0,241,0,0,0,0,0,0.0,0.0,7.912889336229962,0,False,True
14759,1723751917200844942,172,6173,5269,4511,2000,919,908,4.649940432453783,4.648311723526852,12.59175607602299,12.139231570719353,True,False
14760,139619406464518,0,52,0,0,0,0,0,0.0,0.0,5.700439718141092,0,False,True
14761,58408910143524447,6,861,613,576,2000,297,292,4.728112900319189,4.719355237364104,9.749869427396844,9.169925001442312,True,False
14762,8426728770448793,1,1738,447,439,447,447,439,8.804131021183318,8.763862564807479,10.7632123668144,8.778077129535358,False,False
14763,1046812787319404,0,585,0,0,0,0,0,0.0,0.0,9.192292814470767,0,False,True
14764,713735744169700,0,217,0,0,0,0,0,0.0,0.0,7.7615512324444795,0,False,True
14765,10914049652599167919,1091,6683,5727,4650,2000,919,882,5.415431744105702,5.411077595270777,12.706280158849161,12.183015000882756,True,False
14766,80319354464339649122,8032,6959,6024,4862,2000,928,892,6.376192654507189,6.374141222110098,12.764664292073347,12.247334178028728,True,False
14767,17661581636194415244,1766,6474,5582,4517,2000,866,831,5.478445571554113,5.474388787045813,12.660441650209172,12.141149198437516,True,False
14768,204249437229232290,20,3506,2697,2480,2000,826,816,4.549432687233356,4.541892503667452,11.775610280759539,11.276124405274238,True,False
14769,8830170247500000000,883,2087,2075,1737,2000,85,83,4.371380169873683,4.3700130773322865,11.027214885159834,10.762382038710392,True,False
14770,198233466220125000,20,305,301,295,2000,63,62,4.216214838972601,4.213107944030329,8.252665432450248,8.204571144249204,True,False
14771,5935125000000000000,594,8451,6996,5812,2000,1024,994,4.4993707411335055,4.493002958211298,13.044906349096086,12.504818987632841,True,False
14772,10912763605037120244,1091,8928,7465,6169,2000,1021,992,4.544211085275949,4.539093444890334,13.124121311829187,12.590820930930525,True,False
14773,5984419932764918514,598,8529,7180,5962,2000,1086,1054,4.425213729621152,4.41813628587007,13.058160884398683,12.541580659991169,True,False
14774,1292823931831750218,129,6405,5250,4395,2000,1056,1015,4.441536896875778,4.430424787456362,12.644982855229008,12.101647450030766,True,False
14775,9331303506202080,1,7,3,3,3,3,3,1.584962500721156,1.584962500721156,2.807354922057604,1.584962500721156,False,False
14776,16590716859168807,2,2600,1296,1244,2000,1172,1130,6.555008973681742,6.513383100315737,11.344295907915816,10.280770770130603,True,False
14777,1002506265664160401,100,2535,2469,2031,2000,196,195,4.3548135983238225,4.353241608327395,11.307770031890703,10.987974524296153,True,False
14778,3146596309788791719,315,5947,5006,4149,2000,894,857,4.770964167146311,4.762456502311489,12.537946360376203,12.01854794187165,True,False
14779,5789244137500025,1,1021,170,167,170,170,167,7.4093909361377035,7.362332112608291,9.995767150877802,7.383704292474052,False,False
14780,798000000000000000,80,2653,2549,2183,2000,412,410,4.4807449876002625,4.479783356674211,11.373408960228696,11.092096414990792,True,False
14781,18714359110335000,2,1231,664,639,2000,563,546,6.529980135455797,6.497156669166509,10.265615046484458,9.319672120946995,True,False
14782,19589757420905351575,1959,5991,5180,4200,2000,805,775,5.65576670919223,5.651975776994743,12.548581118165128,12.036173612553485,True,False
14783,907725000000000000,91,2259,2191,1810,2000,194,193,4.40552815748539,4.404327737338339,11.141468555393084,10.821773981970567,True,False
14784,219006880313347513,22,5471,3983,3546,2000,1246,1206,4.514822061020504,4.508523870777493,12.41758884038258,11.79197682089869,True,False
14785,49875000000000000,5,3334,2112,1946,2000,1103,1062,5.139582969977528,5.115268053908265,11.703038388986418,10.926295994781112,True,False
14786,4987500000000000,0,50,0,0,0,0,0,0.0,0.0,5.643856189774724,0,False,True
14787,501253132832080,0,253,0,0,0,0,0,0.0,0.0,7.98299357469431,0,False,True
14788,1093885852057924380,109,852,845,766,2000,73,72,4.564804610535702,4.5639001135517745,9.734709620225837,9.581200581924957,True,False
14789,352813808619849724,35,4750,3652,3211,2000,1012,972,4.412873844398086,4.397316238456824,12.213711798105672,11.64880694972577,True,False
14790,291001323074691077,29,1607,1285,1149,2000,382,374,4.420207321112347,4.413388140128076,10.650154213675094,10.166163082646113,True,False
14791,2995242693308933926,300,3341,3280,2669,2000,203,202,4.679632339616354,4.678940776684126,11.70606426733497,11.382083590141967,True,False
14792,19076266752646109208,1908,9680,8180,6613,2000,1273,1231,5.644949329580018,5.642958862106049,13.240791332161956,12.691089186236532,True,False
14793,67781094821613895046,6778,3576,3557,2923,2000,118,117,4.5932677912093505,4.593017215936715,11.804131021183318,11.513234113806053,True,False
14794,1659921316319700,0,18,0,0,0,0,0,0.0,0.0,4.169925001442312,0,False,True
14795,4734999708588308,0,3,0,0,0,0,0,0.0,0.0,1.584962500721156,0,False,True
14796,14830988485192415508,1483,9059,7626,6317,2000,1054,1026,5.6252016491761125,5.623627667225676,13.145136088281756,12.625023856880407,True,False
14797,1246875000000000000,125,5908,5007,4313,2000,925,914,5.008182311587271,5.00708299297442,12.52845411076479,12.074476000734501,True,False
14798,418950000000000000,42,4762,3716,3311,2000,972,957,4.560199129091297,4.549885430876266,12.217351905270334,11.693051295397,True,False
14799,30863151096439527794,3086,9842,8338,6721,2000,1287,1242,5.891177679912802,5.889144637894189,13.26473580113014,12.714460188456027,True,False
14800,100025429053447223552,10003,10315,8722,7086,0,0,0,0.0,0.0,13.332456200773848,12.790755750118313,False,True
14801,12030075187969924,1,204,157,157,157,157,157,7.294620748891628,7.294620748891628,7.672425341971495,7.294620748891627,False,False
14802,997500000000000,0,468,0,0,0,0,0,0.0,0.0,8.870364719583405,0,False,True
14803,580562914770825000,58,1994,1927,1573,2000,191,190,4.404035608282663,4.4027861142421365,10.961449694398196,10.619302955415687,True,False
14804,18316813134830799145,1832,3220,3195,2626,2000,136,135,4.638916145351169,4.638682033676766,11.65284497300198,11.358651200892886,True,False
14805,14623350000000000000,1462,9627,8092,6576,2000,1258,1215,5.550605814102703,5.546919198666581,13.232870575002964,12.682994583681683,True,False
14806,26488064715246166,3,3334,1812,1721,2000,1230,1190,6.1487467920281285,6.117317670900047,11.703038388986418,10.749031382040204,True,False
14807,29224764794077741,3,711,463,445,2000,294,289,5.586075160780275,5.5731600316289835,9.473705749619416,8.79766152585376,True,False
14808,28702273103981433821,2870,2137,2130,1798,2000,78,77,4.515821143732679,4.515105318295936,11.061371192659811,10.812177305514448,True,False
14809,98308203616067817872,9831,5625,5545,4523,2000,341,341,5.837060491224548,5.83706049122455,12.45763738099176,12.14306428063141,True,False
14810,35242855140645952567,3524,4702,4639,3767,2000,195,193,5.1933749318906015,5.190954516482453,12.199058823653022,11.879200317947392,True,False
14811,23893353972330445819,2389,4762,4696,3791,2000,185,183,4.442458806718497,4.441040104918907,12.217351905270334,11.888362741170644,True,False
14812,713212500000000000,71,4429,3661,3200,2000,796,790,4.74068824996187,4.739780730535644,12.112765281885316,11.643856189774725,True,False
14813,43630650000000000000,4363,5221,5153,4177,2000,199,198,4.534217075075941,4.533293465301073,12.350110443347928,12.028251428162793,True,False
14814,1959680831174621,0,858,0,0,0,0,0,0.0,0.0,9.744833837499545,0,False,True
14815,4908840766588524883,491,1750,1739,1428,2000,83,81,4.476631742436479,4.474935450579327,10.77313920671969,10.479780264029099,True,False
14816,394074013520232939,39,1700,1632,1355,2000,187,186,4.37205034533253,4.3707161966861365,10.731319031025064,10.404077136241234,True,False
14817,142074155371624404,14,1130,1062,958,2000,184,183,4.707185054208222,4.704183178035613,10.14210705730255,9.90388184573618,True,False
14818,219261960326431616151,21926,4452,4417,3595,0,0,0,0.0,0.0,12.12023787734196,11.81177605532666,False,True
14819,99395801758030815,10,3963,2543,2326,2000,1065,1034,4.525744810486048,4.510168018117661,11.952377251967985,11.183635381473218,True,False
14820,128639580738490109,13,4856,3318,3006,2000,1204,1164,4.44004283109431,4.427044496151246,12.245552706255681,11.553629293916364,True,False
14821,99750000000000000,10,895,828,764,2000,192,191,4.712071165570215,4.709318757212903,9.805743872151618,9.57742882803575,True,False
14822,56201145000000000000,5620,5326,5265,4272,2000,211,210,4.994073193026402,4.993594900963878,12.378836713210614,12.060695931687555,True,False
14823,269325000000000000,27,4629,3440,3096,2000,1012,993,4.520154568776601,4.516586875799113,12.17648484729189,11.59618975614441,True,False
14824,7526803366339377,1,1541,342,340,342,342,340,8.417852514885897,8.406156608453148,10.589651146514786,8.409390936137703,False,False
14825,1795500000000000000,180,7588,5961,5054,2000,1048,1018,4.860053579513901,4.855212549872203,12.889503963411476,12.303209948944776,True,False
14826,3630843689297764,0,1445,0,0,0,0,0,0.0,0.0,10.496853777388042,0,False,True
14827,798000000000000000,80,2155,2087,1687,2000,188,187,4.372104916008198,4.370770693192988,11.07347215397646,10.720244258287567,True,False
14828,3955108599517512,0,959,0,0,0,0,0,0.0,0.0,9.905387005018131,0,False,True
14829,3892107078999234,0,359,0,0,0,0,0,0.0,0.0,8.487840033823051,0,False,True
14830,429312103959570784,43,4943,3842,3354,2000,1018,978,4.4139314183449425,4.398372711873602,12.271171191139773,11.711666973564347,True,False
14831,68827500000000000,7,188,175,171,2000,74,73,4.309812588990086,4.307531876343832,7.554588851677638,7.417852514885898,True,False
14832,1969902906982500000,197,1200,1192,1037,2000,88,86,4.337621378696321,4.336235972110898,10.228818690495881,10.018200178813226,True,False
14833,1048732053665011412,105,998,990,879,2000,84,83,4.329394624993499,4.328529409979279,9.96289600533726,9.779719355143405,True,False
14834,71318579063668020000,7132,1874,1676,1436,2000,286,282,5.885794511781586,5.885088587903709,10.871905237659186,10.487840033823051,True,False
14835,233583959899749373,23,1611,1530,1379,2000,303,303,4.382117168766345,4.382117168766344,10.653740778706569,10.429406741513981,True,False
14836,2529713795905175842,253,7700,6255,5263,2000,1035,1006,4.718684528943614,4.714130283097358,12.910642730469625,12.361669679492774,True,False
14837,19950000000000000,2,2584,1344,1289,2000,1124,1084,6.5372927257163305,6.496345337378781,11.335390354693924,10.332036548361652,True,False
14838,1304325404505041864,130,7089,5561,4736,2000,978,949,4.476918298094869,4.465921038110831,12.791366414695004,12.20945336562895,True,False
14839,11225100579636930162,1123,8011,7020,5894,2000,968,958,4.600123939304998,4.598664580384754,12.967766627794514,12.525031345124,True,False
14840,1028812701850500000,103,546,542,519,2000,52,52,4.352481269243459,4.352481269243458,9.092757140919852,9.019590728357882,True,False
14841,977300625000000000,98,6770,5138,4437,2000,1050,1020,4.734125816882357,4.728924576635283,12.724940118462358,12.115368837820224,True,False
14842,37608036369136145,4,2798,1716,1598,2000,998,959,5.252401254740056,5.224468642422616,11.450180247164754,10.642051692927977,True,False
14843,99750000000000000,10,3874,2655,2417,2000,1095,1055,5.693770745974865,5.6652769165160635,11.919608238603253,11.239001757765582,True,False
14844,2467850566764240000,247,2626,2262,1919,2000,407,396,4.556529165836811,4.55059742450133,11.358651200892886,10.90613899619538,True,False
14845,5986773913211170870313,598677,7491,7133,5858,0,0,0,0.0,0.0,12.870942606649368,12.516192477879367,False,True
14846,12248553660956308523,1225,9622,8136,6685,2000,1197,1156,5.047989729142129,5.044165314438834,13.232121084082221,12.706711844980715,True,False
14847,996864411138540000,100,2970,2466,2127,2000,533,515,4.500331132804861,4.486973926580823,11.536247215688128,11.054604317960672,True,False
14848,1208700630711685563,121,2992,2507,2131,2000,494,479,4.561725643036119,4.549866408889189,11.546894459887637,11.057314877782703,True,False
14849,15751514187161222729,1575,7707,6830,5726,2000,918,908,5.089790157217724,5.088881776979942,12.911953675621973,12.483311954999353,True,False
14850,17925328180802263,2,2567,1097,1062,2000,997,967,6.495534011236986,6.460189657917128,11.325867580575418,10.052568050804153,True,False
14851,3230867303343141,0,1340,0,0,0,0,0,0.0,0.0,10.388017285345136,0,False,True
14852,4987500000000000,0,1544,0,0,0,0,0,0.0,0.0,10.59245703726808,0,False,True
14853,87401466579804675,9,4141,2805,2561,2000,1206,1163,4.440558523305692,4.426616839470885,12.01576348736988,11.322491537597468,True,False
14854,64206827625289267312,6421,5346,5278,4287,2000,211,210,5.232918822165928,5.232520317261516,12.384244122243079,12.065752701816972,True,False
14855,16210375009331476,2,2869,1318,1269,2000,1229,1187,6.57643602226467,6.53725549256022,11.486332252768664,10.309476353841106,True,False
14856,1994446171346950868,199,4765,3987,3362,2000,752,724,4.3833516899668385,4.371544549143845,12.218260498797305,11.715104009236168,True,False
14857,30447371130952382740,3045,5617,4886,3945,2000,720,694,4.638811200465024,4.627500111225652,12.455584087578611,11.945809584900822,True,False
14858,49875000000000000,5,909,639,604,2000,328,322,4.854737692771061,4.845232290519679,9.828136484194108,9.238404739325079,True,False
14859,104737500000000000,10,1099,840,768,2000,322,316,4.973701392777931,4.963128715466379,10.101975670949232,9.584962500721156,True,False
14860,609027311877693,0,57,0,0,0,0,0,0.0,0.0,5.832890014164741,0,False,True
14861,1495649141668457855,150,6746,5534,4616,2000,1095,1052,4.566532138228607,4.554823783918017,12.719816603018126,12.172427508645482,True,False
14862,12859375999737280,1,896,426,415,426,426,415,8.734709620225837,8.674593093290541,9.807354922057604,8.696967526234287,False,False
14863,72524933329334484830,7252,3941,3913,3203,2000,128,128,4.875291589017346,4.875291589017346,11.944346034137833,11.645208082774683,True,False
14864,1408300869263668,0,349,0,0,0,0,0,0.0,0.0,8.447083226209653,0,False,True
14865,576374113222622138,58,2279,2197,1899,2000,324,324,4.688102239471783,4.6881022394717835,11.154185209265297,10.891024190149498,True,False
14866,29410663506347352,3,2912,1695,1593,2000,1091,1051,6.524531461895493,6.483094310405029,11.507794640198696,10.63753055152531,True,False
14867,58381464577541080,6,1937,1328,1231,2000,607,589,4.772357083549374,4.7555851921930135,10.919608238603253,10.265615046484458,True,False
14868,2094750000000000000,209,6658,5665,4819,2000,970,960,4.6280726252280395,4.6250219845935066,12.700873155140263,12.234518085739989,True,False
14869,149625000000000000,15,3908,2828,2554,2000,999,960,4.522009963959238,4.50525654358759,11.932214751968385,11.318542809702723,True,False
14870,6511986444706698,1,1287,246,242,246,246,242,7.942514505339242,7.901864098835176,10.329796338220701,7.918863237274595,False,False
14871,13466250000000000000,1347,4665,4619,3711,2000,212,212,5.039287193556578,5.039287193556577,12.187661365739121,11.857592285697526,True,False
14872,14164500000000000000,1416,4583,4512,3649,2000,284,284,4.880385986285653,4.880385986285653,12.162076570374312,11.833285435584482,True,False
14873,20947500000000000000,2095,5320,5201,4262,2000,444,442,5.535890282820114,5.535627124925377,12.377210530388552,12.057314877782703,True,False
14874,27042606516290726,3,2755,1593,1504,2000,1058,1019,6.509760477502061,6.468389491638218,11.42783660345852,10.554588851677638,True,False
14875,1532446662046052721,153,2845,2788,2290,2000,199,198,4.41548440420512,4.413620787093727,11.474212937193943,11.161131882984307,True,False
14876,49142555340950477,5,2956,1877,1736,2000,994,955,5.09247854487572,5.068579580341565,11.52943055414615,10.761551232444479,True,False
14877,2627234398923567443,263,1381,1368,1165,2000,81,80,4.389058581402519,4.388122722666266,10.43149760425805,10.186114239541643,True,False
14878,242806785190377928,24,423,340,321,2000,107,107,4.335107422947017,4.335107422947017,8.72451385311995,8.326429487122303,True,False
14879,2208128076940955,0,1008,0,0,0,0,0,0.0,0.0,9.977279923499916,0,False,True
14880,1995000000000000,0,889,0,0,0,0,0,0.0,0.0,9.79603960882977,0,False,True
14881,18601242127403381,2,2657,1360,1306,2000,1172,1130,6.556204851205165,6.514568568768552,11.375582512490507,10.350939181546432,True,False
14882,211260525000000000000,21126,9899,8429,6912,0,0,0,0.0,0.0,13.273067075722095,12.754887502163468,False,True
14883,115936457136671987,12,4306,2870,2647,2000,1024,995,4.375620500794069,4.3661163115065005,12.072132604167233,11.3701424794954,True,False
14884,147630000000000000,15,4988,3518,3170,2000,1244,1200,4.473468451996535,4.462294482779461,12.28424574982967,11.63026712502677,True,False
14885,452828935791714358,45,5676,4322,3780,2000,1092,1060,4.788990052787,4.78404252132871,12.470658874060552,11.884170519108435,True,False
14886,9945075000000001022,995,8877,7458,6172,2000,1077,1046,4.872712834255241,4.868768776626015,13.115856481915078,12.591522346570734,True,False
14887,35710500000000000000,3571,5560,5455,4461,2000,426,424,5.047858995964882,5.0474315176594065,12.44086916761087,12.123151432773575,True,False
14888,19999875000000000000,2000,5268,5144,4225,2000,442,440,4.687212639579944,4.686587639579942,12.363039630256514,12.044735626056909,True,False
14889,24837750000000000000,2484,5424,5287,4343,2000,467,464,5.38149735025831,5.380453548758249,12.405141463136344,12.084476237453893,True,False
14890,18453750000000000000,1845,5341,5186,4269,2000,481,479,5.2760023276875625,5.275684600773723,12.382894168892134,12.059682447247638,True,False
14891,851386200000000,0,192,0,0,0,0,0,0.0,0.0,7.584962500721156,0,False,True
14892,60805573969048791,6,710,640,604,2000,184,183,4.62433992332729,4.621761773150043,9.471675214392045,9.238404739325079,True,False
14893,5985000000000000000,599,9179,7635,6316,2000,1223,1184,5.347664875630274,5.345258900235084,13.1641212734183,12.624795455860237,True,False
14894,2842875000000000000,284,8469,6925,5800,2000,1236,1194,4.879078933610098,4.874245123324453,13.047975914170848,12.501837184902296,True,False
14895,830000000000000000,83,6887,5324,4583,2000,1221,1181,4.695962339213171,4.691214439254236,12.74965996169181,12.162076570374312,True,False
14896,1345932374386023263,135,7615,6036,5095,2000,1224,1184,4.878742939731467,4.874944073660258,12.894628321374654,12.314866431053176,True,False
14897,1216454451269112710,122,7574,5961,5026,2000,1220,1178,4.513289772937422,4.506110385534525,12.88683970588442,12.295194955880655,True,False
14898,1685915872228946600,169,7918,6284,5281,2000,1226,1180,4.643594561406276,4.634521457887109,12.950920352030098,12.366595426071438,True,False
14899,32917500000000000,3,2362,1440,1350,2000,851,817,6.477562718521167,6.43925129946256,11.205793249397157,10.398743691938193,True,False
14900,1993380000372883242,199,7403,5934,5031,2000,992,962,4.919455141811202,4.916008321521595,12.853894313247615,12.296629474285503,True,False
14901,2014950000000000000,201,3110,3071,2510,2000,208,208,4.417611363582086,4.417611363582086,11.602698865017965,11.293471648838134,True,False
14902,39556038395492831,4,483,434,424,2000,206,206,4.718271769640589,4.718271769640589,8.915879378835774,8.727920454563199,True,False
14903,52593262501865421000,5259,5781,5663,4643,2000,428,426,4.873237748958458,4.872732570883189,12.497103357016877,12.180841565566661,True,False
14904,97426644854805997,10,3998,2477,2281,2000,976,944,4.759791893882456,4.734476327542448,11.965062756744627,11.155450731312138,True,False
14905,1690081340304287977,169,2834,2766,2211,2000,186,184,4.382715513416269,4.38062913719285,11.468624042918018,11.110483309816226,True,False
14906,133565215301078551,13,1127,1059,941,2000,187,186,4.487791961196683,4.485388115042837,10.138271800172221,9.878050912728536,True,False
14907,2771983474845654472,277,1295,1288,1140,2000,77,75,4.418211798269959,4.407240975529053,10.338736382573916,10.154818109052105,True,False
14908,1925175000000000000,193,1799,1772,1462,2000,125,124,4.351839151343061,4.351464340992554,10.812979471251483,10.513727595952437,True,False
14909,5884624771588188976,588,1822,1810,1518,2000,67,67,4.439694605459602,4.439694605459602,10.831307243802051,10.567956075415466,True,False
14910,2000000000000000,0,805,0,0,0,0,0,0.0,0.0,9.65284497300198,0,False,True
14911,478800000000000000,48,7,6,6,1,2,2,1.0,1.0,2.807354922057604,2.584962500721156,False,False
14912,29925000000000000,3,71,67,66,2000,58,57,4.909423321822434,4.903267611943601,6.149747119504682,6.044394119358453,True,False
14913,631241416001923651,63,235,233,225,2000,45,45,4.222112559712816,4.222112559712815,7.876516946564999,7.813781191217037,True,False
14914,104388973500000000000,10439,9630,8248,6817,0,0,0,0.0,0.0,13.233320082730822,12.73492126770526,False,True
14915,13869660797800459922,1387,3074,3049,2508,2000,138,137,4.785364260635919,4.785168367991044,11.585901449690772,11.29232163280204,True,False
14916,2083588398379590270,208,1038,1033,936,2000,69,68,4.589008437396899,4.587732091063702,10.019590728357882,9.870364719583405,True,False
14917,580952492537728132,58,4269,3501,3070,2000,796,790,4.694112002256721,4.693147761093799,12.059682447247638,11.584022940257542,True,False
14918,6260310000000000000,626,1879,1656,1418,2000,284,278,4.821897160860208,4.818155186368701,10.875749351420055,10.469641817239516,True,False
14919,10868760000000000000,1087,9614,8070,6628,2000,1216,1177,4.649387205518601,4.644254024889978,13.230921088137896,12.694357887221452,True,False
14920,180451127819548872,18,2495,1882,1692,2000,616,597,4.666176060548512,4.654115077125043,11.284824100224624,10.72451385311995,True,False
14921,2325814536340852130,233,2846,2442,2063,2000,439,426,4.647280400170098,4.636871874640974,11.474719946526482,11.010528105886484,True,False
14922,232659801521964278,23,2791,2481,2270,2000,720,716,4.378081429029183,4.376653006968416,11.446566409066067,11.148476582178278,True,False
14923,3349524351166207715,335,5983,5218,4360,2000,795,789,4.694053272668189,4.693089031505268,12.546653347654956,12.090112419664289,True,False
14924,27102075000000000000,2710,7303,6538,5368,2000,801,795,4.915855111036837,4.915077129368347,12.834273515234699,12.390168956200183,True,False
14925,498750000000000000,50,4080,3315,2914,2000,790,784,4.554518800060972,4.553332033147927,11.994353436858859,11.508785162064513,True,False
14926,2160810644489419,0,1024,0,0,0,0,0,0.0,0.0,10.0,0,False,True
14927,3007518796992481,0,932,0,0,0,0,0,0.0,0.0,9.86418614465428,0,False,True
14928,35981198030083206600,3598,4710,4134,3347,2000,598,579,5.046180939289044,5.040125824993913,12.201511344500146,11.70865283568653,True,False
14929,58106151828535850,6,1901,1549,1510,2000,727,722,5.265474530922515,5.257353051812735,10.892542816648552,10.560332834212442,True,False
14930,1400000000000000000,140,2719,2653,2182,2000,198,197,4.467219221094409,4.466053349340301,11.40886043602476,11.091435386323607,True,False
14931,49845075000000000000,4985,622,567,514,2000,128,128,5.691695930663295,5.691695930663294,9.280770770130603,9.005624549193879,True,False
14932,7936760116414292014,794,4567,4462,3671,2000,425,423,5.082123092720164,5.081723068718725,12.157031074378354,11.841957399099547,True,False
14933,5591819072912137452,559,2087,1837,1565,2000,309,303,4.7428166050551495,4.738820218322183,11.027214885159834,10.61194694181998,True,False
14934,1123786485198300000,112,1026,869,781,2000,186,182,4.411659761055897,4.406767664476346,10.002815015607053,9.60917873814198,True,False
14935,93190028176776926,9,860,802,746,2000,199,198,4.492914885653922,4.490914485573906,9.74819284958946,9.543031820255237,True,False
14936,30124080447596774,3,3541,1912,1806,2000,1213,1170,5.297926760445754,5.271367052706371,11.789941128390916,10.818582177480858,True,False
14937,4918907376028275000,492,1854,1847,1562,2000,90,89,4.529555222138444,4.529023325840898,10.85642552862553,10.60917873814198,True,False
14938,1503759398496240601,150,7816,6198,5207,2000,1221,1176,4.393225675248298,4.382499243439375,12.932214751968385,12.34623669139025,True,False
14939,1321687500000000000,132,7626,6135,5161,2000,1247,1206,4.697371413108855,4.689504417236701,12.896710815726115,12.33343491528405,True,False
14940,181046250000000000,18,4689,3151,2823,2000,967,938,4.4335154466753695,4.419657553711493,12.19506456372082,11.463013413449692,True,False
14941,129543301939676625000,12954,2872,2859,2338,0,0,0,0.0,0.0,11.487840033823051,11.191059214531656,False,True
14942,399047872491522045,40,5127,3871,3423,2000,1000,977,4.422937168873527,4.4153268037430955,12.323899182397296,11.741045577009837,True,False
14943,1257486436365351900,126,2791,2728,2271,2000,266,266,4.380177093147458,4.380177093147458,11.446566409066067,11.149111990706889,True,False
14944,49493202824914088,5,556,489,468,2000,182,181,5.196322529953248,5.192152333159681,9.118941072723507,8.870364719583405,True,False
14945,35774471022817093,4,467,400,387,2000,181,180,4.762328153627344,4.759259492330834,8.867278739709661,8.59618975614441,True,False
14946,1496250000000000,0,513,0,0,0,0,0,0.0,0.0,9.002815015607053,0,False,True
14947,536160410947260160,54,3497,3190,2791,2000,724,718,4.455564655200264,4.453628584950579,11.771902080697716,11.446566409066067,True,False
14948,31423559771100000,3,72,67,67,2000,57,57,5.012492525639554,5.012492525639554,6.169925001442312,6.066089190457772,True,False
14949,11081191678783485000,1108,770,693,619,2000,129,129,5.358185875526614,5.358185875526614,9.588714635582264,9.273795599214264,True,False
14950,4663126370370300000,466,1698,1691,1466,2000,87,85,4.684900972240007,4.683769712862572,10.729620743553038,10.517669388133811,True,False
14951,2863038855339441102,286,1390,1383,1217,2000,83,81,4.251809174946422,4.249819612760662,10.44086916761087,10.249113452713729,True,False
14952,8190480752457967635,819,7329,6245,5073,2000,1016,975,5.00180850116947,4.995403467206874,12.839400648988413,12.30862344513114,True,False
14953,2766297853762362971,277,5885,4929,4103,2000,903,866,4.70000212382935,4.687287673120471,12.522826699925806,12.002463438892535,True,False
14954,2465221500000000000,247,7646,6209,5237,2000,1032,1003,4.591550523947794,4.586798259580283,12.90048948483465,12.354524889449351,True,False
14955,2449261500000000000,245,7646,6204,5232,2000,1025,996,4.415673251071505,4.4045785583319095,12.90048948483465,12.353146825498083,True,False
14956,955605000000000000,96,6493,5055,4377,2000,1027,998,4.5912013556242135,4.586449091256702,12.664669494027176,12.095726668639047,True,False
14957,799995000000000000,80,6347,4890,4252,2000,1019,989,4.499358245583233,4.492994361664847,12.63185912728278,12.053925881531105,True,False
14958,871815000000000000,87,6442,4982,4315,2000,1013,983,4.464343525210426,4.453889897013987,12.653292945382814,12.075144844066317,True,False
14959,1858542000000000000,186,7384,5912,5008,2000,1005,975,4.59330020593434,4.588161364096867,12.850186837645774,12.290018846932618,True,False
14960,826927500000000000,83,6406,4937,4283,2000,987,957,4.42690224584043,4.419664767745447,12.645208082774683,12.064405961891042,True,False
14961,879046875000000000,88,6432,4958,4301,2000,973,944,4.559562318244328,4.5469403846556045,12.651051691178928,12.07045641594465,True,False
14962,847875000000000000,85,6402,4906,4249,2000,965,935,4.509700300225205,4.498084425409811,12.644306961545581,12.052907628313287,True,False
14963,840892500000000000,84,6397,4886,4244,2000,977,948,4.70137262804566,4.696756804808487,12.643179767925549,12.051208940914766,True,False
14964,836902500000000000,84,6423,4896,4247,2000,981,951,4.481179828129834,4.472146907227544,12.649031581106666,12.052228393347402,True,False
14965,905730000000000000,91,6500,4965,4302,2000,969,940,4.785131596965376,4.770377465608558,12.66622400280318,12.070791809423062,True,False
14966,803486250000000000,80,6373,4841,4196,2000,975,944,4.429475039667539,4.41943083411898,12.637756945412145,12.034798962577268,True,False
14967,818947500000000000,82,6393,4852,4206,2000,984,954,4.806570184845911,4.799444287199902,12.64227737850386,12.03823313473178,True,False
14968,1037400000000000000,104,6898,5338,4563,2000,955,925,4.4686646202770985,4.4591083707499575,12.751962413460854,12.155766938445653,True,False
14969,887775000000000000,89,6496,4922,4267,2000,968,939,4.5537968528271895,4.548314955711305,12.665335917185176,12.059006395201111,True,False
14970,900742500000000000,90,6545,4960,4295,2000,985,956,4.526761819110156,4.519751476647174,12.676177476832603,12.068442416025826,True,False
14971,890019375000000000,89,6535,4953,4293,2000,994,965,4.504456946866105,4.498601558323896,12.673971520682796,12.067770457447823,True,False
14972,928672500000000000,93,6760,5116,4424,2000,1045,1016,4.391731212522342,4.384076651851702,12.722807531169547,12.111135670234708,True,False
14973,943635000000000000,94,6721,5104,4410,2000,1067,1037,4.695975970566542,4.691496402579885,12.714460188456027,12.106562940444883,True,False
14974,931166250000000000,93,6709,5112,4417,2000,1074,1043,4.594466030685645,4.588307102432587,12.711882028352088,12.108851117040153,True,False
14975,897750000000000000,90,6505,5086,4398,2000,1071,1040,4.785367409766854,4.776949576578388,12.667333341605158,12.102631888854969,True,False
14976,769072500000000000,77,6323,4970,4294,2000,1089,1057,4.5491209756286235,4.54367678812779,12.626393504173995,12.068106475858773,True,False
14977,1515202500000000000,152,7316,5939,5039,2000,1103,1070,5.270028198038294,5.246099397401248,12.836839359748716,12.298921740969753,True,False
14978,13000000000000000,1,2772,1138,1093,1138,1138,1093,10.152284842306582,10.06021902514211,11.436711542137214,10.094077685671905,False,False
14979,6059118665889418549,606,8352,7096,5778,2000,1155,1111,4.739519439918755,4.731483200714253,13.027905996569885,12.496354488564615,True,False
14980,110188443255990922312,11019,2757,2751,2239,0,0,0,0.0,0.0,11.428883552010191,11.128638812852598,False,True
14981,4606161863030009359,461,1085,946,841,2000,166,163,4.766499426456485,4.76399859284528,10.083479327331842,9.715961990255144,True,False
14982,668325000000000000,67,6796,5202,4480,2000,1216,1174,4.407404933640216,4.3983851149699404,12.73047013718422,12.129283016944967,True,False
14983,2971417111620252445,297,507,505,456,2000,51,51,4.398750171974879,4.398750171974879,8.985841937003341,8.832890014164741,True,False
14984,10067145755744685004,1007,775,772,681,2000,54,54,4.332463999820614,4.332463999820614,9.5980525001616,9.411510988012072,True,False
14985,33150873746748846064,3315,9448,7910,6492,2000,984,954,5.240520400331684,5.237635591615797,13.205793249397157,12.664447284547972,True,False
14986,57542906605314201693,5754,7156,6783,5592,2000,763,758,5.203477777669451,5.20295554805346,12.804937672051908,12.449148645375436,True,False
14987,383754432723686757,38,6029,4486,3933,2000,1207,1168,4.407182427757342,4.398627982239745,12.557703014037767,11.941414470942911,True,False
14988,3553184569416051703,355,8083,6510,5450,2000,976,947,5.048461754394899,5.045431665424003,12.980675132322368,12.41204051455165,True,False
14989,210526315789473684,21,1379,1312,1166,2000,191,190,4.392193331550765,4.390359234010124,10.429406741513981,10.187352073200497,True,False
14990,10000000000000000,1,1900,733,713,733,733,713,9.517669388133811,9.459340755797982,10.89178370321831,9.477758266443889,False,False
14991,1028422500000000000,103,7209,5775,4927,2000,1157,1119,4.509202648633257,4.501752171254264,12.815583433851023,12.266493756312183,True,False
14992,10062268913417352327,1006,7746,6824,5732,2000,938,926,4.74245177709672,4.7410177254612655,12.919235786028347,12.484822894262146,True,False
14993,5081918681150441985,508,7567,6505,5480,2000,981,967,4.6926293853210295,4.690112317843226,12.885505729792254,12.419960177847889,True,False
14994,2591910871410955534,259,412,410,382,2000,43,43,4.157637155987619,4.157637155987618,8.686500527183219,8.57742882803575,True,False
14995,213465000000000000000,21347,8058,7221,6036,0,0,0,0.0,0.0,12.9762060901486,12.559377090526683,False,True
14996,147626548133853067553,14763,8150,7295,6100,0,0,0,0.0,0.0,12.992584344005802,12.57459352733761,False,True
14997,27930000000000000,3,3358,1772,1683,2000,1212,1171,6.1303611808077925,6.098061548674131,11.71338651493703,10.71681946132995,True,False
14998,44588250000000000,4,547,481,461,2000,192,191,4.77284205499352,4.770025153585069,9.095397022792557,8.848622940429339,True,False
14999,595056042844399119008,59506,1626,1621,1396,0,0,0,0.0,0.0,10.667111542075027,10.447083226209653,False,True
15000,9924290388717915027,992,6731,5926,4960,2000,839,830,5.089163256181273,5.088209066062382,12.716605141335364,12.276124405274238,True,False
15001,995234378334369859,100,6604,5242,4516,2000,1101,1068,4.783205396494648,4.7786735004801075,12.689124404913258,12.140829770773001,True,False
15002,13782980310664834,1,1841,909,900,909,909,900,9.828136484194108,9.80833450399609,10.846273911349906,9.813781191217037,False,False
15003,57126825000000000000,5713,5539,5484,4436,2000,221,220,5.304507405005578,5.304151464027061,12.43540982316332,12.11504365016171,True,False
15004,219450000000000000000,21945,5836,5782,4659,0,0,0,0.0,0.0,12.510764167917891,12.185804615108458,False,True
15005,434910000000000000,43,4997,3884,3389,2000,1023,983,4.414748046784373,4.399189476463158,12.286846502735887,11.726643921483994,True,False
15006,3977699419742823,0,1324,0,0,0,0,0,0.0,0.0,10.370687406807217,0,False,True
15007,40100250626566416,4,2595,1635,1580,2000,942,931,4.779293496175711,4.773686652054177,11.341518823245243,10.625708843064466,True,False
15008,9871667632858967,1,1400,423,412,423,423,412,8.724513853119952,8.665991660443442,10.451211111832329,8.686500527183219,False,False
15009,11121663945993165019,1112,8366,7224,6037,2000,1002,984,5.3457769034647695,5.344042142364532,13.030322282644034,12.559616085812724,True,False
15010,11067676259920516653,1107,8441,7272,6056,2000,1003,984,4.961107574037719,4.958016935427599,13.043198208900225,12.564149489985732,True,False
15011,9811582209347838355,981,6204,5319,4334,2000,855,820,5.205205767236819,5.200013997068774,12.59898297103609,12.081483438093674,True,False
15012,40958857098339530406,4096,4599,4539,3695,2000,178,177,5.120414809501732,5.118934917479056,12.167104482379933,11.851358649033513,True,False
15013,1150844839117267193,115,6850,5460,4659,2000,1017,991,4.560664424750734,4.555972963561402,12.74188827273525,12.185804615108458,True,False
15014,8602330330891723,1,1602,415,407,415,415,407,8.696967526234292,8.653594032258388,10.64565843240871,8.668884984266247,False,False
15015,22192868023795118546,2219,6337,6060,5001,2000,732,727,5.653974542984994,5.653311560270102,12.62958430019385,12.288000889707574,True,False
15016,16107427964355000,2,1252,654,631,2000,590,573,6.541774076044316,6.509734862446712,10.290018846932618,9.30149619498255,True,False
15017,180647250000000000,18,1195,1129,1021,2000,194,193,4.418560882378667,4.416698054266898,10.222794902868111,9.995767150877802,True,False
15018,199500000000000000,20,3967,2959,2714,2000,972,961,4.401482962269265,4.398990616157564,11.953832682145281,11.406205005418855,True,False
15019,17176660404969362,2,2099,1029,1014,2000,960,948,6.5460919990392785,6.533375131579345,11.035486451292154,9.985841937003341,True,False
15020,2586132345621086,0,1036,0,0,0,0,0,0.0,0.0,10.016808287686555,0,False,True
15021,1010219429306242185,101,4993,4225,3606,2000,792,786,4.510439318080984,4.509153596230318,12.285691191330093,11.816183681432342,True,False
15022,9959798994756379847,996,7895,6735,5463,2000,1081,1039,5.273896154992182,5.268947618022763,12.946723550747599,12.415477707697994,True,False
15023,3442850160532752,0,622,0,0,0,0,0,0.0,0.0,9.280770770130603,0,False,True
15024,15034986639186911600,1503,3300,2908,2388,2000,448,435,5.236300322131258,5.230829757586856,11.688250309133178,11.221587121264806,True,False
15025,4567096794997720586,457,5676,5271,4402,2000,752,747,4.690956538540796,4.690054714782442,12.470658874060552,12.103943429891558,True,False
15026,145592698858830613,15,3093,2323,2177,2000,791,784,4.394509007565648,4.390291265045798,11.594791118089265,11.088125692188207,True,False
15027,219450000000000000,22,5477,3959,3516,2000,1222,1182,4.550667858113317,4.535597535672893,12.419170165028538,11.779719355143405,True,False
15028,17356500000000000,2,2852,1383,1328,2000,1240,1197,6.578835489199058,6.537587059584135,11.477758266443889,10.375039431346925,True,False
15029,8990909554021381,1,1511,411,403,411,411,403,8.682994583681683,8.639198963243727,10.561287945164828,8.654636028527968,False,False
15030,1124768066705469539,112,6884,5628,4723,2000,1147,1104,4.467731391440585,4.4577831231138,12.749031382040204,12.205487820150566,True,False
15031,498750000000000000,50,2559,2394,2101,2000,493,491,4.491833992405452,4.490444017598746,11.321364432039447,11.036860446673046,True,False
15032,11872394882437977237,1187,9058,7761,6259,2000,1198,1153,5.27716756257597,5.272370134865936,13.144976824050111,12.61171646094388,True,False
15033,4980538285901802518,498,8521,6905,5769,2000,1073,1042,4.827796321382917,4.8236106975927875,13.056807035580608,12.494105548061054,True,False
15034,9008831016118129,1,1280,406,406,406,406,406,8.66533591718518,8.66533591718518,10.321928094887362,8.665335917185176,False,False
15035,3661133902076573,0,1374,0,0,0,0,0,0.0,0.0,10.4241662888181,0,False,True
15036,153804715778931953727,15380,3619,3207,2618,0,0,0,0.0,0.0,11.82137539237254,11.354249381945241,False,True
15037,236430593796653,0,129,0,0,0,0,0,0.0,0.0,7.011227255423254,0,False,True
15038,1366575000000000000,137,889,883,806,2000,68,67,4.3971935528326025,4.395907757493394,9.79603960882977,9.654636028527968,True,False
15039,14637743108116817273,1464,4821,4763,3827,2000,208,207,4.676762048717718,4.676074419787292,12.23511671439625,11.901998185668496,True,False
15040,1515134546905899519,152,7707,6234,5209,2000,1243,1200,4.409436592145692,4.400269255860566,12.911953675621973,12.346790721750702,True,False
15041,327771061287152528,33,4725,3566,3193,2000,985,968,4.475634303474791,4.469841666813612,12.206098613995797,11.640696837570093,True,False
15042,401578569171345763,40,1738,1671,1385,2000,187,186,4.487985761510529,4.48548464588554,10.7632123668144,10.43567026093655,True,False
15043,1977281400552036343,198,7352,6090,5081,2000,1155,1112,4.5192041822584414,4.507165032062279,12.843921051289035,12.310896748797713,True,False
15044,22178624102742462253,2218,2367,2112,1780,2000,357,351,5.862770703505787,5.86150468533949,11.208843990734614,10.79766152585376,True,False
15045,18105063293657809047,1811,1541,1372,1190,2000,239,235,5.439719585339891,5.438562784649455,10.589651146514786,10.216745858195306,True,False
15046,5006895905687946752,501,1310,1145,1006,2000,205,201,4.6805864581963466,4.677789406285644,10.355351096424812,9.974414589805527,True,False
15047,48671648070231435,5,2577,1642,1526,2000,864,830,5.088269207795949,5.065173937943163,11.331476821859619,10.57553924683453,True,False
15048,168453584048247847,17,3463,2539,2290,2000,856,822,4.4821882086115,4.468261181928133,11.757806672197228,11.161131882984307,True,False
15049,224437500000000000,22,5239,3910,3479,2000,1198,1156,4.3970559819873625,4.3852484383344486,12.35507574666906,11.76445696361989,True,False
15050,1597066324371854,0,366,0,0,0,0,0,0.0,0.0,8.515699838284043,0,False,True
15051,19694567329215464596,1969,3196,3170,2604,2000,140,139,5.133662929156567,5.133524519607661,11.642051692927977,11.346513733165635,True,False
15052,1087275000000000000,109,523,457,421,2000,106,106,4.4384575290085575,4.438457529008556,9.030667136246942,8.717676423066395,True,False
15053,5877470136753597081,588,4912,4708,3938,2000,613,610,5.509154589014328,5.508413766548683,12.262094845370179,11.943247395901553,True,False
15054,74804520000000000000,7480,7469,6697,5562,2000,820,812,5.478529005449343,5.477578974180467,12.866699382882029,12.441388029346687,True,False
15055,411127989160359949,41,5516,4018,3530,2000,967,937,4.529070052352711,4.521472336586324,12.429406741513981,11.785452468158542,True,False
15056,539726152983064713,54,5966,4446,3883,2000,974,945,5.130724838321658,5.1105301236596805,12.542548262335213,11.922955991908477,True,False
15057,818924421024904239,82,6408,4848,4203,2000,955,926,4.404325920566016,4.396254502784604,12.64565843240871,12.037203741151973,True,False
15058,1419406665674396547,142,7251,5666,4815,2000,1007,977,5.005794251418632,5.002108643628361,12.823964258486738,12.233320082730822,True,False
15059,375284858486679493,38,5624,4006,3514,2000,1024,994,4.748369983568517,4.74246347573607,12.457380879072534,11.778898476008376,True,False
15060,2138247479329453778,214,7795,6160,5205,2000,1043,1013,5.000976312655762,4.997910603618419,12.928333307585147,12.34568244818678,True,False
15061,250007602438524538,25,5235,3593,3178,2000,1056,1026,4.487687564507156,4.48027747400439,12.35397382181817,11.63390340934852,True,False
15062,1102947419574952322,110,7174,5559,4743,2000,1060,1030,4.381177360597584,4.371275275563077,12.808562029957525,12.211584153079526,True,False
15063,300152649409041288946,30015,2855,2844,2302,0,0,0,0.0,0.0,11.479275030250205,11.16867211813223,False,True
15064,598500000000000000,60,213,181,171,2000,54,54,4.394401613587078,4.394401613587078,7.734709620225838,7.417852514885898,True,False
15065,579547500000000000,58,168,140,134,2000,46,46,4.294789098082666,4.294789098082667,7.392317422778761,7.066089190457772,True,False
15066,39123379521769361,4,133,122,120,2000,76,75,5.040651583663915,5.03829350521889,7.05528243550119,6.906890595608519,True,False
15067,448175044275000000,45,12,11,10,29,11,10,3.358668667708527,3.3032551443662737,3.584962500721156,3.321928094887362,False,False
15068,3033505953833787546,303,5838,5070,4263,2000,793,787,4.389099374026685,4.387170469739846,12.511258495502268,12.057653339963936,True,False
15069,3909110323016147,0,1376,0,0,0,0,0,0.0,0.0,10.426264754702098,0,False,True
15070,6127611154543450478,613,3931,3863,3103,2000,195,194,4.589806189991919,4.588937851774184,11.940680648424093,11.59944798152872,True,False
15071,68119604673662124953,6812,360,328,311,2000,98,96,5.99374285334469,5.993582369036683,8.491853096329674,8.280770770130603,True,False
15072,817950000000000000,82,1557,1308,1154,2000,307,301,4.538799674317818,4.533745596280067,10.604553229079038,10.172427508645482,True,False
15073,977550000000000000,98,7078,5560,4762,2000,1235,1196,4.436838155374272,4.429521220552891,12.789126046425231,12.217351905270334,True,False
15074,5502555833250000000,550,9036,7522,6176,2000,1243,1203,4.743442884915217,4.739019987782809,13.141468555393084,12.59245703726808,True,False
15075,28828410419217631,3,3206,1870,1765,2000,1208,1165,5.298755446229125,5.270860452739101,11.646558710154547,10.785452468158542,True,False
15076,24380428948765032,2,841,534,518,2000,367,361,6.50212050915129,6.484627102878758,9.715961990255144,9.016808287686555,True,False
15077,4705520107757514,0,846,0,0,0,0,0,0.0,0.0,9.72451385311995,0,False,True
15078,2161419755274090078,216,1426,1411,1211,2000,89,88,4.629732189938195,4.629094853617207,10.477758266443889,10.24198314969433,True,False
15079,760714262665692,0,222,0,0,0,0,0,0.0,0.0,7.794415866350106,0,False,True
15080,2460080536647706553,246,8208,6705,5579,2000,1248,1205,4.514659936971709,4.507209069608486,13.002815015607053,12.445790836048076,True,False
15081,127203612407714378,13,2796,2045,1851,2000,731,705,4.761873310764727,4.742049324294131,11.449148645375436,10.854089179870574,True,False
15082,34127980866490941,3,1201,972,957,2000,626,623,5.281479357600935,5.278143244173078,10.230020435705635,9.902375114486025,True,False
15083,250000000000000000,25,5268,3964,3516,2000,1177,1134,4.436847346844988,4.422804218795649,12.363039630256514,11.779719355143405,True,False
15084,29494793933680453,3,3402,1887,1785,2000,1234,1194,6.153690508694716,6.122146510283545,11.732167425663386,10.801708358916462,True,False
15085,3595444177956418,0,1193,0,0,0,0,0,0.0,0.0,10.220378327695228,0,False,True
15086,820105276677574524,82,4118,3703,3207,2000,746,741,5.274351689663597,5.269731898742532,12.007728114632254,11.647008638441648,True,False
15087,360101483507317,0,175,0,0,0,0,0,0.0,0.0,7.451211111832329,0,False,True
15088,20050125313283208,2,344,275,271,2000,185,184,6.423426195033528,6.417922066937457,8.426264754702098,8.08214904135387,True,False
15089,3508546380255673,0,1361,0,0,0,0,0,0.0,0.0,10.410451351503994,0,False,True
15090,19511100000000000000,1951,4830,4765,3843,2000,212,211,4.994410597825092,4.993932284964997,12.237807473723135,11.908017261062803,True,False
15091,3990000000000000000,399,1224,1219,1092,2000,71,70,4.536040698556841,4.513657170654465,10.257387842692651,10.092757140919852,True,False
15092,956549710711630245,96,621,616,590,2000,66,64,4.307574763212839,4.243599790744598,9.278449458220482,9.204571144249204,True,False
15093,29634840148467628495,2963,1844,1840,1608,2000,73,71,4.606479461632774,4.605180221403732,10.848622940429339,10.651051691178928,True,False
15094,59622721514902438304,5962,3162,3147,2639,2000,99,98,4.72286580654052,4.722309655286109,11.62662165235837,11.365775635326269,True,False
15095,32339910710583503489,3234,8301,7159,5763,2000,1053,1012,4.592977418701844,4.586164443353228,13.019069429331111,12.492604304386683,True,False
15096,1849938962634164627,185,1473,1458,1240,2000,100,99,4.307963025692249,4.307023389777935,10.524541715035848,10.276124405274238,True,False
15097,9503768828418997568,950,4239,4171,3321,2000,187,186,4.366433075440874,4.364854621686141,12.049508251055096,11.697402007502708,True,False
15098,31335371480425470738,3134,5125,5057,4061,2000,204,203,5.036869467869721,5.036367564820658,12.32333628928017,11.987619311924325,True,False
15099,4120971896233357059,412,2449,2423,1970,2000,128,127,4.4817989884963065,4.48150979657431,11.257977058563979,10.943979914343739,True,False
15100,16062385877443091443,1606,6887,6236,5135,2000,792,786,5.203355565996379,5.2027688320694505,12.74965996169181,12.326148561205557,True,False
15101,9540722915265989151,954,4317,4258,3423,2000,211,210,4.828973649981,4.8283801301385525,12.075813377461454,11.741045577009837,True,False
15102,19350858703414753275,1935,4903,4844,3906,2000,209,208,4.580905131288972,4.580118995859277,12.259449046285685,11.93147623388679,True,False
15103,124687500000000000,12,4908,3409,3081,2000,1248,1205,4.554262489856111,4.5380005277664885,12.260919533662905,11.589182967039351,True,False
15104,5143904513970056275,514,1860,1848,1529,2000,82,81,4.466486412447472,4.465710205065983,10.861086905995395,10.578372691360805,True,False
15105,1088018145128598,0,4,0,0,0,0,0,0.0,0.0,2.0,0,False,True
15106,17856949980383071163,1786,6090,5819,4817,2000,696,692,5.525528598234192,5.524888851901229,12.572226512793694,12.233919208586977,True,False
15107,22642068767258638,2,2541,1359,1320,2000,1002,983,6.480539842222858,6.460030067218531,11.311180660053354,10.366322214245816,True,False
15108,158891896079945239,16,1176,1108,1000,2000,193,192,4.376088904335213,4.374496086495653,10.199672344836364,9.965784284662087,True,False
15109,10074750000000000000,1007,1346,1181,1034,2000,214,210,5.337452816244429,5.335952276988131,10.394462694610317,10.014020470314934,True,False
15110,78055769060075255251,7806,10307,8810,7187,2000,1234,1193,6.284787475353336,6.2834658775541765,13.331336856296485,12.81117397072132,True,False
15111,989270338583366536,99,2401,2354,1949,2000,211,211,4.371259000313306,4.371259000313305,11.229419688230417,10.92851837525789,True,False
15112,58171229859894485053,5817,5411,5342,4299,2000,203,200,4.723846071732401,4.717354560110053,12.401679525982452,12.069785394983302,True,False
15113,129665025000000000000,12967,5506,5448,4437,0,0,0,0.0,0.0,12.42678889459556,12.115368837820224,False,True
15114,113545425000000000000,11355,5525,5467,4446,0,0,0,0.0,0.0,12.431758749166157,12.11829223302699,False,True
15115,19950000000000000,2,39,34,34,384,34,34,4.856199744402006,4.856199744402006,5.285402218862249,5.087462841250339,False,False
15116,3603463247243351,0,1000,0,0,0,0,0,0.0,0.0,9.965784284662087,0,False,True
15117,1538356657327717973,154,991,984,886,2000,79,77,4.619789663836484,4.617529733757669,9.952741247186488,9.791162888555018,True,False
15118,19950000000000000,2,2898,1386,1332,2000,1195,1156,6.564661822973027,6.526345961053898,11.50084187955693,10.379378367071261,True,False
15119,94528087500000000000,9453,6506,6292,5226,2000,621,619,4.553437611832064,4.552975913551888,12.667555107041132,12.35149140932002,True,False
15120,52626479869673232,5,673,602,573,2000,188,187,4.521036576755085,4.518591090714735,9.394462694610317,9.162391328756906,True,False
15121,1956181429650000000,196,3031,2983,2429,2000,194,194,4.395254667191066,4.395254667191066,11.565578136784328,11.246146774635864,True,False
15122,1306459471134759064,131,3291,2773,2357,2000,544,526,4.423047469386919,4.414065174134894,11.68431031112435,11.202736043250168,True,False
15123,19950000000000000,2,2597,1174,1134,2000,1015,987,6.486974230409624,6.454709567903134,11.342630298678408,10.147204924942228,True,False
15124,687277500000000000,69,2798,2296,1987,2000,529,511,4.457429537548535,4.442946889159485,11.450180247164754,10.95637615724967,True,False
15125,3012232451983125000,301,2182,1910,1635,2000,338,331,4.615453404688941,4.610763839330807,11.091435386323607,10.675074920385445,True,False
15126,4888927141051190322,489,1126,983,874,2000,172,169,4.528416379906718,4.525183994483236,10.13699111208023,9.7714894695006,True,False
15127,121410712500000000000,12141,5482,5414,4411,0,0,0,0.0,0.0,12.420486612825774,12.106890045092218,False,True
15128,730289107403121543,73,322,319,307,2000,50,50,4.199220133031789,4.199220133031789,8.330916878114618,8.262094845370179,True,False
15129,14931067177014338,1,1837,922,911,922,922,911,9.84862294042934,9.824761769062746,10.84313591111135,9.831307243802051,False,False
15130,22194375000000000000,2219,4943,4903,3916,2000,223,223,5.0842584589629265,5.084258458962925,12.271171191139773,11.935165049603695,True,False
15131,546071778339879999,55,6578,5075,4378,2000,1254,1210,4.8350985187404065,4.830269178450082,12.683433292835403,12.096056239180946,True,False
15132,1863178382474471478,186,7878,6291,5296,2000,1213,1171,4.512679583087158,4.505360458887369,12.943613701614042,12.370687406807217,True,False
15133,3679540384441777512,368,8284,6653,5585,2000,1058,1029,4.960312222122438,4.957134313156072,13.016111838220512,12.447341565370678,True,False
15134,12468750000000000,1,826,595,593,595,595,593,9.216745858195305,9.210023169119674,9.689997971419446,9.211888294546004,False,False
15135,17955000000000000,2,1381,733,707,2000,638,619,6.534936854891476,6.502113388602188,10.43149760425805,9.4655664048094,True,False
15136,179531239872656018,18,177,174,172,2000,52,52,4.230000772958025,4.230000772958026,7.467605550082998,7.426264754702098,True,False
15137,965218083986764003,97,2373,2324,1909,2000,192,192,4.41180288451335,4.41180288451335,11.212496385193948,10.898601387403938,True,False
15138,6765477077776951380,677,1559,1555,1393,2000,66,64,4.435531723101951,4.433350209587485,10.606405212697785,10.443979542601253,True,False
15139,669000644086820,0,208,0,0,0,0,0,0.0,0.0,7.700439718141092,0,False,True
15140,3056932833087917683,306,3809,3710,3085,2000,382,381,5.003660396341534,5.003397463323719,11.89519657256334,11.591054774036781,True,False
15141,17688745621109223441,1769,5044,4943,4043,2000,401,399,5.413702848429971,5.412688657495968,12.30035256032822,11.981210488271694,True,False
15142,6189278625840859,1,184,39,39,39,39,39,5.285402218862248,5.285402218862248,7.523561956057013,5.285402218862249,False,False
15143,1496250000000000,0,808,0,0,0,0,0,0.0,0.0,9.658211482751796,0,False,True
15144,4597763723370447,0,1468,0,0,0,0,0,0.0,0.0,10.519636252843213,0,False,True
15145,9975000000000000,1,509,295,295,295,295,295,8.204571144249204,8.204571144249204,8.991521846075695,8.204571144249204,False,False
15146,219858601532042076,22,4158,3105,2767,2000,984,945,4.732583316491999,4.717375195033181,12.02167404285837,11.434106928609955,True,False
15147,7478398797366053,1,104,40,40,40,40,40,5.321928094887363,5.321928094887363,6.700439718141092,5.321928094887363,False,False
15148,982431791521586167,98,2322,2264,1868,2000,196,195,4.390478375431887,4.388644124973325,11.181152256865566,10.867278739709661,True,False
15149,15489718321634621705,1549,4843,4787,3847,2000,201,200,4.581358992611573,4.580573166064925,12.241685287601625,11.909518114296615,True,False
15150,4000000000000000000,400,3661,3617,2929,2000,204,204,4.726687349257325,4.726687349257327,11.838022058304546,11.516192477879367,True,False
15151,17057250000000000000,1706,4678,4631,3716,2000,229,229,5.373564024225541,5.373564024225541,12.191676146352428,11.859534786382653,True,False
15152,9975000000000000000,998,4929,4774,3941,2000,467,465,4.650938021514691,4.650297674782866,12.26707926567123,11.944346034137833,True,False
15153,10972500000000000000,1097,5615,5388,4468,2000,636,633,4.71383209724365,4.713209955208622,12.455070307287963,12.125413470483315,True,False
15154,1995000000000000000,200,4295,4050,3431,2000,661,658,4.690277443181126,4.6896869245263675,12.068442416025826,11.744413410557655,True,False
15155,6015037593984962406,602,9212,7664,6334,2000,1228,1186,4.9656185852165144,4.9616416389366,13.169298695792845,12.62890115202819,True,False
15156,1202506892230576441,120,5333,4377,3701,2000,901,864,4.575486749473014,4.564035046483784,12.380731612682995,11.85369942030022,True,False
15157,2005012531328320802,201,3257,2765,2324,2000,509,493,4.388310221675292,4.378795558467936,11.669328004395904,11.18239435340453,True,False
15158,25810312500000000000,2581,10075,8536,6965,2000,1224,1181,5.24169218798028,5.200690862444027,13.298492218302693,12.765907637488615,True,False
15159,118234848556085743136,11823,366,334,316,0,0,0,0.0,0.0,8.515699838284043,8.303780748177102,False,True
15160,76136056302631117,8,3544,2372,2168,2000,1069,1029,4.560207468315799,4.543256225273993,11.791162888555018,11.08214904135387,True,False
15161,4288611600000000000,429,8767,7202,5971,2000,1223,1183,4.788607580294103,4.784386887695316,13.097867532627768,12.543756853375895,True,False
15162,29925000000000000,3,3125,1834,1727,2000,1169,1127,6.556286027199594,6.514660153833589,11.609640474436812,10.754052367528924,True,False
15163,631578947368421052,63,3939,3170,2749,2000,747,720,4.398725242643085,4.388427606575051,11.943613701614042,11.424691191512954,True,False
15164,17955000000000000,2,762,434,424,2000,377,370,6.506289804054395,6.487041784958512,9.573647187493322,8.727920454563199,True,False
15165,32428725000000000000,3243,5195,5135,4134,2000,211,210,4.724865390646318,4.724218065277048,12.342908033791574,12.013322673425447,True,False
15166,558922925454523,0,198,0,0,0,0,0,0.0,0.0,7.6293566200796095,0,False,True
15167,4976184547204879798,498,359,357,328,2000,43,43,4.433644413650299,4.433644413650299,8.487840033823051,8.357552004618084,True,False
15168,10279837770242432085,1028,1989,1981,1694,2000,85,83,4.473178260454314,4.471836766007618,10.957827560833744,10.726218159332198,True,False
15169,242352600000000000,24,5488,3948,3503,2000,1200,1160,4.547597188191444,4.531799186259768,12.422064766172813,11.774375272802063,True,False
15170,565582500000000000,57,2453,1991,1723,2000,466,453,4.425816251417245,4.411385940998478,11.260331518557601,10.750706986224948,True,False
15171,194073600000000000000,19407,5377,5311,4301,0,0,0,0.0,0.0,12.392585756275468,12.07045641594465,False,True
15172,501822959306849039,50,3426,3121,2741,2000,716,712,4.42351091219945,4.422310912199451,11.742309436084,11.420486612825774,True,False
15173,1971600560538698269,197,1746,1724,1428,2000,122,121,4.402807617228116,4.402458890941757,10.76983784362944,10.479780264029099,True,False
15174,261345000000000000,26,4904,3512,3149,2000,1013,987,4.4129690521865514,4.403197520439369,12.259743263690781,11.62067804213541,True,False
15175,2936049399845342845,294,8445,6828,5676,2000,1223,1177,4.880414119557194,4.8752037100252945,13.043881707688747,12.470658874060552,True,False
15176,26977595640763950000,2698,1824,1820,1585,2000,70,68,4.432412777072498,4.427720175317015,10.832890014164741,10.63026712502677,True,False
15177,58852500000000000000,5885,4417,4366,3544,2000,153,153,4.858026357377076,4.858026357377075,12.108851117040153,11.791162888555018,True,False
15178,33915000000000000000,3392,5008,4941,3983,2000,196,192,4.723760829078399,4.717057503834686,12.290018846932618,11.959639764364185,True,False
15179,20947500000000000000,2095,4970,4901,3958,2000,212,210,5.232570337029629,5.230436710325874,12.279030136449649,11.950555897047511,True,False
15180,8418900000000000000,842,4205,4161,3342,2000,213,213,5.15632785034069,5.156327850340692,12.037890085142507,11.706496018061188,True,False
15181,8109675000000000000,811,4193,4129,3350,2000,281,281,5.087698370799877,5.0876983707998775,12.03376711484639,11.709945380232497,True,False
15182,17486175000000000000,1749,6207,5927,4896,2000,718,714,4.920201056034171,4.919619956302929,12.599680430581166,12.257387842692651,True,False
15183,16458750000000000000,1646,6890,6122,5068,2000,814,808,5.509507946487664,5.509090962191802,12.750288267591653,12.30720080914081,True,False
15184,21147000000000000000,2115,7185,6403,5306,2000,827,817,4.742174133951898,4.73987346825815,12.8107724413447,12.373408960228696,True,False
15185,11201925000000000000,1120,8025,7033,5908,2000,988,978,5.412473359220469,5.411863977883533,12.970285676897028,12.52845411076479,True,False
15186,10084725000000000000,1008,8428,7252,6035,2000,1012,993,4.95985162123802,4.957813388315249,13.040974598817305,12.559138055642384,True,False
15187,9037350000000000000,904,8718,7282,6046,2000,1034,1005,4.825620687781251,4.822118591396931,13.089781488353998,12.561765263627708,True,False
15188,7780500000000000000,778,8579,7088,5876,2000,972,943,5.047690182924211,5.042437247785301,13.066593776312251,12.52061868055628,True,False
15189,9346575000000000000,935,8728,7183,5938,2000,985,955,4.551589605497019,4.54596822743465,13.091435386323607,12.535761377986656,True,False
15190,7880250000000000000,788,8751,7380,6126,2000,1112,1079,4.874511602744955,4.87090400868186,13.095232171619333,12.580729651598958,True,False
15191,3870300000000000000,387,8443,7011,5876,2000,1157,1120,4.785814082479542,4.7804738032709295,13.043539998771735,12.52061868055628,True,False
15192,4817925000000000000,482,8920,7327,6051,2000,1225,1182,4.79100068509037,4.78620424871668,13.122827994807666,12.562957869334118,True,False
15193,4588500000000000000,459,8796,7297,6008,2000,1255,1212,4.650821702700353,4.645401590735883,13.102631888854969,12.552669097514272,True,False
15194,11820375000000000000,1182,6746,5776,4685,2000,918,881,5.242452067374323,5.23736086797501,12.719816603018126,12.19383333254655,True,False
15195,9975000000000000,1,1681,517,503,517,517,503,9.014020470314936,8.954533260446148,10.715104009236168,8.974414589805527,False,False
15196,1191066485805153812,119,6979,5496,4683,2000,967,938,4.496410961911347,4.484646290450617,12.7688046164558,12.193217322699065,True,False
15197,1586020781008890077,159,3170,3078,2597,2000,354,353,4.496464679505989,4.495964679505989,11.63026712502677,11.342630298678408,True,False
15198,100424253575677580235,10042,2667,2659,2174,0,0,0,0.0,0.0,11.381002109550925,11.086136225027309,False,True
15199,104780312808273598,10,345,334,320,2000,80,79,4.3517375339893425,4.350323170135125,8.430452551665532,8.321928094887362,True,False
15200,524760265684200000,52,672,660,597,2000,74,73,4.349049350134061,4.3415963890002045,9.39231742277876,9.221587121264806,True,False
15201,14454514530687370,1,872,433,422,433,433,422,8.758223214726726,8.699078548504007,9.768184324776927,8.721099188707186,False,False
15202,3311986773634121859,331,2474,2446,1981,2000,106,105,4.399142641717496,4.380868580930894,11.27262978497637,10.952013164889486,True,False
15203,180915382136552512,18,1226,1170,1049,2000,194,193,4.417026419359246,4.415389758148116,10.259743263690781,10.034798962577268,True,False
15204,16770447817850331990,1677,1908,1903,1636,2000,75,74,4.755125763696463,4.75415948751507,10.897845456005511,10.67595703294175,True,False
15205,111776438550000000,11,1401,1057,968,2000,392,383,5.255559310057264,5.238720082108273,10.452241240430817,9.918863237274595,True,False
15206,9923090441134785294,992,4325,4255,3407,2000,204,203,4.906731748654432,4.9061601295432995,12.078484417411449,11.734286232096347,True,False
15207,13643511729850999538,1364,9771,8236,6751,2000,1210,1169,4.833478870950995,4.8283111942023496,13.25429050511706,12.720885503593726,True,False
15208,179569456437000000,18,226,222,219,2000,51,51,4.191193573441218,4.191193573441218,7.820178962415188,7.774787059601174,True,False
15209,6882750000000000000,688,1413,1409,1253,2000,71,69,4.500416910465352,4.472043912564987,10.46454575033394,10.29117069932186,True,False
15210,8977500000000000,1,104,60,60,60,60,60,5.906890595608518,5.906890595608518,6.700439718141092,5.906890595608519,False,False
15211,14423292722649955,1,1830,914,904,914,914,904,9.836050355058074,9.814168516983674,10.837627933171404,9.820178962415188,False,False
15212,567068045893884379,57,2384,2285,1979,2000,379,377,4.592612159978068,4.590246124380464,11.219168520462162,10.950555897047511,True,False
15213,40528425000000000000,4053,9495,8024,6592,2000,991,961,5.126599441209909,5.123793695163112,13.21295228503686,12.686500527183219,True,False
15214,100250626566416040,10,1874,1379,1255,2000,509,494,5.115707758265309,5.096480275156363,10.871905237659186,10.293471648838134,True,False
15215,49845075000000000000,4985,609,558,505,2000,124,124,5.690784622928546,5.690784622928546,9.250298417906333,8.980139577639157,True,False
15216,8154335818387822660,815,8164,6993,5838,2000,1004,986,5.202015440242228,5.199658069879951,12.995060467032719,12.511258495502268,True,False
15217,100942171721875658,10,4839,3208,2918,2000,1220,1173,5.8612437961888295,5.8269754870816275,12.240493223876799,11.510764167917891,True,False
15218,140647500000000000,14,4991,3408,3096,2000,1215,1174,4.441423438712372,4.428532119578435,12.285113188501493,11.59618975614441,True,False
15219,21165032489932082,2,645,397,387,2000,295,290,6.4610094751752465,6.443478796487542,9.333155350310616,8.59618975614441,True,False
15220,205504192109475000,21,3122,2356,2104,2000,737,711,4.427109455440531,4.413964729507011,11.608254821977908,11.038918989292302,True,False
15221,26633250000000000000,2663,4810,4747,3834,2000,197,195,5.0759015805171295,5.075277510651697,12.231821178657404,11.904634621668151,True,False
15222,44937375000000000000,4494,5051,4987,4033,2000,192,190,4.730832096157739,4.729900668063962,12.302353326431202,11.977637690405876,True,False
15223,997500000000000,0,560,0,0,0,0,0,0.0,0.0,9.129283016944967,0,False,True
15224,17983782601532594399,1798,4784,4717,3820,2000,203,202,5.118206397962022,5.117741695952185,12.224001674198105,11.899356922923111,True,False
15225,6528653742067767903,653,3950,3883,3120,2000,187,186,4.370637486972939,4.369303709046965,11.947636937951827,11.60733031374961,True,False
15226,21945000000000000,2,2244,1249,1193,2000,914,878,6.575915167913987,6.533372804741585,11.131856960608793,10.220378327695228,True,False
15227,3988460495260867177,399,7182,6187,5236,2000,982,971,4.785409503508945,4.7839277139602014,12.810169937664659,12.354249381945241,True,False
15228,6834141802398709459,683,3697,3633,2912,2000,187,185,4.641071211608768,4.640007946806171,11.852139328187244,11.507794640198696,True,False
15229,1001643427387389,0,293,0,0,0,0,0,0.0,0.0,8.194756854422248,0,False,True
15230,49875000000000000,5,102,97,96,2000,61,61,4.553610881201881,4.553610881201881,6.672425341971495,6.584962500721156,True,False
15231,11970000000000000,1,527,397,395,397,397,395,8.632995197142957,8.622919630392328,9.041659151637214,8.625708843064466,False,False
15232,6389164280544946559,639,8255,6996,5819,2000,1010,985,4.960179960494663,4.956036970912752,13.01105249980062,12.506555530751323,True,False
15233,1107636453096295,0,331,0,0,0,0,0,0.0,0.0,8.370687406807217,0,False,True
15234,29636240951229150,3,445,385,381,2000,246,246,5.375152423083957,5.375152423083955,8.79766152585376,8.573647187493322,True,False
15235,249375000000000000,25,4756,3415,3072,2000,1013,987,4.543891424507853,4.539381139833409,12.215532999745657,11.584962500721156,True,False
15236,49875000000000000,5,3416,1943,1838,2000,1005,974,5.239764040885496,5.2116816565904145,11.73809225962049,10.843921051289035,True,False
15237,74812500000000000,7,3812,2283,2122,2000,977,948,4.560201046623074,4.545956112168258,11.896332403909941,11.051208940914766,True,False
15238,77805000000000000,8,3922,2362,2177,2000,1069,1038,5.261175770604195,5.2380434393509505,11.93737382019215,11.088125692188207,True,False
15239,199500000000000000,20,5080,3740,3347,2000,1206,1163,4.548896338475068,4.532165481121243,12.310612781659529,11.70865283568653,True,False
15240,3947499868094932,0,189,0,0,0,0,0,0.0,0.0,7.562242424221073,0,False,True
15241,19950000000000000000,1995,2935,2919,2419,2000,123,122,5.202725344217707,5.20248620152449,11.519144787997414,11.240195053979924,True,False
15242,11995560873125854216,1200,2929,2903,2377,2000,126,125,4.598737827696978,4.5984450698380215,11.516192477879367,11.214926187942435,True,False
15243,10000000000000000,1,2415,853,828,853,853,828,9.73640193131829,9.670323938379722,11.237807473723135,9.693486957499326,False,False
15244,23535624243753405,2,2903,1625,1548,2000,1159,1117,6.552441729975001,6.51079503326064,11.503328856626661,10.59618975614441,True,False
15245,2350905440022390322,235,2127,2099,1718,2000,127,126,4.588330396183077,4.537810925280373,11.054604317960672,10.746514321138463,True,False
15246,2059127174096481453,206,7584,6113,5154,2000,1008,978,4.434477438947388,4.42505337781083,12.888743248898258,12.331476821859619,True,False
15247,109725000000000000,11,1020,966,894,2000,197,195,4.709884803186078,4.70664134610939,9.994353436858859,9.804131021183318,True,False
15248,4987500000000000,0,54,0,0,0,0,0,0.0,0.0,5.754887502163468,0,False,True
15249,1893771282428232,0,883,0,0,0,0,0,0.0,0.0,9.786269627648466,0,False,True
15250,703759398496240601,70,6371,5093,4350,2000,1169,1125,4.531147951599631,4.518997447302532,12.637304122106201,12.086799685623452,True,False
15251,266705876525482637382,26671,10520,8966,7299,0,0,0,0.0,0.0,13.360847084179664,12.833483105659585,False,True
15252,151021500000000000000,15102,10422,8843,7199,0,0,0,0.0,0.0,13.34734453943155,12.813580802989632,False,True
15253,292636883675896311631,29264,6253,5457,4418,0,0,0,0.0,0.0,12.610332801911134,12.109177703355275,False,True
15254,1231268464562904517,123,602,525,481,2000,110,110,4.403995409000646,4.403995409000644,9.233619676759702,8.909893083770042,True,False
15255,2717837478977488,0,928,0,0,0,0,0,0.0,0.0,9.857980995127573,0,False,True
15256,32626547964173920231,3263,2576,2563,2116,2000,90,89,4.828777601140947,4.82813211529702,11.330916878114618,11.047123912114026,True,False
15257,30011326226612973027,3001,8138,7239,6074,2000,917,906,4.603434709467469,4.601628778580052,12.99045856507371,12.56843119316746,True,False
15258,61297194644802428257,6130,5378,5310,4263,2000,198,197,4.865928322215533,4.8652726506565465,12.392854039872873,12.057653339963936,True,False
15259,390904370672703512,39,5291,3900,3448,2000,1008,982,4.419295910464372,4.413432698255452,12.36932470240734,11.751544059089099,True,False
15260,1959799444475886333,196,965,960,878,2000,72,71,4.527680471385199,4.526427558935094,9.914385132155443,9.778077129535358,True,False
15261,5187000000000000000,519,1625,1620,1431,2000,75,74,4.610541340807247,4.609519022958262,10.66622400280318,10.482807956726667,True,False
15262,8688225000000000000,869,1749,1744,1532,2000,70,68,4.395135041371412,4.342447048393708,10.772314573921653,10.581200581924957,True,False
15263,18653250000000000000,1865,1955,1949,1665,2000,81,80,4.986770857171587,4.986003745422321,10.932952892194715,10.701306461958625,True,False
15264,5785500000000000000,579,1682,1675,1463,2000,77,76,4.758457206876827,4.757634452186339,10.715961990255144,10.514714054138487,True,False
15265,5985000000000000000,599,1868,1861,1602,2000,89,87,4.356316265027855,4.3551489126629646,10.867278739709661,10.64565843240871,True,False
15266,271368679284486814,27,510,504,478,2000,85,84,4.274978808912716,4.27404118291117,8.994353436858859,8.900866807980748,True,False
15267,43478967525727550,4,132,120,119,2000,69,68,4.662733094419852,4.640491156315552,7.044394119358453,6.894817763307944,True,False
15268,2493750000000000000,249,3219,3152,2575,2000,195,194,4.434839415035295,4.433708135146366,11.652396861477678,11.330356716957944,True,False
15269,3587074848257489688,359,8080,6515,5455,2000,969,939,4.5998421318561835,4.593992894325831,12.980139577639157,12.41336348121097,True,False
15270,100048535420896713929,10005,1587,1582,1370,0,0,0,0.0,0.0,10.632086412835182,10.419960177847889,False,True
15271,99368838719039079750,9937,5434,4742,3829,2000,715,692,5.957999914057811,5.955248608642009,12.407798850221974,11.902751944850161,True,False
15272,7591809587142900000,759,1996,1988,1704,2000,93,92,4.639492310856175,4.639007775750876,10.96289600533726,10.734709620225837,True,False
15273,523238044149794028,52,4675,3689,3199,2000,912,875,4.408465913878258,4.397888613584141,12.19075064966236,11.643405277115674,True,False
15274,5012531328320802005,501,4158,3591,2946,2000,576,558,4.699063759221147,4.693656604959129,12.02167404285837,11.524541715035848,True,False
15275,50866528510261234921,5087,7692,6865,5728,2000,874,863,5.627320909345803,5.626248722431216,12.909143047339898,12.483815777264256,True,False
15276,21944970285990399991,2194,7679,6823,5689,2000,886,876,4.8795163325260935,4.878302134988354,12.906702732460797,12.47395936569476,True,False
15277,44884034828684422510,4488,8060,7194,6022,2000,930,919,6.134058909966535,6.133635799782848,12.97656412341533,12.556026992724677,True,False
15278,44887500000000000000,4489,8275,7378,6184,2000,932,920,5.3481448414024415,5.346706973925247,13.014543596581943,12.594324603924848,True,False
15279,44884932681269280432,4488,8273,7372,6189,2000,933,922,5.2053544638224185,5.20448204194038,13.014194866814499,12.59549060660764,True,False
15280,58871495079166078861,5887,8529,7598,6370,2000,963,951,5.712500435318236,5.711516055222785,13.058160884398683,12.637077657143664,True,False
15281,90772166360004732367,9077,9249,8083,6732,2000,1019,1001,5.625045273553709,5.62340776979952,13.17508167482833,12.71681946132995,True,False
15282,31535184299697710,3,2599,1570,1473,2000,955,917,6.556453488797162,6.51577454585508,11.3437409184722,10.524541715035848,True,False
15283,383220095712300000,38,506,501,481,2000,60,59,4.211382304102715,4.208334700971693,8.98299357469431,8.909893083770042,True,False
15284,3149869981834682399,315,4978,4223,3505,2000,744,716,4.779376413454198,4.770498850848105,12.281350514981035,11.775198728897985,True,False
15285,12241786485947477894,1224,1705,1701,1508,2000,70,68,4.268921294261844,4.266889044572705,10.735556023911535,10.558420713268664,True,False
15286,7231216625229714,1,61,20,20,20,20,20,4.321928094887363,4.321928094887363,5.930737337562887,4.321928094887363,False,False
15287,29611601953904309,3,3481,1843,1740,2000,1220,1174,5.301028354035363,5.272076726731248,11.765286098723683,10.76487159073609,True,False
15288,43424759253065562825,4342,2817,2805,2357,2000,88,86,4.811757510369889,4.806436771483389,11.45994384837493,11.202736043250168,True,False
15289,7251099807745357259,725,2001,1989,1667,2000,86,84,4.621768603707037,4.620833373377662,10.966505451905741,10.703038388986418,True,False
15290,1845375000000000000,185,1264,1249,1090,2000,81,80,4.334894698299612,4.333539350384875,10.303780748177102,10.090112419664289,True,False
15291,1830707918472259320,183,1401,1386,1191,2000,97,96,4.429841382438863,4.429255449928611,10.452241240430817,10.217957697864113,True,False
15292,19877217850074099,2,176,102,102,2000,88,88,6.193341710957567,6.193341710957567,7.459431618637297,6.672425341971495,True,False
15293,1926951344380762350,193,2714,2650,2144,2000,180,178,4.468565295779797,4.467103586902274,11.406205005418855,11.066089190457772,True,False
15294,8031440750668726251,803,4071,4003,3174,2000,197,195,4.862672990204334,4.8617260003446905,11.99116750614001,11.632086412835182,True,False
15295,461076173595306608,46,3668,2900,2531,2000,745,718,4.382269120942055,4.3706409873602885,11.840777923595054,11.305491792110685,True,False
15296,99750000000000000,10,248,235,229,2000,76,75,4.39922413213639,4.397199238326764,7.954196310386875,7.839203788096944,True,False
15297,49875000000000000000,4988,2700,2687,2219,2000,83,82,4.447893938993345,4.446997063809722,11.398743691938193,11.115693952197011,True,False
15298,99749043036619599884,9975,2966,2954,2465,2000,101,101,5.731897496917042,5.731897496917042,11.53430288245463,11.267371931265274,True,False
15299,20650591754366294608,2065,9854,8231,6684,2000,1235,1192,5.241972978277304,5.23860726569842,13.266493756312183,12.706496018061188,True,False
15300,1097250000000000,0,611,0,0,0,0,0,0.0,0.0,9.25502856981873,0,False,True
15301,13554828000000000000,1355,8642,7443,6180,2000,1019,998,5.083703149066439,5.080436344237088,13.077149515589733,12.593391122791736,True,False
15302,997500000000000,0,19,0,0,0,0,0,0.0,0.0,4.247927513443585,0,False,True
15303,408975133007504035,41,3838,3140,2791,2000,781,775,4.464336577896503,4.46273189966828,11.90613899619538,11.446566409066067,True,False
15304,997500000000000000,100,459,456,436,2000,56,56,4.508268726954724,4.508268726954724,8.842350343413807,8.768184324776927,True,False
15305,9809415000000000000,981,842,751,668,2000,131,131,5.1809914895519995,5.1809914895519995,9.717676423066395,9.383704292474052,True,False
15306,42785741051840740,4,530,471,452,2000,197,196,4.77317655023535,4.77035784427763,9.049848549450562,8.820178962415188,True,False
15307,27526135902510585,3,179,116,115,2000,93,93,5.045874318004542,5.045874318004541,7.483815777264256,6.845490050944375,True,False
15308,4667302500000000000,467,6771,5730,4708,2000,987,946,4.7715676118162484,4.761266954201092,12.725153203912992,12.200898605038445,True,False
15309,40100250626566416,4,3367,2091,1940,2000,1159,1117,5.285715393893835,5.257955558371323,11.717248005827646,10.92184093707449,True,False
15310,19670145650943165745,1967,4777,4738,3788,2000,215,215,4.678568252185,4.678568252185,12.221889161471266,11.887220615468385,True,False
15311,595506164137502525460,59551,1629,1624,1399,0,0,0,0.0,0.0,10.669770888525518,10.450180247164754,False,True
15312,3315235912062541737,332,2357,2329,1894,2000,124,124,4.581800435790366,4.581800435790366,11.202736043250168,10.887220615468385,True,False
15313,721053637737117,0,382,0,0,0,0,0,0.0,0.0,8.57742882803575,0,False,True
15314,1360744460836363502,136,2743,2675,2197,2000,197,196,4.54449362789175,4.543597466082321,11.421538906848276,11.101319154423276,True,False
15315,2435032248662403,0,1,0,0,0,0,0,0.0,0.0,0.0,0,False,True
15316,185351700461003660,19,1639,1259,1140,2000,411,401,4.509341349766599,4.498445022781951,10.678600139099458,10.154818109052105,True,False
15317,1640981985688711289,164,2156,1861,1595,2000,353,347,4.459539726636898,4.453451465343769,11.074141462752506,10.639340708652231,True,False
15318,18630207189616085,2,2602,1133,1097,2000,1015,985,6.486974230409624,6.451638713178094,11.345405246717796,10.099347810403193,True,False
15319,2029229378612347,0,468,0,0,0,0,0,0.0,0.0,8.870364719583405,0,False,True
15320,10025062656641604,1,1978,836,808,836,836,808,9.707359132080885,9.637078166169205,10.94982671075911,9.658211482751796,False,False
15321,209475000000000000,21,4403,3276,2922,2000,1034,995,4.416828810159257,4.402867160988251,12.104271128936894,11.512740462803498,True,False
15322,290361725097254010777,29036,8086,7249,6057,0,0,0,0.0,0.0,12.981210488271694,12.564387696052629,False,True
15323,831963625928520796,83,4924,4071,3555,2000,868,858,4.436971555424379,4.434500604829926,12.265615046484458,11.795633844506778,True,False
15324,29426250000000000000,2943,4990,4930,3958,2000,270,270,5.651662108742941,5.651662108742941,12.284824100224624,11.950555897047511,True,False
15325,5000000000000000,1,1329,112,109,112,112,109,6.8073549220576055,6.747043426502573,10.376125389276174,6.768184324776926,False,False
15326,5677027463421272424,568,3601,3537,2844,2000,181,179,4.581185647912306,4.580064694566291,11.81418188419028,11.473705749619416,True,False
15327,1415817240404971,0,472,0,0,0,0,0,0.0,0.0,8.88264304936184,0,False,True
15328,179550000000000000,18,288,283,280,2000,61,61,4.5928431169524675,4.5928431169524675,8.169925001442312,8.129283016944967,True,False
15329,158455589858747937,16,2933,2178,1965,2000,733,707,4.425902875632126,4.412690189475679,11.518161355756956,10.940313597145968,True,False
15330,2473800000000000000,247,8352,6806,5708,2000,1226,1186,4.742651086077233,4.738241437524705,13.027905996569885,12.478769619475763,True,False
15331,269325000000000000,27,459,446,424,2000,71,70,4.25893230464957,4.257172595563955,8.842350343413807,8.727920454563199,True,False
15332,3391500000000000000,339,2528,2500,2028,2000,120,118,4.795290293641822,4.794878575737494,11.303780748177102,10.985841937003341,True,False
15333,1895250000000000,0,818,0,0,0,0,0,0.0,0.0,9.67595703294175,0,False,True
15334,1002506265664160401,100,2541,2474,1990,2000,191,190,4.486447028816653,4.485406044224363,11.311180660053354,10.958552715431011,True,False
15335,249375000000000000,25,1426,1381,1217,2000,195,195,4.405558816321717,4.405558816321718,10.477758266443889,10.249113452713729,True,False
15336,528675000000000000,53,2363,2261,1962,2000,390,388,4.547030636630939,4.5461485469260845,11.206403913973848,10.938109326219239,True,False
15337,1291148990094200640,129,3555,3370,2872,2000,548,546,5.1302197275018475,5.1299024623276495,11.795633844506778,11.487840033823051,True,False
15338,1096368862984135765,110,4899,4232,3593,2000,774,768,4.774265771042492,4.770301587276453,12.258271576282851,11.810973220002165,True,False
15339,184005078890993178,18,3442,2615,2422,2000,841,831,4.392896926733714,4.389539872796308,11.749031382040204,11.24198314969433,True,False
15340,996639104625402073,100,5329,4465,3875,2000,892,882,5.022012400340155,5.020512346010678,12.379649117760035,11.919980595048962,True,False
15341,239400000000000000,24,4900,3464,3109,2000,1025,995,4.419518758950325,4.411833976318329,12.258566033889933,11.602234901341063,True,False
15342,219450000000000000,22,2735,2089,1865,2000,641,623,4.611974239372054,4.601623088915403,11.417325117679919,10.8649599151426,True,False
15343,79770974014618003490,7977,8824,7825,6555,2000,993,982,5.599349434738579,5.598788750326424,13.107217075591382,12.678380065109117,True,False
15344,5066258549544230415,507,5315,5044,4225,2000,705,700,4.639629654105773,4.637820402617706,12.375853976418467,12.044735626056909,True,False
15345,1580421321157797,0,585,0,0,0,0,0,0.0,0.0,9.192292814470767,0,False,True
15346,726294684775673450,73,6234,4740,4120,2000,962,933,4.554594217674683,4.546723041882702,12.605942439625368,12.00842862207058,True,False
15347,2171931445269135690,217,4042,3852,3251,2000,569,567,4.707695822402515,4.707213513364368,11.980853606379736,11.666667840690355,True,False
15348,1793896429644336608,179,7900,6367,5352,2000,1234,1192,4.47286427848274,4.465318554912996,12.947636937951827,12.38586240064146,True,False
15349,1477466326875000000,148,3772,3570,3038,2000,599,597,4.7390470356465455,4.738635246717784,11.881113960675096,11.568906154502084,True,False
15350,15112125000000000000,1511,2333,2326,1934,2000,91,90,4.576726870584728,4.576234464543767,11.187970591984199,10.917372079476841,True,False
15351,239400000000000000,24,479,468,446,2000,77,76,4.634727136275689,4.63301520015653,8.90388184573618,8.800899899920305,True,False
15352,635407500000000000,64,2086,2017,1687,2000,191,190,4.4907991659897375,4.488598065439463,11.026523442519766,10.720244258287567,True,False
15353,79800000000000000,8,3717,2338,2202,2000,1009,983,4.412377049086664,4.402604702977307,11.859922972861758,11.10459875356437,True,False
15354,1150204315381029181,115,7562,5958,5036,2000,1223,1179,4.8339612877411815,4.829497409509051,12.884552133987235,12.298062567719017,True,False
15355,163664015866930725948,16366,10339,8795,7117,0,0,0,0.0,0.0,13.335809032822393,12.797053520629804,False,True
15356,3086221904508750000,309,1568,1555,1280,2000,78,77,4.281899763147512,4.280462348502205,10.614709844115207,10.321928094887362,True,False
15357,275109141788967975,28,1510,1443,1252,2000,182,181,4.702729830955517,4.6997275792667494,10.560332834212442,10.290018846932618,True,False
15358,14102920534080919928,1410,2709,2693,2245,2000,108,107,4.630749084361389,4.6303027206398895,11.403544678202014,11.13249972962851,True,False
15359,270288727633480332,27,3784,2864,2543,2000,852,819,4.452885228225585,4.442110020586327,11.885696373339394,11.312315746690107,True,False
15360,1674485387540017700,167,1565,1547,1306,2000,106,105,4.305680259308555,4.304900646104352,10.61194694181998,10.350939181546432,True,False
15361,329175000000000000,33,1086,879,791,2000,253,249,4.507144447803847,4.500547001444467,10.084808387804362,9.627533884472792,True,False
15362,3296193213917108,0,1285,0,0,0,0,0,0.0,0.0,10.32755264408124,0,False,True
15363,430000000000000000,43,2654,2134,1866,2000,546,528,4.422123063104633,4.407485469882399,11.373952655370193,10.86573327085176,True,False
15364,290000000000000000,29,2249,1757,1556,2000,506,490,4.415046679682928,4.403534988357697,11.135067945777816,10.603626344986193,True,False
15365,10059781318901479,1,806,360,355,360,360,355,8.491853096329674,8.461978408823663,9.654636028527968,8.471675214392045,False,False
15366,320000000000000000,32,1976,1572,1385,2000,431,419,4.6956514765690605,4.678989276272176,10.948367231584678,10.43567026093655,True,False
15367,430000000000000000,43,1759,1447,1278,2000,373,366,4.4178884089217165,4.408697587482614,10.78053976747196,10.319672120946995,True,False
15368,320000000000000000,32,591,471,442,2000,137,137,4.507213582744022,4.507213582744022,9.207014320177532,8.787902559391432,True,False
15369,22272142531020762,2,31,29,29,164,29,29,4.36271243890091,4.36271243890091,4.954196310386875,4.857980995127572,False,False
15370,1392718088870140763,139,147,129,125,2000,44,44,4.4178293347321445,4.417829334732144,7.199672344836364,6.965784284662087,True,False
15371,2632806608260729,0,1189,0,0,0,0,0,0.0,0.0,10.215532999745657,0,False,True
15372,91484545157291566,9,949,872,834,2000,284,284,4.570569790887718,4.570569790887717,9.89026427702111,9.703903573444663,True,False
15373,1249182190778970000,125,2361,2013,1725,2000,402,392,4.556909538515482,4.551205514862846,11.205182326228643,10.752380646552893,True,False
15374,393218049523546884,39,2946,2680,2391,2000,698,695,4.518518714422564,4.517518658863922,11.524541715035848,11.223398414711628,True,False
15375,14802384217347891231,1480,6452,5547,4496,2000,870,835,5.36942791802102,5.364820869447442,12.655530723155643,12.134426320220927,True,False
15376,677814904785184904,68,6184,4735,4128,2000,1029,1000,4.6078673596481865,4.60212209802032,12.594324603924848,12.011227255423254,True,False
15377,22155388471177944,2,472,394,393,2000,287,287,6.467468035666748,6.46746803566675,8.88264304936184,8.618385502258606,True,False
15378,21981233385545717210,2198,4178,4119,3355,2000,157,156,4.670488527229126,4.668091354479704,12.028596777067108,11.712097051087547,True,False
15379,7594466250000000000,759,4034,3967,3196,2000,187,186,4.38861346545864,4.386854063655253,11.977995368612962,11.642051692927977,True,False
15380,44566897463514336942,4457,7809,6957,5797,2000,889,878,5.62774417298264,5.626505072655492,12.930922097125269,12.501090770274512,True,False
15381,9864274648499574,1,1056,336,331,336,336,331,8.392317422778762,8.360308829022323,10.044394119358454,8.370687406807217,False,False
15382,2992070047198332190,299,7889,6437,5420,2000,1067,1036,4.460789303268898,4.454422732073348,12.945626722229825,12.404077136241234,True,False
15383,1970675347303164488,197,1174,1161,1003,2000,74,73,4.252136290570354,4.25085984698449,10.197216693110052,9.970105890612182,True,False
15384,1414426062525000000,141,2761,2693,2209,2000,193,192,4.370121954009614,4.36873078163071,11.430975172588068,11.109177703355275,True,False
15385,3214942500000000000,321,6871,5766,4757,2000,1024,984,4.457064781682856,4.448503895963169,12.746304367701304,12.215836309962455,True,False
15386,1789678604530738609,179,5655,4819,4097,2000,862,850,4.760561745384162,4.757098218179257,12.465311308877183,12.0003521774803,True,False
15387,9975000000000000,1,1873,576,562,576,576,562,9.169925001442312,9.116531099528833,10.871135184243045,9.134426320220927,False,False
15388,29054352232383693,3,400,332,325,2000,185,184,5.405902425973519,5.401652381702226,8.643856189774725,8.344295907915816,True,False
15389,13654181574627243602,1365,1317,1158,1016,2000,206,202,5.305053789687829,5.303476664189341,10.363039630256514,9.988684686772165,True,False
15390,3162075000000000000,316,8300,6869,5762,2000,1150,1113,4.401903561778724,4.391358205224232,13.018895621121649,12.49235394515987,True,False
15391,58769420277699533488,5877,2733,2722,2252,2000,83,82,5.0657365830125505,5.064920526726614,11.416269744523207,11.13699111208023,True,False
15392,963626933423700000,96,816,803,716,2000,74,73,4.294901702488021,4.293703659962442,9.672425341971495,9.483815777264256,True,False
15393,2157518707172334699,216,1174,1009,899,2000,194,190,4.492508453889336,4.488520688733944,10.197216693110052,9.812177305514448,True,False
15394,997475657941609500,100,941,792,719,2000,181,178,4.484149729248893,4.48089796787815,9.878050912728536,9.489847960439297,True,False
15395,130914885214846457,13,408,393,369,2000,89,88,4.571477219298176,4.569695113538147,8.672425341971495,8.527477006060396,True,False
15396,11829017720935397,1,2596,1072,1034,1072,1072,1034,10.066089190457774,9.986686750645495,11.342074667999139,10.014020470314934,False,False
15397,64980729883743052,6,700,634,603,2000,178,176,4.594177597955191,4.590890908893563,9.451211111832329,9.236014191900084,True,False
15398,1471401506199600744,147,2759,2690,2209,2000,191,190,4.354800581063839,4.353364593119128,11.429929741353273,11.109177703355275,True,False
15399,1345798453891829015,135,2688,2630,2175,2000,195,194,4.374210556843962,4.372617392965332,11.39231742277876,11.086799685623452,True,False
15400,1969080397910546874,197,3016,2960,2412,2000,202,201,4.677512366745231,4.676824716321702,11.558420713268664,11.236014191900084,True,False
15401,2042532124146816232,204,3126,3087,2522,2000,211,211,4.496495219460622,4.4964952194606225,11.610102062999664,11.30035256032822,True,False
15402,27930000000000000,3,3263,1733,1644,2000,1197,1157,6.114910858504527,6.079541459796716,11.671983272091865,10.682994583681683,True,False
15403,47925217686224764,5,3693,2287,2115,2000,1228,1185,4.793890502815702,4.77497161182216,11.850577547205614,11.046441948007311,True,False
15404,3303759516702622656,330,7972,6412,5374,2000,956,927,4.404037281471109,4.395966760563719,12.960725994839057,12.391780606013166,True,False
15405,99750000000000000,10,237,224,218,2000,71,70,4.257486950776391,4.255280577129903,7.888743248898259,7.768184324776926,True,False
15406,644451896262648918,64,2118,2060,1715,2000,202,201,4.405867511952594,4.404819072830502,11.048486873992337,10.743992861060175,True,False
15407,4260651629072681704,426,6299,5318,4380,2000,914,877,4.500193146365981,4.491156339028235,12.620907095885338,12.096715154488535,True,False
15408,875678122029900000,88,589,585,561,2000,68,67,4.347933407156008,4.297640496010895,9.20212382383046,9.131856960608793,True,False
15409,53462241192486586023,5346,5334,5270,4259,2000,276,276,4.774506141919312,4.774506141919313,12.381002109550925,12.056299014550337,True,False
15410,9276750000000000000,928,4308,4236,3440,2000,293,293,5.042642995130703,5.042642995130702,12.072802534544207,11.74819284958946,True,False
15411,416088630364794000,42,2017,1935,1690,2000,318,318,4.418352545902218,4.418352545902218,10.977995368612962,10.722807531169547,True,False
15412,63030964496449818,6,108,76,74,2000,44,44,4.274245019339681,4.274245019339681,6.754887502163468,6.20945336562895,True,False
15413,2900000000000000000,290,7795,6263,5257,2000,982,953,4.831134083256556,4.827311216110598,12.928333307585147,12.360024019571876,True,False
15414,2000000000000000000,200,8159,6613,5568,2000,1233,1193,5.278024356014839,5.275504803293444,12.994176625161732,12.442943495848729,True,False
15415,2394000000000000000,239,8199,6637,5550,2000,1220,1180,4.501283342317795,4.48940003760243,13.001232245244363,12.43827205612483,True,False
15416,4197997195840405249,420,8754,7175,5950,2000,1226,1186,4.922570497545184,4.9189530768735965,13.095726668639047,12.538673953082668,True,False
15417,2490007154664160886,249,7334,6112,5061,2000,1109,1066,4.5058993912208365,4.494596199017304,12.840384550711667,12.305206759008723,True,False
15418,3208020050125313283,321,4078,3484,2894,2000,597,579,4.466706337670534,4.459491502842084,11.993646060016596,11.498849206531725,True,False
15419,1326288510109464207,133,1549,1328,1157,2000,274,268,4.46123586621787,4.45483725433166,10.597121428789569,10.17617314910749,True,False
15420,2000000000000000000,200,1322,1146,1008,2000,220,216,4.387760738293039,4.38326307145771,10.368506461507693,9.977279923499916,True,False
15421,1279466741038840158,128,1069,907,811,2000,190,186,4.351515193264581,4.345575942034086,10.06204613772049,9.663558104217273,True,False
15422,33915000000000000,3,1449,938,883,2000,535,519,5.968478772314237,5.940859766429178,10.50084187955693,9.786269627648466,True,False
15423,11970000000000000,1,267,124,121,124,124,121,6.954196310386871,6.905809213612679,8.060695931687555,6.918863237274595,False,False
15424,79385748422899,0,38,0,0,0,0,0,0.0,0.0,5.247927513443585,0,False,True
15425,428925000000000000,43,519,506,478,2000,75,75,4.313339552211517,4.313339552211517,9.019590728357882,8.900866807980748,True,False
15426,4372178755017536579,437,3659,3591,2859,2000,197,196,4.6760545530389415,4.675273863412234,11.837233700339088,11.481294904631097,True,False
15427,1645264399667866707,165,951,817,739,2000,155,152,4.3760422341687395,4.368534100357111,9.893301530860564,9.52943055414615,True,False
15428,102742500000000000,10,1009,955,885,2000,198,196,4.710372290028763,4.707128427215637,9.978710459106358,9.78953364497036,True,False
15429,891743329146024528,89,4804,3984,3471,2000,831,821,4.392312204478218,4.388954940698712,12.230020435705635,11.761135649828645,True,False
15430,340147500000000000,34,2521,2001,1760,2000,545,527,4.498839548092629,4.483565622490707,11.29978040285854,10.78135971352466,True,False
15431,13804483972995608441,1380,5978,5155,4188,2000,802,772,5.312558769349447,5.307478846593918,12.545447181678094,12.032045726930809,True,False
15432,99329546951949035795,9933,4237,4209,3430,2000,111,109,4.46201013434528,4.461346455211313,12.04882741336389,11.743992861060175,True,False
15433,2154600000000000000,215,4817,4514,3805,2000,729,724,4.8332652714251525,4.831799714369188,12.233919208586977,11.893680738390907,True,False
15434,28927500000000000,3,1079,687,654,2000,422,411,5.793427659014927,5.771262529846275,10.075479149488016,9.353146825498083,True,False
15435,1418011645015839809,142,7041,5785,4832,2000,1147,1104,4.430383359457033,4.420989043282932,12.781564627244327,12.238404739325079,True,False
15436,428925000000000,0,223,0,0,0,0,0,0.0,0.0,7.800899899920305,0,False,True
15437,9924812030075187969,992,9365,7834,6389,2000,1250,1208,5.084411727817483,5.0810582483923135,13.193063279130408,12.641374424294513,True,False
15438,997500000000000,0,269,0,0,0,0,0,0.0,0.0,8.071462362556623,0,False,True
15439,99886547263614562035,9989,10272,8657,6992,2000,1256,1209,6.0281740694778465,6.004187269878631,13.326429487122303,12.7714894695006,True,False
15440,1994047563849887528,199,6507,5515,4718,2000,966,956,4.538565877757582,4.534565877757583,12.667776838393431,12.203959703239462,True,False
15441,53132832080200501253,5313,10312,8770,7152,2000,1219,1180,4.878473989744433,4.874624200527321,13.332036548361652,12.804131021183318,True,False
15442,23740500000000000000,2374,9292,7739,6349,2000,994,965,5.477940987147482,5.475961413188967,13.181773438808808,12.632313662586126,True,False
15443,56996427617954326093,5700,7615,6851,5641,2000,814,807,5.414098379247641,5.413181483581592,12.894628321374654,12.461735221604863,True,False
15444,683550739161982,0,502,0,0,0,0,0,0.0,0.0,8.971543553950772,0,False,True
15445,8776092561691677,1,2006,492,482,492,492,482,8.942514505339242,8.89779905818477,10.970105890612182,8.912889336229961,False,False
15446,442665837294748653,44,4775,3724,3251,2000,983,943,4.4759028374860526,4.46149351443756,12.221285017810473,11.666667840690355,True,False
15447,150764638483200000,15,383,376,357,2000,77,76,4.466397387448629,4.464960020934477,8.581200581924957,8.479780264029099,True,False
15448,238904276589288943515,23890,5787,5706,4636,0,0,0,0.0,0.0,12.49859992877026,12.178664851006472,False,True
15449,49627762307659156985,4963,5281,5214,4191,2000,195,193,4.67602881635669,4.6748813806720015,12.366595426071438,12.03307880613062,True,False
15450,321305251033562,0,116,0,0,0,0,0,0.0,0.0,6.857980995127572,0,False,True
15451,73048032225000000,7,3359,2245,2061,2000,1022,983,4.517865834275477,4.5011124139038285,11.713816080234498,11.009128789539256,True,False
15452,30317217656516472,3,2648,1594,1498,2000,979,940,6.54167034657409,6.500074424550953,11.370687406807217,10.54882190845875,True,False
15453,991413599175737667,99,5043,4070,3493,2000,904,867,4.4730731271594175,4.4608663623161275,12.300066509957324,11.770250927394864,True,False
15454,210579048642694171543,21058,5809,5755,4628,0,0,0,0.0,0.0,12.504074114520577,12.17617314910749,False,True
15455,14706036086700000,1,31,26,26,26,26,26,4.700439718141092,4.700439718141092,4.954196310386875,4.700439718141092,False,False
15456,559597500000000000,56,6501,5016,4349,2000,1194,1153,4.694809805711914,4.68914665268452,12.66644593881483,12.086467993464069,True,False
15457,5971451406593728,1,1749,176,175,176,176,175,7.459431618637299,7.4480679822736615,10.772314573921653,7.451211111832329,False,False
15458,4987500000000000000,499,4913,4200,3448,2000,702,678,4.592055342341719,4.585847812284664,12.262388523751019,11.751544059089099,True,False
15459,9955050000000000000,996,5002,4314,3516,2000,687,664,5.273886606167022,5.268995485552621,12.28828934218097,11.779719355143405,True,False
15460,4987500000000000000,499,4717,4040,3317,2000,668,647,4.594940272203262,4.589078398956744,12.203653885529597,11.695663296788021,True,False
15461,6360336407052767902,636,4414,3816,3120,2000,610,591,4.876017825150261,4.869060727936363,12.107870914279614,11.60733031374961,True,False
15462,8433862500000000000,843,4314,3747,3053,2000,589,570,5.125696015281941,5.120072491740185,12.074810461160453,11.57601187420678,True,False
15463,6433875000000000000,643,2584,2286,1916,2000,374,366,5.0441097561105375,5.040408558086291,11.335390354693924,10.90388184573618,True,False
15464,4987500000000000000,499,2321,2046,1735,2000,344,337,4.590505130596344,4.585994947124817,11.180530807344482,10.760719947465624,True,False
15465,9975000000000000000,998,2020,1787,1526,2000,308,302,5.344878137658463,5.342652867168908,10.980139577639157,10.57553924683453,True,False
15466,14962500000000000000,1496,1703,1513,1299,2000,252,248,5.374223042998584,5.373057979273934,10.733862719678543,10.34318571544788,True,False
15467,9965025000000000000,997,1452,1285,1119,2000,233,229,5.304336798115328,5.302950519149593,10.50382573799575,10.127994320976393,True,False
15468,4997475000000000000,500,1092,952,846,2000,165,162,4.6227840267349505,4.619782726171373,10.092757140919852,9.72451385311995,True,False
15469,14962500000000000000,1496,1089,966,852,2000,166,165,5.368070386088054,5.36755514089196,10.088788238716907,9.734709620225837,True,False
15470,70782624722616795,7,2116,1702,1645,2000,748,743,4.88709389938258,4.883837405559034,11.047123912114026,10.683871868622603,True,False
15471,158699982376907115096,15870,7824,7059,5811,0,0,0,0.0,0.0,12.933690654952233,12.50457073932441,False,True
15472,25191985332308412,3,2444,1363,1326,2000,961,948,5.281154329183206,5.269394054586929,11.25502856981873,10.372865060112588,True,False
15473,10305492225172379,1,2364,778,757,778,778,757,9.603626344986191,9.543061543599606,11.207014320177532,9.564149489985732,False,False
15474,19950000000000000,2,2545,1322,1267,2000,1107,1067,6.530188847492109,6.488930103191111,11.313449940963057,10.30720080914081,True,False
15475,2295167700000000000,230,7256,6035,5005,2000,1108,1065,4.60924503347132,4.598452980358721,12.824958740528523,12.289154353723356,True,False
15476,2192916395660015,0,728,0,0,0,0,0,0.0,0.0,9.507794640198696,0,False,True
15477,12036832500000000000,1204,4496,4441,3578,2000,227,227,4.679814599329587,4.679814599329586,12.134426320220927,11.804937672051908,True,False
15478,1096715203986806110,110,7468,5955,5035,2000,1236,1196,4.514007611116853,4.507743237750145,12.866506212226202,12.297776062894147,True,False
15479,967016493645300000,97,650,646,613,2000,66,64,4.322542805086659,4.31940574461822,9.344295907915816,9.259743263690781,True,False
15480,16735418332640137,2,1281,674,651,2000,602,585,6.545270257622095,6.513223030214187,10.323054760341646,9.346513733165635,True,False
15481,5737731573184195760,574,6428,5625,4733,2000,843,833,5.190665256796524,5.188750421933804,12.650154213675094,12.208539206738363,True,False
15482,3981635292685546535,398,4092,3978,3307,2000,424,422,4.636860087039997,4.6361933981503665,11.99859042974533,11.691307330191115,True,False
15483,9695700000000000000,970,4424,4368,3505,2000,209,208,4.9536833499327875,4.953181192940253,12.111135670234708,11.775198728897985,True,False
15484,590677120249213895,59,5047,4007,3456,2000,983,942,4.494027968131215,4.480308645057878,12.301210371298426,11.754887502163468,True,False
15485,10216395000000000000,1022,9373,7886,6395,2000,1274,1228,5.479855008256914,5.476783977964627,13.194295167381915,12.642728643768999,True,False
15486,9975000000000000,1,1752,475,464,475,475,464,8.89178370321831,8.841257387428836,10.774787059601174,8.857980995127573,False,False
15487,997124885213358304,100,7129,5613,4818,2000,1204,1164,4.556319686375827,4.550319531762933,12.799484005620014,12.23421867823847,True,False
15488,335740034305038410,34,5922,4357,3843,2000,1222,1182,4.742716265415809,4.738246084146914,12.531868775177553,11.908017261062803,True,False
15489,25957263121351736382,2596,9473,8107,6665,2000,1115,1082,5.238719917144869,5.235907669385245,13.209605669143569,12.702389159976336,True,False
15490,5777735971309154160,578,4596,4439,3698,2000,470,468,4.551413904252898,4.5505773793142,12.166163082646113,11.852529509404196,True,False
15491,5985000000000000000,599,3904,3836,3048,2000,199,198,4.676139976050391,4.6753895304733275,11.930737337562887,11.573647187493322,True,False
15492,273880514008907521,27,5731,4110,3635,2000,1217,1174,4.407425672202486,4.396713240079381,12.484571180915806,11.827739648806956,True,False
15493,1344845560503191,0,53,0,0,0,0,0,0.0,0.0,5.727920454563199,0,False,True
15494,5547772306372634953,555,1894,1882,1574,2000,91,89,4.861205237739328,4.859435616767185,10.887220615468385,10.620219825507487,True,False
15495,49276500000000000,5,3424,1836,1708,2000,997,969,5.090139796522781,5.0708650570497396,11.741466986401146,10.73809225962049,True,False
15496,28070175438596491,3,3346,1879,1775,2000,1240,1196,5.3054830292096735,5.272928759614729,11.708221730038353,10.793603309279407,True,False
15497,911837393953864,0,245,0,0,0,0,0,0.0,0.0,7.936637939002571,0,False,True
15498,84304280965727274,8,3978,2693,2459,2000,1170,1127,4.584598078267003,4.568274847180044,11.957827560833744,11.263856019596082,True,False
15499,1503759398496240,0,382,0,0,0,0,0,0.0,0.0,8.57742882803575,0,False,True
15500,1503759398496240,0,367,0,0,0,0,0,0.0,0.0,8.519636252843213,0,False,True
15501,596067457045673237468,59607,1626,1621,1396,0,0,0,0.0,0.0,10.667111542075027,10.447083226209653,False,True
15502,114712500000000000000,11471,6282,6117,5079,0,0,0,0.0,0.0,12.617008227651965,12.310328758616798,False,True
15503,19950000000000000,2,2,1,1,0,0,0,0.0,0.0,1.0,0.0,False,False
15504,648375000000000000,65,6414,4770,4142,2000,1062,1031,4.734850609064537,4.729623418752082,12.647008638441648,12.016111838220512,True,False
15505,2154600000000000000,215,7664,6192,5232,2000,1084,1053,5.162876197991525,5.160282881324538,12.90388184573618,12.353146825498083,True,False
15506,957600000000000000,96,6565,5145,4442,2000,1069,1038,4.597868894926771,4.584751085614832,12.68057929578025,12.116993677546981,True,False
15507,19704649691074788,2,594,347,339,2000,291,286,6.45835952496242,6.4408463901112825,9.214319120800766,8.405141463136344,True,False
15508,86097046554691399,9,815,758,724,2000,235,235,4.600966836630413,4.600966836630413,9.67065624911844,9.499845887083206,True,False
15509,395691135499485000,40,3491,2740,2402,2000,733,706,4.4562095346784725,4.442206597746402,11.769424641552753,11.230020435705635,True,False
15510,100730106639433683162,10073,4012,3984,3262,0,0,0,0.0,0.0,11.970105890612182,11.671541066711884,False,True
15511,975416678062265024,98,3576,3327,2879,2000,663,660,4.548993306886872,4.5482665146964,11.804131021183318,11.491352073563435,True,False
15512,997500000000000000,100,4001,3695,3167,2000,723,718,4.424394451822585,4.423088936342889,11.966144913345602,11.62890115202819,True,False
15513,995668157414070754,100,4762,4005,3438,2000,783,776,4.387666769063397,4.382573094555955,12.217351905270334,11.747353829478062,True,False
15514,995014728839814006,100,4737,3969,3427,2000,798,792,4.740991666839086,4.740083720131254,12.209757956581393,11.742730476519174,True,False
15515,997226025134893829,100,4891,4082,3528,2000,830,820,4.469139487294024,4.465123716100466,12.25591374933779,11.784634845557521,True,False
15516,996463852492600666,100,5326,4462,3874,2000,884,874,4.50034719029318,4.498048290462798,12.378836713210614,11.919608238603253,True,False
15517,997239790859376877,100,5551,4629,4010,2000,929,917,4.5499840363124395,4.545105132329436,12.438531977761583,11.969386521342283,True,False
15518,992631919399277276,99,6077,4908,4251,2000,1001,982,4.782753679191653,4.778994649700289,12.56914357654506,12.053586543639176,True,False
15519,997795661687213456,100,6187,5004,4313,2000,1005,986,4.59330020593434,4.590339711184713,12.595024318613637,12.074476000734501,True,False
15520,997311795905212886,100,6310,5051,4345,2000,1007,983,4.827789222531967,4.823131691907132,12.623424289869911,12.085140461701762,True,False
15521,994624956845335931,99,6584,5139,4435,2000,1028,999,4.544729907818246,4.539611873737703,12.684748620421626,12.114718389188425,True,False
15522,996775666532304383,100,6617,5146,4433,2000,1011,980,4.7925649421043355,4.787515739326933,12.691961564216788,12.114067647165264,True,False
15523,996600001586693774,100,6583,5061,4365,2000,977,945,4.582098777740052,4.561100736885367,12.684529482418487,12.091765938516803,True,False
15524,996831685607204926,100,6646,5081,4380,2000,963,933,4.386889768515085,4.376727104051194,12.698270577692032,12.096715154488535,True,False
15525,996342209747042959,100,6843,5204,4490,2000,1046,1016,4.748831379580576,4.744455223114989,12.740413232033294,12.13249972962851,True,False
15526,996805191866526102,100,6592,5243,4505,2000,1089,1057,4.679163334969039,4.671554407644328,12.686500527183219,12.137311390700901,True,False
15527,997054143055138198,100,6832,5421,4662,2000,1149,1112,4.795170950685346,4.788930570755628,12.73809225962049,12.186733289128867,True,False
15528,997317342431343250,100,7200,5660,4852,2000,1208,1168,4.434995009753754,4.427195618818369,12.813781191217037,12.24436383512051,True,False
15529,997206744691075908,100,7186,5642,4838,2000,1217,1178,4.742270621782636,4.73774126481956,12.810973220002165,12.240195053979924,True,False
15530,997330396836733931,100,7213,5579,4767,2000,1226,1180,4.593294862078309,4.585928282718015,12.816383708474726,12.218865910069676,True,False
15531,997079796898128678,100,7128,5614,4804,2000,1239,1200,4.573645714329691,4.567688268363298,12.799281621521923,12.230020435705635,True,False
15532,997486015860633242,100,7079,5613,4776,2000,1244,1201,4.723046579142445,4.717218471814304,12.789329860092431,12.221587121264806,True,False
15533,997284452433376916,100,6636,5364,4559,2000,1163,1119,4.509600687909195,4.498350377292063,12.696098170955864,12.154501693864765,True,False
15534,997395756326959003,100,6216,5007,4249,2000,1091,1048,4.504592613890888,4.493184061273266,12.60177078840771,12.052907628313287,True,False
15535,997226762280300768,100,5579,4510,3844,2000,995,954,4.504691811783265,4.4933940038980476,12.445790836048076,11.90839262077375,True,False
15536,997606926394207559,100,4940,4002,3431,2000,882,846,4.514343609134174,4.5028673763939615,12.27029532647204,11.744413410557655,True,False
15537,997471997423505858,100,4595,3745,3214,2000,812,779,4.511857480846838,4.499204192445492,12.165849146176397,11.650154213675094,True,False
15538,997272773230821126,100,4064,3328,2859,2000,723,695,4.503432629217019,4.490839880277621,11.988684686772165,11.481294904631097,True,False
15539,997461047636069741,100,3769,3092,2659,2000,665,643,4.50408949376307,4.492519900021916,11.879966079664356,11.376668061857668,True,False
15540,997257451700730935,100,3417,2820,2417,2000,599,580,4.5083446030084025,4.497022807660494,11.738514532429267,11.239001757765582,True,False
15541,997071805716133093,100,2976,2472,2129,2000,534,516,4.500510556126725,4.487153529528087,11.539158811108031,11.055960234452295,True,False
15542,997997522226892539,100,2681,2218,1907,2000,472,459,4.505051084650187,4.492844428131148,11.38855550398256,10.897089128312755,True,False
15543,997174379418034973,100,2427,2033,1760,2000,432,419,4.499543071392945,4.486873052540331,11.244958393151133,10.78135971352466,True,False
15544,997495962459486713,100,2197,1853,1606,2000,398,387,4.501989998898293,4.489885888967258,11.101319154423276,10.649256177517314,True,False
15545,997530704167212544,100,1897,1618,1415,2000,353,346,4.495313425881822,4.490083060300709,10.889503963411476,10.466586337719244,True,False
15546,996294864469128723,100,1632,1382,1216,2000,308,302,4.493961892837916,4.488507025172465,10.672425341971495,10.247927513443585,True,False
15547,195634522478021940,20,919,720,660,2000,247,243,4.436984095735478,4.430948751405438,9.843921051289035,9.366322214245816,True,False
15548,299191045084934853,30,949,762,693,2000,227,223,4.485643716261976,4.479776301767175,9.89026427702111,9.436711542137214,True,False
15549,1994445238398271973,199,1222,1056,937,2000,207,203,4.356042575640883,4.350603824100892,10.25502856981873,9.871905237659186,True,False
15550,996889578306968069,100,675,573,528,2000,123,123,4.463031650927804,4.463031650927804,9.398743691938193,9.044394119358454,True,False
15551,998173752369122123,100,408,357,332,2000,100,100,4.438846303149162,4.43884630314916,8.672425341971495,8.375039431346925,True,False
15552,995368701032349084,100,113,99,95,2000,38,38,4.455131548689801,4.455131548689803,6.820178962415188,6.569855608330948,True,False
15553,993481069728302098,99,63,58,58,2000,28,28,4.332183592563635,4.332183592563635,5.977279923499917,5.857980995127572,True,False
15554,3332170573149375,0,506,0,0,0,0,0,0.0,0.0,8.98299357469431,0,False,True
15555,453229178735194207,45,6285,4750,4142,2000,1231,1190,4.400164853455304,4.389120178577883,12.61769702930787,12.016111838220512,True,False
15556,25000000000000000,3,3272,1773,1686,2000,1240,1198,5.3044739676662385,5.277953950341718,11.67595703294175,10.719388820942083,True,False
15557,130828883247117003,13,3606,2597,2359,2000,935,897,4.782990394992566,4.761407069411298,11.816183681432342,11.203959703239462,True,False
15558,156426729734663475,16,2776,2056,1854,2000,694,671,4.41619180603749,4.40414607828731,11.43879185257826,10.85642552862553,True,False
15559,33148670743363219,3,1807,1130,1064,2000,657,637,6.153311144376228,6.1247600723792015,10.8193807908646,10.055282435501189,True,False
15560,142438381519896902,14,4805,3466,3134,2000,1210,1167,4.440841943230143,4.426902583202959,12.230320715661113,11.61378946447258,True,False
15561,557675970595170000,56,977,811,733,2000,205,201,4.373714209719173,4.368822875163007,9.932214751968385,9.517669388133811,True,False
15562,14756635645107411021,1476,4635,4574,3701,2000,210,209,4.99549552580043,4.995015302278208,12.178353623512892,11.85369942030022,True,False
15563,7730277371808600000,773,2229,2214,1852,2000,94,93,4.308511069954289,4.307531423994656,11.122180901259753,10.854868383260236,True,False
15564,464187553736476674,46,2904,2328,2022,2000,582,564,4.383828321964794,4.373434923882789,11.50382573799575,10.981567281903015,True,False
15565,24917550000000000000,2492,5638,5467,4524,2000,523,520,5.571473038003595,5.570727938827399,12.460967762570421,12.14338321398982,True,False
15566,448707133416060567,45,3971,3125,2732,2000,807,775,4.396459661024235,4.3825958352030625,11.955286645524469,11.41574176829009,True,False
15567,1080686981141661658,108,2774,2699,2261,2000,285,285,4.4166725583464626,4.416672558346463,11.437752072323603,11.14274527675153,True,False
15568,1117236066886940603,112,2916,2830,2385,2000,334,333,4.6859629571312365,4.684249234521458,11.509775004326936,11.219773550892874,True,False
15569,1150070882601830584,115,3002,2904,2458,2000,367,366,4.43722088111772,4.436609914262673,11.55170826162069,11.263269200372662,True,False
15570,95760000000000000,10,3845,2463,2303,2000,1010,984,4.7148656399393865,4.703124538410782,11.908767882849189,11.169298695792845,True,False
15571,2909307076494362,0,930,0,0,0,0,0,0.0,0.0,9.861086905995395,0,False,True
15572,71820000000000000,7,4195,2706,2487,2000,1240,1201,5.303969457635546,5.2792463415642725,12.034455095327186,11.280190792216906,True,False
15573,2935581340351249256,294,1504,1496,1299,2000,90,89,4.296449047921617,4.295187984791228,10.554588851677638,10.34318571544788,True,False
15574,33703126234012321546,3370,9510,7937,6511,2000,984,955,5.41397555308092,5.4118795335954335,13.215229625747925,12.668663423175296,True,False
15575,107701744101287777,11,2233,1634,1488,2000,598,581,5.282233271743815,5.2608613259261645,11.124767535822473,10.539158811108031,True,False
15576,69483738146760263,7,735,679,639,2000,191,190,4.70998236492575,4.707230989237905,9.521600439723727,9.319672120946995,True,False
15577,116679489267424283,12,291,278,267,2000,71,70,4.257635407889077,4.255428843972354,8.184875342908283,8.060695931687555,True,False
15578,1357073075911563,0,553,0,0,0,0,0,0.0,0.0,9.111135670234708,0,False,True
15579,5176996650388058,1,666,103,103,103,103,103,6.686500527183221,6.686500527183221,9.379378367071261,6.6865005271832185,False,False
15580,572781616276512829,57,2959,2411,2084,2000,561,542,4.425997043410199,4.4116080364524075,11.530893981193922,11.025139562278508,True,False
15581,77520524213965011,8,1584,1112,1025,2000,472,461,4.4933830550285,4.483816961085505,10.62935662007961,10.001408194392809,True,False
15582,227508513170228987,23,1313,1049,946,2000,328,322,4.517907858219161,4.510515270549905,10.358651200892886,9.885696373339394,True,False
15583,295215151577467242,30,828,662,607,2000,201,197,4.459063809872829,4.452326194070058,9.693486957499326,9.245552706255681,True,False
15584,2983421664720000000,298,1369,1358,1165,2000,72,71,4.301704004306002,4.300112370208288,10.4189067312579,10.186114239541643,True,False
15585,3717554152877905,0,1240,0,0,0,0,0,0.0,0.0,10.276124405274238,0,False,True
15586,483683650245935800,48,1800,1732,1420,2000,187,186,4.430128338654651,4.428252924580307,10.813781191217037,10.471675214392045,True,False
15587,595032093262993965,60,2018,1948,1593,2000,194,193,4.532350858946495,4.531427320254073,10.978710459106358,10.63753055152531,True,False
15588,3078659868808707927,308,3638,3559,2932,2000,296,296,4.454378270636674,4.454378270636674,11.828929827651486,11.517669388133811,True,False
15589,28927500000000000,3,3434,1812,1714,2000,1213,1170,6.1325107658606095,6.099220971326183,11.745674324002135,10.7431513941125,True,False
15590,1986653255080200000,199,1121,1108,970,2000,66,66,4.315394469899113,4.315394469899113,10.130570562805426,9.92184093707449,True,False
15591,315215279080338721935,31522,5922,5828,4769,0,0,0,0.0,0.0,12.531868775177553,12.219471067394357,False,True
15592,2244375000000000000,224,5662,4902,4115,2000,791,785,4.693833384531698,4.692869173501315,12.467096033905747,12.006676715308988,True,False
15593,329175000000000000,33,504,491,464,2000,72,71,4.235476938664879,4.233975573422121,8.977279923499916,8.857980995127573,True,False
15594,488775000000000000,49,569,558,520,2000,71,70,4.29524752852567,4.293385857785686,9.152284842306582,9.022367813028454,True,False
15595,9988528793250000000,999,6476,5892,4869,2000,768,763,4.919506541255028,4.91884679111349,12.660887270302567,12.249409785269128,True,False
15596,88657064069790286458,8866,9755,8405,6879,2000,1134,1101,6.16973306727422,6.168431159775157,13.251926157496388,12.74798314030195,True,False
15597,64093991459126990025,6409,5347,5279,4287,2000,211,210,5.269324852342489,5.268922431108061,12.384513961398618,12.065752701816972,True,False
15598,73218937624156676,7,3278,2167,2061,2000,964,948,4.771820045177507,4.762097909616123,11.678600139099458,11.009128789539256,True,False
15599,6652225604406064,1,1269,244,240,244,244,240,7.930737337562885,7.8897537310055075,10.309476353841106,7.906890595608519,False,False
15600,24937500000000000,2,1564,927,885,2000,632,614,6.544131704640267,6.512060411729926,10.611024797307353,9.78953364497036,True,False
15601,112943258755103107,11,3498,2492,2270,2000,923,886,5.299994746378955,5.271113256760165,11.772314573921653,11.148476582178278,True,False
15602,85316895669483845356,8532,9628,8100,6628,2000,1035,1001,6.290557246287253,6.288544165140188,13.233020426474496,12.694357887221452,True,False
15603,23886325266698401302,2389,7188,6422,5285,2000,814,808,5.540093354969863,5.539687371378119,12.811374693509942,12.367687756270046,True,False
15604,39945355425730799544,3995,9620,8257,6784,2000,1103,1071,4.961126417646685,4.95790939775983,13.231821178657404,12.727920454563199,True,False
15605,548727061372202,0,196,0,0,0,0,0,0.0,0.0,7.614709844115208,0,False,True
15606,1112965015758836,0,785,0,0,0,0,0,0.0,0.0,9.61654884377899,0,False,True
15607,4769988807972150000,477,1790,1778,1481,2000,89,88,4.634462219456092,4.633579441103717,10.805743872151618,10.532355925288847,True,False
15608,313575253689776953204,31358,7136,6859,5654,0,0,0,0.0,0.0,12.800899899920305,12.465056167831175,False,True
15609,77251300980082974692,7725,3341,3326,2767,2000,117,116,5.1585191526763445,5.158262921633221,11.70606426733497,11.434106928609955,True,False
15610,13269587209767146,1,233,170,169,170,170,169,7.4093909361377035,7.397626230255351,7.864186144654281,7.400879436282184,False,False
15611,30684372601997137,3,434,375,367,2000,193,192,5.31029455785791,5.306506679070031,8.761551232444479,8.519636252843213,True,False
15612,1340674350151187548,134,2997,2915,2456,2000,325,325,4.922679724374049,4.922679724374049,11.549303368513575,11.262094845370179,True,False
15613,2785747468091350954,279,3587,3500,2932,2000,345,344,4.3649813371066575,4.3642313371066574,11.808562029957525,11.517669388133811,True,False
15614,3112200000000000000,311,7895,6450,5415,2000,1032,1003,4.666359596489599,4.66085037900535,12.946723550747599,12.40274562249569,True,False
15615,14679582121210781629,1468,2122,2115,1792,2000,92,90,4.676834492557139,4.675944159269913,11.051208940914766,10.807354922057604,True,False
15616,69825000000000000,7,4171,2669,2449,2000,1250,1206,4.555336391413205,4.532200498280612,12.026177596889225,11.257977058563979,True,False
15617,976552500000000000000,97655,10266,8767,7065,0,0,0,0.0,0.0,13.32558654521057,12.786473845221302,False,True
15618,452230303761297815,45,1909,1846,1590,2000,270,270,4.6818286490204635,4.681828649020462,10.898601387403938,10.634811050171718,True,False
15619,4728150000000000000,473,7726,6517,5330,2000,1093,1050,4.652784114311272,4.6453421260849055,12.915505962231931,12.379919817646538,True,False
15620,16957500000000000,2,2451,1229,1179,2000,1101,1061,6.527631214747064,6.486183701378257,11.25915476886684,10.203348002979762,True,False
15621,37284138271079459572,3728,6577,6300,5202,2000,721,716,5.274205262256044,5.273272471606306,12.683213954934427,12.34485068394299,True,False
15622,199500000000000000,20,1291,1223,1056,2000,186,185,4.487388805844652,4.484888191144083,10.33427328530719,10.044394119358454,True,False
15623,99750000000000000,10,903,836,768,2000,185,184,4.4869124400128415,4.484509075302247,9.818582177480858,9.584962500721156,True,False
15624,4163031035825044496,416,3815,3737,3076,2000,300,300,4.823987801629604,4.823987801629604,11.897467341721892,11.586839787961827,True,False
15625,49875000000000000,5,559,511,493,2000,189,189,4.771896494038019,4.771896494038019,9.12670447284319,8.945443836377912,True,False
15626,1140364096166530,0,332,0,0,0,0,0,0.0,0.0,8.375039431346925,0,False,True
15627,29925000000000000000,2993,4844,4781,3859,2000,195,193,4.952266234639139,4.951554391154154,12.24198314969433,11.914011328541255,True,False
15628,352581453634085213,35,6007,4509,3951,2000,1256,1211,4.51514997685653,4.507301910626238,12.55242894852647,11.94800213097767,True,False
15629,4788000000000000000,479,2407,2382,1940,2000,130,129,4.543397848780705,4.543129930947039,11.233020426474496,10.92184093707449,True,False
15630,16957500000000000000,1696,8442,7230,5825,2000,1112,1069,5.378947987852404,5.374400775351685,13.04336911395769,12.508042334429005,True,False
15631,595431629735629336965,59543,1626,1621,1396,0,0,0,0.0,0.0,10.667111542075027,10.447083226209653,False,True
15632,642326412176446084241,64233,1384,1235,1080,0,0,0,0.0,0.0,10.434628227636725,10.076815597050832,False,True
15633,8850851968060132247,885,6545,5777,4805,2000,815,809,5.158079639661446,5.1574725136117365,12.676177476832603,12.230320715661113,True,False
15634,3188010000000000000,319,3169,2712,2264,2000,473,460,4.697259797031961,4.687819370360211,11.629811944382233,11.144658242831882,True,False
15635,9469200460412526,1,1525,464,463,464,464,463,8.857980995127571,8.853670650299986,10.57459352733761,8.854868383260236,False,False
15636,23834518844245862858,2383,9930,8441,6915,2000,1187,1147,4.6014324987614,4.595682514142635,13.277578002415737,12.755513536037856,True,False
15637,10852233667403807481,1085,9451,7959,6463,2000,1259,1215,5.205679499264205,5.200741678688694,13.206251272060687,12.657988276277939,True,False
15638,7050000000000000000,705,7060,6009,4897,2000,994,953,4.829902979676401,4.822662401528664,12.785452468158542,12.257682480708766,True,False
15639,2314200000000000000,231,5452,4565,3816,2000,846,811,4.617461419621533,4.607316389216578,12.41256984680521,11.897845456005511,True,False
15640,123502660146341699,12,5016,3376,3054,2000,1221,1175,4.5509846965447265,4.533617195400105,12.29232163280204,11.576484346796851,True,False
15641,9875250000000000000,988,2028,2017,1682,2000,68,67,4.248817822812113,4.2467313759788015,10.985841937003341,10.715961990255144,True,False
15642,169575000000000000,17,5260,3662,3280,2000,1216,1173,4.435539421361638,4.427196020289608,12.360847084179664,11.679480099505446,True,False
15643,583537500000000000,58,6001,4568,3992,2000,1027,999,4.438817904953341,4.430203082843605,12.55098721452152,11.96289600533726,True,False
15644,23600977781249978,2,2207,1275,1245,2000,930,919,6.565365823158267,6.554149330792108,11.107870914279614,10.281930026955443,True,False
15645,30075187969924812,3,3103,1661,1591,2000,1028,999,5.246832831423566,5.224656389752572,11.59944798152872,10.635718120331047,True,False
15646,13416782761214202,1,761,378,368,378,378,368,8.562242424221074,8.504041366020015,9.571752643503546,8.523561956057012,False,False
15647,27764351899394020793,2776,5110,5050,4068,2000,217,216,5.00019384847514,4.999707617648106,12.319107575824983,11.9901039638575,True,False
15648,9062170453040431857,906,6676,5875,4914,2000,832,823,4.557031512152091,4.5551965311542215,12.704768239362599,12.262682142362165,True,False
15649,502092752170606360,50,523,519,505,2000,68,66,4.381218344235283,4.378808942012717,9.030667136246942,8.980139577639157,True,False
15650,1786074329733750000,179,1152,1145,996,2000,90,89,4.4308634148145964,4.430239959804662,10.169925001442312,9.960001932068081,True,False
15651,7276085166436029,1,1840,308,305,308,308,305,8.266786540694904,8.247306021214385,10.845490050944376,8.252665432450248,False,False
15652,10000000000000,0,5,0,0,0,0,0,0.0,0.0,2.321928094887362,0,False,True
15653,2693250000000000000,269,1123,1119,1018,2000,69,66,4.344762811546259,4.341347416927004,10.133142212400601,9.991521846075695,True,False
15654,798000000000000000,80,2250,2201,1813,2000,195,195,4.4883017993263055,4.488301799326306,11.1357092861044,10.824163209744158,True,False
15655,816314760752885036,82,3546,2900,2510,2000,646,626,4.552035429037028,4.541612453362369,11.79197682089869,11.293471648838134,True,False
15656,329343623301280105,33,5928,4415,3887,2000,1231,1192,4.551881894846181,4.537123513953634,12.533329732305834,11.924441392339197,True,False
15657,5012531328320802,1,1667,197,193,197,197,193,7.622051819456377,7.571290398136581,10.703038388986418,7.592457037268081,False,False
15658,63487518257043615,6,1439,1005,935,2000,444,433,4.755521532872979,4.741346436407268,10.490850876740298,9.868822554774999,True,False
15659,1995000000000000000,200,1563,1547,1317,2000,105,104,4.466269419126646,4.465402055796323,10.610102062999664,10.363039630256514,True,False
15660,5091833079989101698,509,3272,2833,2336,2000,456,444,4.604295503167474,4.598828143860118,11.67595703294175,11.189824558880018,True,False
15661,9965012313366675384,997,3363,2938,2408,2000,469,456,5.309450347937798,5.304340786059669,11.715533063526584,11.233619676759702,True,False
15662,25331996495554078806,2533,3479,3070,2510,2000,472,459,5.709243750408666,5.705602096100732,11.76445696361989,11.293471648838134,True,False
15663,41102756892230576,4,3580,2204,2047,2000,1222,1179,4.786612662822469,4.7659501995858875,11.805743872151618,10.99929538702341,True,False
15664,4308439751369357,0,1321,0,0,0,0,0,0.0,0.0,10.367414751246828,0,False,True
15665,4349098429199211,0,936,0,0,0,0,0,0.0,0.0,9.870364719583405,0,False,True
15666,904697497996189,0,8,0,0,0,0,0,0.0,0.0,3.0,0,False,True
15667,6985631503468867352,699,1689,1684,1487,2000,66,65,4.30003647361304,4.298212126362567,10.721953612801386,10.53818893205242,True,False
15668,9960425786805062274,996,5621,5355,4450,2000,696,691,5.626384772196872,5.603117806131246,12.456611099574918,12.119589620741122,True,False
15669,903631909567833439512,90363,7077,6810,5619,0,0,0,0.0,0.0,12.788922203960619,12.456097684964202,False,True
15670,61794768693001485553,6179,6758,6487,5372,2000,731,726,6.303557181422945,6.302931173339937,12.722380635163802,12.391243589427443,True,False
15671,4479481604062500000,448,1636,1625,1336,2000,75,74,4.543441600256452,4.541849474480397,10.67595703294175,10.383704292474052,True,False
15672,166072759566280158,17,315,303,291,2000,63,63,4.508840195102234,4.508840195102234,8.29920801838728,8.184875342908283,True,False
15673,1116241289635980218,112,970,957,840,2000,76,75,4.277173127376492,4.2760084565090075,9.92184093707449,9.714245517666123,True,False
15674,56257994630461387,6,3719,2442,2251,2000,1160,1118,4.7750852538136455,4.754269715188315,11.860699032611988,11.136350341454156,True,False
15675,149625000000000000,15,1945,1743,1634,2000,595,593,4.429877931881513,4.429177756837753,10.925554439873554,10.674192268145683,True,False
15676,13656774405600951,1,1414,678,652,678,678,652,9.405141463136346,9.319058088539588,10.4655664048094,9.348728154231077,False,False
15677,75174245312531376,8,4227,2732,2507,2000,1237,1198,5.155400624839631,5.135969115554325,12.045418397030792,11.291746280833939,True,False
15678,5985000000000000,1,1762,226,221,226,226,221,7.820178962415187,7.767081617282445,10.782998208920414,7.787902559391432,False,False
15679,124687500000000000000,12469,10189,8690,7007,0,0,0,0.0,0.0,13.314724844612032,12.774581180893598,False,True
15680,50872500000000000,5,3000,1964,1819,2000,972,933,5.102438464736487,5.078295432250634,11.550746785383243,10.828929827651486,True,False
15681,5685750000000000,1,388,81,81,81,81,81,6.339850002884626,6.339850002884626,8.599912842187127,6.339850002884624,False,False
15682,93906301087999156317,9391,2828,2532,2109,2000,403,396,5.957584468059551,5.95639303241246,11.4655664048094,11.042343379793692,True,False
15683,44701049180219066,4,2393,1541,1496,2000,858,848,4.787422034307598,4.781244657821462,11.2246046815385,10.546894459887637,True,False
15684,270255284578820690,27,1500,1444,1259,2000,195,194,4.391636287393986,4.389801883992002,10.550746785383243,10.298062567719017,True,False
15685,21553476475772962322,2155,3265,3239,2662,2000,137,136,5.01310878677439,5.0129520142205095,11.672867276433793,11.378294855911891,True,False
15686,3555361695907293163,356,6917,5986,5061,2000,948,936,5.1747068548304975,5.172473104940156,12.755930741084399,12.305206759008723,True,False
15687,1022769214806878,0,326,0,0,0,0,0,0.0,0.0,8.348728154231077,0,False,True
15688,1240048257982423174,124,6847,5510,4698,2000,1019,993,4.958335500228887,4.95567053702511,12.741256297092136,12.197830998012197,True,False
15689,349125000000000,0,170,0,0,0,0,0,0.0,0.0,7.409390936137702,0,False,True
15690,6635708675629926,1,1881,262,260,262,262,260,8.033423001537452,8.018155825964932,10.877284133523196,8.022367813028454,False,False
15691,4069163002345350000,407,1743,1737,1470,2000,89,88,4.332419526815646,4.331395327938214,10.767356854125685,10.521600439723727,True,False
15692,13984894613849180013,1398,6727,5775,4685,2000,911,874,5.2424964648084025,5.2374052761284835,12.715747542831355,12.19383333254655,True,False
15693,145313405879622981,15,4488,2946,2664,2000,978,948,4.748140717317526,4.739128387332313,12.131856960608793,11.379378367071261,True,False
15694,74812500000000000,7,2612,1780,1638,2000,784,755,4.543233400322871,4.5270576686852335,11.350939181546432,10.677719641641009,True,False
15695,7025583122553000459,703,4012,3944,3173,2000,199,198,4.6292063180206595,4.628406131310426,11.970105890612182,11.631631805917637,True,False
15696,70691719191261156,7,760,693,651,2000,190,189,4.614098238276989,4.611769456653192,9.569855608330949,9.346513733165635,True,False
15697,10025062656641604010,1003,9404,7817,6398,2000,1219,1177,4.795292306344855,4.790689920094138,13.199058823653022,12.643405277115674,True,False
15698,2687525525086363,0,1242,0,0,0,0,0,0.0,0.0,10.278449458220482,0,False,True
15699,9673003744256475000,967,2025,2014,1701,2000,63,63,4.371035848979377,4.3710358489793775,10.98370619265935,10.732167425663386,True,False
15700,10809341545000000000,1081,4635,4578,3668,2000,200,199,4.413440907200002,4.412330076601669,12.178353623512892,11.840777923595054,True,False
15701,1777632677456624,0,964,0,0,0,0,0,0.0,0.0,9.912889336229961,0,False,True
15702,1000000000000000,0,202,0,0,0,0,0,0.0,0.0,7.658211482751795,0,False,True
15703,492331988115640505,49,5959,4343,3796,2000,1060,1030,4.524955758637352,4.511214602607621,12.540854532113636,11.89026427702111,True,False
15704,767590791390165193,77,617,519,479,2000,122,122,4.468758821718584,4.468758821718584,9.269126679149418,8.90388184573618,True,False
15705,7942893000000000000,794,7755,6759,5676,2000,984,973,4.760425545020232,4.75911138959505,12.920911065923454,12.470658874060552,True,False
15706,3991687151178717407,399,1689,1681,1446,2000,94,92,4.522105155366091,4.521110222848367,10.721953612801386,10.497851836951117,True,False
15707,2970306443177515482,297,1511,1503,1301,2000,83,82,4.283287977386809,4.282226131119629,10.561287945164828,10.345405246717796,True,False
15708,3319500952506099,0,37,0,0,0,0,0,0.0,0.0,5.20945336562895,0,False,True
15709,99750000000000000,10,1947,1676,1602,2000,697,693,4.377877263635392,4.376162242912225,10.927037168720295,10.64565843240871,True,False
15710,10892281590827578,1,459,226,224,226,226,224,7.820178962415187,7.80247984737094,8.842350343413807,7.807354922057604,False,False
15711,2354286220533155,0,141,0,0,0,0,0,0.0,0.0,7.139551352398794,0,False,True
15712,26272795785569436077,2627,8767,7545,6071,2000,1142,1099,5.789684474252536,5.7865036261188365,13.097867532627768,12.567718457850754,True,False
15713,249375000000000000,25,480,471,447,2000,75,74,4.7511510482629,4.749667368632877,8.906890595608518,8.804131021183318,True,False
15714,31898873436052460916,3190,8568,7571,6334,2000,999,988,5.761143179491456,5.760645280182199,13.064742764750257,12.62890115202819,True,False
15715,164853989910917784,16,595,573,506,2000,114,113,4.265968261401285,4.265427951173192,9.216745858195306,8.98299357469431,True,False
15716,1497828934234490928,150,7670,6084,5129,2000,1213,1172,4.512679583087158,4.5063525634441595,12.905010862390295,12.324461855977317,True,False
15717,17478524756443254,2,267,222,222,2000,202,202,6.4308252122110545,6.430825212211055,8.060695931687555,7.794415866350106,True,False
15718,2992500000000000000,299,4592,4361,3677,2000,649,646,4.836630885137543,4.836095682161815,12.164906926675688,11.844313461203296,True,False
15719,1216950000000000000,122,4194,3917,3334,2000,707,703,4.459384488134497,4.458293479861016,12.034111146096592,11.703038388986418,True,False
15720,250000000000000000,25,71,59,57,2000,33,33,4.2387249339583475,4.2387249339583475,6.149747119504682,5.832890014164741,True,False
15721,4986445880808356707,499,8482,7185,5870,2000,1184,1140,4.600928372730138,4.594151464521882,13.050188767596435,12.519144787997414,True,False
15722,15974334004192984,2,268,212,211,2000,195,194,6.4267863382088395,6.421783836958214,8.066089190457772,7.721099188707185,True,False
15723,13006220190966128,1,1010,697,694,697,697,694,9.445014845868423,9.436406524491094,9.980139577639157,9.43879185257826,False,False
15724,33000000000000000,3,3537,1947,1830,2000,1210,1169,6.129299236885,6.0975980946236294,11.788310503700918,10.837627933171404,True,False
15725,2458850049896974438,246,7329,6107,5058,2000,1111,1069,4.567071384900841,4.558727501669011,12.839400648988413,12.304351321663239,True,False
15726,1434986487562076,0,556,0,0,0,0,0,0.0,0.0,9.118941072723507,0,False,True
15727,12896576181166939178,1290,9754,8214,6736,2000,1200,1160,4.439567549948441,4.426402548338711,13.251778257035868,12.717676423066395,True,False
15728,91482526302553999157,9148,4715,4656,3790,2000,182,181,5.5603004644665415,5.559313997850925,12.20304205556246,11.887982133058454,True,False
15729,70106799616417236673,7011,10069,8544,6901,2000,1255,1214,5.510786332670053,5.50869701338773,13.297632789142513,12.75258971764099,True,False
15730,5519427952294797887,552,5357,5086,4264,2000,701,697,5.30767174207148,5.307284645297286,12.38720958071964,12.057991722759176,True,False
15731,1124491008986371,0,332,0,0,0,0,0,0.0,0.0,8.375039431346925,0,False,True
15732,99750000000000000,10,208,202,193,2000,62,61,4.221620909968343,4.2194714379271545,7.700439718141092,7.592457037268081,True,False
15733,11457115541655204881,1146,4517,4450,3597,2000,193,192,4.713672936983227,4.712870556588054,12.141149198437516,11.81257844413538,True,False
15734,13379649999705859055,1338,4611,4544,3682,2000,193,192,4.627294046224176,4.626493806152154,12.170863950411928,11.846273911349906,True,False
15735,291939205668236128591,29194,4935,4876,3965,0,0,0,0.0,0.0,12.26883436934376,11.953105150591341,False,True
15736,399000000000000000,40,5327,3931,3475,2000,1011,984,4.546291801341901,4.537320967241586,12.37910756556115,11.762797262498232,True,False
15737,5764115585773125000,576,1802,1790,1495,2000,69,69,4.6953551472975805,4.695355147297581,10.815383295813538,10.545929769085467,True,False
15738,1770464512462800000,177,2874,2806,2299,2000,191,190,4.356247279263952,4.354605607676815,11.488844346457336,11.16679075071818,True,False
15739,9962032500000000,1,251,86,85,86,86,85,6.426264754702099,6.40300894074861,7.971543553950772,6.409390936137702,False,False
15740,1026607465819925067,103,4087,3810,3246,2000,708,704,4.459477367498174,4.458386309626645,11.996826528020659,11.664447284547972,True,False
15741,3260600120054666,0,1328,0,0,0,0,0,0.0,0.0,10.375039431346925,0,False,True
15742,18943324287829971,2,275,219,218,2000,187,186,6.420322097158003,6.414819345782315,8.103287808412022,7.768184324776926,True,False
15743,255360000000000000,26,5262,3969,3515,2000,1177,1134,4.394674635773536,4.382636092266784,12.36139553316589,11.779308973959898,True,False
15744,1372560000000000000,137,7118,5682,4837,2000,1031,1002,4.638723055846952,4.634286732370606,12.797256217509785,12.239896822445862,True,False
15745,39445015373470321956,3945,9273,8014,6618,2000,1009,985,4.827409008852817,4.8227744847391,13.178820439579379,12.692179576312538,True,False
15746,4987500000000000,0,1107,0,0,0,0,0,0.0,0.0,10.112439506781552,0,False,True
15747,315549281800148827,32,4079,3127,2756,2000,890,854,4.8373087295188775,4.814933931781928,11.993999791792524,11.428360172704291,True,False
15748,180753030235852130240,18075,2024,2020,1735,0,0,0,0.0,0.0,10.98299357469431,10.760719947465624,False,True
15749,133225208674734,0,106,0,0,0,0,0,0.0,0.0,6.727920454563199,0,False,True
15750,4387703498945366033,439,7180,6211,5244,2000,965,954,4.8773515124221,4.876230143597794,12.809768128710413,12.356451970221755,True,False
15751,1567160289797034867,157,1137,1126,974,2000,84,83,4.5405896765996125,4.540069006939043,10.151016538892248,9.927777962082342,True,False
15752,988681083233824367,99,876,865,767,2000,80,78,4.258068179536291,4.254964038074132,9.774787059601174,9.583082767502933,True,False
15753,183627757433698328,18,439,424,393,2000,84,83,4.239968653294118,4.238527161025074,8.778077129535358,8.618385502258606,True,False
15754,973248684838500000,97,885,878,791,2000,85,84,4.413986922833163,4.4126203239231065,9.78953364497036,9.627533884472792,True,False
15755,227296572429937500,23,1435,1380,1232,2000,232,232,4.35868320360062,4.35868320360062,10.486835021563051,10.266786540694902,True,False
15756,1047375000000000000,105,137,119,115,2000,43,43,4.500458014157334,4.500458014157335,7.098032082960526,6.845490050944375,True,False
15757,39900000000000000000,3990,10083,8518,6932,2000,1247,1207,5.680897406331323,5.67910559065983,13.299637328029158,12.75905593916017,True,False
15758,34912500000000000000,3491,10048,8469,6896,2000,1260,1219,5.957032761434055,5.954710561521609,13.294620748891626,12.751544059089099,True,False
15759,12092622980372254769,1209,9542,7956,6504,2000,1222,1182,4.878835440395565,4.875018366938361,13.220075970984304,12.667111542075027,True,False
15760,29921968841344347734,2992,8366,7406,6204,2000,976,965,5.890674421683357,5.890234664891896,13.030322282644034,12.59898297103609,True,False
15761,3702572613158442497,370,7356,6252,5283,2000,972,957,4.50904546592793,4.506101433470677,12.844705764411938,12.367141694552364,True,False
15762,361444477177917485,36,4194,3239,2851,2000,895,859,4.400515458400409,4.3871904245118625,12.034111146096592,11.477252323937952,True,False
15763,407109576643028996,41,2080,1986,1736,2000,367,366,4.3730818151319335,4.3723317682540035,11.022367813028454,10.761551232444479,True,False
15764,140564376217525099,14,3518,2622,2450,2000,908,897,4.408399191183102,4.405590065687725,11.78053976747196,11.258566033889933,True,False
15765,156098601041105571,16,3618,2715,2525,2000,912,901,4.550448258270244,4.545762782973016,11.82097669262124,11.302067672526519,True,False
15766,337679613312282043,34,5159,3769,3341,2000,1016,990,4.664684639037782,4.658500125273743,12.332875731152674,11.70606426733497,True,False
15767,940459767975517748,94,774,763,683,2000,76,75,4.452135022519885,4.450874452430159,9.59618975614441,9.41574176829009,True,False
15768,997500000000000,0,492,0,0,0,0,0,0.0,0.0,8.94251450533924,0,False,True
15769,48287519740015195027,4829,10302,8762,7144,2000,1249,1206,6.049791607703778,6.004905373095852,13.33063682472329,12.802516365121223,True,False
15770,18983890052411196,2,2280,1111,1088,2000,992,974,6.503555614576317,6.483545839571989,11.154818109052105,10.087462841250339,True,False
15771,1702908209566191733,170,7271,5760,4898,2000,974,945,4.465673600360395,4.458147000286208,12.827938080144989,12.257977058563979,True,False
15772,88777500000000000,9,3252,2256,2143,2000,973,962,4.536633756364257,4.532147383792516,11.667111542075027,11.065416134676548,True,False
15773,8008879864469283083,801,1710,1705,1509,2000,74,72,4.651760621988726,4.650231714106008,10.73978060977326,10.559377090526683,True,False
15774,2136943599456650319,214,3355,3274,2733,2000,307,307,4.63356918209611,4.63356918209611,11.712097051087547,11.416269744523207,True,False
15775,2377787983240950000,238,1339,1332,1143,2000,83,82,4.2821173381711874,4.281061311668252,10.386940245324311,10.158609688214478,True,False
15776,7298942663603683262,730,3737,3673,2942,2000,182,180,4.577388385380109,4.576273839541341,11.867664848380745,11.522581531254831,True,False
15777,681388980344863185,68,4884,3887,3349,2000,922,884,4.4361408825411734,4.422615568146563,12.253847484987404,11.709514660706716,True,False
15778,26101818227116078,3,951,605,581,2000,390,381,5.758656723136582,5.73934653902978,9.893301530860564,9.18239435340453,True,False
15779,1981138381415508000,198,1287,1117,984,2000,220,216,4.449631202237314,4.4454606256551,10.329796338220701,9.94251450533924,True,False
15780,401513543664995384,40,1034,1007,849,2000,127,126,4.4345280459117475,4.434213610572004,10.014020470314934,9.729620743553038,True,False
15781,108715350734278048,11,3553,2564,2412,2000,957,947,4.541610266727194,4.537524791429966,11.794821973331223,11.236014191900084,True,False
15782,6922784808257128090,692,3703,3639,2915,2000,185,183,4.629775440355925,4.6287295354151645,11.85447883417163,11.509280168087859,True,False
15783,96286793255631359,10,193,181,179,2000,56,56,4.256496951050794,4.256496951050793,7.592457037268081,7.483815777264256,True,False
15784,59749319917420035000,5975,1923,1720,1469,2000,293,289,5.933642926521291,5.93297347784223,10.909143047339898,10.52061868055628,True,False
15785,149567356523553801909,14957,5953,5851,4804,0,0,0,0.0,0.0,12.539401179028113,12.230020435705635,False,True
15786,6180834871205683482,618,3306,3248,2627,2000,149,148,4.369871278717041,4.364338466538878,11.690871009292314,11.359200485133632,True,False
15787,475712923626252804,48,222,220,217,2000,49,49,4.352584356354107,4.3525843563541065,7.794415866350106,7.7615512324444795,True,False
15788,50125313283208020,5,655,587,561,2000,185,184,4.832141691522217,4.828999919038908,9.355351096424812,9.131856960608793,True,False
15789,24298428273525000000,2430,4970,4902,3970,2000,202,201,4.677370750323222,4.676620398595849,12.279030136449649,11.95492329203032,True,False
15790,39230764830247981,4,580,392,374,2000,225,221,5.219067117261757,5.2064046686516905,9.179909090014934,8.546894459887637,True,False
15791,1975050000000000000,198,5484,4721,3981,2000,788,782,4.39409344066412,4.391889372304075,12.421012855779226,11.958915156091349,True,False
15792,109725000000000000,11,292,279,269,2000,74,73,4.286871135054506,4.285079752642226,8.189824558880018,8.071462362556623,True,False
15793,1913739825828401712,191,3255,3169,2651,2000,330,329,4.419333414699341,4.417098164144488,11.668441828052998,11.37232095486726,True,False
15794,7773192074212933477,777,8770,7477,6068,2000,1192,1147,5.0478041026978335,5.041831940952163,13.098361127332096,12.567005370247033,True,False
15795,11700035652761919,1,1314,605,584,605,605,584,9.240791332161958,9.16540349666702,10.35974956032233,9.189824558880018,False,False
15796,229437528804102951621,22944,5589,5531,4501,0,0,0,0.0,0.0,12.448374459662794,12.136029849385551,False,True
15797,172944990178058606,17,316,304,292,2000,69,69,4.387379038823935,4.387379038823935,8.303780748177102,8.189824558880018,True,False
15798,46836348549465159,5,496,432,415,2000,170,168,4.6962730669750545,4.6923699952156435,8.954196310386875,8.696967526234287,True,False
15799,29672689057101265009,2967,3924,3889,3175,2000,128,126,4.7071547031455525,4.706796524807089,11.938109326219239,11.63254087654689,True,False
15800,100000000000000000,10,918,876,827,2000,208,208,4.4961959661996485,4.4961959661996485,9.842350343413807,9.691743519171276,True,False
15801,496111533223378598,50,1842,1782,1501,2000,204,203,4.452172942329375,4.4510187531472765,10.847057346091336,10.55170826162069,True,False
15802,443709092027268111,44,578,571,540,2000,71,70,4.269210650906911,4.2675090473558726,9.174925682500678,9.076815597050832,True,False
15803,10626943643539164442,1063,2111,2099,1754,2000,66,66,4.248855887304981,4.248855887304982,11.043710863347156,10.776433032444734,True,False
15804,3063072452717389028,306,1456,1444,1189,2000,64,64,4.362822820794727,4.362822820794726,10.507794640198696,10.215532999745657,True,False
15805,10972500000000000,1,2594,1004,969,1004,1004,969,9.971543553950772,9.894731387139254,11.3409627642517,9.92035285541508,False,False
15806,16040100250626566416,1604,3976,3918,3177,2000,153,152,4.434295608612595,4.430828889638221,11.957102041562287,11.633449374713493,True,False
15807,540401380373127,0,179,0,0,0,0,0,0.0,0.0,7.483815777264256,0,False,True
15808,467380636593451203,47,4036,3270,2886,2000,787,781,4.436131888833505,4.4335606594191495,11.978710459106358,11.494855584491198,True,False
15809,1894902069624699235,189,5441,4662,3957,2000,823,813,4.75004416584277,4.748474514557216,12.409656113059851,11.950191349972702,True,False
15810,4585076863533976,0,376,0,0,0,0,0,0.0,0.0,8.554588851677638,0,False,True
15811,3009796144592729140,301,7950,6592,5539,2000,1093,1061,4.504736298905035,4.4988384291124675,12.95673914505908,12.43540982316332,True,False
15812,5881444621212195000,588,2534,2238,1885,2000,366,359,4.778160197680996,4.774652991824371,11.30720080914081,10.880348808156027,True,False
15813,13965000000000000000,1397,5245,5087,4201,2000,490,488,5.064212506509266,5.063814100134765,12.35672705746463,12.036517070486518,True,False
15814,9975000000000000000,998,5669,5403,4491,2000,696,692,4.389219613903696,4.38665722260799,12.468878553819426,12.132821006779572,True,False
15815,9975000000000000000,998,5755,5479,4550,2000,713,709,5.04284146699422,5.042341435742268,12.490600213019592,12.151650829973422,True,False
15816,979545000000000000,98,2258,1892,1644,2000,409,398,4.526044232963066,4.514565386136464,11.140829770773001,10.682994583681683,True,False
15817,49578524320640995,5,1563,1052,979,2000,534,518,4.933756580378487,4.915165544130629,10.610102062999664,9.935165049603695,True,False
15818,130353300000000000,13,4646,3011,2725,2000,1040,1011,4.749029779136669,4.7318079744478165,12.181773438808808,11.41204051455165,True,False
15819,199458593728396930,20,3169,2362,2124,2000,766,739,4.538393628568517,4.5244723201281705,11.629811944382233,11.052568050804153,True,False
15820,3428669355589269172,343,3574,3528,2854,2000,213,213,5.1562716778765605,5.1562716778765605,11.80332391904149,11.478769619475763,True,False
15821,3779539325333999730,378,3568,3069,2547,2000,526,509,4.647119459089389,4.6363905126061145,11.800899899920305,11.314583244274194,True,False
15822,149625000000000000,15,931,878,781,2000,147,147,4.371114220473656,4.371114220473655,9.862637357558794,9.60917873814198,True,False
15823,997500000000000000,100,2043,1983,1610,2000,163,162,4.3970947957039135,4.393393004194582,10.996473488733228,10.65284497300198,True,False
15824,75974124508945216,8,787,727,676,2000,199,198,4.70717087112817,4.7044174293259164,9.620219825507487,9.400879436282183,True,False
15825,8218199558282272755,822,5030,4842,4019,2000,569,567,5.4438226199391,5.4435940321828316,12.29634268469289,11.972620862058745,True,False
15826,103802472892704233137,10380,7386,6978,5752,0,0,0,0.0,0.0,12.850577547205614,12.489847960439297,False,True
15827,2005012531328320,0,851,0,0,0,0,0,0.0,0.0,9.733015321685963,0,False,True
15828,183990933217917896,18,1234,1165,1047,2000,191,190,4.3560258319320955,4.35438439498679,10.269126679149418,10.032045726930809,True,False
15829,5414116989562079763,541,8498,6915,5745,2000,987,957,4.738337012478142,4.733582352808336,13.052907628313287,12.488091177533475,True,False
15830,2451909347208125,0,504,0,0,0,0,0,0.0,0.0,8.977279923499916,0,False,True
15831,618269902747423187,62,6135,4666,4062,2000,995,965,4.490079258884003,4.483231382839396,12.582847628550267,11.987974524296153,True,False
15832,2992500000000000000,299,2026,2004,1645,2000,119,118,4.477947568297341,4.477568397833742,10.984418458801137,10.683871868622603,True,False
15833,498750000000000000,50,994,970,815,2000,118,117,4.418287132520879,4.417715732915908,9.957102041562287,9.67065624911844,True,False
15834,1631477774141426210,163,7250,5753,4877,2000,962,933,4.468627699651233,4.461896566416328,12.82376527978966,12.251778257035868,True,False
15835,639837485368429772,64,555,551,530,2000,65,64,4.333010315547085,4.331061061116618,9.116343961237469,9.049848549450562,True,False
15836,7481250000000000,1,1976,379,370,379,379,370,8.566054038171089,8.513283589622278,10.948367231584678,8.531381460516313,False,False
15837,3570492217424045,0,1193,0,0,0,0,0,0.0,0.0,10.220378327695228,0,False,True
15838,60000000000000000,6,1081,781,731,2000,363,357,4.745939334456216,4.737201382398626,10.07815080773465,9.513727595952437,True,False
15839,109254871281094433896,10925,4391,3879,3147,0,0,0,0.0,0.0,12.100333819126542,11.619761463298424,False,True
15840,244308124251617,0,30,0,0,0,0,0,0.0,0.0,4.906890595608519,0,False,True
15841,4218834443539714,0,445,0,0,0,0,0,0.0,0.0,8.79766152585376,0,False,True
15842,12228106586869356,1,1676,759,727,759,759,727,9.567956075415466,9.475249187435757,10.710806433699352,9.505811553919594,False,False
15843,20000000000000000,2,1549,853,822,2000,667,646,6.489753915158257,6.454963123780118,10.597121428789569,9.682994583681683,True,False
15844,498750000000000000,50,2055,1677,1469,2000,411,400,4.398539989721643,4.3887097166015145,11.004922678569045,10.52061868055628,True,False
15845,82892250000000000000,8289,7500,6916,5688,2000,784,778,5.569216155563145,5.568455440818529,12.872674880270605,12.473705749619416,True,False
15846,31421250000000000000,3142,7175,6569,5383,2000,800,794,6.004973355574343,6.004441308853851,12.808763116450413,12.39419471001943,True,False
15847,17955000000000000000,1796,6922,6271,5162,2000,795,789,5.240900774689151,5.240354040216503,12.756973226165448,12.33371442609397,True,False
15848,35910000000000000000,3591,7412,6658,5465,2000,788,782,4.6936488273510815,4.692684616320697,12.855647166027266,12.416005780559267,True,False
15849,1296750000000000000,130,7148,5563,4731,2000,989,957,4.919586721565204,4.91467565660119,12.80332391904149,12.207929445511667,True,False
15850,32093049217032393419,3209,5121,5054,4100,2000,205,204,5.11853377119003,5.118069033186079,12.322209843748894,12.001408194392809,True,False
15851,199500000000000000,20,325,314,302,2000,59,59,4.224101454351763,4.224101454351764,8.344295907915816,8.238404739325079,True,False
15852,997500000000000000,100,821,809,716,2000,66,66,4.338071255801466,4.338071255801466,9.681238411777805,9.483815777264256,True,False
15853,5559804801063054299,556,3247,3189,2585,2000,154,153,4.48875828040072,4.485529544441505,11.664891669286089,11.335948565202298,True,False
15854,354824914500000000000,35482,2928,2915,2381,0,0,0,0.0,0.0,11.515699838284043,11.217351905270334,False,True
15855,1594801001369159487,159,7522,6187,5164,2000,1204,1162,4.434691124423733,4.426428205375424,12.876900591040306,12.33427328530719,True,False
15856,133665000000000000,13,5054,3423,3091,2000,1218,1172,4.398724048847498,4.381925378611192,12.303209948944776,11.593857938858223,True,False
15857,14393925000000000000,1439,5453,5260,4350,2000,598,596,5.763642357157302,5.763479453118194,12.412834440119273,12.086799685623452,True,False
15858,4566434168835000000,457,1814,1805,1512,2000,82,81,4.468708494860694,4.468146179691338,10.824958740528523,10.562242424221072,True,False
15859,298177362879301701,30,4155,3148,2792,2000,926,887,4.969565348873966,4.9487098726636765,12.020632761657707,11.447083226209653,True,False
15860,89775000000000000,9,836,616,575,2000,267,262,4.565219310394877,4.558017643471615,9.707359132080883,9.167418145831737,True,False
15861,11447643443444017,1,533,274,270,274,274,270,8.098032082960525,8.068835002668557,9.057991722759176,8.076815597050832,False,False
15862,99750000000000,0,7,0,0,0,0,0,0.0,0.0,2.807354922057604,0,False,True
15863,16922877266468001213,1692,7025,6270,5156,2000,794,788,5.008980939139921,5.008298734466438,12.77828250999565,12.332036548361652,True,False
15864,2925534967839743744,293,5764,4996,4205,2000,790,784,4.388491756892357,4.38656333483159,12.492854620174748,12.037890085142507,True,False
15865,3112442512665448513,311,5831,5063,4258,2000,798,792,4.844162670533233,4.843315849999359,12.509527607423152,12.055960234452295,True,False
15866,2376484306650023098,238,5626,4852,4099,2000,809,800,4.434151099797129,4.431708240005525,12.4578938373147,12.001056274634779,True,False
15867,2399654460023499137,240,7324,6072,5118,2000,1006,985,4.640667374945649,4.635979961799034,12.838416075797337,12.321364432039447,True,False
15868,124687500000000000,12,947,724,669,2000,267,262,4.90619017190958,4.895629461037493,9.887220615468385,9.38586240064146,True,False
15869,1904522576185965336,190,2181,2143,1750,2000,125,125,4.3254107324034505,4.3254107324034505,11.09077405464075,10.77313920671969,True,False
15870,9855300000000000000,986,4423,4368,3510,2000,215,214,4.911729302340824,4.911200646807961,12.110809526898654,11.777255315191923,True,False
15871,3678647321539970574,368,3183,3120,2531,2000,180,178,4.680198992010616,4.675851312627898,11.636171441635922,11.305491792110685,True,False
15872,498750000000000,0,3,0,0,0,0,0,0.0,0.0,1.584962500721156,0,False,True
15873,19950000000000000,2,1915,1032,1017,2000,910,900,6.57252661852719,6.561382767835312,10.903128676812319,9.9901039638575,True,False
15874,4374037500000000000,437,4059,3492,2878,2000,573,555,4.464499835561166,4.4568224852252545,11.986908624697694,11.490850876740298,True,False
15875,3650850000000000000,365,3873,3327,2760,2000,563,544,4.504996951256854,4.492854772918178,11.919235786028347,11.430452551665532,True,False
15876,1293488224875000000,129,2781,2334,1987,2000,457,445,4.422324390167611,4.4138463615839285,11.441388029346687,10.95637615724967,True,False
15877,2523675000000000000,252,1736,1720,1440,2000,106,105,4.47518095985919,4.474623653743934,10.761551232444479,10.491853096329674,True,False
15878,90883092825000000000,9088,9148,8013,6688,2000,1016,999,6.087967943295796,6.086963667006013,13.159240650411673,12.707359132080883,True,False
15879,273702189600000000000,27370,9328,8176,6828,0,0,0,0.0,0.0,13.187352073200497,12.737247343027738,False,True
15880,91968013725000000000,9197,9223,8064,6716,2000,1008,991,5.477155162405895,5.476069057324489,13.171020382511934,12.71338651493703,True,False
15881,146823680850000000000,14682,9335,8162,6798,0,0,0,0.0,0.0,13.188434307113564,12.730894646541671,False,True
15882,289833939150000000000,28983,9395,8220,6831,0,0,0,0.0,0.0,13.197677446307418,12.737881076857779,False,True
15883,305603346420352988703,30560,9423,8246,6850,0,0,0,0.0,0.0,13.201970728373121,12.74188827273525,False,True
15884,102509224650000000000,10251,9336,8156,6768,0,0,0,0.0,0.0,13.188588845707349,12.72451385311995,False,True
15885,994019397533442954,99,2393,2338,1915,2000,199,198,4.354783468815818,4.353407780971895,11.2246046815385,10.903128676812319,True,False
15886,1991474019786785810,199,3063,3007,2447,2000,196,194,4.430361231313293,4.425368999662424,11.580729651598958,11.25679838607939,True,False
15887,1972261899832332412,197,3036,2981,2447,2000,224,223,4.537134609623662,4.533960473855192,11.567956075415466,11.25679838607939,True,False
15888,1596000000000000000,160,3224,3126,2634,2000,369,368,4.390540731744105,4.389873990995132,11.654636028527968,11.363039630256514,True,False
15889,363855582401332593,36,2570,2366,2112,2000,608,606,4.599071174583928,4.598642572540925,11.32755264408124,11.044394119358454,True,False
15890,715184189098885154,72,3308,3071,2674,2000,643,640,4.452251300221519,4.450754294233495,11.691743519171276,11.384783750093353,True,False
15891,1800000000000000000,180,5422,4657,3932,2000,798,792,4.80118734797054,4.800291371173134,12.404609397837712,11.94104760634058,True,False
15892,1190744806392597879,119,5711,4841,4166,2000,884,874,4.552371081108879,4.547628705682428,12.479527669256347,12.024447124040647,True,False
15893,2292271206573305572,229,3145,3079,2509,2000,201,200,4.48751235017011,4.486595492491426,11.618844301766652,11.292896755409172,True,False
15894,8998470761700000,1,733,226,224,226,226,224,7.820178962415187,7.80247984737094,9.517669388133811,7.807354922057604,False,False
15895,140072147094658299,14,1107,1048,960,2000,195,194,4.5667069556683195,4.564420528730054,10.112439506781552,9.906890595608518,True,False
15896,42892500000000000,4,95,91,87,2000,58,56,4.449476304052282,4.442218969389806,6.569855608330948,6.442943495848728,True,False
15897,3568014881996267,0,450,0,0,0,0,0,0.0,0.0,8.813781191217037,0,False,True
15898,636838714505793,0,85,0,0,0,0,0,0.0,0.0,6.409390936137702,0,False,True
15899,5773796776865848133,577,7364,6249,5105,2000,1035,994,4.739931763262388,4.731099870295572,12.846273911349906,12.317695245765163,True,False
15900,408976590383400038281,40898,8687,7527,6059,0,0,0,0.0,0.0,13.08464232218796,12.564863990226941,False,True
15901,29995868727855611599,3000,8865,7635,6142,2000,1166,1123,6.132615150130434,6.130197546275348,13.113904915786051,12.584492796975875,True,False
15902,101651493622200102,10,1805,1601,1527,2000,605,602,4.815724256784399,4.811829910284958,10.817783121774534,10.576484346796851,True,False
15903,99306338362884926820,9931,5731,5673,4567,2000,232,230,5.592602451710655,5.591133891824016,12.484571180915806,12.157031074378354,True,False
15904,498750000000000,0,25,0,0,0,0,0,0.0,0.0,4.643856189774724,0,False,True
15905,823614498198367188,82,1898,1838,1498,2000,163,162,4.366169406461745,4.362033651934324,10.89026427702111,10.54882190845875,True,False
15906,19443406484415417,2,2180,1144,1093,2000,969,931,6.539463804750289,6.497700265262198,11.090112419664289,10.094077685671905,True,False
15907,9935100000000000000,994,3201,3171,2586,2000,119,116,4.81803929488072,4.817285945725765,11.644306961545581,11.336506559810255,True,False
15908,3491250000000000,0,696,0,0,0,0,0,0.0,0.0,9.442943495848729,0,False,True
15909,1414102930285519645,141,6005,5108,4390,2000,915,904,4.513676287200447,4.51160505778609,12.551948530592997,12.10000522442272,True,False
15910,876812051815769,0,422,0,0,0,0,0,0.0,0.0,8.721099188707186,0,False,True
15911,16483664108538179,2,1894,979,965,2000,923,912,6.566752677191693,6.555252677191692,10.887220615468385,9.914385132155443,True,False
15912,10145068173609896013,1015,4413,4345,3463,2000,198,197,4.817145283965979,4.816460731163262,12.107544031975987,11.757806672197228,True,False
15913,7478760062830957772,748,8900,7257,6025,2000,1049,1020,4.871400711626704,4.867956350688932,13.119589620741122,12.556745526004686,True,False
15914,1356907303062448395,136,305,303,288,2000,44,44,4.221730188603304,4.221730188603303,8.252665432450248,8.169925001442312,True,False
15915,997500000000000,0,10,0,0,0,0,0,0.0,0.0,3.321928094887362,0,False,True
15916,27254635628705966,3,392,326,322,2000,192,191,5.197420531166811,5.193750806396168,8.614709844115207,8.330916878114618,True,False
15917,30075187969924812,3,437,369,359,2000,185,184,5.405902425973519,5.401652381702226,8.7714894695006,8.487840033823051,True,False
15918,50484004121506073417,5048,2658,2649,2165,2000,82,81,4.572145247070022,4.571658200363927,11.376125389276174,11.080151309614088,True,False
15919,4736740737531250,0,1515,0,0,0,0,0,0.0,0.0,10.565102078360313,0,False,True
15920,1754298414219750000,175,2326,2004,1714,2000,381,374,4.379661062982901,4.374097425897127,11.183635381473218,10.7431513941125,True,False
15921,2147480244000000000,215,2337,2030,1730,2000,374,367,4.5121882350543725,4.507298096189926,11.190442018782825,10.756556322524087,True,False
15922,154202298614019305,15,775,745,661,2000,110,108,4.309580266997545,4.308444830457898,9.5980525001616,9.368506461507693,True,False
15923,6957782488749461,1,1805,269,267,269,269,267,8.071462362556623,8.056592474080787,10.817783121774534,8.060695931687555,False,False
15924,38140881915050959,4,1655,1056,988,2000,596,579,5.2814456400476955,5.26007725859726,10.69261550169458,9.948367231584678,True,False
15925,118584974879818264,12,1192,914,839,2000,341,335,4.96030555168172,4.9504802241708035,10.219168520462162,9.712527000439824,True,False
15926,1711453603604553,0,887,0,0,0,0,0,0.0,0.0,9.792790294301064,0,False,True
15927,27573048962885775,3,386,319,315,2000,181,180,5.402967244230755,5.398720959729693,8.59245703726808,8.29920801838728,True,False
15928,3161448424654641,0,974,0,0,0,0,0,0.0,0.0,9.927777962082342,0,False,True
15929,6514676381962280445,651,4077,4031,3233,2000,216,215,5.373142434443118,5.33905166604999,11.993292241488547,11.658657792126085,True,False
15930,3438596491228070174,344,3466,3399,2723,2000,200,198,4.723902003624311,4.723077940995551,11.75905593916017,11.410981267043796,True,False
15931,64295319380729850,6,1440,1006,936,2000,444,433,4.755521532872979,4.741346436407268,10.491853096329674,9.870364719583405,True,False
15932,4987500000000000,0,252,0,0,0,0,0,0.0,0.0,7.977279923499917,0,False,True
15933,3990000000000000,0,1378,0,0,0,0,0,0.0,0.0,10.428360172704291,0,False,True
15934,3795322384396226754,380,3673,3619,2930,2000,221,219,5.036333762342589,5.033948400407398,11.842743180731658,11.51668494930961,True,False
15935,3489295335823314,0,1428,0,0,0,0,0,0.0,0.0,10.479780264029099,0,False,True
15936,46882500000000000000,4688,5369,5309,4288,2000,215,214,4.777336312803699,4.776715282457898,12.390437689560537,12.066089190457772,True,False
15937,13526100000000000000,1353,6921,6156,5077,2000,811,805,5.406880684575265,5.406387442580666,12.756764789404139,12.309760544729622,True,False
15938,36907500000000000,4,2326,1466,1425,2000,878,868,4.787871173681026,4.781800641316423,11.183635381473218,10.476746203939467,True,False
15939,107140569790018414,11,4389,3113,2822,2000,1160,1118,5.286458401069452,5.258693936593211,12.099676554859643,11.462502272597265,True,False
15940,249172616170111612545,24917,4454,3936,3194,0,0,0,0.0,0.0,12.12088584278779,11.641148597411233,False,True
15941,3311700000000000000,331,7874,6618,5443,2000,1146,1103,4.455162163887608,4.442579612700993,12.94288099715904,12.410186320725094,True,False
15942,748125000000000000,75,6179,4934,4220,2000,1138,1096,4.5292684091715545,4.520281556678987,12.593157658103001,12.043027283594547,True,False
15943,1107225000000000000,111,6417,5238,4395,2000,1073,1032,4.394635288735623,4.384154854856197,12.647683267886201,12.101647450030766,True,False
15944,768075000000000000,77,5575,4456,3818,2000,1033,992,4.548406687925987,4.536164301664641,12.44475608969503,11.898601387403938,True,False
15945,9924812030075187969,992,8570,7314,5928,2000,1164,1120,5.203182925002014,5.197905379906017,13.065079488999862,12.533329732305834,True,False
15946,997500000000000,0,209,0,0,0,0,0,0.0,0.0,7.7073591320808825,0,False,True
15947,984983091094337203,98,2657,2565,2188,2000,350,349,4.4149954358670245,4.4143952858295155,11.375582512490507,11.095397022792557,True,False
15948,57834953846334408,6,3550,2158,2041,2000,1011,985,4.742009827198094,4.727352529577322,11.793603309279407,10.995060467032719,True,False
15949,7173818640368324736,717,5805,5495,4567,2000,746,740,5.412043485816969,5.386341700752274,12.50308035175293,12.157031074378354,True,False
15950,49715141814743249807,4972,5354,5285,4246,2000,215,212,5.33753514509212,5.333976102921209,12.386401423640777,12.051888655905378,True,False
15951,164587500000000000,16,4694,3433,3077,2000,1151,1109,4.433683759931137,4.41974207609633,12.196602126523171,11.587308728333545,True,False
15952,118604190353933545966,11860,4404,3891,3159,0,0,0,0.0,0.0,12.10459875356437,11.625252221746873,False,True
15953,4125297138769774,0,1551,0,0,0,0,0,0.0,0.0,10.59898297103609,0,False,True
15954,247881190200646683,25,2249,2051,1871,2000,583,581,4.486278543526385,4.485583285570994,11.135067945777816,10.869593843240784,True,False
15955,548625000000000000,55,2963,2749,2417,2000,611,609,4.778074429554943,4.776708931148025,11.532842910961282,11.239001757765582,True,False
15956,175179368409539105,18,2122,1900,1761,2000,615,612,4.385940715966626,4.382933878551966,11.051208940914766,10.782179193831208,True,False
15957,5006998248085714689,501,8915,7329,6055,2000,1219,1177,5.093542781352628,5.087049974771713,13.122019082512358,12.563911244581691,True,False
15958,47839581129099996555,4784,5316,5248,4243,2000,215,214,5.039342062461955,5.038859619495803,12.376125389276174,12.050868963290736,True,False
15959,17569504289368585,2,2019,1032,988,2000,906,871,6.574997196056994,6.5331651811158356,10.979425195331473,9.948367231584678,True,False
15960,29889546574553803633,2989,6684,6373,5236,2000,750,746,5.460186520706561,5.459855963099208,12.706496018061188,12.354249381945241,True,False
15961,831292290892154743,83,403,400,385,2000,59,59,4.522413439871776,4.522413439871776,8.654636028527968,8.588714635582264,True,False
15962,997500000000000000,100,799,792,729,2000,78,75,4.515026480204686,4.4531547529705335,9.642051692927977,9.509775004326936,True,False
15963,12967500000000000000,1297,2049,2042,1736,2000,94,92,4.959875611161297,4.95892715504215,11.000704269011246,10.761551232444479,True,False
15964,551126565387627344,55,5206,4119,3553,2000,1009,968,4.499522469954287,4.484691891556935,12.345959596404112,11.794821973331223,True,False
15965,3990000000000000000,399,3623,3563,2876,2000,208,207,4.599085889396838,4.598278431421354,11.822969090453288,11.489847960439297,True,False
15966,3224944547196700,0,1284,0,0,0,0,0,0.0,0.0,10.326429487122303,0,False,True
15967,35293228957051630,4,3164,1654,1571,2000,964,935,4.771255319827079,4.753347656600571,11.627533884472792,10.617467465294196,True,False
15968,66383625000000000000,6638,6976,6670,5500,2000,761,755,6.004023308617851,6.003239681235122,12.768184324776927,12.425215903299383,True,False
15969,10972500000000000,1,1207,537,525,537,537,525,9.068778277985412,9.020361145769398,10.237209960755022,9.036173612553485,False,False
15970,3111230287934456884,311,7897,6464,5438,2000,1044,1015,5.308190244924667,5.305751902431779,12.94708897502536,12.40886043602476,True,False
15971,47966067024882792,5,3148,1981,1828,2000,1061,1021,5.115360380340395,5.0911219664292116,11.620219825507487,10.83605035505807,True,False
15972,14137245432142862,1,412,218,214,218,218,214,7.768184324776927,7.731487077070505,8.686500527183219,7.741466986401147,False,False
15973,3951551367943458,0,1221,0,0,0,0,0,0.0,0.0,10.253847484987404,0,False,True
15974,302902785916147,0,116,0,0,0,0,0,0.0,0.0,6.857980995127572,0,False,True
15975,1099206284490904668,110,2624,2557,2111,2000,194,193,4.410484200662568,4.4092232388926345,11.357552004618084,11.043710863347156,True,False
15976,107538196011252444625,10754,9723,8184,6697,0,0,0,0.0,0.0,13.247185806038997,12.709299252712155,False,True
15977,766135644084063,0,298,0,0,0,0,0,0.0,0.0,8.219168520462162,0,False,True
15978,17894691810998352660,1789,6902,6261,5148,2000,788,782,5.313929439640401,5.3129613937414275,12.752798758435516,12.329796338220701,True,False
15979,12940567500000000000,1294,4535,4478,3607,2000,256,256,5.268924079708531,5.268924079708531,12.146886835415884,11.81658370778757,True,False
15980,39900000000000000,4,3247,1776,1686,2000,998,968,5.24695675982853,5.223399748340844,11.664891669286089,10.719388820942083,True,False
15981,1344131250000000000,134,2687,2620,2136,2000,191,190,4.441979451531866,4.440888145602436,11.391780606013166,11.060695931687555,True,False
15982,26083926750000000000,2608,9350,7813,6414,2000,987,958,5.240491831591397,5.237550325199042,13.19075064966236,12.647008638441648,True,False
15983,2000000000000000,0,653,0,0,0,0,0,0.0,0.0,9.350939181546432,0,False,True
15984,9924812030075187969,992,9374,7778,6343,2000,1225,1178,4.878698825845622,4.871238114263994,13.194449079479025,12.63094962683287,True,False
15985,997500000000000,0,85,0,0,0,0,0,0.0,0.0,6.409390936137702,0,False,True
15986,5983310604997942676,598,3910,3843,3092,2000,191,190,4.532093488405021,4.5311702339330076,11.932952892194715,11.594324603924848,True,False
15987,1734090568330624245,173,2857,2790,2284,2000,188,187,4.37143857703367,4.370104799107695,11.480285320936371,11.157346935362844,True,False
15988,5971537652933186956,597,6339,5571,4654,2000,794,788,4.600629323408838,4.599527328588586,12.630039552656097,12.184255495405349,True,False
15989,83274969862053137,8,2635,1862,1788,2000,797,789,4.779366337975574,4.77400949385404,11.363587246524578,10.804131021183318,True,False
15990,448062296218266079,45,4413,3549,3150,2000,883,873,4.47320700234079,4.4709995360263886,12.107544031975987,11.621136113274641,True,False
15991,2544642980919375000,254,1386,1374,1173,2000,80,79,4.3078293335060085,4.306708933476903,10.436711542137214,10.19598729802851,True,False
15992,14615903393924538306,1462,8855,7593,6130,2000,1174,1130,5.34331791047228,5.338610391254698,13.112276591639276,12.581671358578143,True,False
15993,299250000000000000,30,1880,1781,1571,2000,377,375,4.608046410502579,4.603487600911214,10.876516946565,10.617467465294196,True,False
15994,179550000000000000,18,1601,1499,1369,2000,405,403,4.517768423098653,4.515982708812939,10.644757592516257,10.4189067312579,True,False
15995,29027250000000000000,2903,5084,5025,4070,2000,203,202,4.509508616354731,4.508562379795592,12.311748315004959,11.99081307915361,True,False
15996,5197174422473782340,520,9007,7493,6156,2000,1235,1195,4.436878935830983,4.429361249240941,13.136830946102725,12.58777751632821,True,False
15997,997500000000000,0,60,0,0,0,0,0,0.0,0.0,5.906890595608519,0,False,True
15998,135261000000000000,14,4945,3389,3074,2000,1232,1190,5.10035768605805,5.083126526013169,12.271754805646474,11.585901449690772,True,False
15999,11321306205111206420,1132,7780,6658,5388,2000,1053,1012,5.341391829844665,5.33668872963384,12.925554439873554,12.395534135462302,True,False
16000,136373809200445534,14,3802,2742,2550,2000,974,960,5.171857915147706,5.162456308455091,11.892542816648552,11.31628153174622,True,False
16001,1218701059185898427,122,6626,5414,4533,2000,1095,1052,4.613828084418714,4.601897952070811,12.693922488081014,12.146250445885986,True,False
16002,5578499912878615,1,1477,216,212,216,216,212,7.7548875021634665,7.70859120586717,10.52845411076479,7.727920454563199,False,False
16003,2663325000000000000,266,3317,3274,2672,2000,214,214,4.604218351983304,4.604218351983303,11.695663296788021,11.383704292474052,True,False
16004,104418178907205051,10,1493,1336,1270,2000,463,461,4.415243899177977,4.414026416260438,10.543998450134541,10.310612781659529,True,False
16005,583899398456842294,58,3545,2849,2472,2000,677,654,4.479667088460181,4.4665337504721006,11.791569912126878,11.271463027904375,True,False
16006,4987500000000000,0,165,0,0,0,0,0,0.0,0.0,7.366322214245816,0,False,True
16007,57160187385000000,6,193,185,176,2000,86,85,4.596779639614561,4.594861572429874,7.592457037268081,7.459431618637297,True,False
16008,29884809115114800000,2988,2155,2148,1806,2000,81,79,4.762771393909586,4.715308362162178,11.07347215397646,10.818582177480858,True,False
16009,43967339367000000,4,1116,751,708,2000,401,392,5.246367619527473,5.22968705238819,10.124121311829187,9.467605550082997,True,False
16010,924377750159900432,92,759,752,699,2000,71,70,4.230326341538245,4.228888210495326,9.567956075415466,9.449148645375436,True,False
16011,9672733869970243011,967,2004,1997,1709,2000,95,93,4.68586807242978,4.685002307356107,10.968666793195208,10.73893668167614,True,False
16012,5087250000000000000,509,1844,1837,1581,2000,92,90,4.393270992739013,4.392271316490826,10.848622940429339,10.62662165235837,True,False
16013,3626893143765825014,363,1639,1631,1399,2000,89,87,4.252566045202117,4.250822761598257,10.678600139099458,10.450180247164754,True,False
16014,22003833739826861643,2200,7200,6403,5319,2000,833,824,4.878520809102785,4.877328041634986,12.813781191217037,12.376939321619846,True,False
16015,2793000000000000000,279,7953,6335,5335,2000,1034,1003,5.342596104953715,5.339448709204712,12.957283455588415,12.381272555711787,True,False
16016,5188717523273465470,519,3862,3794,3045,2000,200,199,4.633608793440727,4.63287088507553,11.91513244895065,11.572226512793694,True,False
16017,6069040011065850000,607,1981,1974,1674,2000,93,92,4.382340186343061,4.381662091170934,10.952013164889486,10.709083812550343,True,False
16018,9750604053955491135,975,8714,7218,5970,2000,968,939,4.693718081677423,4.689090493314203,13.089119397915168,12.543515216152167,True,False
16019,8262593153821650000,826,2071,2064,1750,2000,87,86,4.339496175630486,4.338625627187542,11.016111838220512,10.77313920671969,True,False
16020,2726927567703811536,273,4781,4505,3800,2000,704,700,4.459186308492439,4.458095151411284,12.223096690347695,11.89178370321831,True,False
16021,304140620579067,0,18,0,0,0,0,0,0.0,0.0,4.169925001442312,0,False,True
16022,14223338115059725723,1422,9700,8186,6727,2000,1217,1176,5.711980123608268,5.710126678816394,13.243769031961852,12.715747542831355,True,False
16023,101755476192563118,10,355,348,333,2000,81,79,4.5562477879556855,4.552729451975779,8.471675214392045,8.379378367071261,True,False
16024,90511634415463,0,76,0,0,0,0,0,0.0,0.0,6.247927513443585,0,False,True
16025,97072328364068123,10,2809,1995,1898,2000,825,815,4.722734827805096,4.716883481695001,11.455840909126398,10.89026427702111,True,False
16026,472587994794423263,47,1803,1739,1486,2000,199,198,4.405033060520337,4.403932785451571,10.816183681432342,10.537218400538595,True,False
16027,712433234971929642,71,880,865,755,2000,90,89,4.354129900679646,4.35306207400698,9.78135971352466,9.560332834212442,True,False
16028,994208250000000000,99,4878,4064,3526,2000,828,818,4.443386491760662,4.438910699598616,12.252074042796185,11.783816759320182,True,False
16029,9975000000000000,1,120,67,67,67,67,67,6.066089190457772,6.066089190457772,6.906890595608519,6.066089190457772,False,False
16030,49861740056869590465,4986,5297,5229,4226,2000,201,199,4.725056862670577,4.721690875265622,12.370959793297386,12.04507705193494,True,False
16031,179125748478040256,18,5097,3590,3217,2000,1196,1156,4.5471710628169495,4.530006810802416,12.315432637905376,11.65150022065274,True,False
16032,16458750000000000,2,2810,1285,1239,2000,1194,1155,6.5630977289111225,6.524791445957474,11.456354415108288,10.274960472140602,True,False
16033,107270639363730985626,10727,8701,7744,6501,0,0,0,0.0,0.0,13.08696550311009,12.66644593881483,False,True
16034,31807013175000000000,3181,2514,2502,2078,2000,86,85,5.110635778250484,5.109955031024149,11.295768934420508,11.020979938904212,True,False
16035,12962498966823127327,1296,2196,2185,1822,2000,82,81,4.853824833852011,4.853068634393988,11.100662339005199,10.831307243802051,True,False
16036,239400000000000000,24,3336,2685,2456,2000,774,768,4.402281218001035,4.4005195787818945,11.703903573444663,11.262094845370179,True,False
16037,299399625000000000,30,3629,2872,2585,2000,783,777,4.387672146181612,4.3857434830379525,11.825356341479335,11.335948565202298,True,False
16038,987525000000000000,99,4858,4044,3514,2000,829,819,4.564234809327104,4.560777264203857,12.246146774635864,11.778898476008376,True,False
16039,43004619631685558175,4300,10139,8510,6888,2000,1240,1194,5.370712268608624,5.367885518814985,13.307627747257134,12.749869427396844,True,False
16040,19950000000000000,2,1386,752,724,2000,622,604,6.543327598302159,6.510728393381614,10.436711542137214,9.499845887083206,True,False
16041,8353608351616500000,835,2073,2066,1752,2000,88,87,4.393366313838509,4.392697582645224,11.017504401109415,10.774787059601174,True,False
16042,1912440938855728,0,880,0,0,0,0,0,0.0,0.0,9.78135971352466,0,False,True
16043,10264907225573135,1,1523,669,647,669,669,647,9.38586240064146,9.31597467642298,10.572700226487292,9.337621901992508,False,False
16044,37608698689510198187,3761,9215,7949,6398,2000,1174,1130,5.161847043751267,5.156165881130053,13.169768450518076,12.643405277115674,True,False
16045,3870300000000000000,387,8608,7018,5830,2000,1227,1185,4.965571461988982,4.961624356907132,13.071462362556623,12.509280168087859,True,False
16046,78802500000000000,8,2701,1886,1806,2000,830,820,4.398597290467895,4.394760349051652,11.399277924508967,10.818582177480858,True,False
16047,1085804941331700163,109,3390,3216,2743,2000,512,510,4.916046587596746,4.915665635215795,11.727069558023706,11.421538906848276,True,False
16048,6982500000000000,1,1802,326,320,326,326,320,8.348728154231079,8.305783368955005,10.815383295813538,8.321928094887362,False,False
16049,597413060822638,0,413,0,0,0,0,0,0.0,0.0,8.689997971419446,0,False,True
16050,678300000000000000,68,4956,4086,3597,2000,894,884,4.393761876630809,4.390923188387741,12.274960472140602,11.81257844413538,True,False
16051,12421500000000000000,1242,7672,6785,5696,2000,929,918,4.750222964777532,4.747989182413509,12.905387005018131,12.475733430966399,True,False
16052,2178743674268175000,218,3113,3045,2481,2000,193,192,4.354913641999189,4.353412703912886,11.604089861469179,11.276706019892432,True,False
16053,170419036805522661,17,3223,2460,2278,2000,787,781,4.841824620448713,4.838628561512284,11.654188473059545,11.153552031708111,True,False
16054,1880374125504092972,188,780,775,726,2000,66,66,4.441272744289816,4.441272744289816,9.60733031374961,9.50382573799575,True,False
16055,190139614088386200,19,1902,1728,1595,2000,495,493,5.24972464599939,5.247057979332723,10.893301530860564,10.639340708652231,True,False
16056,2224256089335000,0,23,0,0,0,0,0,0.0,0.0,4.523561956057013,0,False,True
16057,12408701230170000,1,315,153,149,153,153,149,7.257387842692654,7.205100260993306,8.29920801838728,7.219168520462161,False,False
16058,60703137546254440,6,502,355,342,2000,169,166,4.699482406048462,4.689594678827506,8.971543553950772,8.417852514885897,True,False
16059,2183243883766992444,218,4591,4320,3653,2000,706,702,4.836443408539384,4.835171435893317,12.164592716712367,11.834866038362017,True,False
16060,123287031326792393817,12329,9311,8138,6779,0,0,0,0.0,0.0,13.184720405997767,12.726856755450727,False,True
16061,993706468592674183,99,6564,5129,4429,2000,1030,1001,4.686218480590986,4.682060267833524,12.680359523513713,12.112765281885316,True,False
16062,299250000000000000,30,2869,2232,1977,2000,635,616,4.78274925119293,4.768493084682359,11.486332252768664,10.949097155729207,True,False
16063,146359122056972980,15,4294,2955,2717,2000,1012,986,4.370789322969746,4.363458841539002,12.068106475858773,11.407798850221974,True,False
16064,31775284248919940,3,535,463,458,2000,270,270,5.229885236280913,5.2298852362809125,9.06339508128851,8.839203788096944,True,False
16065,63296495825364268104,6330,2789,2776,2283,2000,73,72,4.245239399037452,4.2439302331472835,11.445532219028312,11.156715144224702,True,False
16066,46873457391660154829,4687,2702,2689,2222,2000,81,80,4.612609787000081,4.611796959553748,11.399811959325685,11.117643101389092,True,False
16067,10539462971339441530,1054,2164,2152,1793,2000,79,78,4.61533540023503,4.614513634644949,11.079484783826816,10.808159772868375,True,False
16068,5042475246286555308,504,1753,1741,1439,2000,71,70,4.460317354575402,4.4135202376355975,10.775610280759539,10.490850876740298,True,False
16069,274120983119481840,27,207,204,202,2000,49,49,4.554877921486561,4.554877921486562,7.693486957499325,7.658211482751795,True,False
16070,140564816332556281517,14056,5537,5479,4457,0,0,0,0.0,0.0,12.434888806530395,12.121857245612654,False,True
16071,35087719298245614,4,1444,935,877,2000,528,512,5.250732291239819,5.2275772114034265,10.49585502688717,9.776433032444734,True,False
16072,200501253132832080,20,4809,3575,3178,2000,1121,1080,4.572568410317253,4.557268998990963,12.231521210875703,11.63390340934852,True,False
16073,2867894297643159768,287,3415,3361,2741,2000,211,209,4.864884795491792,4.86272220754098,11.737669863177453,11.420486612825774,True,False
16074,1000000000000000000,100,2501,2433,1977,2000,194,193,4.403870406756562,4.402669686324303,11.28828934218097,10.949097155729207,True,False
16075,544215252393273979,54,6430,5052,4358,2000,1229,1186,4.57288809047883,4.566189144934954,12.650603022215309,12.089450481115907,True,False
16076,3141114548891322512,314,2490,2462,1998,2000,116,114,4.754904154020193,4.754462398360237,11.281930026955443,10.964340867792417,True,False
16077,2243805736774774995,224,8182,6560,5474,2000,1215,1172,4.790086058291857,4.771952438988683,12.998237821888047,12.418379719364957,True,False
16078,1087980251336303811,109,1560,1533,1256,2000,123,122,4.382589755317798,4.381843911772392,10.60733031374961,10.294620748891626,True,False
16079,12621277222644214,1,2700,1121,1083,1121,1121,1083,10.130570562805428,10.054727966901186,11.398743691938193,10.080817527608327,False,False
16080,23127171705804053914,2313,6278,6007,4970,2000,703,698,5.736145560089284,5.7351580071439425,12.616089313582115,12.279030136449649,True,False
16081,10760337195366826518,1076,7907,6936,5825,2000,962,951,4.969993331648442,4.9689283028476945,12.94891470931216,12.508042334429005,True,False
16082,68024576054749803216,6802,9708,8364,6855,2000,1121,1089,5.981787636928786,5.980489497968254,13.244958393151133,12.742940950666588,True,False
16083,686137487428256637773,68614,5711,5665,4542,0,0,0,0.0,0.0,12.479527669256347,12.149111990706889,False,True
16084,56023248904837623,6,428,304,295,2000,145,143,4.681314363601288,4.6733013424419045,8.741466986401146,8.204571144249204,True,False
16085,748125000000000000,75,2178,2110,1744,2000,193,191,4.3743129012177455,4.335719171458036,11.088788238716907,10.768184324776927,True,False
16086,9975000000000000,1,2065,480,469,480,480,469,8.906890595608516,8.85353717795344,11.011926066306808,8.873444112515376,False,False
16087,100000000000000000,10,4491,2991,2733,2000,1182,1141,4.3891266181593345,4.377929095977443,12.132821006779572,11.416269744523207,True,False
16088,20451127819548872180,2045,156,142,138,2000,62,62,5.558673193070694,5.558673193070696,7.285402218862249,7.108524456778169,True,False
16089,19950000000000000,2,419,338,337,2000,295,295,6.457919120269943,6.457919120269943,8.710806433699352,8.396604781181859,True,False
16090,84356656110534384,8,4371,2775,2536,2000,1216,1173,4.550814555339591,4.534335993618308,12.093747662785669,11.308339030139408,True,False
16091,39300000000000000,4,2605,1608,1500,2000,916,880,5.300805004973536,5.272452889690528,11.347067657165871,10.550746785383243,True,False
16092,23700000000000000,2,2243,1270,1206,2000,899,864,6.579278384647985,6.537523120331371,11.131213905086272,10.236014191900084,True,False
16093,51809782523722827,5,2798,1842,1712,2000,893,858,5.097937560675467,5.074466743934829,11.450180247164754,10.741466986401146,True,False
16094,12554424557732787680,1255,4581,4512,3616,2000,196,195,4.723779557678483,4.72304480988822,12.161446847518008,11.820178962415188,True,False
16095,17955000000000000,2,2405,1221,1171,2000,1068,1029,6.513096104107177,6.471714772910536,11.231821178657404,10.193525360501216,True,False
16096,1506225000000000000,151,2792,2728,2242,2000,205,204,4.725226322414455,4.7245790732235164,11.447083226209653,11.130570562805426,True,False
16097,995826605383780979,100,5718,4726,4114,2000,972,961,4.430206587761083,4.427176127536513,12.481294904631097,12.006326078524934,True,False
16098,43223054881650000,4,3708,2127,1990,2000,1214,1173,4.785238301177538,4.76423675814288,11.85642552862553,10.958552715431011,True,False
16099,7376759580731093,1,826,192,191,192,192,191,7.584962500721157,7.574545834054491,9.689997971419446,7.577428828035749,False,False
16100,19950000000000000,2,2968,1468,1409,2000,1241,1199,6.579159778600523,6.539697660742533,11.535275376620802,10.460455896309636,True,False
16101,8637800471347160600,864,5479,5234,4363,2000,682,679,5.663387998571092,5.663136707563542,12.41969688830598,12.091104758376499,True,False
16102,1891151915232118,0,819,0,0,0,0,0,0.0,0.0,9.677719641641009,0,False,True
16103,94712625000000000000,9471,8827,7834,6573,2000,1009,999,5.983113027733634,5.982741607382237,13.107707482385823,12.682336269711378,True,False
16104,8977500000000000,1,941,271,269,271,271,269,8.082149041353873,8.067388893752398,9.878050912728536,8.071462362556623,False,False
16105,199284100781248367,20,3924,2895,2603,2000,960,922,4.562707776203449,4.547624448482711,11.938109326219239,11.345959596404112,True,False
16106,2918113127186458010,292,8421,6790,5651,2000,1222,1176,4.464214924282583,4.452288999980725,13.039775849233681,12.464290473850767,True,False
16107,2094750000000000000,209,1235,1223,1061,2000,70,70,4.60241718110019,4.602417181100189,10.27029532647204,10.051208940914766,True,False
16108,1695750000000000000,170,1175,1164,1020,2000,86,84,4.419238085686519,4.4179873860225145,10.198445041452363,9.994353436858859,True,False
16109,1286775000000000000,129,1235,1220,1051,2000,90,89,4.279522728728898,4.278529978551466,10.27029532647204,10.037546953962178,True,False
16110,259890126526258793,26,3538,2694,2397,2000,792,762,4.3946618779663655,4.382822998979336,11.788718332690458,11.227014193649133,True,False
16111,7061876846535301090,706,5182,4964,4142,2000,628,625,4.739658867397801,4.738157687444504,12.339293300180094,12.016111838220512,True,False
16112,5885397615325997487,589,5948,5533,4609,2000,755,750,4.567745666354078,4.566648477443186,12.53818893205242,12.170238052336648,True,False
16113,5231142059434519615,523,6093,5499,4576,2000,774,769,5.203752492205601,5.2032509626862415,12.572937025017309,12.159871336778389,True,False
16114,4562186867979704176,456,6785,5924,4999,2000,888,877,4.650430174452311,4.6486810698199825,12.728133100306216,12.287423811683523,True,False
16115,3100290547470480292,310,7306,6173,5212,2000,976,958,4.785956972852653,4.782108516857412,12.834866038362017,12.347621368568134,True,False
16116,5683184864946921953,568,8393,6895,5724,2000,976,946,4.931662133655008,4.924469985746691,13.034970865471827,12.482807956726667,True,False
16117,2793445867160838187,279,7990,6373,5364,2000,1060,1030,4.393276866054524,4.385713590194113,12.963979787815338,12.389093521904474,True,False
16118,2214118324847070518,221,8148,6641,5587,2000,1185,1144,4.7800542890701445,4.7598174395705595,12.992230264965889,12.44785810495403,True,False
16119,3132305856730556916,313,6807,5716,4716,2000,1019,978,4.685235039629695,4.676117058344199,12.732803394393494,12.203348002979762,True,False
16120,647980102479843184,65,3701,2981,2583,2000,702,678,4.48211664081645,4.473999413089901,11.85369942030022,11.334831928118,True,False
16121,2878135151441006650,288,8327,6737,5619,2000,1229,1187,5.089221733237167,5.08574582791968,13.023581108623029,12.456097684964202,True,False
16122,2959824897171749215,296,211,209,197,2000,36,36,4.206315722671156,4.206315722671156,7.721099188707185,7.622051819456376,True,False
16123,10972500000000000000,1097,2591,2575,2146,2000,101,100,4.326094921920533,4.325277736213456,11.339293300180094,11.067434360756522,True,False
16124,3217486444350599801,322,3337,3269,2621,2000,187,186,4.392072597689882,4.390658042747386,11.704335971182319,11.355901638328417,True,False
16125,4978960276489082730,498,3770,3699,2960,2000,196,195,4.531523342767517,4.530599839612214,11.880348808156027,11.531381460516313,True,False
16126,2712502557555818813,271,3251,3184,2587,2000,183,182,4.386073071899543,4.3840722382188435,11.666667840690355,11.33706433868474,True,False
16127,972107974006025553,97,441,438,418,2000,49,49,4.1744949584301185,4.174494958430118,8.784634845557521,8.707359132080883,True,False
16128,29925000000000000,3,3401,1909,1805,2000,1238,1198,5.303534524706127,5.276188060794853,11.731743290707842,10.817783121774534,True,False
16129,1320763385053270605,132,7620,6132,5159,2000,1243,1204,4.437368611582523,4.429951676761141,12.895575282380685,12.332875731152674,True,False
16130,1940959191709627392,194,2920,2853,2330,2000,188,187,4.371705790860242,4.370371716374416,11.51175265376738,11.186114239541643,True,False
16131,378265553756987574184,37827,7001,6079,4911,0,0,0,0.0,0.0,12.773345291291271,12.261801107195309,False,True
16132,9675750000000000,1,1097,344,337,344,344,337,8.426264754702096,8.377558686381853,10.099347810403193,8.396604781181859,False,False
16133,1184350143053000033,118,7613,6068,5153,2000,1227,1187,4.603225819852423,4.597870481561742,12.894249362864231,12.33119687715303,True,False
16134,89356050000000000000,8936,7115,6804,5616,2000,783,777,6.304947759332712,6.304669588400742,12.796648041413844,12.45532722030456,True,False
16135,1099606483861231614,110,4098,3821,3253,2000,705,700,4.50129871273768,4.4990596176440185,12.000704269011246,11.667555107041132,True,False
16136,85386000000000000000,8539,9432,8174,6753,2000,1030,1007,5.8646508537330515,5.840098981313165,13.203348002979762,12.721312842175312,True,False
16137,588129305896195002,59,2048,1993,1663,2000,202,201,4.445978520980263,4.444825118442777,11.0,10.699572453287269,True,False
16138,1002506265664160401,100,4922,4035,3414,2000,844,809,4.513520278094215,4.5020750737145185,12.26502894245816,11.737247343027738,True,False
16139,997990260700520000,100,1145,973,869,2000,221,217,4.490141662104786,4.486807078302528,10.161131882984307,9.7632123668144,True,False
16140,250000000000000000,25,769,604,553,2000,188,184,4.388278609446074,4.380358617187243,9.586839787961827,9.111135670234708,True,False
16141,112324100697074677,11,1051,996,908,2000,197,196,4.707482278547327,4.704729870190015,10.037546953962178,9.826548487290914,True,False
16142,44887500000000000,4,95,91,90,2000,62,61,4.535754207658606,4.517122674464306,6.569855608330948,6.491853096329675,True,False
16143,1396439471850297604,140,2242,2188,1779,2000,153,152,4.432758695132742,4.427345574874266,11.130570562805426,10.79685079526716,True,False
16144,1942801436006272,0,15,0,0,0,0,0,0.0,0.0,3.9068905956085187,0,False,True
16145,1663151225460295245,166,7878,6246,5242,2000,1220,1175,4.399612836627089,4.387480802953376,12.943613701614042,12.355901638328417,True,False
16146,3444000000000000,0,141,0,0,0,0,0,0.0,0.0,7.139551352398794,0,False,True
16147,4750187559626167,0,1582,0,0,0,0,0,0.0,0.0,10.627533884472792,0,False,True
16148,2166453745739129784,217,1321,1313,1131,2000,87,86,4.336297121152908,4.335425596317346,10.367414751246828,10.14338321398982,True,False
16149,171216795274009274,17,5284,3673,3288,2000,1216,1171,5.298616359151081,5.270012540993951,12.367414751246828,11.682994583681683,True,False
16150,1462659187500000000,146,2747,2683,2205,2000,202,201,4.581637928957078,4.5808520181936725,11.423641195075856,11.106562940444883,True,False
16151,6982500000000000,1,1917,321,315,321,321,315,8.3264294871223,8.282815779957192,10.904634621668151,8.29920801838728,False,False
16152,5985000000000000000,599,1883,1871,1568,2000,74,73,4.400541957254631,4.393709134034067,10.878817284614229,10.614709844115207,True,False
16153,60985918049872298,6,4090,2499,2315,2000,1209,1168,5.299110790190431,5.273798492902223,11.997885127829111,11.1767964781476,True,False
16154,5275784513155181920,528,4866,4170,3423,2000,683,660,4.715463637843732,4.7059370547284844,12.24852060493843,11.741045577009837,True,False
16155,2713200000000000000,271,1752,1736,1454,2000,105,104,4.37280126790064,4.372062956806123,10.774787059601174,10.505811553919594,True,False
16156,1232388159705751293,123,6621,5440,4639,2000,1014,994,4.520350428496325,4.514478965516962,12.69283341500077,12.179598130849836,True,False
16157,34463625000000000000,3446,5180,5104,4128,2000,305,305,5.239244331115459,5.239244331115458,12.338736382573916,12.011227255423254,True,False
16158,353109444627898439,35,583,573,537,2000,78,77,4.30247279758019,4.301545957454959,9.187352073200497,9.068778277985412,True,False
16159,177355022214696900,18,331,319,305,2000,67,66,4.374987863468187,4.3726451127621475,8.370687406807217,8.252665432450248,True,False
16160,141296606815516742,14,354,341,325,2000,81,79,4.238317070213717,4.236174488893342,8.467605550082997,8.344295907915816,True,False
16161,538650000000000000,54,1986,1918,1613,2000,190,189,4.393148890828313,4.391463862057449,10.955649907528374,10.655530723155643,True,False
16162,359278134707277350,36,2649,2427,2163,2000,624,621,4.587770664971111,4.585913309844811,11.371232128369622,11.078817949961978,True,False
16163,296162979138100937,30,3909,3054,2758,2000,872,862,4.471559859186403,4.4690220112078896,11.93258386928929,11.429406741513981,True,False
16164,453604298508624234,45,6248,4758,4150,2000,1243,1203,4.437895877634358,4.429548043734025,12.60917873814198,12.018895621121649,True,False
16165,3816761719770727147,382,7954,6698,5500,2000,1153,1109,4.739429914084675,4.730841459613613,12.95746484680521,12.425215903299383,True,False
16166,655038408439630745,66,5132,4201,3694,2000,937,926,4.649071569473283,4.647576411040875,12.325305455089682,11.850968150982439,True,False
16167,612959773021462179,61,6227,4645,4047,2000,993,964,4.462516468977242,4.456128772385744,12.604321563877273,11.982637133669424,True,False
16168,231399110445117195,23,5092,3484,3098,2000,1011,982,5.081409503189361,5.070663615424914,12.314016703901357,11.597121428789569,True,False
16169,8356322852693565,1,368,121,121,121,121,121,6.918863237274596,6.918863237274596,8.523561956057012,6.918863237274595,False,False
16170,383851607665560980,38,4857,3705,3300,2000,987,970,4.907399442993298,4.90059818763124,12.245849771023723,11.688250309133178,True,False
16171,1995000000000000000,200,6991,5793,4921,2000,1008,986,4.71957591576408,4.712849752211922,12.771283119641005,12.26473580113014,True,False
16172,80797500000000000000,8080,9556,8167,6738,2000,1043,1017,5.681475445658989,5.680111976112872,13.222191138456333,12.718104713121757,True,False
16173,1995000000000000000,200,7410,5940,5038,2000,985,955,4.465087566349784,4.458507173350078,12.855257827193196,12.298635406734242,True,False
16174,498750000000000000,50,5733,4189,3665,2000,982,952,4.555506918617726,4.547354134413578,12.485074563698612,11.839597483021175,True,False
16175,628425000000000000,63,6219,4643,4042,2000,976,946,4.429105985866597,4.41579895500885,12.60246690183057,11.980853606379736,True,False
16176,2743125000000000000,274,8028,6619,5575,2000,1147,1112,4.830928592987638,4.8264756182884065,12.970824901362617,12.44475608969503,True,False
16177,157605000000000000,16,5056,3512,3159,2000,1208,1169,4.406807057061845,4.398251185565664,12.303780748177102,11.625252221746873,True,False
16178,125685000000000000,13,4895,3346,3042,2000,1217,1176,4.785498489163573,4.766255077388861,12.257093144491057,11.570804437724497,True,False
16179,83790000000000000,8,4355,2735,2511,2000,1214,1171,4.785844156046489,4.762623460996609,12.088457003486226,11.2940463132715,True,False
16180,91770000000000000,9,4446,2851,2607,2000,1213,1171,4.784807454058612,4.764512580145918,12.11829223302699,11.348174867535556,True,False
16181,941518796575763543,94,739,732,680,2000,66,65,4.257255453726262,4.2558071007035725,9.52943055414615,9.409390936137703,True,False
16182,999286717789916824,100,2298,2230,1790,2000,186,185,4.419191366546804,4.4175431065864155,11.166163082646113,10.805743872151618,True,False
16183,1481489204088542647,148,2356,2297,1869,2000,161,159,4.494616224027833,4.48663422922751,11.20212382383046,10.868050853745158,True,False
16184,179463173956617366832,17946,3777,3756,3080,0,0,0,0.0,0.0,11.883025068440173,11.588714635582264,False,True
16185,467950658531147300,47,1009,982,826,2000,124,123,4.283851703079315,4.28331575111979,9.978710459106358,9.689997971419446,True,False
16186,4557740314051086613,456,8201,6677,5567,2000,992,957,4.964231671020001,4.9562172637100455,13.00158412208535,12.442684367865834,True,False
16187,106676143680567,0,85,0,0,0,0,0,0.0,0.0,6.409390936137702,0,False,True
16188,14680000000000000000,1468,9777,8227,6745,2000,1237,1196,5.12906581990571,5.126105608155754,13.25517613745972,12.71960272783563,True,False
16189,997500000000000,0,23,0,0,0,0,0,0.0,0.0,4.523561956057013,0,False,True
16190,6367602012377406,1,918,183,181,183,183,181,7.5156998382840445,7.489716846468943,9.842350343413807,7.499845887083206,False,False
16191,18257182951309723,2,2920,1421,1367,2000,1240,1198,6.578835489199058,6.539373371341067,11.51175265376738,10.41679752760606,True,False
16192,2928936740796306,0,1177,0,0,0,0,0,0.0,0.0,10.200898605038445,0,False,True
16193,3331521685562220,0,1374,0,0,0,0,0,0.0,0.0,10.4241662888181,0,False,True
16194,57000000000000000,6,3778,2478,2283,2000,1175,1132,4.777943030216039,4.756877460336803,11.88340698638837,11.156715144224702,True,False
16195,69825000000000000,7,50,48,48,2000,30,30,4.224234965450488,4.224234965450488,5.643856189774724,5.584962500721156,True,False
16196,1759016520003553549,176,2910,2455,2084,2000,461,450,4.379603107909924,4.372583982442629,11.506803437795647,11.025139562278508,True,False
16197,9888008189281548962,989,5893,5062,4126,2000,805,774,5.127510291712876,5.121469199988791,12.524786550851607,12.010528105886484,True,False
16198,1549554015553609218,155,2821,2753,2251,2000,186,185,4.4422478004538055,4.440186121903853,11.461990950585571,11.136350341454156,True,False
16199,2851235308624662132,285,1958,1706,1470,2000,313,307,4.454018317940187,4.448474194114395,10.935165049603695,10.521600439723727,True,False
16200,4987500000000000,0,68,0,0,0,0,0,0.0,0.0,6.087462841250339,0,False,True
16201,2699481651065230,0,1150,0,0,0,0,0,0.0,0.0,10.167418145831737,0,False,True
16202,100000000000000000,10,983,916,843,2000,185,184,4.4869124400128415,4.484509075302247,9.94104760634058,9.719388820942083,True,False
16203,6632377500000000000,663,6522,5547,4533,2000,921,883,5.168250422731237,5.162628147044844,12.671098725748465,12.146250445885986,True,False
16204,11570868179114907013,1157,9393,7928,6419,2000,1250,1207,4.834929191359866,4.830560306166353,13.197370293859827,12.648132845652658,True,False
16205,9975000000000000,1,1657,482,476,482,482,476,8.912889336229963,8.887993070669797,10.694357887221452,8.894817763307943,False,False
16206,4129650000000000000,413,2371,2346,1907,2000,139,138,4.788073186275407,4.787876084513189,11.211279947482009,10.897089128312755,True,False
16207,62238236923787857,6,360,256,250,2000,119,119,4.644537835378346,4.644537835378346,8.491853096329674,7.965784284662087,True,False
16208,8424354294644014,1,1373,355,348,355,355,348,8.471675214392043,8.426604791856832,10.4231159101471,8.442943495848729,False,False
16209,201067535611952465,20,4865,3338,2976,2000,977,947,4.734500894656078,4.718267496505394,12.248224089668474,11.539158811108031,True,False
16210,200501253132832080,20,5050,3421,3043,2000,1032,1002,4.485899176791361,4.479176917757676,12.302067672526519,11.571278618514595,True,False
16211,14808055410586719267,1481,9814,8277,6778,2000,1221,1178,5.204738490739161,5.199615042624242,13.260625556068227,12.726643921483994,True,False
16212,175536715060260814525,17554,6964,6696,5545,0,0,0,0.0,0.0,12.7657004876511,12.436971745049073,False,True
16213,99750000000000000,10,4529,2936,2685,2000,1219,1176,4.458973659417582,4.44903334718546,12.144976824050111,11.390706372872774,True,False
16214,1793800978200000000,179,7921,6377,5360,2000,1229,1186,4.513612927157585,4.503600889987071,12.951466861932795,12.388017285345136,True,False
16215,46612774073468436,5,287,202,198,2000,109,109,4.649194838984431,4.649194838984432,8.164906926675688,7.6293566200796095,True,False
16216,19659497529820682,2,594,347,339,2000,291,286,6.45835952496242,6.4408463901112825,9.214319120800766,8.405141463136344,True,False
16217,76412341743931012034,7641,9615,8134,6663,2000,1013,983,6.136147683045221,6.134758885888527,13.23107114222726,12.701956178268137,True,False
16218,15570281505742854128,1557,4591,4524,3635,2000,206,204,5.076512917347055,5.075888772569266,12.164592716712367,11.827739648806956,True,False
16219,335328488280291,0,12,0,0,0,0,0,0.0,0.0,3.584962500721156,0,False,True
16220,298087397698454430,30,4017,3051,2708,2000,897,861,4.959573713307578,4.940114205274378,11.971902746045467,11.403012023574997,True,False
16221,273788917403491631,27,1523,1455,1270,2000,191,190,4.391589351598012,4.389588017375198,10.572700226487292,10.310612781659529,True,False
16222,24862115876105749448,2486,3178,3158,2605,2000,127,126,4.880686313800918,4.880504797423656,11.63390340934852,11.347067657165871,True,False
16223,77422942950427305,8,3807,2339,2185,2000,977,947,5.29956983775333,5.275802482046481,11.894438854562262,11.093417564387961,True,False
16224,16960489110013938,2,1980,1009,995,2000,949,938,6.554585413482021,6.543368921115861,10.951284714966972,9.958552715431011,True,False
16225,887775000000000000,89,3361,3135,2713,2000,630,627,4.55338023422337,4.551760379320008,11.714674827308002,11.405673332281866,True,False
16226,7980000000000000000,798,1956,1944,1616,2000,81,80,4.758414975891009,4.757585532173172,10.933690654952233,10.658211482751796,True,False
16227,42092853805571826989,4209,3689,3664,3017,2000,140,139,4.73704444767667,4.736837922700742,11.84901407369482,11.558898981146703,True,False
16228,11000000000000000000,1100,6920,6106,5104,2000,846,836,5.007833940433067,5.006666088596917,12.756556322524087,12.31741261376487,True,False
16229,183000000000000000000,18300,7832,7014,5852,0,0,0,0.0,0.0,12.935165049603695,12.514714054138487,False,True
16230,346132500000000000000,34613,7984,7161,5972,0,0,0,0.0,0.0,12.96289600533726,12.543998450134541,False,True
16231,269351263085643676691,26935,7991,7165,5984,0,0,0,0.0,0.0,12.964160339100337,12.546894459887637,False,True
16232,9674606125298656251,967,1892,1884,1623,2000,79,78,4.3630735131907015,4.362170922826812,10.885696373339394,10.664447284547972,True,False
16233,158714373901501910585,15871,5534,5467,4437,0,0,0,0.0,0.0,12.434106928609955,12.115368837820224,False,True
16234,237363245659573198,24,1412,1353,1196,2000,199,198,4.390568453932674,4.388733744567316,10.46352437327118,10.224001674198105,True,False
16235,1014457500000000000,101,7373,5811,4934,2000,1222,1182,4.742485015171815,4.738016411660361,12.848036041631811,12.268542000300123,True,False
16236,992512500000000000,99,7064,5482,4702,2000,1221,1180,4.6959634136978226,4.690545794082867,12.786269627648466,12.199058823653022,True,False
16237,1047375000000000000,105,7446,5917,5009,2000,1235,1194,4.834402080520149,4.830333571074513,12.862249900851513,12.290306896257901,True,False
16238,857949750000000000,86,6964,5461,4673,2000,1250,1207,4.401769003249511,4.390011620468501,12.7657004876511,12.1901333218648,True,False
16239,473109862685880336,47,3592,2848,2479,2000,726,699,4.434914197781733,4.424088079315863,11.810571634741146,11.275542556086723,True,False
16240,244443737064975000,24,3162,2409,2146,2000,734,708,4.527519806690629,4.5134548026250645,11.62662165235837,11.067434360756522,True,False
16241,2991478696741854636,299,1786,1556,1345,2000,290,284,4.595359927682014,4.590360963172499,10.802516365121223,10.393390457443987,True,False
16242,5983320688269844019,598,3896,3832,3084,2000,202,201,4.534155432176658,4.533308920190819,11.927777962082342,11.590587049915035,True,False
16243,49830589682801222504,4983,3974,3946,3223,2000,150,146,5.970152723473141,5.919352238418419,11.95637615724967,11.654188473059545,True,False
16244,2946084507732453345,295,1983,1963,1612,2000,114,113,4.312648831494204,4.3120071266431745,10.953468962228849,10.654636028527968,True,False
16245,49036228166312242,5,68,65,64,2000,49,49,4.24540127502736,4.245401275027361,6.087462841250339,6.0,True,False
16246,124687500000000000,12,3522,2525,2293,2000,916,880,5.3337113564013485,5.306181108103872,11.782179193831208,11.163020639580793,True,False
16247,3371550000000000000,337,8523,6927,5750,2000,1218,1176,4.650909862666303,4.643818559476291,13.057145616910697,12.4893462407191,True,False
16248,5418031033925992,1,1738,153,152,153,153,152,7.257387842692654,7.244315947267817,10.7632123668144,7.247927513443585,False,False
16249,3137656126636178028,314,6451,5415,4479,2000,979,938,4.739450153179383,4.7307891100176995,12.655307101510479,12.128960950855697,True,False
16250,19136953480134266,2,2721,1402,1346,2000,1192,1150,6.562377315324221,6.521251441958215,11.409921241249679,10.394462694610317,True,False
16251,817659330737155796,82,2187,2119,1703,2000,196,195,4.679226067507253,4.678408560275457,11.094737505048093,10.733862719678543,True,False
16252,20429554509991396832,2043,4277,4217,3430,2000,173,172,4.8593500569332475,4.857486303646191,12.062383491876334,11.743992861060175,True,False
16253,39477139399507951156,3948,4689,4626,3763,2000,187,186,5.1921500542069605,5.191631149480592,12.19506456372082,11.877667574067882,True,False
16254,4975328777839039793,498,359,357,328,2000,43,43,4.433644413650299,4.433644413650299,8.487840033823051,8.357552004618084,True,False
16255,14200322533865860,1,377,201,197,201,201,197,7.65105169117893,7.611250696154052,8.558420713268664,7.622051819456376,False,False
16256,1207619963709600000,121,693,688,651,2000,62,62,4.322782248426588,4.322782248426588,9.436711542137214,9.346513733165635,True,False
16257,1878708220705447513,188,813,809,756,2000,66,64,4.342203331060151,4.257046992906231,9.667111542075027,9.562242424221072,True,False
16258,2805837837607403,0,149,0,0,0,0,0,0.0,0.0,7.219168520462161,0,False,True
16259,425725294652245441,43,3974,3208,2850,2000,798,792,4.576450337033021,4.574970421786617,11.95637615724967,11.476746203939467,True,False
16260,13032581453634085213,1303,6129,5838,4828,2000,726,722,4.872647131575709,4.872047101574211,12.581435989454384,12.237209960755022,True,False
16261,7980000000000000000,798,5800,5499,4565,2000,726,721,4.834145391076966,4.832680339104308,12.501837184902296,12.156399144871584,True,False
16262,25935000000000000000,2594,6597,6289,5174,2000,740,735,5.242851178525172,5.241932550370798,12.687594389576125,12.33706433868474,True,False
16263,52668000000000000000,5267,6961,6651,5481,2000,768,762,5.958359890388166,5.958002934772603,12.765078859616684,12.420223419348645,True,False
16264,8977500000000000,1,1599,424,420,424,424,420,8.7279204545632,8.709052530034898,10.642954223480332,8.714245517666123,False,False
16265,2373854170043542146,237,1339,1332,1143,2000,88,87,4.264473019220855,4.26299706526995,10.386940245324311,10.158609688214478,True,False
16266,16544535000000000000,1654,4059,3555,2887,2000,552,534,5.343214147229663,5.337993931424797,11.986908624697694,11.495355392235982,True,False
16267,2325416413420933994,233,7938,6602,5478,2000,1213,1170,4.701629878345425,4.696199587739075,12.954559846999834,12.419433550705378,True,False
16268,20923219799538017,2,3143,1560,1495,2000,1211,1170,6.569100081028601,6.530429346456575,11.617926556798752,10.545929769085467,True,False
16269,197584802098195254346,19758,3188,3175,2643,0,0,0,0.0,0.0,11.638435913990472,11.36796070964157,False,True
16270,10497550350000000000,1050,3850,3356,2730,2000,531,514,5.347310825012343,5.34193543007585,11.910642730469625,11.414685235807214,True,False
16271,503633388617788416,50,5242,4138,3652,2000,966,951,4.432765526916393,4.426973152564445,12.355901638328417,11.834471049984222,True,False
16272,59821644909709200000,5982,2765,2752,2264,2000,86,85,4.830604063845544,4.8300469739678356,11.43306376512207,11.144658242831882,True,False
16273,4821750616446496950,482,8910,7315,6032,2000,1233,1186,5.205048301313503,5.199679957329021,13.121209716409284,12.558420713268664,True,False
16274,83939625000000000,8,1406,1014,932,2000,425,414,4.47447065591524,4.464583955103339,10.457380879072534,9.86418614465428,True,False
16275,18643275000000000000,1864,9714,8200,6639,2000,1246,1206,4.923457971814663,4.919425912721906,13.245849771023723,12.696750236522167,True,False
16276,232514509839817803159,23251,5818,5763,4659,0,0,0,0.0,0.0,12.506307581100307,12.185804615108458,False,True
16277,246984014764859046561,24698,5848,5793,4684,0,0,0,0.0,0.0,12.513727595952437,12.193525360501216,False,True
16278,1085420402089534,0,328,0,0,0,0,0,0.0,0.0,8.357552004618084,0,False,True
16279,75323211335007314,8,308,289,280,2000,106,105,4.573684119865126,4.572728534982122,8.266786540694902,8.129283016944967,True,False
16280,8633445287848716,1,12,5,5,5,5,5,2.321928094887362,2.321928094887362,3.584962500721156,2.321928094887362,False,False
16281,4358879902965000,0,605,0,0,0,0,0,0.0,0.0,9.240791332161956,0,False,True
16282,438900000000000000,44,1787,1718,1431,2000,193,192,4.353767507104756,4.352051505388755,10.80332391904149,10.482807956726667,True,False
16283,11743585928168702,1,24,20,20,20,20,20,4.321928094887363,4.321928094887363,4.584962500721156,4.321928094887363,False,False
16284,97542258903204284,10,849,629,586,2000,265,260,4.909856072280052,4.899302419763044,9.729620743553038,9.194756854422248,True,False
16285,2166421232850000000,217,3202,3147,2584,2000,223,222,4.420440775355658,4.420196400546167,11.644757592516257,11.335390354693924,True,False
16286,8089472000362838783,809,4094,4027,3203,2000,192,191,4.627971739524799,4.627139090695193,11.99929538702341,11.645208082774683,True,False
16287,430959144710963978,43,781,765,672,2000,100,99,4.250933155484249,4.249932704083181,9.60917873814198,9.39231742277876,True,False
16288,962512088782670629,96,1112,1096,936,2000,110,109,4.425449352814981,4.424865176667486,10.118941072723507,9.870364719583405,True,False
16289,156954121450424791,16,548,529,470,2000,108,107,4.336415939178107,4.335761590487318,9.098032082960527,8.876516946565,True,False
16290,480323780240610157,48,944,925,785,2000,110,109,4.282513163227495,4.281974632459485,9.88264304936184,9.61654884377899,True,False
16291,611009820054794534,61,1112,1091,908,2000,117,116,4.34761435829689,4.3471621936880895,10.118941072723507,9.826548487290914,True,False
16292,3889017575405445000,389,3886,3341,2767,2000,562,544,4.4630552014676095,4.455279756046924,11.924070185585345,11.434106928609955,True,False
16293,5661907220548464871,566,3986,3461,2844,2000,559,540,4.778243677654894,4.7682444969307145,11.960725994839057,11.473705749619416,True,False
16294,41887290688037865000,4189,317,288,276,2000,68,68,5.31215283298318,5.312152832983182,8.308339030139408,8.108524456778168,True,False
16295,6346531157490724605,635,2671,2646,2169,2000,130,129,4.279512870819375,4.278974151801306,11.38316426063511,11.082814337672273,True,False
16296,10314150000000000000,1031,3520,3475,2814,2000,144,142,4.665928999772618,4.665194846070363,11.78135971352466,11.458406613236532,True,False
16297,11381088149114904338,1138,3340,3312,2703,2000,118,116,4.8428531818625435,4.842460431946552,11.705632387361415,11.400345796534694,True,False
16298,7949719038734258881,795,2624,2602,2121,2000,119,118,4.387758434980231,4.387416374584108,11.357552004618084,11.050528905530555,True,False
16299,2627891488348905,0,557,0,0,0,0,0,0.0,0.0,9.121533517340032,0,False,True
16300,1423321546687516,0,722,0,0,0,0,0,0.0,0.0,9.49585502688717,0,False,True
16301,91780796934819094,9,97,69,68,2000,44,44,4.163826759493729,4.1638267594937295,6.599912842187128,6.087462841250339,True,False
16302,4138113394696081313,414,3741,3685,2971,2000,206,205,4.585254176700394,4.584462980555677,11.869208250550827,11.536732889835415,True,False
16303,2990946571682055000,299,1781,1551,1340,2000,288,282,4.594997108384085,4.589964042815287,10.798471801101618,10.388017285345136,True,False
16304,3729352323517021,0,881,0,0,0,0,0,0.0,0.0,9.782998208920414,0,False,True
16305,2506265664160400,0,1066,0,0,0,0,0,0.0,0.0,10.057991722759176,0,False,True
16306,119549301832703845,12,566,541,499,2000,130,129,4.282660571767149,4.282036438326837,9.144658242831882,8.96289600533726,True,False
16307,8623558897243107769,862,8813,7352,6092,2000,1094,1062,5.41153458422926,5.408636749293718,13.10541748977662,12.572700226487292,True,False
16308,24634693725524610000,2463,5161,4493,3634,2000,681,660,5.568840975938028,5.565183365749174,12.33343491528405,11.827342704234116,True,False
16309,109419411866879730,11,1138,869,797,2000,328,322,5.246585936629224,5.234416357570648,10.152284842306582,9.638435913990472,True,False
16310,445928199239424191,45,1398,1148,1020,2000,299,293,4.364708793574365,4.35568020096142,10.449148645375436,9.994353436858859,True,False
16311,2235123687723364383,224,3157,3089,2513,2000,201,200,4.68103112308805,4.680339603631207,11.624338545312986,11.295194955880655,True,False
16312,424000000000000000,42,404,339,319,2000,101,101,4.297463427574344,4.2974634275743435,8.658211482751796,8.31741261376487,True,False
16313,1306000000000000000,131,444,393,363,2000,96,96,4.347836746557498,4.3478367465574985,8.794415866350105,8.50382573799575,True,False
16314,8400286244400075,1,38,9,9,9,9,9,3.169925001442312,3.169925001442312,5.247927513443585,3.169925001442312,False,False
16315,134160048832617656,13,3416,2547,2370,2000,882,871,4.443671028041218,4.437380782791157,11.73809225962049,11.210671343785622,True,False
16316,365615124013944583,37,2006,1908,1677,2000,371,370,4.51543310478451,4.514849333622806,10.970105890612182,10.711666973564347,True,False
16317,39900000000000000,4,3697,2099,1953,2000,1213,1170,4.784807454058612,4.763946343739744,11.852139328187244,10.93147623388679,True,False
16318,49868111051839954981,4987,9275,8009,6440,2000,1191,1146,5.72808483173926,5.72451398087817,13.179131566395528,12.65284497300198,True,False
16319,123564181069544,0,53,0,0,0,0,0,0.0,0.0,5.727920454563199,0,False,True
16320,3007518796992481,0,1281,0,0,0,0,0,0.0,0.0,10.323054760341646,0,False,True
16321,2187822891449886522,219,3107,3040,2468,2000,191,190,4.352390114561367,4.350889176475064,11.60130652612184,11.269126679149418,True,False
16322,9562864671263021,1,262,168,168,168,168,168,7.392317422778758,7.392317422778758,8.03342300153745,7.392317422778761,False,False
16323,99750000000000000,10,886,827,761,2000,197,196,4.447142258747855,4.4452492971233495,9.791162888555018,9.571752643503546,True,False
16324,2194500000000000000,219,1680,1664,1401,2000,106,105,4.422361317703603,4.421780427853495,10.714245517666123,10.452241240430817,True,False
16325,85609520640977866,9,3722,2381,2241,2000,1007,981,4.411975541132999,4.402204009385817,11.861862340059151,11.129926933510394,True,False
16326,4578855198562684292,458,8181,6661,5560,2000,980,951,4.6924224692147085,4.6879454135000875,12.99806148563642,12.44086916761087,True,False
16327,18054750000000000000,1805,9732,8198,6656,2000,1247,1206,5.309673212607506,5.307109198468156,13.24852060493843,12.700439718141093,True,False
16328,2991987221614949344,299,1510,1503,1294,2000,84,83,4.285970909187661,4.284909422327613,10.560332834212442,10.337621901992508,True,False
16329,12920191808606551,1,2212,1003,963,1003,1003,963,9.970105890612182,9.883999681263628,11.111135670234708,9.911391987843459,False,False
16330,49875000000000000,5,859,603,569,2000,313,307,4.845870919360371,4.83534361322471,9.746514321138463,9.152284842306582,True,False
16331,5236875000000000000,524,7478,6486,5468,2000,975,964,4.429794074279357,4.42676041005688,12.868436755858168,12.41679752760606,True,False
16332,5387495498048169273,539,7506,6507,5481,2000,985,974,5.248866523783511,5.248094337566524,12.873828574886977,12.420223419348645,True,False
16333,4598351715375003,0,1553,0,0,0,0,0,0.0,0.0,10.600842114387302,0,False,True
16334,9422159483043871,1,382,134,134,134,134,134,7.06608919045777,7.06608919045777,8.57742882803575,7.066089190457772,False,False
16335,1339010610195257207,134,3269,3146,2674,2000,428,426,4.483940965113048,4.482715399821057,11.674633661767267,11.384783750093353,True,False
16336,14962500000000000000,1496,1912,1906,1636,2000,91,89,5.405395471825608,5.371262311894598,10.900866807980748,10.67595703294175,True,False
16337,8359100099618044187,836,5750,4932,4032,2000,792,762,5.243750445788409,5.2381396081643485,12.4893462407191,11.977279923499916,True,False
16338,1178079110558865281,118,6874,5484,4676,2000,1010,982,4.434813232092742,4.420625149176659,12.746934136372298,12.191059214531656,True,False
16339,672244573166746476,67,6157,4677,4072,2000,970,942,4.529331007619678,4.522596318903681,12.588011853215088,11.991521846075695,True,False
16340,89775000000000000,9,3979,2395,2197,2000,996,967,4.994199985026357,4.976660129183499,11.958190183693738,11.101319154423276,True,False
16341,28778768519939814,3,1869,1133,1070,2000,714,688,6.235508217541987,6.200875795471003,10.868050853745158,10.06339508128851,True,False
16342,66299751204045787,7,3955,2619,2409,2000,1208,1165,4.44138344021699,4.427435943471979,11.949461979360153,11.23421867823847,True,False
16343,1495940371027214854,150,7657,6191,5180,2000,1250,1206,4.8349321535375225,4.829555816200286,12.902563541971553,12.338736382573916,True,False
16344,671310164819277864,67,4252,3415,2951,2000,795,763,4.5251533502906796,4.510322827559486,12.053925881531105,11.526988205432007,True,False
16345,399000000000000000,40,978,954,807,2000,133,132,4.304176962980705,4.303699182512724,9.933690654952233,9.656424863277781,True,False
16346,222177629506386188,22,1375,1309,1160,2000,194,193,4.490850940355559,4.488649399276802,10.425215903299383,10.179909090014934,True,False
16347,469633561131000000,47,581,569,524,2000,70,69,4.46662510619165,4.412800881653179,9.18239435340453,9.03342300153745,True,False
16348,1128639837555010,0,3,0,0,0,0,0,0.0,0.0,1.584962500721156,0,False,True
16349,8977500000000000,1,113,58,58,58,58,58,5.857980995127571,5.857980995127571,6.820178962415188,5.857980995127572,False,False
16350,11358382438865307336,1136,9602,8119,6675,2000,1216,1175,5.628619272375229,5.626376176442584,13.229119220658594,12.704552121462278,True,False
16351,10281058237171558369,1028,9442,7927,6443,2000,1254,1214,5.34002752498049,5.337271821471836,13.204876767603993,12.653516879421431,True,False
16352,15508922299987630464,1551,7952,6825,5509,2000,1063,1022,5.500540195966145,5.496361198661006,12.957102041562287,12.42757474756509,True,False
16353,902822340074868,0,260,0,0,0,0,0,0.0,0.0,8.022367813028454,0,False,True
16354,3411509049937106168,341,8618,7024,5828,2000,1228,1183,5.048908936891973,5.042631897990457,13.073137383110383,12.508785162064513,True,False
16355,8977500000000000,1,1081,313,308,313,313,308,8.290018846932618,8.251680188785652,10.07815080773465,8.266786540694902,False,False
16356,32829615725478732484,3283,3501,3476,2862,2000,137,136,4.745067472440599,4.74486130953712,11.773551346428505,11.482807956726667,True,False
16357,5395865954774573,1,1109,225,225,225,225,225,7.813781191217039,7.813781191217039,10.11504365016171,7.813781191217037,False,False
16358,8947575000000000000,895,4211,4142,3297,2000,205,204,4.909068913984493,4.908494943543969,12.039947160169094,11.686938171670388,True,False
16359,26931985496397962235,2693,9762,8295,6681,2000,1265,1221,5.479689641966693,5.476836751040682,13.252961036393684,12.705848343508945,True,False
16360,222442500000000000000,22244,5654,5594,4509,0,0,0,0.0,0.0,12.465056167831175,12.13859179463752,False,True
16361,9691360520207752977,969,9001,7384,6110,2000,1085,1054,5.475694094453408,5.473460157974703,13.135869576648522,12.576956664706092,True,False
16362,4063524849744400,0,1408,0,0,0,0,0,0.0,0.0,10.459431618637296,0,False,True
16363,199500000000000000,20,1282,1214,1074,2000,192,191,4.492033866988791,4.4896300208349444,10.324180546618742,10.068778277985412,True,False
16364,3361575000000000000,336,3511,3443,2786,2000,196,195,4.488165559514593,4.487208254168214,11.777666280880755,11.443979542601253,True,False
16365,702738750000000000000,70274,5727,5667,4572,0,0,0,0.0,0.0,12.483563888125094,12.158609688214478,False,True
16366,8239952622728531703,824,8416,7139,5933,2000,1014,988,4.695917291159192,4.691404576374473,13.038918989292302,12.534546067459992,True,False
16367,1798708243390490957,180,7145,5800,4927,2000,1013,987,4.374117419678261,4.365741222738038,12.802718295983178,12.266493756312183,True,False
16368,767077500000000000000,76708,9770,8379,6925,0,0,0,0.0,0.0,13.254142846855748,12.757598355823912,False,True
16369,1400000000000000000000,140000,9877,8444,6964,0,0,0,0.0,0.0,13.269857194654868,12.7657004876511,False,True
16370,69160325096090646397,6916,9675,8244,6801,2000,1048,1019,5.536638049612361,5.534647232095605,13.240045945919135,12.731531176461942,True,False
16371,12750468965344574295,1275,8705,7447,6174,2000,1008,985,4.87278005172981,4.867036638029716,13.087628582538464,12.591989767615125,True,False
16372,34912500000000000,3,2562,1565,1464,2000,914,878,6.544317152950939,6.50361825823298,11.323054760341646,10.515699838284043,True,False
16373,8942392094229522,1,105,55,55,55,55,55,5.781359713524658,5.781359713524658,6.714245517666122,5.78135971352466,False,False
16374,394516071370274874,39,4814,3688,3291,2000,966,950,4.432765526916393,4.42628437329063,12.233020426474496,11.68431031112435,True,False
16375,8561268575028750000,856,2075,2068,1754,2000,90,89,4.296006024044219,4.294865285617027,11.018895621121649,10.776433032444734,True,False
16376,5864933913164608,1,1736,215,210,215,215,210,7.748192849589463,7.692378896101091,10.761551232444479,7.714245517666122,False,False
16377,968012650929392,0,579,0,0,0,0,0,0.0,0.0,9.177419537989236,0,False,True
16378,90749632604987155,9,936,688,635,2000,297,292,4.5841157242549935,4.577659946333754,9.870364719583405,9.310612781659529,True,False
16379,12521582098139569681,1252,7009,6000,4864,2000,951,911,5.137029152869768,5.130663573649239,12.774992908933175,12.247927513443585,True,False
16380,68127218705743050000,6813,1670,1494,1285,2000,265,261,6.045327770333898,6.044638055703327,10.705632387361415,10.32755264408124,True,False
16381,349125000000000000,35,490,485,467,2000,65,64,4.562228983189352,4.560145271933914,8.936637939002571,8.867278739709661,True,False
16382,124687500000000000,12,4398,2925,2683,2000,1006,975,4.411809114795441,4.397165263689369,12.102631888854969,11.389631339260522,True,False
16383,39150243924913598,4,274,183,180,2000,110,110,5.088595416628735,5.088595416628735,8.098032082960527,7.491853096329675,True,False
16384,8582383584948533,1,85,25,25,25,25,25,4.643856189774724,4.643856189774724,6.409390936137702,4.643856189774724,False,False
16385,49875000000000000,5,2267,1471,1369,2000,759,732,5.032246729515878,5.0103306507766705,11.146568675740786,10.4189067312579,True,False
16386,398563543551810000,40,2230,1768,1545,2000,464,452,4.431739594220408,4.42093207390884,11.122827994807666,10.593391122791736,True,False
16387,4306373646703352,0,1426,0,0,0,0,0,0.0,0.0,10.477758266443889,0,False,True
16388,190476190476190476,19,5208,3671,3278,2000,1201,1161,5.130736207575065,5.109960297617574,12.346513733165635,11.678600139099458,True,False
16389,315667514816425303,32,4430,3390,2981,2000,974,934,4.795202634676855,4.772002035169796,12.113090983442381,11.541580659991169,True,False
16390,135295399920203224,14,2814,2064,1868,2000,727,701,4.681366745936586,4.664278281531788,11.458406613236532,10.867278739709661,True,False
16391,8977500000000000000,898,9330,7734,6316,2000,1236,1191,5.167378322443028,5.163829379786767,13.187661365739121,12.624795455860237,True,False
16392,9716247395081455,1,1537,450,439,450,450,439,8.813781191217036,8.758770330101118,10.585901449690772,8.778077129535358,False,False
16393,605893413304861579,61,4336,3568,3123,2000,805,799,4.837701411673235,4.836816027502319,12.08214904135387,11.608716854020573,True,False
16394,1440608675799906415,144,7043,5652,4805,2000,1016,988,4.685186104155259,4.678222232356217,12.781974367389338,12.230320715661113,True,False
16395,14505604071400447,1,2248,989,965,989,989,965,9.949826710759112,9.896980742602903,11.134426320220927,9.914385132155443,False,False
16396,49863427015009298500,4986,5260,5191,4212,2000,208,207,5.118947405839001,5.118502596357899,12.360847084179664,12.040289721025717,True,False
16397,56777034673598438607,5678,5443,5384,4353,2000,217,216,4.999616866591039,4.999132637066244,12.410186320725094,12.0877943047879,True,False
16398,997500000000000000,100,2450,2396,1964,2000,204,200,4.532870167065048,4.527950736358834,11.258566033889933,10.939579214314692,True,False
16399,648375000000000000,65,2131,2076,1747,2000,231,231,4.360736364548856,4.360736364548856,11.057314877782703,10.77066389291676,True,False
16400,615920013685154868,62,4993,4102,3623,2000,917,906,4.398919091485583,4.395429466273277,12.285691191330093,11.822969090453288,True,False
16401,138283136824701636,14,138,135,134,2000,47,47,4.159147538849759,4.159147538849759,7.108524456778169,7.066089190457772,True,False
16402,2958372595574849619,296,1503,1496,1290,2000,89,88,4.613715953629191,4.612947496160405,10.553629293916364,10.333155350310616,True,False
16403,139650000000000000,14,4986,3396,3084,2000,1210,1170,4.638581387998347,4.625409982003859,12.283667167491501,11.590587049915035,True,False
16404,228423264868307612,23,4111,3115,2842,2000,968,957,4.666234463493184,4.6630658598641705,12.005273656563938,11.47269083924278,True,False
16405,4093516815496641,0,60,0,0,0,0,0,0.0,0.0,5.906890595608519,0,False,True
16406,742003553248902,0,490,0,0,0,0,0,0.0,0.0,8.936637939002571,0,False,True
16407,19973688785402297,2,303,237,235,2000,187,186,6.416718802129218,6.411217426785383,8.243173983472952,7.876516946564999,True,False
16408,1123443874870800000,112,989,982,872,2000,81,79,4.343383727097971,4.3406283914501795,9.94982671075911,9.768184324776927,True,False
16409,85622962318819364,9,344,324,312,2000,111,110,4.637588308559606,4.636708456372857,8.426264754702098,8.285402218862249,True,False
16410,691184448823444804,69,1123,1102,913,2000,117,116,4.3891950013380905,4.388847870908929,10.133142212400601,9.834471049984222,True,False
16411,436100560770333431,44,5563,4129,3641,2000,1028,999,4.579895299255043,4.573541321411293,12.441647390253612,11.830119025444516,True,False
16412,979410192765732813,98,2521,2445,2063,2000,293,293,4.560196367227248,4.560196367227248,11.29978040285854,11.010528105886484,True,False
16413,1167075000000000000,117,1661,1636,1335,2000,135,134,4.383343674012332,4.383003992034501,10.697836357962377,10.382624026574916,True,False
16414,3261866556860159,0,610,0,0,0,0,0,0.0,0.0,9.252665432450248,0,False,True
16415,46383750000000000,5,2986,1885,1744,2000,1015,976,5.087943683889909,5.063972889063036,11.543998450134541,10.768184324776927,True,False
16416,4370004814309876454,437,1754,1746,1503,2000,91,89,4.374458485223783,4.373149885731088,10.776433032444734,10.553629293916364,True,False
16417,1895250000000000000,190,1201,1190,1032,2000,79,78,4.265071369522547,4.2641427631761095,10.230020435705635,10.011227255423254,True,False
16418,399000000000000000000,39900,1289,1149,1005,0,0,0,0.0,0.0,10.332036548361652,9.972979786066292,False,True
16419,98752500000000000000,9875,705,642,579,2000,160,160,6.299339892209501,6.299339892209499,9.461479447286155,9.177419537989236,True,False
16420,40485336391803459729,4049,8493,7536,6317,2000,978,967,6.012964953712723,6.012565021894789,13.052058534626903,12.625023856880407,True,False
16421,497588537771136646,50,4747,3792,3364,2000,942,931,4.498807922195334,4.496678066878513,12.212800334429431,11.715961990255144,True,False
16422,448226559660455095,45,4755,3763,3355,2000,971,961,4.6133691376082195,4.6118897929579,12.215229625747925,11.712097051087547,True,False
16423,369075000000000000,37,4545,3549,3179,2000,973,962,4.430666858863799,4.426928339696248,12.15006457908147,11.634357301137976,True,False
16424,448875000000000000,45,4896,3809,3379,2000,968,954,4.402348689649177,4.397148764593837,12.257387842692651,11.722380635163802,True,False
16425,23491125000000001,2,3179,1625,1553,2000,1213,1173,6.572216331647931,6.534215318444846,11.634357301137976,10.600842114387302,True,False
16426,108374405189605460,11,4769,3209,2933,2000,1214,1174,4.398327836941204,4.387475833313637,12.219471067394357,11.518161355756956,True,False
16427,22954029752855936,2,1740,1004,959,2000,715,689,6.5166244499543815,6.476956633182886,10.76487159073609,9.905387005018131,True,False
16428,719816842050402,0,400,0,0,0,0,0,0.0,0.0,8.643856189774725,0,False,True
16429,4996605659087512309,500,2540,2512,2052,2000,138,137,4.42475800901379,4.424448772197248,11.310612781659529,11.002815015607053,True,False
16430,64837126609947,0,27,0,0,0,0,0,0.0,0.0,4.754887502163468,0,False,True
16431,190380141602768910,19,1385,1083,981,2000,366,360,4.519223238738954,4.512232877092883,10.43567026093655,9.938109326219239,True,False
16432,4110123230251372,0,1402,0,0,0,0,0,0.0,0.0,10.453270634010623,0,False,True
16433,27921337148606211975,2792,9988,8351,6761,2000,1235,1187,4.922888302740004,4.916132768185381,13.285980105928212,12.723020931812032,True,False
16434,59500182759443976,6,3570,2180,2063,2000,1014,988,4.5160518374876055,4.504324826689908,11.801708358916462,11.010528105886484,True,False
16435,34879799680729109763,3488,6049,5847,4836,2000,599,597,5.14334179320873,5.143034963199416,12.562480945349316,12.239598529249124,True,False
16436,11650241802524696776,1165,1941,1934,1662,2000,75,74,4.475310100647781,4.474519076419864,10.922584402713664,10.698704666770345,True,False
16437,16583094961448065,2,1895,980,966,2000,923,912,6.566752677191693,6.555252677191692,10.887982133058454,9.915879378835774,True,False
16438,282812752408255124,28,4374,3292,2977,2000,963,950,4.77170412932537,4.764597285203835,12.094737505048093,11.539643506238036,True,False
16439,36194927475388412278,3619,5160,5092,4075,2000,207,206,5.116403232044351,5.115922888521097,12.333155350310616,11.992584344005802,True,False
16440,12709754938142966798,1271,4557,4490,3595,2000,201,200,4.819257234816357,4.818622566034126,12.15386865522324,11.81177605532666,True,False
16441,4951265384663679127,495,3710,3643,2912,2000,190,189,4.532499120836729,4.531538322899065,11.857203471508166,11.507794640198696,True,False
16442,19503563516236006200,1950,9822,8190,6649,2000,1236,1190,5.128858671186237,5.124210108589029,13.261801107195309,12.698921662339812,True,False
16443,29925000000000000,3,2949,1727,1623,2000,1102,1062,6.529279369324948,6.488030939710025,11.526010107061737,10.664447284547972,True,False
16444,777920987908697318,78,4331,3690,3201,2000,769,763,4.430826388618696,4.428053809252779,12.080484457067568,11.644306961545581,True,False
16445,892230576441102756,89,7034,5491,4727,2000,1208,1168,4.4713456607490585,4.464254370545534,12.780129619625306,12.20670914935865,True,False
16446,2517883012873663,0,380,0,0,0,0,0,0.0,0.0,8.569855608330949,0,False,True
16447,2497740000000000000,250,2240,1953,1670,2000,357,350,4.541597114414259,4.536753258095252,11.129283016944967,10.705632387361415,True,False
16448,99750000000000000,10,104,101,100,2000,50,50,4.3526114646325285,4.352611464632529,6.700439718141092,6.643856189774724,True,False
16449,698250000000000000,70,427,423,410,2000,55,55,4.308147316972792,4.30814731697279,8.73809225962049,8.679480099505446,True,False
16450,498174896782192968,50,5910,4630,4015,2000,1165,1122,4.457595611374727,4.445048398000249,12.528942415064895,11.971184272404678,True,False
16451,470657288010286509,47,2440,2283,2004,2000,466,464,4.3965514907369885,4.395500338754181,11.252665432450248,10.968666793195208,True,False
16452,953515189653962269,95,709,704,663,2000,64,63,4.252559440373078,4.2508153648600935,9.469641817239516,9.372865060112588,True,False
16453,1017450000000000000,102,6886,5620,4717,2000,1161,1117,4.570298358629523,4.558717606966354,12.749450465569916,12.203653885529597,True,False
16454,18398323844602280,2,2609,1087,1052,2000,972,943,6.532430455436325,6.496615128983305,11.349281228817452,10.038918989292302,True,False
16455,59194786929106279,6,2499,1676,1553,2000,779,751,4.775869014682172,4.7561480206617315,11.287135186086704,10.600842114387302,True,False
16456,982537500000000000,98,2371,2328,1923,2000,211,211,4.725747464058358,4.725747464058358,11.211279947482009,10.909143047339898,True,False
16457,41920226505573294644,4192,5457,5399,4338,2000,211,210,4.863815562389427,4.8632913952529595,12.413892328372642,12.082814337672273,True,False
16458,2560620913923769,0,496,0,0,0,0,0,0.0,0.0,8.954196310386875,0,False,True
16459,13435878374442300000,1344,2264,2258,1892,2000,91,89,4.879470773538189,4.833450366559379,11.144658242831882,10.885696373339394,True,False
16460,8837850000000000,1,2023,489,477,489,489,477,8.933690654952233,8.878977183577668,10.982280604558284,8.897845456005511,False,False
16461,77042104983005822,8,697,634,594,2000,168,167,4.699090755696674,4.695715720997754,9.445014845868423,9.214319120800766,True,False
16462,2819989995560140018,282,3032,2968,2392,2000,178,176,4.387831724300643,4.3858192580012645,11.566054038171092,11.224001674198105,True,False
16463,2250270743825722586,225,5655,4875,4120,2000,829,819,5.129694893338259,5.128166439884579,12.465311308877183,12.00842862207058,True,False
16464,7445813138365393533,745,3608,3545,2856,2000,180,179,4.861155867680955,4.860455745159514,11.81698362325538,11.479780264029099,True,False
16465,38689487190962673305,3869,4097,4059,3306,2000,148,148,5.398652238729678,5.398652238729676,12.0003521774803,11.690871009292314,True,False
16466,50830618077033321,5,3965,2379,2215,2000,1208,1167,4.783678617024904,4.764697558095909,11.953105150591341,11.113090983442381,True,False
16467,180636665987222976,18,3272,2428,2186,2000,795,763,4.737387202861317,4.721321309695629,11.67595703294175,11.094077685671905,True,False
16468,189386478476286605,19,2468,1865,1674,2000,603,586,4.539616062626381,4.526798454065276,11.269126679149418,10.709083812550343,True,False
16469,1232910000000000000,123,7556,6073,5153,2000,1190,1149,4.433674176363154,4.425586453521776,12.88340698638837,12.33119687715303,True,False
16470,498750000000000000,50,84,82,81,2000,39,39,4.260409846038347,4.260409846038346,6.392317422778761,6.339850002884624,True,False
16471,399000000000000000,40,1710,1643,1359,2000,188,187,4.484512103817809,4.482853155867302,10.73978060977326,10.40832974076739,True,False
16472,192312147725251755,19,3280,2512,2322,2000,792,786,4.563732839403558,4.561248159666702,11.679480099505446,11.181152256865566,True,False
16473,47454273439629878,5,2017,1308,1214,2000,690,667,4.982051619354797,4.962287861720923,10.977995368612962,10.245552706255681,True,False
16474,31940271401787380390,3194,5931,5733,4734,2000,602,600,5.598341428088992,5.5981551903634585,12.534059656450363,12.208843990734614,True,False
16475,594250875189918265,59,760,752,700,2000,88,87,4.263699278869559,4.2626282472413415,9.569855608330949,9.451211111832329,True,False
16476,196507500000000000,20,3531,2609,2345,2000,855,821,4.560309737332849,4.545523295839514,11.7858611057596,11.19537220740274,True,False
16477,24937312759272995349,2494,9701,8243,6646,2000,1247,1204,4.834821433001315,4.830452432831085,13.243917755743324,12.698270577692032,True,False
16478,85171281025609759897,8517,6922,6642,5499,2000,737,733,5.596981238929282,5.596681238929283,12.756973226165448,12.424953571261042,True,False
16479,1634278778304406803,163,2848,2789,2289,2000,203,202,4.403928968589229,4.402828528413158,11.475733430966399,11.160501747555687,True,False
16480,997500000000000,0,225,0,0,0,0,0,0.0,0.0,7.813781191217037,0,False,True
16481,95630047783957619,10,3590,2409,2267,2000,1009,989,4.616635891025302,4.6099984288050795,11.809768128710413,11.146568675740786,True,False
16482,990990242696975756,99,6239,4985,4308,2000,1005,983,4.54678606032264,4.539950394959651,12.607099094093552,12.072802534544207,True,False
16483,52158002582446704321,5216,5299,5232,4251,2000,201,200,5.079799839250112,5.079313023834289,12.371504412043336,12.053586543639176,True,False
16484,55861674505918289832,5586,5320,5252,4269,2000,217,215,5.472953650428293,5.440736902043197,12.377210530388552,12.059682447247638,True,False
16485,1269530560189421864,127,2689,2621,2156,2000,191,190,4.385688437423307,4.384399151586896,11.392854039872873,11.074141462752506,True,False
16486,8849160551049657417,885,4196,4128,3304,2000,193,191,4.356547620101979,4.3491535256210065,12.034798962577268,11.689997971419446,True,False
16487,19040231586891058250,1904,4878,4811,3882,2000,203,202,4.820658619722691,4.820076824620347,12.252074042796185,11.922584402713664,True,False
16946,2000000000000000,0,765,0,0,0,0,0,0.0,0.0,9.579315937580015,0,False,True
16947,16316005232079760,2,2404,1192,1142,2000,1081,1041,6.517759119520834,6.47569941178145,11.231221180711186,10.157346935362844,True,False
16948,770715682931484550,77,680,674,632,2000,65,64,4.253093542968233,4.2513444492015955,9.409390936137703,9.303780748177102,True,False
16949,2204052520383487552,220,7919,6575,5462,2000,1219,1176,4.435767525404418,4.427404188189248,12.951102545001342,12.415213598765286,True,False
16950,4823818118274615036,482,1673,1661,1376,2000,75,75,4.465458640020726,4.465458640020726,10.708221730038353,10.426264754702098,True,False
16951,11988085633696021,1,507,384,382,384,384,382,8.584962500721156,8.574545834054488,8.985841937003341,8.57742882803575,False,False
16952,803272627135561,0,372,0,0,0,0,0,0.0,0.0,8.539158811108031,0,False,True
16953,392213470598830685,39,1658,1591,1316,2000,183,181,4.388758844916023,4.38615668855828,10.69522829149575,10.361943773735241,True,False
16954,4526746659197700000,453,1664,1653,1382,2000,70,70,4.697020858185895,4.697020858185897,10.700439718141093,10.432541900388259,True,False
16955,1089993873673040806,109,5011,4243,3622,2000,793,787,4.40447735056498,4.402762911882295,12.290882822429577,11.822570830950168,True,False
16956,18432691418400000,2,36,31,31,355,31,31,4.789716041635137,4.789716041635138,5.169925001442312,4.954196310386875,False,False
16957,1472367876252151262,147,2834,2779,2287,2000,223,223,4.3793696694289626,4.3793696694289626,11.468624042918018,11.159240650411673,True,False
16958,15273888153254025760,1527,3862,3811,3088,2000,162,162,5.151043449352595,5.151043449352595,11.91513244895065,11.59245703726808,True,False
16959,22005881941727369,2,3157,1643,1578,2000,1228,1189,6.576102207335343,6.539197028809344,11.624338545312986,10.623881490013458,True,False
16960,2583476048468746566,258,2712,2338,1975,2000,414,402,4.608961852800835,4.59874663009256,11.405141463136344,10.947636937951827,True,False
16961,957600000000000000,96,2283,2216,1827,2000,186,185,4.414538377715586,4.412507749066801,11.156715144224702,10.835260918627489,True,False
16962,2069288920655558947,207,3196,3140,2556,2000,203,202,4.629285892892324,4.628552437316394,11.642051692927977,11.319672120946995,True,False
16963,14952482886552975567,1495,9532,8046,6502,2000,1273,1228,5.309634160515149,5.30621563308722,13.21856323619027,12.666667840690355,True,False
16964,149625000000000000,15,406,398,380,2000,89,88,4.4040847736847075,4.4025472069612155,8.665335917185176,8.569855608330949,True,False
16965,2194500000000000000,219,1628,1612,1357,2000,108,107,4.674717894511334,4.674293726146488,10.668884984266247,10.406205005418855,True,False
16966,50388311690778974426,5039,6775,6495,5368,2000,742,738,5.708626898091555,5.708347503446618,12.726005231128596,12.390168956200183,True,False
16967,63540750000000000,6,778,559,530,2000,263,259,4.723291028642674,4.715283020634666,9.603626344986193,9.049848549450562,True,False
16968,3199288671018269,0,1413,0,0,0,0,0,0.0,0.0,10.46454575033394,0,False,True
16969,54550873698376972912,5455,9441,8099,6701,2000,1049,1022,5.911514437275996,5.910171592582493,13.20472396401958,12.710160691782914,True,False
16970,144575107374803004132,14458,6216,6059,5008,0,0,0,0.0,0.0,12.60177078840771,12.290018846932618,False,True
16971,1828290951131360,0,975,0,0,0,0,0,0.0,0.0,9.929258408636972,0,False,True
16972,5985000000000000,1,1762,226,221,226,226,221,7.820178962415187,7.767081617282445,10.782998208920414,7.787902559391432,False,False
16973,1197000000000000000,120,7594,6051,5132,2000,1209,1169,4.69543210159978,4.689950320751155,12.890644283619089,12.325305455089682,True,False
16974,9930325814536340852,993,9403,7809,6377,2000,1228,1185,4.879041168004747,4.874439790784978,13.198905402581904,12.638662165859655,True,False
16975,5708513324534580163,571,3868,3804,3067,2000,212,211,4.994983981231814,4.994505543548323,11.917372079476841,11.58261245126702,True,False
16976,8964037385920593739,896,4184,4123,3313,2000,209,208,4.907679254513542,4.907155370149109,12.030667136246942,11.693922488081014,True,False
16977,698564028012779118,70,6252,4886,4240,2000,1101,1068,4.397888352236963,4.389871476541197,12.610102062999664,12.049848549450562,True,False
16978,674593002979107208,67,6622,5226,4484,2000,1224,1181,4.550939766544378,4.534338439697543,12.693051295397,12.130570562805426,True,False
16979,48703363811952330,5,545,506,493,2000,205,205,4.495129046376061,4.495129046376059,9.090112419664289,8.945443836377912,True,False
16980,997448829920944175,100,6180,4997,4307,2000,1005,986,4.59330020593434,4.590339711184713,12.593391122791736,12.072467608241858,True,False
16981,68026951251635106,7,748,690,652,2000,200,199,4.35646158219498,4.354963287538761,9.546894459887637,9.348728154231077,True,False
16982,15630825000000000000,1563,9240,7874,6490,2000,1121,1088,5.379043377748869,5.376856957104568,13.17367713630342,12.6640027628865,True,False
16983,18041184000000000000,1804,9348,7969,6568,2000,1124,1091,5.239162522555158,5.236674526649576,13.190442018782825,12.681238411777805,True,False
16984,953848840648948166,95,774,763,682,2000,57,57,4.191539000870783,4.191539000870782,9.59618975614441,9.413627929024173,True,False
16985,54794271053725428,5,851,603,568,2000,297,292,4.825412308409639,4.8163272986757,9.733015321685963,9.149747119504681,True,False
16986,3404764755000000,0,45,0,0,0,0,0,0.0,0.0,5.491853096329675,0,False,True
16987,32281102971167058433,3228,9747,8102,6665,2000,1072,1043,5.681833413650628,5.680231385307481,13.250742529050639,12.702389159976336,True,False
16988,9975000000000000,1,1963,552,536,552,552,536,9.108524456778168,9.044014238527378,10.938844457466171,9.066089190457772,False,False
16989,3108456376680547095,311,1237,1233,1106,2000,69,67,4.215823793874336,4.212805659786201,10.27262978497637,10.111135670234708,True,False
16990,1503442183926451,0,140,0,0,0,0,0,0.0,0.0,7.129283016944966,0,False,True
16991,2518460319375000000,252,3329,3280,2670,2000,194,194,4.395287370295921,4.395287370295921,11.700873155140263,11.382624026574916,True,False
16992,7848618322112607852,785,4758,4604,3810,2000,472,470,5.0197735228149405,5.0193409937916105,12.216139556425135,11.895575282380685,True,False
16993,202492500000000000,20,5389,3917,3484,2000,1244,1200,4.4374552076212925,4.425213493140621,12.395801871389747,11.766528908598865,True,False
16994,85607560710000000,9,827,769,735,2000,242,242,4.806562343379378,4.806562343379379,9.691743519171276,9.521600439723727,True,False
16995,598500000000000000,60,189,159,152,2000,56,55,4.401999079881056,4.401506071464317,7.562242424221073,7.247927513443585,True,False
16996,1137711727489762164,114,7606,6058,5142,2000,1227,1185,4.791339638268958,4.786354920821969,12.892922223630592,12.328113894833656,True,False
16997,66092344422332574987,6609,8924,7702,6191,2000,1137,1094,5.73425092708265,5.730891728768195,13.12347479824414,12.595956743943162,True,False
16998,213841306299015897919,21384,10450,8862,7207,0,0,0,0.0,0.0,13.351215321855607,12.81518313000803,False,True
16999,1972693842539029237,197,2965,2896,2382,2000,198,197,4.488755037262331,4.487837720829858,11.533816389433365,11.217957697864113,True,False
17000,29599316250000000000,2960,10017,8464,6898,2000,1247,1207,5.629175487682544,5.627322570996127,13.290162878784272,12.751962413460854,True,False
17001,59850000000000000,6,2393,1615,1496,2000,747,720,4.766948756392883,4.746877155065023,11.2246046815385,10.546894459887637,True,False
17002,8720926264025613,1,1353,358,351,358,358,351,8.483815777264256,8.43912303983409,10.401946123976536,8.45532722030456,False,False
17003,6062516428038000000,606,1902,1891,1553,2000,77,75,4.258157787852529,4.255912935343028,10.893301530860564,10.600842114387302,True,False
17004,15037593984962406015,1504,3960,3902,3169,2000,156,155,4.580734983894635,4.577967330080719,11.951284714966972,11.629811944382233,True,False
17005,470776531872703844,47,1850,1804,1541,2000,209,209,4.513030277733226,4.513030277733226,10.853309555403674,10.589651146514786,True,False
17006,18237287803044140,2,1512,799,768,2000,690,667,6.495604319162057,6.4596718922369405,10.562242424221072,9.584962500721156,True,False
17007,8216378141797275,1,2052,456,444,456,456,444,8.83289001416474,8.774217015256486,11.002815015607053,8.794415866350105,False,False
17008,14961502500000000000,1496,9597,8107,6575,2000,1264,1223,5.443290536177333,5.43956808743863,13.22836777783683,12.682775179067027,True,False
17009,38856754184385937576,3886,5210,5142,4120,2000,195,194,4.728461486536148,4.727688918639316,12.347067657165871,12.00842862207058,True,False
17010,53014341291176653,5,4096,2461,2274,2000,1218,1172,6.573931191128657,6.53052546389296,12.0,11.151016538892248,True,False
17011,74943683380652618807,7494,5611,5556,4494,2000,213,212,4.952112392510156,4.951612278847961,12.45404219747008,12.133784409179908,True,False
17012,952380952380952380,95,2567,2487,2106,2000,318,318,5.040028021341288,5.040028021341289,11.325867580575418,11.040289721025717,True,False
17013,383342399918916488,38,2573,2371,2106,2000,581,579,4.768378817088758,4.766628817088758,11.3292357417338,11.040289721025717,True,False
17014,149625000000000000,15,4641,3364,3029,2000,1161,1119,4.541940788878791,4.525288774330936,12.180219982170192,11.564625862795372,True,False
17015,297629745568005932,30,3946,3084,2780,2000,881,871,4.400424164161047,4.396955288524131,11.946175240723559,11.44086916761087,True,False
17016,5012531328320802,1,1470,182,178,182,182,178,7.507794640198698,7.452849585253643,10.521600439723727,7.475733430966398,False,False
17017,3466363217502396935,347,5970,5031,4167,2000,883,848,4.471934374190738,4.461850394761728,12.543515216152167,12.024793384702548,True,False
17018,10481864495264033,1,2242,811,793,811,811,793,9.663558104217273,9.614840749094798,11.130570562805426,9.63117705570398,False,False
17019,25944785565054210228,2594,9578,8217,6612,2000,1228,1182,4.86026747830868,4.851686751475018,13.225508720236002,12.690871009292314,True,False
17020,21700483422641161,2,3185,1640,1570,2000,1228,1186,6.574884499897048,6.535233660163516,11.637077657143664,10.61654884377899,True,False
17021,49719496918549774,5,3827,2291,2117,2000,1232,1191,5.150924297007967,5.130419872746146,11.901998185668496,11.047805554007589,True,False
17022,2229230556403041623,223,8202,6588,5503,2000,1223,1178,4.843113001688323,4.838099541651534,13.001760028327217,12.426002613329361,True,False
17023,9224035672615901,1,878,271,269,271,271,269,8.082149041353873,8.067388893752398,9.778077129535358,8.071462362556623,False,False
17024,10529931618015753925,1053,8972,7587,6259,2000,1092,1060,5.402471757752837,5.399772759674458,13.131213905086272,12.61171646094388,True,False
17025,7973980286382392,1,1754,416,409,416,416,409,8.700439718141096,8.661978179679558,10.776433032444734,8.67595703294175,False,False
17026,3073129810656167,0,1102,0,0,0,0,0,0.0,0.0,10.105908508571158,0,False,True
17027,74812500000000000,7,785,725,674,2000,199,198,5.198470018377669,5.194797230397703,9.61654884377899,9.396604781181859,True,False
17028,191299039161052043,19,1228,1164,1043,2000,193,192,4.708778629237345,4.706026909412454,10.262094845370179,10.026523442519766,True,False
17029,82778790043334637,8,786,746,707,2000,206,206,4.496616218224601,4.4966162182246,9.618385502258606,9.4655664048094,True,False
17030,495258750000000000,50,3081,2473,2148,2000,610,592,4.430955880806582,4.4208708466763635,11.589182967039351,11.068778277985412,True,False
17031,200397750000000000000,20040,4990,4391,3559,0,0,0,0.0,0.0,12.284824100224624,11.797256217509785,False,True
17032,42393750000000000000,4239,5074,5007,4051,2000,195,193,4.862641985767309,4.8618618399128755,12.308907804063939,11.984062369686436,True,False
17033,14962500000000000000,1496,4649,4581,3668,2000,199,198,4.9073250971291245,4.906705857840771,12.182704710518964,11.840777923595054,True,False
17034,5486250000000000000,549,3871,3803,3035,2000,199,198,4.6276196460259875,4.6268193258979355,11.918490592292311,11.567480801143045,True,False
17035,60120126007074,0,57,0,0,0,0,0,0.0,0.0,5.832890014164741,0,False,True
17036,4900000000000000,0,1009,0,0,0,0,0,0.0,0.0,9.978710459106358,0,False,True
17037,17300000000000000,2,1724,884,845,2000,785,755,6.556568573502615,6.51512065224662,10.751544059089099,9.722807531169547,True,False
17038,17744224908900081,2,1550,814,780,2000,713,687,6.51337946822102,6.473731495279827,10.5980525001616,9.60733031374961,True,False
17039,299250000000000000,30,1597,1540,1348,2000,242,242,4.631098822210233,4.631098822210233,10.641148597411233,10.396604781181859,True,False
17040,9975000000000000,1,147,77,77,77,77,77,6.266786540694903,6.266786540694903,7.199672344836364,6.266786540694901,False,False
17041,4987500000000000,0,837,0,0,0,0,0,0.0,0.0,9.709083812550343,0,False,True
17042,1695888477957341932,170,6154,5253,4501,2000,920,909,4.743053828136495,4.74159174084144,12.587308728333545,12.136029849385551,True,False
17043,8137770797526149721,814,7245,6375,5353,2000,893,882,4.696993426077472,4.6945260606859645,12.822769974444292,12.386131937314994,True,False
17044,3694432337925863121,369,6805,5914,5007,2000,921,910,4.408166136557234,4.405451078595009,12.732379446391358,12.289730740083755,True,False
17045,10074750000000000000,1007,4454,4414,3524,2000,222,222,5.037416303308892,5.037416303308892,12.12088584278779,11.782998208920414,True,False
17046,49875000000000000000,4988,5300,5256,4220,2000,226,226,5.197373347005577,5.197373347005577,12.371776644337924,12.043027283594547,True,False
17047,33017250000000000000,3302,5057,4997,4017,2000,261,261,5.2344760524209715,5.23447605242097,12.304066063127284,11.971902746045467,True,False
17048,266658000536117258,27,5048,3592,3213,2000,1019,989,4.371522317986327,4.362027594547865,12.30149619498255,11.649705265471413,True,False
17049,717174108282897242,72,4423,3655,3198,2000,796,790,4.647358350853458,4.646329859087717,12.110809526898654,11.642954223480332,True,False
17050,70209037500000000000,7021,7601,6799,5672,2000,853,843,5.5708509086029245,5.5695054198367355,12.891973519025555,12.469641817239516,True,False
17051,219450000000000,0,2,0,0,0,0,0,0.0,0.0,1.0,0,False,True
17052,76596291321601346,8,2643,1806,1658,2000,789,759,4.545863736037831,4.531082825398151,11.36796070964157,10.69522829149575,True,False
17053,2912408791637397208,291,5276,4448,3703,2000,788,759,4.494278657417379,4.485469228632807,12.365228849251544,11.85447883417163,True,False
17054,2980505396097975482,298,2517,2189,1851,2000,388,379,4.547012708812495,4.539066180037319,11.29748950116098,10.854089179870574,True,False
17055,1012531328320802005,101,5793,4878,4210,2000,927,915,4.391878491745169,4.3876974832256375,12.500094949671807,12.039604517953759,True,False
17056,1002506265664160401,100,5830,4899,4220,2000,943,931,4.758600774056215,4.75600339327334,12.509280168087859,12.043027283594547,True,False
17057,10025062656641604,1,2284,744,724,744,744,724,9.539158811108033,9.478514435464533,11.157346935362844,9.499845887083206,False,False
17058,92975025052785999,9,4453,2856,2611,2000,1216,1172,4.441788019803925,4.42764924269775,12.120561896442904,11.350386742312843,True,False
17059,376057500000000000,38,3687,2876,2530,2000,774,744,4.617063383467576,4.602296634921546,11.848231701093818,11.304921669581672,True,False
17060,818808703610390,0,234,0,0,0,0,0,0.0,0.0,7.870364719583405,0,False,True
17061,10075376568379950,1,2381,985,954,985,985,954,9.943979914343739,9.878238911803471,11.217351905270334,9.897845456005511,False,False
17062,100647750000000000,10,4728,3149,2882,2000,1213,1173,4.851838728969756,4.838225104347362,12.207014320177532,11.492854620174748,True,False
17063,139350750000000000000,13935,9884,8562,6896,0,0,0,0.0,0.0,13.270879295328784,12.751544059089099,False,True
17064,1320000000000000000,132,6195,5082,4261,2000,1028,988,4.485080095688426,4.475254865103244,12.596888567027964,12.05697633617822,True,False
17065,98632800000000000000,9863,6670,6441,5346,2000,658,655,5.346312021728053,5.345999472892298,12.703471046071947,12.384244122243079,True,False
17066,9027375000000000000,903,6214,5806,4810,2000,758,753,4.962064366537332,4.96140844253078,12.60130652612184,12.231821178657404,True,False
17067,6502066049574804191,650,3042,3004,2425,2000,127,127,4.382692996085002,4.382692996085002,11.570804437724497,11.243769031961852,True,False
17068,10050000000000000000,1005,4400,4333,3454,2000,199,198,4.7708331446772165,4.77013923208899,12.103287808412022,11.754052367528924,True,False
17069,555206370904799,0,198,0,0,0,0,0,0.0,0.0,7.6293566200796095,0,False,True
17070,92767500000000000,9,1227,900,829,2000,382,374,4.661876589527447,4.6540890848434096,10.260919533662905,9.69522829149575,True,False
17071,1102756892230576,0,98,0,0,0,0,0,0.0,0.0,6.614709844115208,0,False,True
17072,989787050207911206,99,345,343,326,2000,51,51,4.316777305116285,4.316777305116285,8.430452551665532,8.348728154231077,True,False
17073,48361189245897371,5,2363,1539,1493,2000,838,828,4.550798434263804,4.54542640926435,11.206403913973848,10.543998450134541,True,False
17074,2337753382043018,0,58,0,0,0,0,0,0.0,0.0,5.857980995127572,0,False,True
17075,4954796576859191063,495,2740,2710,2204,2000,119,116,4.845684532174101,4.833488764330994,11.419960177847889,11.105908508571158,True,False
17076,937650000000000000,94,5887,4757,4141,2000,970,953,4.507083724790814,4.500025918247875,12.523316912312747,12.01576348736988,True,False
17077,303759398496240601,30,5214,3867,3400,2000,1082,1049,4.379176927438933,4.368993627684091,12.348174867535556,11.731319031025064,True,False
17078,663600169131980280,66,6754,5249,4507,2000,1249,1205,5.374600994416778,5.359086847134439,12.721526464007477,12.137951734715358,True,False
17079,4853240618818032,0,170,0,0,0,0,0,0.0,0.0,7.409390936137702,0,False,True
17080,99750000000000,0,2,0,0,0,0,0,0.0,0.0,1.0,0,False,True
17081,19950000000000,0,1,0,0,0,0,0,0.0,0.0,0.0,0,False,True
17082,19950000000000,0,1,0,0,0,0,0,0.0,0.0,0.0,0,False,True
17083,199500000000000000,20,2741,2382,2207,2000,733,728,5.23054416254813,5.226470933726522,11.420486612825774,11.107870914279614,True,False
17084,997500000000,0,1,0,0,0,0,0,0.0,0.0,0.0,0,False,True
17085,3990000000000000,0,726,0,0,0,0,0,0.0,0.0,9.50382573799575,0,False,True
17086,6623239895849487120,662,3689,3625,2905,2000,183,181,4.625573084779084,4.624532864293839,11.84901407369482,11.50432244829189,True,False
17087,1002506265664160,0,12,0,0,0,0,0,0.0,0.0,3.584962500721156,0,False,True
17088,4015420892046205448,402,8280,6687,5597,2000,1006,978,4.781839476094331,4.778088933038536,13.015415052386688,12.450438032395652,True,False
17089,6387036248355000,1,963,193,190,193,193,190,7.592457037268081,7.551006260066007,9.911391987843459,7.569855608330948,False,False
17090,2129496512823408183,213,4692,3944,3307,2000,728,701,4.425131832555449,4.41574538856487,12.19598729802851,11.691307330191115,True,False
17091,6095456370004100070,610,2346,2076,1758,2000,340,333,4.685928448804846,4.681934447761512,11.19598729802851,10.779719355143405,True,False
17092,776456871940954274,78,1625,1369,1203,2000,320,313,4.455873512899306,4.449784192673775,10.66622400280318,10.232420927176076,True,False
17093,3012450000000000000,301,8235,6899,5686,2000,1212,1170,4.710827474351127,4.703351062340765,13.007552934613717,12.473198383677527,True,False
17094,4005702150940667800217,400570,2337,2330,1945,0,0,0,0.0,0.0,11.190442018782825,10.925554439873554,False,True
17095,49875000000000000,5,3256,1911,1814,2000,1009,983,5.241089900770628,5.221543579556062,11.668884984266247,10.824958740528523,True,False
17096,907725000000000000,91,6328,4945,4292,2000,1018,992,4.544003605856973,4.539493147690024,12.627533884472792,12.067434360756522,True,False
17097,642888750000000000,64,6006,4618,4035,2000,1019,993,4.68525644748108,4.681591779513263,12.552188759557149,11.978352958165143,True,False
17098,1072915415712925830,107,925,914,805,2000,62,62,4.3748884360846345,4.374888436084636,9.853309555403674,9.65284497300198,True,False
17099,5526935801722413,1,1592,166,165,166,166,165,7.3750394313469245,7.36299123857584,10.63662462054365,7.366322214245816,False,False
17100,1646140383831734185,165,7288,5941,5032,2000,1089,1056,4.689431314119939,4.684297797856693,12.831307243802051,12.296916206879288,True,False
17101,118156223582599306927,11816,2349,2341,1943,0,0,0,0.0,0.0,11.197830998012197,10.924070185585345,False,True
17102,5985000000000000,1,88,20,20,20,20,20,4.321928094887363,4.321928094887363,6.459431618637297,4.321928094887363,False,False
17103,985992077920055274,99,6062,4887,4235,2000,1005,986,4.732495123852321,4.728434433371734,12.565578136784328,12.04814625421956,True,False
17104,1596000000000000000,160,1111,1099,966,2000,79,78,4.708761170192711,4.70321470426166,10.117643101389092,9.915879378835774,True,False
17105,45214966102950860094,4521,4961,4897,3965,2000,189,187,4.816072643210873,4.815251468391233,12.276415241892678,11.953105150591341,True,False
17106,19264777930766253823,1926,4821,4753,3844,2000,194,193,4.5331281565712125,4.532204866581214,12.23511671439625,11.90839262077375,True,False
17107,259350000000000000,26,3249,2489,2211,2000,736,710,4.385632979134833,4.374308224128839,11.665780028329483,11.110483309816226,True,False
17108,475256617485930000,48,863,701,634,2000,191,187,4.4172542439385305,4.411762823377895,9.753216749178955,9.308339030139408,True,False
17109,6564611688268544302,656,7712,6552,5334,2000,1076,1034,5.0439555374286,5.037796355067881,12.912889336229961,12.381002109550925,True,False
17110,9975000000000000000,998,9424,7938,6545,2000,1206,1165,5.31270463225923,5.309771402924478,13.20212382383046,12.676177476832603,True,False
17111,421930834433010,0,41,0,0,0,0,0,0.0,0.0,5.357552004618084,0,False,True
17112,158287422584404380,16,5142,3652,3280,2000,1247,1203,4.409727098309573,4.399642765165943,12.328113894833656,11.679480099505446,True,False
17113,44727094356143021,4,3792,2199,2038,2000,1215,1172,6.1347236866238415,6.1001252097191445,11.888743248898258,10.992938336165814,True,False
17114,34757165139966150000,3476,2205,2198,1837,2000,99,95,5.374288448859732,5.268866486498698,11.106562940444883,10.84313591111135,True,False
17115,955017699420372816,96,1942,1883,1539,2000,160,159,4.3899893851858565,4.385801982414242,10.923327485419192,10.58777751632821,True,False
17116,1990000000000000000,199,7941,6446,5387,2000,1261,1215,4.789988468080538,4.784411901070278,12.955104980216555,12.395266349839096,True,False
17117,10404045843253450457,1040,4447,4380,3539,2000,193,192,4.675240517638717,4.674490400432903,12.118616689351509,11.789126046425231,True,False
17118,419994684254469,0,241,0,0,0,0,0,0.0,0.0,7.912889336229962,0,False,True
17119,28297936694984360312,2830,5912,5710,4719,2000,621,619,5.707885133108539,5.707722857541442,12.52943055414615,12.204265456136843,True,False
17120,15870187919237135,2,1401,720,693,2000,657,636,6.509960239453345,6.474953942658635,10.452241240430817,9.436711542137214,True,False
17121,8977500000000000000,898,4215,4148,3309,2000,197,196,4.613020437091692,4.612117468582719,12.041316915829444,11.692179576312538,True,False
17122,3279779374622447412,328,3449,3382,2734,2000,192,191,4.498328824941808,4.497313725335159,11.751962413460854,11.41679752760606,True,False
17123,3960075000000000000,396,8656,7074,5875,2000,1221,1180,4.557543324696501,4.55093567877194,13.079484783826816,12.520373136339725,True,False
17124,33910204730304927230,3391,5190,5119,4116,2000,212,211,5.270456457882836,5.27005173612904,12.341518823245243,12.007027266893969,True,False
17125,4645581254729386,0,171,0,0,0,0,0,0.0,0.0,7.417852514885898,0,False,True
17126,17459949801808529853,1746,1518,1351,1173,2000,237,233,5.4715031411891095,5.4703382379581775,10.567956075415466,10.19598729802851,True,False
17127,497267947066380000,50,1565,1306,1153,2000,328,321,4.397210495628673,4.389220859986688,10.61194694181998,10.171176797651771,True,False
17128,37643969028825953686,3764,3119,3104,2602,2000,106,105,4.727286905903519,4.726901959132263,11.606867837374152,11.345405246717796,True,False
17129,24937500000000000,2,472,305,295,2000,210,206,6.4475441390028685,6.427488987335785,8.88264304936184,8.204571144249204,True,False
17130,107032894283001408336,10703,5562,5523,4430,0,0,0,0.0,0.0,12.441388029346687,12.113090983442381,False,True
17131,1997493734335839598,200,4204,3527,2969,2000,663,642,4.431521438959093,4.422149725276339,12.037546953962178,11.535761377986656,True,False
17132,1119124464714108801,112,4680,3858,3276,2000,781,752,4.4637866745326376,4.454080951099966,12.192292814470767,11.677719641641009,True,False
17133,730606929788450,0,218,0,0,0,0,0,0.0,0.0,7.768184324776926,0,False,True
17134,16101545886231909,2,617,475,473,2000,449,447,6.515607468497569,6.510877547362933,9.269126679149418,8.885696373339394,True,False
17135,6518968512657458,1,1874,245,243,245,245,243,7.936637939002567,7.920311408390322,10.871905237659186,7.924812503605781,False,False
17136,3795515017471905000,380,602,537,488,2000,107,107,4.637021156636694,4.637021156636695,9.233619676759702,8.930737337562887,True,False
17137,8309926759616845,1,545,160,160,160,160,160,7.321928094887362,7.321928094887362,9.090112419664289,7.321928094887363,False,False
17138,37979478417066150916,3798,2737,2725,2296,2000,100,97,5.471158651988807,5.403788993559998,11.418379719364957,11.164906926675688,True,False
17139,64630165296109567,6,3702,2270,2138,2000,1023,994,4.414676909518629,4.402322512676279,11.854089179870574,11.06204613772049,True,False
17140,8283272325075623572,828,4172,4111,3333,2000,270,270,5.160476827350613,5.160476827350615,12.026523442519766,11.702605602110248,True,False
17141,729663249136263734,73,2194,2148,1779,2000,200,200,4.406484757989215,4.406484757989216,11.099347810403193,10.79685079526716,True,False
17142,4987500000000000,0,1541,0,0,0,0,0,0.0,0.0,10.589651146514786,0,False,True
17143,1325955814772085,0,806,0,0,0,0,0,0.0,0.0,9.654636028527968,0,False,True
17144,392345478000000000000,39235,9295,8168,6830,0,0,0,0.0,0.0,13.182239149806843,12.737669863177453,False,True
17145,5486250000000000000,549,7825,6691,5620,2000,984,967,4.554911854476325,4.5513015120788936,12.933875036707343,12.456354415108288,True,False
17146,10960994741970046858,1096,4508,4465,3576,2000,206,206,4.376574475798892,4.376574475798892,12.138271800172221,11.804131021183318,True,False
17147,1618783620376590437,162,4721,4368,3687,2000,739,734,4.666202690018555,4.664345406763141,12.204876767603993,11.848231701093818,True,False
17148,1393141171291676462,139,5228,4463,3785,2000,790,784,4.43251878830908,4.430975896371272,12.352043425795433,11.886077584873094,True,False
17149,3591723154801479098,359,6068,5259,4439,2000,839,828,4.922560720010425,4.919551342821235,12.567005370247033,12.116018993325094,True,False
17150,4985828714028098780,499,7654,6527,5503,2000,977,961,5.0059647578773445,5.004274163043531,12.901998185668496,12.426002613329361,True,False
17151,78962439635709886,8,4329,2718,2490,2000,1216,1171,4.441538983886408,4.42723588288276,12.079818085212354,11.281930026955443,True,False
17152,116203594622378203,12,255,242,237,2000,58,58,4.321111429833748,4.321111429833748,7.994353436858858,7.888743248898259,True,False
17153,429166580699618,0,182,0,0,0,0,0,0.0,0.0,7.507794640198696,0,False,True
17154,139630050000000000000,13963,5588,5533,4458,0,0,0,0.0,0.0,12.448116305409464,12.122180901259753,False,True
17155,6154953833213053430,615,131,129,122,2000,44,44,4.636065063122475,4.636065063122476,7.03342300153745,6.930737337562887,True,False
17156,712853992579973699,71,4487,3722,3238,2000,788,782,5.082322174156392,5.07900766637121,12.131535468676345,11.660887270302567,True,False
17157,2104725000000000000,210,7424,6032,5093,2000,1018,992,4.4997460500886115,4.493223723858431,12.857980995127573,12.314300001897534,True,False
17158,94239505305376167,9,216,204,201,2000,71,70,4.494538406241435,4.478852435918909,7.754887502163468,7.651051691178929,True,False
17159,79060332604918656922,7906,6491,6273,5210,2000,655,651,5.815711937447548,5.796385250709334,12.664225040837929,12.347067657165871,True,False
17160,37149066939758645961,3715,7902,7043,5882,2000,928,918,6.134055792232041,6.133664132348522,12.94800213097767,12.522091068887065,True,False
17161,36220083213456288,4,221,149,147,2000,99,99,5.034117172734355,5.034117172734355,7.787902559391432,7.199672344836364,True,False
17162,10067795521797663,1,21,18,18,18,18,18,4.169925001442312,4.169925001442312,4.392317422778761,4.169925001442312,False,False
17163,3868413799141301217,387,7938,6689,5491,2000,1155,1111,4.699886539384769,4.690469855637756,12.954559846999834,12.422853195944265,True,False
17164,1875300000000000000,188,2995,2940,2411,2000,220,220,4.409208483780236,4.409208483780237,11.548340287676147,11.235415935602527,True,False
17165,20498720642659723710,2050,1716,1529,1314,2000,254,250,5.564612822072111,5.563597664302499,10.744833837499545,10.35974956032233,True,False
17166,53567879874214442140,5357,383,350,329,2000,87,87,5.725247459333696,5.725247459333699,8.581200581924957,8.361943773735241,True,False
17167,4987500000000000,0,1469,0,0,0,0,0,0.0,0.0,10.52061868055628,0,False,True
17168,7949513573745870799,795,6614,5850,4848,2000,795,789,4.658247121296166,4.6571314591262105,12.691307330191115,12.243173983472952,True,False
17169,4473954502841861945,447,2438,2413,1969,2000,143,142,4.603432249250903,4.6030835171883675,11.251482410620213,10.943247395901553,True,False
17170,1798406301189066061,180,5779,4926,4192,2000,872,862,4.473147141213621,4.470900822491389,12.496604154575603,12.03342300153745,True,False
17171,69443735104496669,7,361,333,326,2000,111,111,4.397833297795112,4.397833297795114,8.49585502688717,8.348728154231077,True,False
17172,785549128741100622,79,4224,3411,2952,2000,778,748,4.509252873544178,4.496650254468727,12.044394119358454,11.527477006060396,True,False
17173,7777401666472422380,778,4231,3669,2997,2000,579,560,5.0856263483703215,5.079784068174247,12.04678297035635,11.549303368513575,True,False
17174,5075722730333927076,508,3958,3433,2821,2000,554,536,4.5484159846676615,4.541510566617994,11.950555897047511,11.461990950585571,True,False
17175,316874968383009003,32,3304,2566,2257,2000,717,690,4.791140830575836,4.769802825836248,11.689997971419446,11.140190703191836,True,False
17176,78558201942564366354,7856,5559,5478,4466,2000,324,324,5.441177147729953,5.441177147729953,12.440609666748422,12.124767535822473,True,False
17177,189525000000000000,19,429,422,402,2000,85,84,4.424926864898549,4.423556236996743,8.744833837499545,8.651051691178928,True,False
17178,743999283984789690,74,4518,3631,3130,2000,843,809,4.472415253142678,4.463654904414767,12.141468555393084,11.61194694181998,True,False
17179,1702293010711902,0,392,0,0,0,0,0,0.0,0.0,8.614709844115207,0,False,True
17180,332029588641789946,33,5356,3784,3327,2000,964,935,4.391683350657254,4.381502684584898,12.386940245324311,11.700006150882865,True,False
17181,4874489353703326495,487,7844,6663,5582,2000,1023,1003,5.082909024390321,5.080141681249557,12.93737382019215,12.446566409066067,True,False
17182,199483865860888476050,19948,5609,5559,4464,0,0,0,0.0,0.0,12.453527867681785,12.124121311829187,False,True
17183,30280587735270586,3,3547,1927,1816,2000,1218,1173,5.299572954133123,5.270964367878284,11.792383614935188,10.826548487290914,True,False
17184,45323401088431076,5,1894,1230,1146,2000,648,629,4.986247041547101,4.968646412730118,10.887220615468385,10.162391328756906,True,False
17185,13536593767846322598,1354,4693,4086,3312,2000,624,605,5.089613076521556,5.083947295184291,12.196294745028263,11.693486957499326,True,False
17186,469599703467300000,47,547,542,520,2000,65,64,4.264012023740333,4.261946505323371,9.095397022792557,9.022367813028454,True,False
17187,24863572220260264,2,61,56,55,461,56,55,5.090342125449359,5.083282673429767,5.930737337562887,5.78135971352466,False,False
17188,344483386072082661,34,499,494,474,2000,63,62,4.199600304246546,4.196997490625113,8.96289600533726,8.888743248898258,True,False
17189,742160109235704673,74,653,648,613,2000,62,61,4.234134033148437,4.231805224026536,9.350939181546432,9.259743263690781,True,False
17190,1496250000000000000,150,4904,4392,3705,2000,756,750,4.4656365420037085,4.4630378445228125,12.259743263690781,11.855257827193196,True,False
17191,3823151402438565571,382,5797,5191,4328,2000,773,767,4.657229692541241,4.655281434980005,12.501090770274512,12.079484783826816,True,False
17192,928790452268786738,93,4496,3845,3316,2000,780,774,4.647155257618932,4.646060026171092,12.134426320220927,11.69522829149575,True,False
17193,1726830634679090979,173,5419,4657,3926,2000,792,786,4.64710803030579,4.646079538540048,12.40381093178603,11.938844457466171,True,False
17194,1216950000000000000,122,7008,5510,4686,2000,968,938,4.467925835551879,4.460989211206,12.774787059601174,12.194141238863136,True,False
17195,6750502300814567431,675,8545,7076,5876,2000,996,966,5.3097195579572976,5.3073098365771205,13.060864776563502,12.52061868055628,True,False
17196,44611435522424059,4,3718,2246,2077,2000,1241,1197,5.304690900597285,5.268182717106596,11.860311054919482,11.020285500844647,True,False
17197,32917500000000000,3,2839,1716,1605,2000,1028,990,6.495648299391827,6.454466035403527,11.471167133724391,10.648357582009666,True,False
17198,25168175670978093,3,2610,1495,1417,2000,1020,982,6.491775277721565,6.450593013733265,11.349834091457247,10.468624042918018,True,False
17199,3744971169843750000,374,14,12,12,8,12,12,3.5102712513322123,3.5102712513322123,3.807354922057604,3.584962500721156,False,False
17200,813285863368860142,81,806,799,735,2000,86,84,4.377373806668702,4.376013360223718,9.654636028527968,9.521600439723727,True,False
17201,2180589227216184608,218,1319,1311,1134,2000,90,88,4.5350734153744074,4.53404104672915,10.365228849251544,10.147204924942228,True,False
17202,2723409625326600,0,32,0,0,0,0,0,0.0,0.0,5.0,0,False,True
17203,12291114444100499452,1229,2195,2183,1815,2000,76,75,4.603194026298684,4.602040312365115,11.10000522442272,10.825753832883112,True,False
17204,1013567260770015000,101,1369,1169,1025,2000,255,251,4.545827790050406,4.543072692271789,10.4189067312579,10.001408194392809,True,False
17205,25640131914931543086,2564,3266,2888,2378,2000,449,437,5.787769014286989,5.784402657906774,11.673309075561695,11.215532999745657,True,False
17206,25563211944136197732,2556,2959,2632,2179,2000,419,410,5.76274877143633,5.76039347965532,11.530893981193922,11.089450481115907,True,False
17207,1683790444024500000,168,1021,874,788,2000,173,170,4.400607840794376,4.395533349869908,9.995767150877802,9.622051819456376,True,False
17208,12324090518862808,1,980,472,456,472,472,456,8.882643049361839,8.80559955788599,9.936637939002571,8.832890014164741,False,False
17209,9520300058480167,1,730,234,232,234,234,232,7.870364719583403,7.853270702489386,9.51175265376738,7.857980995127572,False,False
17210,1995000000000000000,200,3989,3785,3210,2000,607,605,5.1264527063835175,5.126183470436672,11.961811408087163,11.648357582009666,True,False
17211,9975000000000000,1,114,66,66,66,66,66,6.044394119358453,6.044394119358453,6.832890014164741,6.044394119358453,False,False
17212,7514844117313924,1,531,140,139,140,140,139,7.129283016944968,7.114997302659254,9.052568050804153,7.118941072723508,False,False
17213,1596000000000000000,160,1135,1127,986,2000,88,86,4.396926974201314,4.395566689115617,10.148476582178278,9.945443836377912,True,False
17214,1095191913727435339,110,2484,2419,1950,2000,182,180,4.365004004795535,4.3630324898452715,11.278449458220482,10.929258408636972,True,False
17215,419720728633251265,42,1709,1642,1359,2000,185,183,4.40359940895413,4.402038766004005,10.73893668167614,10.40832974076739,True,False
17216,10249172635668104,1,34,21,21,21,21,21,4.392317422778761,4.392317422778761,5.087462841250339,4.392317422778761,False,False
17217,1383764811124858030,138,2797,2742,2264,2000,230,230,4.396618162924276,4.396618162924274,11.449664538476192,11.144658242831882,True,False
17218,316153577233658694,32,3395,2633,2317,2000,734,707,4.800101001464778,4.778783298829992,11.729195859132094,11.178042328864821,True,False
17219,1795268282965495508,180,2867,2803,2300,2000,199,198,4.434209183687465,4.433077321774619,11.485326189240524,11.167418145831737,True,False
17220,16029846238935141560,1603,4804,4754,3813,2000,204,203,4.914198481668722,4.91366765768513,12.230020435705635,11.896710815726115,True,False
17221,29180330958163984018,2918,5197,5143,4127,2000,220,219,5.1953260045957705,5.1949503234603505,12.343463343667903,12.010877723007034,True,False
17222,3843124913166291,0,1348,0,0,0,0,0,0.0,0.0,10.396604781181859,0,False,True
17223,50000000000000000,5,2316,1525,1416,2000,757,730,5.030922693492643,5.009012664740666,11.177419537989236,10.467605550082997,True,False
17224,88545457823927953,9,842,775,715,2000,188,186,4.43741984301107,4.434456346184774,9.717676423066395,9.481799431665753,True,False
17225,199500000000000000,20,4021,2968,2664,2000,982,943,4.557062322418501,4.541789350505269,11.97333862080036,11.379378367071261,True,False
17226,199638287192722948515,19964,2901,2888,2360,0,0,0,0.0,0.0,11.502334580197997,11.204571144249204,False,True
17227,2144625000000000000,214,808,803,736,2000,60,60,4.347788774564399,4.347788774564399,9.658211482751796,9.523561956057012,True,False
17228,520755731095483284,52,5731,4386,3845,2000,1014,988,4.498552113931062,4.493666348057471,12.484571180915806,11.908767882849189,True,False
17229,99747007500000000000,9975,9823,8459,6936,2000,1130,1098,5.880283719365737,5.878850327551765,13.26194798375852,12.759888183221834,True,False
17230,48233884841532352,5,3223,1886,1790,2000,1012,986,5.0871474863954536,5.0703747241345205,11.654188473059545,10.805743872151618,True,False
17231,5286321969091275242,529,8055,6816,5688,2000,1000,980,4.736592603104158,4.734002913140123,12.97566887359393,12.473705749619416,True,False
17232,496728616125000000000,49673,10136,8749,7172,0,0,0,0.0,0.0,13.30720080914081,12.808159772868375,False,True
17233,1511037581770263225,151,1640,1619,1331,2000,118,117,4.342788561188619,4.3424079669165385,10.679480099505446,10.378294855911891,True,False
17234,9035619245984659259,904,2807,2782,2280,2000,137,136,4.790385491094078,4.790182536160606,11.454813348512525,11.154818109052105,True,False
17235,149625000000000000,15,362,349,331,2000,80,78,4.262174116732623,4.259662982678029,8.499845887083206,8.370687406807217,True,False
17236,4300785737270357735,430,3714,3654,2949,2000,213,212,4.818210317790875,4.817631157047443,11.858758099935422,11.526010107061737,True,False
17237,100730313306979158556,10073,5420,5352,4311,0,0,0,0.0,0.0,12.404077136241234,12.073806847178492,False,True
17238,14956484009306252650,1496,4642,4574,3660,2000,190,189,4.584177976479583,4.583243497810854,12.180530807344482,11.837627933171404,True,False
17239,45884711779448620,5,3449,2030,1886,2000,1141,1105,4.53878910117133,4.52348170542916,11.751962413460854,10.881113960675096,True,False
17240,42880938357175300842,4288,3435,3415,2815,2000,127,126,4.952799664122761,4.952603083873089,11.746094383705463,11.458919206967591,True,False
17241,294736842105263157,29,4255,3226,2861,2000,962,923,4.435511490403099,4.421390813380918,12.054943416573325,11.482303782323182,True,False
17242,649680776784829904,65,4944,4067,3581,2000,908,898,4.6501138746801844,4.648599907617218,12.271463027904375,11.806146803320525,True,False
17243,4937625000000000000,494,3725,3657,2951,2000,189,188,4.391178200272331,4.389177199772081,11.863024710236886,11.526988205432007,True,False
17244,1685775000000000000,169,3218,3124,2631,2000,371,370,4.69192494495001,4.691545714156469,11.651948610723446,11.36139553316589,True,False
17245,1007475000000000000,101,5088,4284,3677,2000,831,822,4.512939391073083,4.510951412159606,12.312882955284355,11.844313461203296,True,False
17246,37905000000000000,4,2564,1588,1538,2000,955,944,4.774984215526535,4.769377371405001,11.324180546618742,10.586839787961827,True,False
17247,7980000000000000,1,1806,338,334,338,338,334,8.400879436282182,8.377210797228928,10.818582177480858,8.383704292474052,False,False
17248,9975000000000000,1,1995,471,459,471,471,459,8.879583249612786,8.820964055399543,10.962173031109709,8.842350343413807,False,False
17249,4987500000000000,0,1585,0,0,0,0,0,0.0,0.0,10.63026712502677,0,False,True
17250,129276000000000000,13,4963,3427,3091,2000,1229,1188,4.399795823213326,4.3886637895396134,12.27699673929712,11.593857938858223,True,False
17251,120996750000000000000,12100,5574,5514,4446,0,0,0,0.0,0.0,12.44449728710381,12.11829223302699,False,True
17252,28712434707175473,3,2987,1547,1482,2000,1028,999,5.246832831423566,5.224656389752572,11.544481522310791,10.533329732305834,True,False
17253,4511278195488721,0,1448,0,0,0,0,0,0.0,0.0,10.499845887083206,0,False,True
17254,2298128281118012,0,1105,0,0,0,0,0,0.0,0.0,10.109830654278793,0,False,True
17255,5547279439259862234,555,3055,3008,2431,2000,149,147,4.901100280959041,4.900768379155749,11.576956664706092,11.247334178028728,True,False
17256,648375000000000000,65,4712,3756,3250,2000,899,863,4.500488194207277,4.490763069986759,12.20212382383046,11.66622400280318,True,False
17257,59769187514018357278,5977,7012,6701,5515,2000,765,760,5.934652473531558,5.91098271425348,12.775610280759539,12.429145170478744,True,False
17258,598500000000000000,60,701,693,650,2000,78,77,4.317192479902747,4.316198386055091,9.453270634010623,9.344295907915816,True,False
17259,3990000000000000000,399,8370,6722,5640,2000,1044,1015,4.378497817029009,4.368654676533846,13.031011907437707,12.461479447286155,True,False
17260,5193911768609870,1,66,13,13,13,13,13,3.7004397181410926,3.7004397181410926,6.044394119358453,3.700439718141092,False,False
17261,4221564450322547,0,982,0,0,0,0,0,0.0,0.0,9.939579214314692,0,False,True
17262,14120835976704814,1,375,199,195,199,199,195,7.6366246205436505,7.596423615518525,8.550746785383243,7.60733031374961,False,False
17263,16436012365282187258,1644,3228,2845,2342,2000,435,423,5.197948064886172,5.19238611302049,11.656424863277781,11.193525360501216,True,False
17264,429922500000000000,43,5303,4018,3546,2000,1016,990,4.703627571317999,4.699718176740211,12.372593033140745,11.79197682089869,True,False
17265,1600987500000000000,160,4,3,3,0,0,0,0.0,0.0,2.0,1.584962500721156,False,False
17266,4338866829576081759,434,2254,2234,1819,2000,115,114,4.431230207440298,4.430911826827294,11.138271800172221,10.828929827651486,True,False
17267,7995649718969165,1,1206,342,342,342,342,342,8.417852514885897,8.417852514885897,10.236014191900084,8.417852514885897,False,False
17268,20050125313283208,2,163,135,133,2000,98,96,6.234385476301415,6.230424526121675,7.348728154231077,7.05528243550119,True,False
17269,9933437729593149,1,1987,459,449,459,459,449,8.842350343413807,8.790913218197169,10.95637615724967,8.810571634741146,False,False
17270,607636653529128,0,259,0,0,0,0,0,0.0,0.0,8.016808287686555,0,False,True
17271,11088488708032943065,1109,4508,4441,3575,2000,195,194,4.542016072994072,4.541079962533039,12.138271800172221,11.803727526553114,True,False
17272,22083306826565810,2,3185,1650,1581,2000,1228,1187,6.574884499897048,6.536233660163516,11.637077657143664,10.62662165235837,True,False
17273,199500000000000000,20,3,2,2,0,0,0,0.0,0.0,1.584962500721156,1.0,False,False
17274,415056100595482378,42,479,475,458,2000,62,60,4.19292472326997,4.18916102482675,8.90388184573618,8.839203788096944,True,False
17275,21542412942113502718,2154,3319,3294,2715,2000,138,137,4.712380293174351,4.712152291329752,11.6965329140783,11.406736482691723,True,False
17276,123353424741094577,12,3934,2763,2574,2000,990,972,5.257614057208576,5.240810429426515,11.94178124227853,11.329796338220701,True,False
17277,941900249816820000,94,884,741,681,2000,169,166,4.3984593860501375,4.394256654274483,9.787902559391432,9.411510988012072,True,False
17278,3361774500000000000,336,7869,6456,5424,2000,1020,992,5.0426209195362395,5.039265126143042,12.94196459298614,12.405141463136344,True,False
17279,8215169193525000,1,303,95,95,95,95,95,6.569855608330948,6.569855608330948,8.243173983472952,6.569855608330948,False,False
17280,57655500000000000000,5766,69,65,65,2000,58,58,5.754589224865827,5.754589224865826,6.108524456778169,6.022367813028454,True,False
17281,254362500000000000,25,11,8,8,3,7,7,2.6464393446710157,2.6464393446710153,3.4594316186372973,3.0,False,False
17282,17653615806974997549,1765,4781,4740,3787,2000,227,227,5.268829116370559,5.268829116370558,12.223096690347695,11.88683970588442,True,False
17283,962671118606169251,96,2331,2275,1868,2000,199,198,4.500852387773062,4.49992124966835,11.186733289128867,10.867278739709661,True,False
17284,995410646705641017,100,2349,2284,1876,2000,196,195,4.388889543979527,4.387055446438886,11.197830998012197,10.873444112515376,True,False
17285,10658033730015000000,1066,2216,2209,1860,2000,90,89,4.440535186261209,4.439922606567156,11.113742166049189,10.861086905995395,True,False
17286,2581210294167750000,258,885,880,802,2000,65,65,4.441111616238201,4.4411116162382,9.78953364497036,9.64745842645492,True,False
17287,2179526620427100000,218,1168,1161,1028,2000,76,74,4.517757507079389,4.507601356889365,10.189824558880018,10.005624549193879,True,False
17288,9875250000000000000,988,2436,2421,2020,2000,103,102,4.48405010801335,4.483495031765124,11.250298417906333,10.980139577639157,True,False
17289,78183435018391394,8,209,196,192,2000,72,71,4.771572416816666,4.768758912503744,7.7073591320808825,7.584962500721156,True,False
17290,157715271650659550,16,1354,1273,1171,2000,299,299,4.403196176659807,4.403196176659808,10.403012023574997,10.193525360501216,True,False
17291,12943456407720683,1,2592,977,949,977,977,949,9.932214751968388,9.865519501754743,11.339850002884624,9.89026427702111,False,False
17292,4806296244787041574,481,7041,6135,5198,2000,924,913,4.966185822069159,4.965036294733427,12.781564627244327,12.3437409184722,True,False
17293,2194500000000000000,219,3106,3039,2429,2000,193,191,4.598775450597472,4.597465086604515,11.600842114387302,11.246146774635864,True,False
17294,97755000000000000,10,1084,992,947,2000,352,351,4.415658907318526,4.41505878729452,10.08214904135387,9.887220615468385,True,False
17295,3466447770576885780,347,3599,3544,2863,2000,199,198,4.39353510320697,4.3919200687039615,11.813380386924727,11.483311954999353,True,False
17296,315901477374191739,32,5354,3767,3317,2000,993,964,4.425019714836175,4.4179932485855264,12.386401423640777,11.695663296788021,True,False
17297,708927990538210,0,92,0,0,0,0,0,0.0,0.0,6.523561956057013,0,False,True
17298,748104087354454324,75,3328,2719,2347,2000,613,595,4.526366785366904,4.519627138559663,11.700439718141093,11.196602126523171,True,False
17299,48606640506948419,5,247,222,219,2000,128,127,4.398056269846433,4.397296583224559,7.948367231584678,7.774787059601174,True,False
17300,49835094721988988,5,2988,1901,1759,2000,1003,964,5.0838354160042964,5.059905719839792,11.544964432789238,10.78053976747196,True,False
17301,1029679350000000000,103,6003,4894,4117,2000,1025,984,4.607891608809131,4.596194626319709,12.551467952626897,12.007377733321269,True,False
17302,647598194591436331,65,2014,1947,1572,2000,190,188,4.403950259440277,4.402389226036576,10.975847968006784,10.618385502258606,True,False
17303,300751879699248120,30,1571,1503,1255,2000,186,185,4.46055875456719,4.459349227213263,10.617467465294196,10.293471648838134,True,False
17304,34627281200548113,3,465,398,385,2000,186,185,5.195100305665748,5.191093627869421,8.861086905995395,8.588714635582264,True,False
17305,19999875000000000000,2000,4863,4818,3855,2000,202,202,4.550420145096203,4.550420145096203,12.247630876238699,11.912515144802397,True,False
17306,7472713140731899,1,953,229,226,229,229,226,7.839203788096945,7.809706462759987,9.896332403909941,7.820178962415188,False,False
17307,6999922874505176411,700,4080,4016,3262,2000,276,276,4.778487192183142,4.778487192183142,11.994353436858859,11.671541066711884,True,False
17308,20049750000000000000,2005,9233,7694,6328,2000,990,960,5.478156594074732,5.475830608172035,13.17258377130915,12.627533884472792,True,False
17309,10206455758181846483,1021,4466,4397,3511,2000,198,197,4.58039472963185,4.579537280542889,12.124767535822473,11.777666280880755,True,False
17310,306316955239272862,31,1608,1540,1288,2000,186,185,4.825354542079464,4.822216466765656,10.651051691178928,10.330916878114618,True,False
17311,238552125000000000,24,1426,1359,1186,2000,181,180,4.7022291498373265,4.699227273664719,10.477758266443889,10.211888294546004,True,False
17312,853014474028264741,85,4315,3493,3020,2000,783,753,4.64646754910139,4.636276538142526,12.075144844066317,11.560332834212442,True,False
17313,3736180102015129,0,657,0,0,0,0,0,0.0,0.0,9.35974956032233,0,False,True
17314,99750000000000000,10,266,255,246,2000,76,75,4.393451756463102,4.392047860741756,8.055282435501189,7.94251450533924,True,False
17315,11067669172932330827,1107,6711,5939,4941,2000,824,816,5.588872578883494,5.587673182098388,12.712312041780274,12.270587340447511,True,False
17316,85806096641414639,9,822,759,703,2000,197,196,4.355146650259405,4.353770704296556,9.682994583681683,9.457380879072534,True,False
17317,1596000000000000000,160,2742,2674,2148,2000,193,191,4.486605915441115,4.485305216980704,11.421012855779226,11.068778277985412,True,False
17318,521303258145363408,52,2633,2472,2166,2000,492,490,4.461973338303517,4.4612460325168914,11.362491806046062,11.080817527608327,True,False
17319,3145670964207682,0,1272,0,0,0,0,0,0.0,0.0,10.312882955284355,0,False,True
17320,156926634614136252,16,4529,3303,2967,2000,1115,1074,4.42878027040893,4.414901509596725,12.144976824050111,11.534789211480266,True,False
17321,158286453898531611,16,4504,3282,2947,2000,1105,1064,4.427362045956392,4.413316576800435,12.13699111208023,11.525031345124,True,False
17322,1106269382225884582,111,716,712,668,2000,64,63,4.460190329965279,4.4582033799048375,9.483815777264256,9.383704292474052,True,False
17323,526315789473684210,53,1962,1895,1551,2000,185,184,4.3888343050425815,4.38675129383138,10.938109326219239,10.59898297103609,True,False
17324,448875000000000000,45,1780,1713,1418,2000,185,184,4.366155488454514,4.364638037771661,10.79766152585376,10.469641817239516,True,False
17325,399000000000000000,40,1708,1639,1360,2000,188,187,4.432279303161246,4.431036809891419,10.73809225962049,10.409390936137703,True,False
17326,279300000000000000,28,1533,1464,1240,2000,185,184,4.385719566393874,4.383961324635632,10.582141981658777,10.276124405274238,True,False
17327,369075000000000000,37,1690,1620,1350,2000,190,189,4.402600839974504,4.4012276065820455,10.722807531169547,10.398743691938193,True,False
17328,359100000000000000,36,1687,1616,1352,2000,193,192,4.45718025460484,4.455913496450084,10.720244258287567,10.400879436282183,True,False
17329,53665500000000000000,5367,9658,8338,6701,2000,1214,1172,5.241634559838448,5.238785277407996,13.237508748172656,12.710160691782914,True,False
17330,96567360705585000,10,400,291,279,2000,123,123,4.720470845370831,4.720470845370831,8.643856189774725,8.124121311829187,True,False
17331,2815803685468361417,282,8458,6918,5787,2000,1202,1162,4.397118560131949,4.3858342730378945,13.046100845028802,12.49859992877026,True,False
17332,1920416874383575597,192,7954,6395,5370,2000,1228,1186,4.922662263234711,4.91841173192046,12.95746484680521,12.390706372872774,True,False
17333,10156224385592815,1,1659,762,756,762,762,756,9.573647187493322,9.557899155997259,10.696098170955864,9.562242424221072,False,False
17334,505168241471661042449,50517,5691,5624,4547,0,0,0,0.0,0.0,12.474466464132632,12.15069928874454,False,True
17335,666977329021042134,67,5064,4158,3669,2000,919,908,4.513512568797357,4.511560287423511,12.306061689428342,11.841171189248543,True,False
17336,13942303889642100000,1394,2275,2268,1902,2000,94,93,4.546213740899224,4.545659967629477,11.151650829973422,10.893301530860564,True,False
17337,188850392636015692,19,4601,3379,3022,2000,1102,1061,4.532439957196378,4.515586237105959,12.167731741103244,11.561287945164828,True,False
17338,991478696741854636,99,4823,3901,3348,2000,860,824,4.472999466678005,4.460438019115868,12.235715094761895,11.709083812550343,True,False
17339,1002506265664160401,100,7034,5640,4819,2000,1126,1092,4.465882713499822,4.458068038693315,12.780129619625306,12.234518085739989,True,False
17340,3000000000000000000,300,8436,6878,5739,2000,1219,1179,4.732125332605991,4.725785487388751,13.042343379793692,12.486583659067268,True,False
17341,79197994987468671,8,4342,2711,2487,2000,1215,1170,5.1999984674067825,5.174972908038584,12.084144010615145,11.280190792216906,True,False
17342,539592159022317484,54,6593,5046,4365,2000,1229,1187,4.69630933301633,4.691352823158706,12.686719366021846,12.091765938516803,True,False
17343,688275000000000000,69,3764,3040,2625,2000,711,685,4.459901913365597,4.446655661728231,11.878050912728536,11.358101707440847,True,False
17344,49875000000000000,5,120,109,109,2000,54,54,4.424575110759635,4.424575110759637,6.906890595608519,6.768184324776926,True,False
17345,2915601067827624808,292,1624,1609,1366,2000,102,101,4.7756392006079365,4.775107321086064,10.665335917185176,10.41574176829009,True,False
17346,1146216681447600000,115,852,845,766,2000,65,64,4.293793412581479,4.2920625517833795,9.734709620225837,9.581200581924957,True,False
17347,535338345864661653,54,2180,1791,1564,2000,421,409,4.437096470090941,4.429174702369751,11.090112419664289,10.611024797307353,True,False
17348,943626800961411074,94,6806,5470,4662,2000,1212,1169,4.6488754174625875,4.643274788492678,12.73259143596501,12.186733289128867,True,False
17349,282182775000000000,28,3851,2922,2596,2000,865,830,4.636756427183974,4.622106561339907,11.911017407796985,11.342074667999139,True,False
17350,14358332526219024932,1436,2225,2214,1846,2000,76,75,4.606376479140949,4.605359080504663,11.119589620741122,10.850186837645774,True,False
17351,4289250000000000000,429,2482,2454,1996,2000,111,111,4.283012870091853,4.283012870091854,11.277287400130357,10.96289600533726,True,False
17352,501253132832080200,50,1304,1276,1053,2000,105,103,4.292194376354855,4.264733164772097,10.348728154231077,10.040289721025717,True,False
17353,29419327696775734873,2942,4080,4033,3275,2000,166,162,5.701080376904034,5.700527260098059,11.994353436858859,11.677279191312175,True,False
17354,76221682482824088,8,1124,824,763,2000,365,359,4.467428322631074,4.461423280546631,10.134426320220927,9.57553924683453,True,False
17355,7480033065605017158,748,7452,6538,5507,2000,933,921,4.834164396988152,4.8323616925846675,12.863411958941638,12.427050893150879,True,False
17356,8977500000000000,1,914,266,264,266,266,264,8.055282435501187,8.040244841516227,9.83605035505807,8.044394119358454,False,False
17357,595383432314845318043,59538,1626,1621,1396,0,0,0,0.0,0.0,10.667111542075027,10.447083226209653,False,True
17358,113116500000000000,11,327,254,245,2000,102,102,5.048684674140341,5.0486846741403415,8.353146825498083,7.936637939002571,True,False
17359,190476190476190476,19,2054,1855,1717,2000,578,576,4.764516135942134,4.762833284953405,11.004220466318195,10.745674324002135,True,False
17360,29441871231068940000,2944,623,565,511,2000,144,144,6.273706715160076,6.273706715160076,9.283088353024002,8.997179480937621,True,False
17361,130325814536340852,13,4932,3373,3062,2000,1231,1190,4.400164853455304,4.389168421766067,12.26795708440284,11.580258567499788,True,False
17362,10968976434134207015,1097,4542,4482,3604,2000,209,208,4.651020162580628,4.650258231431497,12.149111990706889,11.815383295813538,True,False
17363,6183708979316222141,618,4048,3991,3204,2000,204,203,4.403859224165805,4.402758728942954,11.98299357469431,11.64565843240871,True,False
17364,6051993459021956986,605,7197,6309,5323,2000,916,905,4.393092385320589,4.3885062544310625,12.81317994301459,12.378023850925485,True,False
17365,4244768360788224,0,176,0,0,0,0,0,0.0,0.0,7.459431618637297,0,False,True
17366,47298108115139673852,4730,4243,4199,3415,2000,155,153,5.367088597852926,5.332609174664833,12.050868963290736,11.737669863177453,True,False
17367,542445553596688460,54,2468,2350,2040,2000,426,424,4.418657681201468,4.417657230998877,11.269126679149418,10.994353436858859,True,False
17368,8631954658104449658,863,4279,4203,3421,2000,295,295,4.694069266314195,4.694069266314196,12.06305796362349,11.7402023887679,True,False
17369,45000000000000000,5,3329,1858,1762,2000,995,965,4.524535483579023,4.510143848107003,11.700873155140263,10.782998208920414,True,False
17370,28625064997309100,3,2992,1465,1398,2000,966,937,5.926408122617408,5.897955033081745,11.546894459887637,10.449148645375436,True,False
17371,92558533573526742,9,3934,2401,2209,2000,973,943,4.389274485398854,4.377110903699854,11.94178124227853,11.109177703355275,True,False
17372,87188587399116579,9,3919,2350,2160,2000,962,933,4.387090353902913,4.378181714299625,11.936269857602209,11.076815597050832,True,False
17373,5713677681412995000,571,2086,1836,1565,2000,310,304,4.686165726660767,4.681991400942231,11.026523442519766,10.61194694181998,True,False
17374,226054986952910253,23,1383,1325,1179,2000,193,192,4.710462770215352,4.7077107061673145,10.433585441150495,10.203348002979762,True,False
17375,24420217526668150717,2442,4923,4860,3922,2000,285,285,5.378410646231151,5.378410646231154,12.26532202423487,11.93737382019215,True,False
17376,3291750000000000000,329,8565,6943,5757,2000,1217,1174,4.398749105385453,4.3872757978462245,13.064237530971361,12.491101496916537,True,False
17377,30735347608105372,3,2987,1633,1564,2000,1008,982,5.24031518562951,5.220772122135147,11.544481522310791,10.611024797307353,True,False
17378,3096830983422486674,310,5609,4738,3928,2000,835,801,4.66096549924483,4.6513268328065225,12.453527867681785,11.939579214314692,True,False
17379,2294250000000000000,229,3348,3271,2722,2000,298,298,4.872176271956207,4.872176271956208,11.709083812550343,11.410451351503994,True,False
17380,1194749564363192334,119,1319,1303,1101,2000,97,96,4.275719763189172,4.274710959224808,10.365228849251544,10.10459875356437,True,False
17381,681532107385838004,68,1116,1095,913,2000,117,116,4.433932553003566,4.433614409968038,10.124121311829187,9.834471049984222,True,False
17382,698250000000000000,70,97,95,93,2000,38,38,4.2923032960564305,4.29230329605643,6.599912842187128,6.539158811108031,True,False
17383,168023445553845917,17,131,129,127,2000,45,45,4.261023815473313,4.261023815473313,7.03342300153745,6.9886846867721655,True,False
17384,2388762446172852615,239,3177,3108,2493,2000,191,190,4.353601187382406,4.352100437007217,11.633449374713493,11.283667167491501,True,False
17385,9935220701889937539,994,8344,7121,5768,2000,1132,1089,5.239225971290609,5.23411856537068,13.026523442519766,12.493855449240822,True,False
17386,9904149856674851964,990,7982,6922,5804,2000,985,971,4.875887627981848,4.873870790616662,12.962534563511271,12.502831804066744,True,False
17387,2638158293727883089,264,3892,3317,2768,2000,585,567,4.507372787286121,4.500367915492059,11.926295994781112,11.434628227636725,True,False
17388,17328740509328790115,1733,4843,4783,3847,2000,215,214,4.822865849765801,4.8222780702365595,12.241685287601625,11.909518114296615,True,False
17389,9162907268170426065,916,4376,4320,3462,2000,210,209,4.864097858791285,4.863547638703251,12.095397022792557,11.757390009366638,True,False
17390,80000000000000000,8,1648,1163,1069,2000,490,477,4.4934365530971,4.482986689415533,10.686500527183219,10.06204613772049,True,False
17391,438900000000000000000,43890,5803,5758,4613,0,0,0,0.0,0.0,12.502583213553354,12.171489577065655,False,True
17392,3932977209563615597,393,1838,1823,1509,2000,94,93,4.375775444931289,4.374851313999633,10.843921051289035,10.559377090526683,True,False
17393,10972500000000000000,1097,2619,2603,2172,2000,115,114,4.779920247782209,4.779542715201033,11.354800344350597,11.084808387804362,True,False
17394,23294157564380642497,2329,3202,3182,2618,2000,133,132,5.268382185193695,5.268255081992117,11.644757592516257,11.354249381945241,True,False
17395,38304000000000000000,3830,6950,6595,5420,2000,757,751,5.412173673705761,5.41094464632555,12.762797262498232,12.404077136241234,True,False
17396,256557000000000000000,25656,7525,7117,5853,0,0,0,0.0,0.0,12.877475866534427,12.514960563330183,False,True
17397,37306500000000000000,3731,7060,6649,5459,2000,785,780,5.864963154727467,5.864674604312238,12.785452468158542,12.414420981746417,True,False
17398,149724750000000000000,14972,7690,7039,5796,0,0,0,0.0,0.0,12.908767882849189,12.50084187955693,False,True
17399,50872500000000000,5,3543,2107,2001,2000,1019,990,5.091383276051106,5.072331350216919,11.790755750118313,10.966505451905741,True,False
17400,776055000000000000,78,6340,4779,4149,2000,954,925,4.38838976492619,4.379310933312936,12.63026712502677,12.01854794187165,True,False
17401,88578000000000000,9,3562,2409,2197,2000,1051,1011,5.0248844906641414,5.003341559939186,11.798471801101618,11.101319154423276,True,False
17402,5366550000000000000,537,5052,4825,4039,2000,639,636,5.093399154313054,5.092989108182864,12.302638923787553,11.979782430703086,True,False
17403,2470872878333285,0,486,0,0,0,0,0,0.0,0.0,8.92481250360578,0,False,True
17404,296980344508822,0,15,0,0,0,0,0,0.0,0.0,3.9068905956085187,0,False,True
17405,4506705000000000000,451,8553,7217,5916,2000,1207,1164,4.458391679543693,4.448436416109005,13.062214824659108,12.530406337099068,True,False
17406,3968780043463572935,397,2513,2205,1862,2000,377,369,4.592258695802827,4.586438625011524,11.295194955880655,10.862637357558794,True,False
17407,4986502500000000000,499,9020,7477,6213,2000,1210,1170,4.602287717661858,4.59671700268626,13.138911718142744,12.601074338941668,True,False
17408,976347379928824027,98,4688,3934,3394,2000,781,775,4.498508643709003,4.496030350297574,12.194756854422248,11.728770849542663,True,False
17409,291636923091586210,29,1548,1481,1252,2000,185,184,4.3888343050425815,4.386751293831381,10.59618975614441,10.290018846932618,True,False
17410,66787329684451523438,6679,9654,8211,6751,2000,1052,1023,5.619065390662541,5.617380272059361,13.236911111444602,12.720885503593726,True,False
17411,2524785908340672248,252,3464,3383,2824,2000,300,300,4.452529867859284,4.452529867859285,11.758223214726724,11.46352437327118,True,False
17412,5082365679755314933,508,9039,7445,6125,2000,1236,1191,5.439400957256674,5.434920999522281,13.14194745831562,12.580494128777294,True,False
17413,117705000000000000,12,2781,2021,1835,2000,732,706,5.241596535984325,5.21750088523595,11.441388029346687,10.841564347730575,True,False
17414,5109504021068912461,511,2740,2712,2216,2000,100,100,4.388133902529482,4.388133902529482,11.419960177847889,11.113742166049189,True,False
17415,468039287326556122,47,931,912,774,2000,114,113,4.303903445829555,4.303482468478511,9.862637357558794,9.59618975614441,True,False
17416,1060645019537225,0,606,0,0,0,0,0,0.0,0.0,9.243173983472952,0,False,True
17417,25026419379640848,3,3117,1632,1548,2000,1180,1139,6.560403431597432,6.519939851023008,11.605942439625368,10.59618975614441,True,False
17418,2130261000000000000,213,7292,6015,5073,2000,1010,984,4.456634076944068,4.451095425129384,12.832098846039134,12.30862344513114,True,False
17419,19940565445500000000,1994,9813,8191,6653,2000,1239,1196,5.50608157669881,5.50339636677108,13.260478544803934,12.699789318382136,True,False
17420,99750000000000000,10,4305,2804,2567,2000,1183,1142,4.395140853923256,4.3823506441011935,12.071797522284207,11.325867580575418,True,False
17421,100796350958174098452,10080,5539,5478,4435,0,0,0,0.0,0.0,12.43540982316332,12.114718389188425,False,True
17422,60150375939849624,6,4118,2615,2405,2000,1249,1206,4.790544720118756,4.76996930025199,12.007728114632254,11.231821178657404,True,False
17423,30229533235628535,3,2911,1727,1621,2000,1067,1028,6.513867220834542,6.4724962349707,11.507299124122765,10.662668375517542,True,False
17424,25000000000000000,3,1654,976,930,2000,660,639,6.153207797451146,6.123340039635476,10.691743519171276,9.861086905995395,True,False
17425,12947435938202364,1,665,489,487,489,489,487,8.933690654952233,8.92551069585203,9.377210530388552,8.927777962082342,False,False
17426,10025062656641604,1,2129,896,867,896,896,867,9.8073549220576,9.739548127970366,11.055960234452295,9.759888183221834,False,False
17427,113442588098967943,11,4259,3033,2745,2000,1112,1071,5.273520500402688,5.245756035926447,12.056299014550337,11.42259043389256,True,False
17428,62210000000000000000,6221,8699,7497,6023,2000,1108,1066,5.4120460933855306,5.407671117240244,13.08663384907624,12.556266543582993,True,False
17429,110250626566416040,11,4088,2895,2623,2000,1078,1038,5.263675919936299,5.235622087860673,11.997179480937621,11.357002092264985,True,False
17430,5773717111134586,1,1374,214,210,214,214,210,7.741466986401146,7.69473801443853,10.4241662888181,7.714245517666122,False,False
17431,13863222518994695,1,406,212,208,212,212,208,7.727920454563202,7.690184605506598,8.665335917185176,7.700439718141092,False,False
17432,18149241048508020,2,421,245,240,2000,209,205,6.4246357051781295,6.404620693919686,8.717676423066395,7.906890595608519,True,False
17433,5184983459017724720,518,7314,6365,5371,2000,957,946,5.313243702166918,5.312520215071007,12.836444911341369,12.390975006155534,True,False
17434,5535336833167065809,554,7431,6462,5449,2000,969,958,5.311527697345835,5.310757341268271,12.85934065396752,12.411775775576528,True,False
17435,140659938665400000,14,261,257,252,2000,64,63,4.220625669139896,4.217507347912308,8.027905996569885,7.977279923499917,True,False
17436,99750000000000000,10,3525,2390,2252,2000,978,961,4.725330520712307,4.717551017542683,11.783407542173519,11.13699111208023,True,False
17437,111526230264146571,11,245,241,233,2000,63,61,4.268083457686283,4.263540507838963,7.936637939002571,7.864186144654281,True,False
17438,7805732548699698,1,356,108,108,108,108,108,6.754887502163468,6.754887502163468,8.475733430966399,6.754887502163468,False,False
17439,1995000000000000000,200,2064,2036,1675,2000,107,107,4.39927259075218,4.39927259075218,11.011227255423254,10.709945380232497,True,False
17440,56400000000000000,6,3212,2105,1944,2000,1016,977,4.743461986135603,4.722523875939908,11.649256177517314,10.92481250360578,True,False
17441,15960000000000000,2,2693,1067,1035,2000,1015,986,6.486974230409624,6.452719342907461,11.394998514501673,10.015415052386688,True,False
17442,149782257618357702,15,1662,1505,1404,2000,463,461,4.423448113824767,4.422369700433376,10.698704666770345,10.45532722030456,True,False
17443,59844722330141444073,5984,8619,7653,6417,2000,980,969,5.76533582708434,5.764848275421597,13.07330477825368,12.647683267886201,True,False
17444,766444636064075064,77,6874,5371,4603,2000,1249,1206,4.697150322934476,4.691547752796752,12.746934136372298,12.168358727223886,True,False
17445,11052164910703017,1,1469,659,637,659,659,637,9.364134655008051,9.291297022231117,10.52061868055628,9.3151495622563,False,False
17446,7719298245614035087,772,4145,4105,3284,2000,223,223,4.995877208739697,4.995877208739695,12.017156386383112,11.681238411777805,True,False
17447,6683250000000000000,668,4044,3999,3208,2000,207,207,5.035804198568112,5.035804198568112,11.981567281903015,11.64745842645492,True,False
17448,1241851753206919,0,787,0,0,0,0,0,0.0,0.0,9.620219825507487,0,False,True
17449,5744892293017018204,574,6169,5563,4626,2000,776,770,4.9395176289174385,4.938045243710006,12.590820930930525,12.175549550636191,True,False
17450,31682269334802557656,3168,4518,4456,3622,2000,186,185,5.370065883847824,5.368933269385335,12.141468555393084,11.822570830950168,True,False
17451,1995000000000000000,200,5300,4413,3709,2000,842,808,4.452053067849853,4.440885220126903,12.371776644337924,11.85681455250301,True,False
17452,199500000000000000,20,3253,2425,2179,2000,783,755,4.54358001398597,4.529525224824447,11.667555107041132,11.089450481115907,True,False
17453,299250000000000000,30,3525,2703,2400,2000,777,748,4.880318176218742,4.862098643226915,11.783407542173519,11.228818690495881,True,False
17454,498750000000000000,50,3847,3043,2657,2000,768,740,4.440057463430266,4.427954646152548,11.909518114296615,11.375582512490507,True,False
17455,2574963488800072,0,1166,0,0,0,0,0,0.0,0.0,10.187352073200497,0,False,True
17456,287007024150000000,29,469,456,434,2000,72,71,4.272714631070388,4.2712821311834865,8.873444112515376,8.761551232444479,True,False
17457,2371258639487129187,237,1308,1295,1101,2000,73,72,4.245239399037452,4.243930233147282,10.353146825498083,10.10459875356437,True,False
17458,24913690944316070,2,2516,1429,1354,2000,1004,965,6.487148642220052,6.4452252521185835,11.296916206879288,10.403012023574997,True,False
17459,93583127633495749,9,859,799,737,2000,197,196,5.199228660387093,5.195555872407127,9.746514321138463,9.52552080909507,True,False
17460,4979036212500000000,498,5888,5376,4481,2000,765,759,4.875343310341903,4.873880141644625,12.523561956057012,12.129605011152504,True,False
17461,51557334997202265822,5156,6595,6329,5236,2000,694,689,5.534380533940778,5.529608716879294,12.687156944138907,12.354249381945241,True,False
17462,4820121013047900000,482,1851,1844,1565,2000,89,88,4.378854927732242,4.378066241166653,10.854089179870574,10.61194694181998,True,False
17463,1069620575323164251,107,2568,2504,2063,2000,194,193,4.491502456379518,4.489300254177316,11.326429487122303,11.010528105886484,True,False
17464,33621145338556544732,3362,9201,7945,6561,2000,1005,984,4.880444183360253,4.876008255468265,13.167574951988176,12.679700005769249,True,False
17465,3290107056861147061,329,3578,3529,2847,2000,193,193,4.415043544870324,4.415043544870324,11.804937672051908,11.475226777742266,True,False
17466,1096268269036472871,110,2668,2619,2147,2000,199,199,4.488473973626451,4.488473973626451,11.381542951184585,11.068106475858773,True,False
17467,997500000000000000,100,1976,1679,1466,2000,362,355,4.4978985562353895,4.49271325853489,10.948367231584678,10.517669388133811,True,False
17468,8351119798077006502,835,3967,3900,3116,2000,190,188,4.6758847809485315,4.674909592533886,11.953832682145281,11.605479518061669,True,False
17469,19490118014902672,2,1116,805,797,2000,716,712,6.513768239063319,6.508054550820251,10.124121311829187,9.638435913990472,True,False
17470,2394000000000000000,239,7658,6117,5153,2000,967,938,4.646784652888462,4.641942609361395,12.902751944850161,12.33119687715303,True,False
17471,19641309639236788,2,595,347,339,2000,291,286,6.45835952496242,6.4408463901112825,9.216745858195306,8.405141463136344,True,False
17472,1995000000000000,0,165,0,0,0,0,0,0.0,0.0,7.366322214245816,0,False,True
17473,63837871018209221850,6384,10166,8569,6921,2000,1283,1236,6.5091550662799875,6.507787579652142,13.311464515448444,12.756764789404139,True,False
17474,4029049842330975000,403,1217,1057,935,2000,196,192,4.631314265922013,4.6280945181355895,10.249113452713729,9.868822554774999,True,False
17475,247555999701439042,25,365,361,352,2000,60,58,4.177883966368751,4.1733948865509936,8.51175265376738,8.459431618637296,True,False
17476,3990000000000000,0,462,0,0,0,0,0,0.0,0.0,8.851749041416058,0,False,True
17477,326525863993043941,33,1600,1300,1151,2000,365,358,4.518757934917381,4.507815806849893,10.643856189774725,10.16867211813223,True,False
17478,5970052860790980857,597,2643,2619,2144,2000,137,136,4.501130350688959,4.50084378959599,11.36796070964157,11.066089190457772,True,False
17479,14782950000000000000,1478,5455,4720,3825,2000,739,712,5.411398632445931,5.406894574945133,12.41336348121097,11.901244032467376,True,False
17480,4217031334648719,0,60,0,0,0,0,0,0.0,0.0,5.906890595608519,0,False,True
17481,9975000000000000,1,2136,605,588,605,605,588,9.240791332161958,9.176733666869126,11.060695931687555,9.199672344836364,False,False
17482,191218755000000000,19,1637,1535,1402,2000,405,403,4.410442058898603,4.4087752533314735,10.676838606474153,10.453270634010623,True,False
17483,107634310259432120,11,2648,1917,1744,2000,711,687,5.259298981630254,5.234608010683928,11.370687406807217,10.768184324776927,True,False
17484,121983262929792535,12,2620,1909,1734,2000,689,666,5.199482494273836,5.177682434563639,11.355351096424812,10.759888183221834,True,False
17485,2975864594615457,0,1038,0,0,0,0,0,0.0,0.0,10.019590728357882,0,False,True
17486,5117175000000000000,512,7208,6293,5312,2000,931,919,4.6606085791816865,4.658267640240368,12.815383295813538,12.375039431346925,True,False
17487,5988990000000000000,599,7796,6684,5618,2000,980,964,4.963723410854144,4.96084616690637,12.92851837525789,12.455840909126398,True,False
17488,2403975000000000000,240,1717,1701,1421,2000,106,104,4.524108599257093,4.506584164512182,10.745674324002135,10.47269083924278,True,False
17489,24598113613750927473,2460,4417,4354,3535,2000,182,181,5.033097487101937,5.032493700379652,12.108851117040153,11.787494499696761,True,False
17490,1938816945665669044,194,1213,1205,1048,2000,91,89,4.297170965455659,4.295550657536151,10.24436383512051,10.03342300153745,True,False
17491,2783178790630025498,278,1360,1347,1152,2000,74,73,4.270198971669355,4.268739319676403,10.409390936137703,10.169925001442312,True,False
17492,6429963973012650000,643,1487,1483,1329,2000,77,75,4.896154182006364,4.847366051373087,10.53818893205242,10.376125389276174,True,False
17493,1561915331206287,0,518,0,0,0,0,0,0.0,0.0,9.016808287686555,0,False,True
17494,301601277861397551,30,3487,2693,2378,2000,759,731,4.865136540569619,4.846980558210197,11.767770648776704,11.215532999745657,True,False
17495,169575000000000000,17,2952,2197,1981,2000,735,709,4.457114670279392,4.445165884223391,11.527477006060396,10.952013164889486,True,False
17496,28423538896876072,3,2753,1609,1515,2000,1044,1005,6.503255726634721,6.461884740770879,11.42678889459556,10.565102078360313,True,False
17497,49875000000000000,5,124,117,111,2000,66,65,4.577636959310344,4.5751618610378,6.954196310386875,6.794415866350106,True,False
17498,18904378856466757500,1890,346,314,296,2000,80,80,5.5232795336205065,5.5232795336205065,8.434628227636725,8.20945336562895,True,False
17499,59423120984278380626,5942,9739,8319,6829,2000,1084,1053,5.084557225121788,5.081407160365026,13.249557928724707,12.737458618570459,True,False
17500,148341462042578430,15,754,587,544,2000,211,207,4.49693115638469,4.488923949898851,9.558420713268664,9.087462841250339,True,False
17501,7082250000000000,1,341,98,98,98,98,98,6.61470984411521,6.61470984411521,8.413627929024173,6.614709844115208,False,False
17502,135338345864661654,14,802,618,573,2000,223,219,4.543162898997185,4.53508907314917,9.64745842645492,9.162391328756906,True,False
17503,18110719955987085,2,2753,1396,1340,2000,1212,1168,6.569446389586898,6.527131794345352,11.42678889459556,10.388017285345136,True,False
17504,30020719285315956147,3002,3384,3358,2767,2000,136,135,5.092455008245232,5.092310580548362,11.72451385311995,11.434106928609955,True,False
17505,39131717471849000,4,187,166,164,2000,105,104,5.037876894356496,5.03659851334746,7.546894459887636,7.357552004618084,True,False
17506,203224713258512386,20,2224,1713,1529,2000,536,520,4.494664226449533,4.482557681393812,11.118941072723507,10.578372691360805,True,False
17507,3950741680277145023,395,1647,1635,1344,2000,85,84,4.616084901533842,4.615430718913493,10.685624839726355,10.39231742277876,True,False
17508,1135609271195700000,114,994,981,863,2000,81,80,4.391719610567446,4.390808288243416,9.957102041562287,9.753216749178955,True,False
17509,6647221851963279,1,1525,285,281,285,285,281,8.154818109052107,8.119730389753862,10.57459352733761,8.134426320220927,False,False
17510,1089840827458312983,109,7539,5995,5096,2000,1215,1176,4.702036650256917,4.697037298980398,12.880157456601811,12.3151495622563,True,False
17511,417453750000000000,42,6148,4596,4029,2000,1221,1181,4.6028461629478326,4.597419773534805,12.585901449690772,11.9762060901486,True,False
17512,12086707500000000000,1209,4508,4451,3584,2000,252,252,5.0379790283575785,5.037979028357579,12.138271800172221,11.807354922057604,True,False
17513,482794372482564404,48,647,641,592,2000,92,91,4.527115572785892,4.52638480299667,9.337621901992508,9.20945336562895,True,False
17514,62886622795462202,6,1594,1358,1327,2000,637,634,4.669958120837615,4.667822737536312,10.638435913990472,10.373952655370193,True,False
17515,1921621969581969,0,910,0,0,0,0,0,0.0,0.0,9.829722735086058,0,False,True
17516,30324799270649128491,3032,5092,5024,4022,2000,195,194,4.631514080992366,4.630642095212441,12.314016703901357,11.973697366305352,True,False
17517,8715810701964284,1,2109,480,468,480,480,468,8.906890595608516,8.851151246645676,11.042343379793692,8.870364719583405,False,False
17518,4421482044354944,0,451,0,0,0,0,0,0.0,0.0,8.81698362325538,0,False,True
17519,169871433891202704,17,2024,1820,1690,2000,598,596,4.4879103863712135,4.487308051265322,10.98299357469431,10.722807531169547,True,False
17520,96364428051802644992,9636,3439,3423,2841,2000,102,101,4.480009331258233,4.479473747893435,11.74777340052679,11.472183116189541,True,False
17521,16758709133844540915,1676,2821,2805,2334,2000,120,119,5.002987966809585,5.002691214051494,11.461990950585571,11.188588845707349,True,False
17522,23865836301451200,2,570,361,351,2000,251,247,6.471047336796038,6.454531404303792,9.154818109052105,8.45532722030456,True,False
17523,545113567033680661,55,6525,4931,4260,2000,1219,1178,4.60274400365704,4.59732065027185,12.671762186344608,12.056637715113201,True,False
17524,40279300313283208020,4028,5275,5204,4191,2000,193,192,4.429745735285598,4.42834321074142,12.364955378481909,12.03307880613062,True,False
17525,47269523590530997133,4727,5336,5266,4237,2000,215,214,5.231151792042772,5.230737913309241,12.381542951184585,12.04882741336389,True,False
17526,99750000000000,0,32,0,0,0,0,0,0.0,0.0,5.0,0,False,True
17527,44297254175000459,4,3284,1859,1770,2000,1017,989,5.58962538598269,5.567996652946665,11.681238411777805,10.78953364497036,True,False
17528,188163465235217320,19,1752,1603,1473,2000,453,451,4.528464674525884,4.526572327602645,10.774787059601174,10.524541715035848,True,False
17529,4987500000000000000,499,6227,5462,4563,2000,798,792,4.7868924058237905,4.786035281734332,12.604321563877273,12.155766938445653,True,False
17530,589290091681338653,59,6646,5103,4422,2000,1207,1167,4.512324622931191,4.505034759880289,12.698270577692032,12.110483309816226,True,False
17531,457960830091254293,46,6260,4714,4119,2000,1221,1178,4.557213853742731,4.550083671331004,12.61194694181998,12.008078410868256,True,False
17532,2268582966850044,0,1052,0,0,0,0,0,0.0,0.0,10.038918989292302,0,False,True
17533,9669055382907320167,967,5013,4839,4015,2000,526,524,5.5132899074261275,5.513070954295784,12.291458518782344,11.971184272404678,True,False
17534,54414180970010883973,5441,6261,6057,5018,2000,637,634,6.112209566579056,6.111752107136672,12.612177385880992,12.292896755409172,True,False
17535,11490804116587993258,1149,3141,3113,2550,2000,118,118,4.792650688077295,4.792650688077295,11.617008227651965,11.31628153174622,True,False
17536,11650800000000000000,1165,4497,4429,3542,2000,194,193,4.638351672328699,4.637504762428753,12.134747168669016,11.790348496751914,True,False
17537,2443635509341807885,244,8205,6676,5573,2000,1237,1196,4.965901310453989,4.962359299739626,13.002287618401075,12.444238438078106,True,False
17538,39899749373433583959,3990,6674,5778,4673,2000,866,831,5.447152683659207,5.443071620138339,12.704335971182319,12.1901333218648,True,False
17539,2711733681708173029,271,4086,3909,3295,2000,527,525,4.638092623378024,4.63755929004469,11.996473488733228,11.686062749895415,True,False
17540,9932729339398190097,993,9396,7803,6373,2000,1227,1184,4.788707934728211,4.784072454383731,13.197830998012197,12.637756945412145,True,False
17541,339074118308445348113,33907,2937,2636,2183,0,0,0,0.0,0.0,11.520127550324851,11.092096414990792,False,True
17542,583706911689997297,58,2000,1932,1567,2000,194,192,4.622890552663399,4.621750751690184,10.965784284662087,10.61378946447258,True,False
17543,126682500000000000,13,2814,2057,1863,2000,734,708,4.7628863785006,4.743169289600322,11.458406613236532,10.863411958941638,True,False
17544,20050125313283208,2,3117,1620,1555,2000,1246,1203,6.581994180775472,6.541333175790694,11.605942439625368,10.602698865017965,True,False
17545,251589792274757303,25,5607,4108,3641,2000,1256,1211,4.5638751810606175,4.551659398026766,12.453013354466314,11.830119025444516,True,False
17546,1108056385213561156,111,7493,5979,5058,2000,1248,1206,4.743520120488526,4.735488661782911,12.871327736134008,12.304351321663239,True,False
17547,2716933548930112105,272,3310,3250,2649,2000,206,205,4.532671209916816,4.531824795635498,11.69261550169458,11.371232128369622,True,False
17548,300751879699248120,30,4725,3549,3171,2000,999,980,4.5207127987476845,4.512251616736071,12.206098613995797,11.630722162103838,True,False
17549,432579571330921,0,196,0,0,0,0,0,0.0,0.0,7.614709844115208,0,False,True
17550,164587500000000000,16,4583,3349,3003,2000,1122,1081,4.429758536472478,4.415879775660274,12.162076570374312,11.552188759557149,True,False
17551,5722239820633321467,572,2646,2620,2142,2000,142,141,4.829296828357585,4.829111329235532,11.369597346278677,11.064742764750257,True,False
17552,59248104109661099,6,2622,1758,1628,2000,824,792,4.784786830258961,4.76450688427159,11.356451970221755,10.668884984266247,True,False
17553,3210524653383140,0,1131,0,0,0,0,0,0.0,0.0,10.14338321398982,0,False,True
17554,70822500000000000,7,899,650,605,2000,299,294,4.502603819569128,4.495598916136724,9.812177305514448,9.240791332161956,True,False
17555,33216750000000000,3,715,480,459,2000,282,277,5.588800524000976,5.575767483134017,9.481799431665753,8.842350343413807,True,False
17556,140647500000000000,14,848,654,606,2000,238,234,4.543297514436784,4.5359242425473845,9.727920454563199,9.243173983472952,True,False
17557,3852310356825000,0,257,0,0,0,0,0,0.0,0.0,8.005624549193879,0,False,True
17558,13237065712053511447,1324,4002,3942,3198,2000,173,172,4.769291150120951,4.767213240889987,11.966505451905741,11.642954223480332,True,False
17559,14912625000000000000,1491,9046,7601,6278,2000,1037,1008,5.042474548590762,5.039642609673531,13.14306428063141,12.616089313582115,True,False
17560,10020056390977443609,1002,4493,4438,3567,2000,210,208,4.771462021495122,4.770712867384725,12.133463346523438,11.800495500466813,True,False
17561,12503499379958996223,1250,6784,6016,4985,2000,806,800,5.166173093802675,5.165601698906985,12.727920454563199,12.283377789285558,True,False
17562,244434556856391091,24,4175,3174,2888,2000,968,957,4.432459149042549,4.428720629874997,12.027560482248777,11.49585502688717,True,False
17563,945630000000000000,95,7007,5419,4651,2000,1214,1174,4.513141409901492,4.506779620806155,12.774581180893598,12.183325224524612,True,False
17564,91340871509454886,9,2653,1888,1811,2000,784,778,4.542959224998861,4.539873749701634,11.373408960228696,10.822570830950168,True,False
17565,208577920230795464,21,5436,3854,3435,2000,1218,1177,4.513096221178032,4.505890747275817,12.40832974076739,11.746094383705463,True,False
17566,278103000000000000,28,3758,2852,2532,2000,846,812,4.634528135065641,4.621237065748,11.875749351420055,11.306061689428342,True,False
17567,11970000000000000000,1197,2728,2710,2246,2000,106,105,4.3433091997085125,4.34260803716267,11.413627929024173,11.133142212400601,True,False
17568,4987500000000000000,499,2304,2285,1866,2000,116,115,4.48338736109403,4.483096662619357,11.169925001442312,10.86573327085176,True,False
17569,3990000000000000000,399,3057,2998,2431,2000,156,155,4.376160193064843,4.369816786702714,11.57790083688697,11.247334178028728,True,False
17570,3990000000000000000,399,3163,3100,2505,2000,172,171,4.4834710748813,4.4823040191960715,11.627077840517394,11.290594888082572,True,False
17571,2992500000000000000,299,3071,3007,2424,2000,181,179,4.581185647912306,4.580064694566291,11.584492796975875,11.243173983472952,True,False
17572,60355540478954559300,6036,2961,2949,2469,2000,94,92,4.907974831334288,4.907236802601911,11.531868775177553,11.269711121142782,True,False
17573,7476127434341853457,748,6961,5925,4835,2000,990,949,5.126540731309254,5.120817897056012,12.765078859616684,12.239300174364203,True,False
17574,3135605240704807140,314,6315,5298,4384,2000,950,910,4.741828894637895,4.73308482856567,12.624567018674915,12.098032082960527,True,False
17575,917670529138777654,92,1162,1144,971,2000,108,107,4.3994739514660415,4.398573982761322,10.18239435340453,9.923327485419192,True,False
17576,3233273182957393,0,900,0,0,0,0,0,0.0,0.0,9.813781191217037,0,False,True
17577,730138890638972539,73,6786,5199,4473,2000,1209,1169,4.440724890969805,4.428000252392581,12.728345714710978,12.127027043004599,True,False
17578,9975000000000000000,998,2030,2019,1703,2000,68,68,4.8198475680441595,4.819847568044159,10.987264012072538,10.733862719678543,True,False
17579,63353226180385149,6,3390,2172,2060,2000,991,971,6.524528535543045,6.5026500315626015,11.727069558023706,11.00842862207058,True,False
17580,144138750000000000,14,5008,3511,3171,2000,1247,1205,4.501257554311548,4.493558466004449,12.290018846932618,11.630722162103838,True,False
17581,1425730867739315,0,556,0,0,0,0,0,0.0,0.0,9.118941072723507,0,False,True
17582,2956446416002360224,296,5097,4306,3590,2000,765,736,4.587693158857011,4.5755679941229,12.315432637905376,11.809768128710413,True,False
17583,897750000000000000,90,2308,2265,1881,2000,212,212,4.4084443619353095,4.4084443619353095,11.172427508645482,10.877284133523196,True,False
17584,77422553299001581,8,1079,977,938,2000,399,397,4.415476210341984,4.413642724218139,10.075479149488016,9.873444112515376,True,False
17585,69822015575805975391,6982,5618,5564,4468,2000,218,217,5.193978341134487,5.193585462944585,12.455840909126398,12.125413470483315,True,False
17586,4348368384625414835,435,1430,1257,1096,2000,225,221,4.5880481119834275,4.585168446024677,10.481799431665753,10.098032082960527,True,False
17587,725641130064822496,73,2175,2136,1777,2000,208,208,4.373834612834781,4.373834612834781,11.086799685623452,10.795227966028678,True,False
17588,3366562500000000000,337,3496,3438,2787,2000,203,202,4.5524228537198725,4.551551704594981,11.7714894695006,11.44449728710381,True,False
17589,26625283685676066,3,3331,1743,1656,2000,1208,1168,5.298755446229125,5.2732913137594615,11.70173963867435,10.693486957499326,True,False
17590,9276750000000000000,928,4255,4187,3363,2000,199,198,4.654300790634434,4.6535060559478945,12.054943416573325,11.715533063526584,True,False
17591,1206456395564657730,121,2726,2671,2194,2000,212,211,4.699601381027228,4.698883974127078,11.41256984680521,11.099347810403193,True,False
17592,14835092822940770717,1484,6905,6138,5076,2000,812,806,5.3470424242215095,5.346560265970258,12.753425699145414,12.309476353841106,True,False
17593,2848653396908471540,285,4108,3931,3308,2000,524,522,4.824326594930236,4.823905542298659,12.004220466318195,11.691743519171276,True,False
17594,2056043256971025000,206,1304,1291,1100,2000,76,75,4.247385730713114,4.245929301249248,10.348728154231077,10.103287808412022,True,False
17595,22913244582241884,2,3184,1696,1622,2000,1252,1208,6.588813786086842,6.543458903370572,11.63662462054365,10.663558104217273,True,False
17596,11571693310519599,1,2631,1049,1013,1049,1049,1013,10.034798962577268,9.959375306258142,11.36139553316589,9.984418458801137,False,False
17597,2795212837784581,0,720,0,0,0,0,0,0.0,0.0,9.491853096329674,0,False,True
17598,19155159981711348348,1916,4788,4720,3777,2000,203,201,5.15540922541825,5.154705198506025,12.225207436943501,11.883025068440173,True,False
17599,1268246532716007994,127,2662,2594,2072,2000,189,188,4.3536921331747,4.351975886035112,11.378294855911891,11.016808287686555,True,False
17600,2777754172444807801,278,6502,5618,4764,2000,921,910,4.603367024464548,4.600700521733927,12.666667840690355,12.217957697864113,True,False
17601,4241161607127002561,424,7404,6332,5334,2000,975,961,4.8440682720708335,4.840895858867915,12.854089179870574,12.381002109550925,True,False
17602,1815217191283307078,182,7901,6415,5422,2000,1191,1150,4.51135610290302,4.503825537520637,12.947819546020028,12.404609397837712,True,False
17603,1967706187328273793,197,4269,3573,3011,2000,677,655,4.447776979758041,4.439081155654966,12.059682447247638,11.556026992724677,True,False
17604,29198407151388262,3,719,595,589,2000,429,427,5.250113776053535,5.246779331238597,9.489847960439297,9.20212382383046,True,False
17605,823397485768581,0,583,0,0,0,0,0,0.0,0.0,9.187352073200497,0,False,True
17606,11256422695948071,1,2582,1038,1003,1038,1038,1003,10.01959072835788,9.945294567010324,11.33427328530719,9.970105890612182,False,False
17607,1773080449350000000,177,2962,2907,2388,2000,219,218,4.359629198659174,4.354797134183972,11.532355925288847,11.221587121264806,True,False
17608,14139129282332129,1,2739,1189,1148,1189,1189,1148,10.215532999745658,10.135205182248326,11.419433550705378,10.164906926675688,False,False
17609,219450000000000000,22,3771,2905,2651,2000,883,872,4.443805291012805,4.437514585013065,11.880731435141664,11.37232095486726,True,False
17610,11655122201415000000,1166,2232,2225,1873,2000,93,92,4.424832544483214,4.423981676908263,11.124121311829187,10.871135184243045,True,False
17611,13730528822938242,1,362,191,187,191,191,187,7.577428828035749,7.5355440112818215,8.499845887083206,7.546894459887636,False,False
17612,9191622388993052,1,256,89,89,89,89,89,6.475733430966398,6.475733430966398,8.0,6.475733430966398,False,False
17613,3009592962822384,0,1359,0,0,0,0,0,0.0,0.0,10.40832974076739,0,False,True
17614,2184525000000000000,218,7951,6511,5484,2000,1168,1130,5.005817865533345,5.001911246273245,12.956920604721088,12.421012855779226,True,False
17615,897661559771984400,90,5169,4157,3571,2000,950,910,4.615816243311757,4.604984077847279,12.335669486946104,11.802112418586066,True,False
17616,1380371690503917610,138,5617,4610,3885,2000,940,900,4.534992205550946,4.522236365148228,12.455584087578611,11.923698883295073,True,False
17617,4987500000000000000,499,3796,3737,3012,2000,210,209,4.772105354246569,4.771494073335203,11.89026427702111,11.556506054671928,True,False
17618,4987500000000000000,499,3884,3830,3085,2000,202,201,4.415095644500146,4.414037148154184,11.923327485419192,11.591054774036781,True,False
17619,695513145971970810645,69551,1628,1623,1398,0,0,0,0.0,0.0,10.668884984266247,10.449148645375436,False,True
17620,3990000000000000,0,1104,0,0,0,0,0,0.0,0.0,10.108524456778168,0,False,True
17621,9600118991400000,1,563,186,186,186,186,186,7.539158811108033,7.539158811108033,9.13699111208023,7.539158811108031,False,False
17622,5012531328320802,1,1269,162,158,162,162,158,7.339850002884623,7.278121607822894,10.309476353841106,7.303780748177103,False,False
17623,8453145674817346522,845,4122,4055,3233,2000,191,190,4.486447028816653,4.485406044224363,12.009128789539256,11.658657792126085,True,False
17624,720852904184502392,72,2106,1755,1525,2000,403,392,4.541853412474665,4.5291693272672,11.040289721025717,10.57459352733761,True,False
17625,2194500000000000000,219,2451,2122,1803,2000,390,381,4.502218457310186,4.493692399629978,11.25915476886684,10.816183681432342,True,False
17626,5257325752506265664,526,7496,6361,5194,2000,1049,1007,4.695071543399965,4.685617324830939,12.871905237659186,12.342630298678408,True,False
17627,9469566750000000000,947,4250,4207,3379,2000,227,227,5.1573281812672755,5.157328181267276,12.053247125912426,11.722380635163802,True,False
17628,168448000000000000,17,3779,2770,2500,2000,942,904,4.484309838137585,4.469777316174109,11.88378880325996,11.287712379549449,True,False
17629,235011000000000000,24,1453,1383,1184,2000,195,194,4.403927180917455,4.402726460485194,10.504818987632841,10.20945336562895,True,False
17630,11552698335247881,1,1397,641,618,641,641,618,9.324180546618745,9.243666286908233,10.448116305409464,9.271463027904375,False,False
17631,208426334235783526,21,1061,1010,884,2000,140,140,4.336161085581543,4.336161085581543,10.051208940914766,9.787902559391432,True,False
17632,9050656613009589268,905,3461,3410,2752,2000,152,152,4.628142082303106,4.628142082303107,11.756973226165448,11.426264754702098,True,False
17633,2120788347427816359,212,2530,2477,2008,2000,153,153,4.477044220668358,4.477044220668358,11.304921669581672,10.971543553950772,True,False
17634,62442502500000000000,6244,567,524,479,2000,110,110,5.410038029402636,5.410038029402638,9.147204924942228,8.90388184573618,True,False
17635,141645000000000000,14,4554,3290,2967,2000,1152,1110,4.769790634019631,4.750893517200494,12.152918576136623,11.534789211480266,True,False
17636,5297722500000000000,530,7765,6578,5369,2000,1084,1043,4.64197997112928,4.635659410165362,12.922770209274663,12.390437689560537,True,False
17637,4189500000000000000,419,8372,6754,5654,2000,1020,991,4.4567056908768885,4.450443216444578,13.031356596255709,12.465056167831175,True,False
17638,12713708843322048503,1271,2166,1918,1622,2000,318,312,5.121720200546852,5.119124387003673,11.080817527608327,10.663558104217273,True,False
17639,916126511765725,0,242,0,0,0,0,0,0.0,0.0,7.918863237274595,0,False,True
17640,498750000000000000,50,1821,1754,1434,2000,187,185,4.353598500078956,4.351367734789504,10.830515206976838,10.485829308701904,True,False
17641,5765550000000000000,577,3880,3813,3065,2000,184,183,4.351072041496161,4.3493571433182385,11.92184093707449,11.581671358578143,True,False
17642,10074750000000000000,1007,4428,4361,3522,2000,198,196,4.778689541963333,4.756569564319573,12.112439506781552,11.782179193831208,True,False
17643,22942500000000000000,2294,5018,4951,4002,2000,205,204,4.81847271745965,4.81789369390392,12.292896755409172,11.966505451905741,True,False
17644,1895250000000000000,190,4159,3933,3329,2000,636,633,4.599125275738609,4.598410785884364,12.022020969646356,11.700873155140263,True,False
17645,3291750000000000000,329,6137,5314,4485,2000,853,842,4.827232520415768,4.82472133806688,12.58331786813751,12.130892269806624,True,False
17646,9975000000000000000,998,8128,7016,5874,2000,974,958,4.876691316980745,4.873918795649615,12.988684686772165,12.520127550324851,True,False
17647,41199166460227829901,4120,5425,5369,4308,2000,232,231,5.75918480158702,5.758945652956146,12.405407422219204,12.072802534544207,True,False
17648,44882063422224056296,4488,5372,5313,4292,2000,206,205,4.539123838868792,4.53827129091297,12.391243589427443,12.067434360756522,True,False
17649,9975000000000000,1,1648,479,474,479,479,474,8.90388184573618,8.88300501901384,10.686500527183219,8.888743248898258,False,False
17650,69474645304835957,7,165,158,150,2000,60,59,4.472010127095841,4.46875009007901,7.366322214245816,7.22881869049588,True,False
17651,20000000000000000,2,323,256,252,2000,181,180,6.413129777594321,6.40712076407404,8.335390354693924,7.977279923499917,True,False
17652,36963206262708024,4,2079,1311,1285,2000,788,782,4.777436036063277,4.773579191941744,11.02167404285837,10.32755264408124,True,False
17653,10362536181358255526,1036,8168,7081,5921,2000,979,965,5.0060276989386985,5.003555863013386,12.995767150877802,12.531625138422624,True,False
17654,5037688284189974,1,1503,165,165,165,165,165,7.366322214245816,7.366322214245816,10.553629293916364,7.366322214245816,False,False
17655,4347717901575176705,435,8084,6828,5594,2000,1152,1108,4.611956048765839,4.601206087032062,12.980853606379736,12.449664538476192,True,False
17656,2144453539975269598,214,8136,6600,5523,2000,1241,1200,5.0080901481366045,5.004701990576885,12.9901039638575,12.431236412071062,True,False
17657,3216430843665084369,322,6591,5538,4576,2000,989,949,4.527603606371758,4.519386477924744,12.686281655144432,12.159871336778389,True,False
17658,19750500000000000,2,1770,933,890,2000,784,754,6.556108557822859,6.514660636566865,10.78953364497036,9.79766152585376,True,False
17659,103740000000000000,10,3491,2521,2373,2000,946,935,4.778088934234383,4.772482090112848,11.769424641552753,11.212496385193948,True,False
17660,24872348208557850000,2487,2860,2845,2375,2000,105,104,4.774520712990788,4.774154583207558,11.481799431665753,11.213711798105672,True,False
17661,74535190471350000,7,138,133,132,2000,56,56,4.495895225333722,4.495895225333722,7.108524456778169,7.044394119358453,True,False
17662,4089750000000000000,409,8814,7181,5936,2000,1244,1199,5.415077334755451,5.412579563116745,13.105581181277437,12.535275376620802,True,False
17663,11511150000000000000,1151,9548,7945,6463,2000,1235,1190,5.309424281704178,5.306436309254038,13.220982851081777,12.657988276277939,True,False
17664,2621698266024977117,262,978,852,766,2000,155,153,4.438316087916135,4.4353875622457775,9.933690654952233,9.581200581924957,True,False
17665,3922892062581365636,392,3689,3635,2937,2000,204,203,4.458959147676672,4.457989145033734,11.84901407369482,11.520127550324851,True,False
17666,176778154967490404,18,413,406,389,2000,82,80,4.325486910878013,4.323330667452795,8.689997971419446,8.603626344986193,True,False
17667,26433750000000000,3,386,320,316,2000,192,191,5.201523213658388,5.1978522642173735,8.59245703726808,8.303780748177102,True,False
17668,189525000000000000,19,303,299,292,2000,67,65,4.227300845149792,4.2237413842350895,8.243173983472952,8.189824558880018,True,False
17669,27713474165906628,3,2874,1492,1430,2000,1007,981,5.239984255606474,5.220441192112112,11.488844346457336,10.481799431665753,True,False
17670,99404181747095161,10,997,742,683,2000,311,306,4.959464595142281,4.950133906703101,9.961449694398196,9.41574176829009,True,False
17671,4987500000000000,0,995,0,0,0,0,0,0.0,0.0,9.958552715431011,0,False,True
17672,4009218910269979,0,775,0,0,0,0,0,0.0,0.0,9.5980525001616,0,False,True
17673,4205602993889408,0,1142,0,0,0,0,0,0.0,0.0,10.157346935362844,0,False,True
17674,14366809414408184940,1437,3120,3095,2549,2000,139,138,4.59031786221206,4.590065770748316,11.60733031374961,11.315715658022201,True,False
17675,13926688658796795,1,1427,683,657,683,683,657,9.415741768290088,9.330288579451729,10.478769619475763,9.35974956032233,False,False
17676,5285366494925687780094,528537,5669,5601,4507,0,0,0,0.0,0.0,12.468878553819426,12.137951734715358,False,True
17677,13695675000000000000,1370,4652,4575,3712,2000,288,288,4.386007334637868,4.386007334637868,12.183635381473218,11.857980995127573,True,False
17678,1994927076219660063,199,4889,4080,3443,2000,771,742,4.386114195764638,4.374311633137334,12.255323690008137,11.749450465569916,True,False
17679,4563516235086835314,456,3719,3212,2651,2000,538,520,4.6945047219830105,4.684172818054777,11.860699032611988,11.37232095486726,True,False
17680,35580825000000000,4,1026,682,646,2000,391,382,5.255043867454099,5.238207448383833,10.002815015607053,9.335390354693924,True,False
17681,7468671679197994,1,412,119,119,119,119,119,6.894817763307943,6.894817763307943,8.686500527183219,6.894817763307944,False,False
17682,129744825000000000,13,3703,2708,2532,2000,973,962,4.389642919161051,4.386438550467503,11.85447883417163,11.306061689428342,True,False
17683,6501822463285427,1,1509,276,272,276,276,272,8.108524456778168,8.072292572720198,10.559377090526683,8.087462841250339,False,False
17684,2648943709746173,0,1141,0,0,0,0,0,0.0,0.0,10.156083076288681,0,False,True
17685,7032002665266662213,703,4011,3943,3123,2000,191,190,4.492059533078447,4.490967967521538,11.96974625081451,11.608716854020573,True,False
17686,1080093176634012139,108,2580,2512,2008,2000,190,189,4.372367011860195,4.370978569358117,11.333155350310616,10.971543553950772,True,False
17687,8391736011873267390,839,4136,4067,3232,2000,196,195,4.580081228565357,4.579223595632252,12.014020470314934,11.658211482751796,True,False
17688,1987280866631318402,199,2958,2892,2370,2000,201,200,4.677535017232918,4.676847409794254,11.530406337099068,11.210671343785622,True,False
17689,3609022556390977,0,1444,0,0,0,0,0,0.0,0.0,10.49585502688717,0,False,True
17690,4420639184070822,0,187,0,0,0,0,0,0.0,0.0,7.546894459887636,0,False,True
17691,19950000000000000,2,284,216,214,2000,173,172,6.413367539222886,6.406857774575915,8.149747119504681,7.741466986401147,True,False
17692,99427771960848854789,9943,3934,3910,3200,2000,157,155,5.45185864320778,5.419180355275626,11.94178124227853,11.643856189774725,True,False
17693,34888693590624142997,3489,3457,3431,2824,2000,125,124,4.5883564994357995,4.5881066463500835,11.7553048882624,11.46352437327118,True,False
17694,9891621729251807280,989,4770,4647,3828,2000,428,426,4.554827345704362,4.554045546001446,12.219773550892874,11.902375114486025,True,False
17695,1273364898357300000,127,876,870,790,2000,69,68,4.45254295434997,4.45155517967508,9.774787059601174,9.625708843064466,True,False
17696,70772670375506231,7,3109,2088,1924,2000,949,911,4.544914444491992,4.528080416554374,11.602234901341063,10.909893083770042,True,False
17697,4713617653211775000,471,8960,7417,6160,2000,1218,1179,4.788347123648698,4.784069306748663,13.129283016944967,12.588714635582264,True,False
17698,2235397500000000000,224,8174,6629,5542,2000,1234,1193,4.5734602951671235,4.567170502955001,12.996826528020659,12.436190995481416,True,False
17699,89775000000000000,9,3192,2180,1999,2000,941,902,5.035977581252102,5.013155249969021,11.640244936222345,10.965062756744627,True,False
17700,143796516328500000,14,253,249,245,2000,62,60,4.229151584109659,4.147069380002696,7.98299357469431,7.936637939002571,True,False
17701,44324262173311970198,4432,2664,2651,2196,2000,77,76,4.5312872496365735,4.530369398310453,11.379378367071261,11.100662339005199,True,False
17702,592565375700507846,59,683,670,617,2000,76,75,4.277173127376492,4.2760084565090075,9.41574176829009,9.269126679149418,True,False
17703,105246728527956788,11,285,272,262,2000,75,74,4.3028957474554055,4.3011569945715955,8.154818109052105,8.03342300153745,True,False
17704,15319066168508732995,1532,2609,2594,2172,2000,112,111,5.257981126386033,5.257751214347257,11.349281228817452,11.084808387804362,True,False
17705,5480096221278703838,548,2426,2405,1974,2000,122,121,4.780877000545988,4.78067649190395,11.24436383512051,10.946906274456397,True,False
17706,4005735354294711544,401,7856,6582,5507,2000,1006,980,4.458157325666582,4.448517826099451,12.939579214314692,12.427050893150879,True,False
17707,3007518796992481,0,1243,0,0,0,0,0,0.0,0.0,10.279610581052484,0,False,True
17708,952718904850951,0,473,0,0,0,0,0,0.0,0.0,8.885696373339394,0,False,True
17709,90221397913276500624,9022,7637,6603,5325,2000,1001,960,5.711532245538318,5.708113445331656,12.898790308381212,12.378565810000563,True,False
17710,450160921409041772,45,6211,4626,4039,2000,1219,1178,4.790229719883086,4.784364131399045,12.600609852446706,11.979782430703086,True,False
17711,1945125000000000000,195,3011,2955,2395,2000,204,203,4.677628945084337,4.676941251670567,11.556026992724677,11.225809940623543,True,False
17712,2537384728027461,0,1191,0,0,0,0,0,0.0,0.0,10.217957697864113,0,False,True
17713,3906723981684736,0,1480,0,0,0,0,0,0.0,0.0,10.531381460516313,0,False,True
17714,8977500000000000,1,398,139,139,139,139,139,7.1189410727235085,7.1189410727235085,8.63662462054365,7.118941072723508,False,False
17715,1589533614663557249,159,605,601,572,2000,55,55,4.418419192238304,4.418419192238305,9.240791332161956,9.159871336778389,True,False
17716,78023815191096569,8,157,152,151,2000,60,60,4.31086326426976,4.310863264269761,7.294620748891627,7.2384047393250786,True,False
17717,2857837500000000000,286,8381,6836,5688,2000,1235,1193,4.696565612326329,4.691609102468704,13.032906677628251,12.473705749619416,True,False
17718,50667019027166850000,5067,2303,2295,1908,2000,101,98,5.346448526298792,5.310793004264558,11.169298695792845,10.897845456005511,True,False
17719,324556526555695511,32,2883,2612,2348,2000,697,693,4.373685214660779,4.372185214660779,11.493355121494906,11.197216693110052,True,False
17720,58819201116424945200,5882,3505,3486,2868,2000,123,122,4.790865220147534,4.79066699765816,11.775198728897985,11.485829308701904,True,False
17721,15024445124062500000,1502,3421,3393,2766,2000,119,117,4.930929358036798,4.92042878236548,11.7402023887679,11.433585441150495,True,False
17722,8457342796780700235,846,6183,5768,4778,2000,755,750,4.784315469937883,4.783513859954208,12.594091290260412,12.222191138456333,True,False
17723,2468778116426133,0,974,0,0,0,0,0,0.0,0.0,9.927777962082342,0,False,True
17724,985751283135675000,99,649,645,614,2000,70,68,4.484527092215595,4.480206045424125,9.342074667999139,9.262094845370179,True,False
17725,21714260078676165000,2171,274,246,237,2000,77,77,5.722360105639009,5.72236010563901,8.098032082960527,7.888743248898259,True,False
17726,4571598874348183,0,486,0,0,0,0,0,0.0,0.0,8.92481250360578,0,False,True
17727,926715601590827184,93,7079,5484,4697,2000,1221,1176,4.513248393840992,4.5059778218135325,12.789329860092431,12.197523878257787,True,False
17728,1630912500000000000,163,1140,1132,990,2000,87,85,4.251488619219158,4.2494233851542225,10.154818109052105,9.951284714966972,True,False
17729,3990000000000000000,399,3546,3479,2820,2000,193,192,4.630864134129821,4.630059251173216,11.79197682089869,11.461479447286155,True,False
17730,628891636684246160,63,2056,1997,1665,2000,202,201,4.3744758804652015,4.372882139520548,11.005624549193879,10.701306461958625,True,False
17731,2508744446706138594,251,7693,6344,5335,2000,1082,1050,4.872936838486148,4.868937232531364,12.909330593006835,12.381272555711787,True,False
17732,49875000000000000,5,2242,1479,1444,2000,784,778,5.2877050562600525,5.2825617402119995,11.130570562805426,10.49585502688717,True,False
17733,993752211348015000,99,3072,2553,2204,2000,548,529,4.460948493826687,4.446568650967458,11.584962500721156,11.105908508571158,True,False
17734,666690236033498390,67,1351,1323,1087,2000,102,101,4.288860560098437,4.265820455770586,10.399811959325685,10.086136225027309,True,False
17735,350829116700468508,35,5810,4450,3906,2000,1214,1170,4.7847231947934485,4.763565897172676,12.50432244829189,11.93147623388679,True,False
17736,251545643455218483,25,3849,2990,2715,2000,879,869,4.473639143054526,4.471430672890049,11.91026795581084,11.406736482691723,True,False
17737,60240269512918131,6,4088,2509,2332,2000,1224,1184,4.444384580489993,4.4318119531818505,11.997179480937621,11.187352073200497,True,False
17738,7498097166525000000,750,4968,4270,3489,2000,694,671,5.152219842714878,5.146274250086313,12.278449458220482,11.768597882194374,True,False
17739,8606122550672561,1,989,281,278,281,281,278,8.134426320220925,8.113074007053665,9.94982671075911,8.118941072723507,False,False
17740,614389092271834249,61,4499,3679,3230,2000,831,821,4.564103293739281,4.560644189859294,12.135388651579046,11.657318449581288,True,False
17741,8128797417481963263,813,3729,3241,2649,2000,513,497,4.871931168195602,4.864011061052191,11.86457308177364,11.371232128369622,True,False
17742,3478360839080687045,348,5807,5156,4311,2000,790,784,4.929176229177145,4.928392465621247,12.503577318702689,12.073806847178492,True,False
17743,82718405422662351,8,3411,2299,2103,2000,1022,983,4.547632487558822,4.530826836784266,11.735979039613404,11.03823313473178,True,False
17744,2864729607704842067,286,3303,3233,2595,2000,194,193,4.403238105680358,4.402037385248098,11.689561254285525,11.341518823245243,True,False
17745,3806349578287675643,381,8113,6837,5616,2000,1171,1127,4.693654808467793,4.684547565027872,12.986019773064076,12.45532722030456,True,False
17746,34935213175958676,3,2048,1283,1258,2000,783,777,5.805474014477144,5.799560876690201,11.0,10.296916206879288,True,False
17747,7814352694240699872,781,4060,3993,3213,2000,192,191,4.532171457588705,4.531248167598706,11.987264012072538,11.649705265471413,True,False
17748,1396500000000000,0,596,0,0,0,0,0,0.0,0.0,9.219168520462162,0,False,True
17749,7980000000000000,1,1503,362,355,362,362,355,8.499845887083207,8.455646992055582,10.553629293916364,8.471675214392045,False,False
17750,13067250000000000000,1307,3425,3395,2765,2000,123,121,4.889579400815176,4.889203716833858,11.74188827273525,11.43306376512207,True,False
17751,604732933502386534,60,6715,5172,4479,2000,1211,1170,4.648827871505822,4.642917043876171,12.713171684314805,12.128960950855697,True,False
17752,9975000000000000,1,1939,471,460,471,471,460,8.879583249612786,8.828627835600047,10.921097088106793,8.845490050944376,False,False
17753,432614744591820000,43,1304,1071,956,2000,287,281,4.410446565591836,4.399906428047677,10.348728154231077,9.900866807980748,True,False
17754,1001481203007518796,100,7294,5782,4941,2000,1203,1162,4.512092980918137,4.503960044648217,12.832494484336113,12.270587340447511,True,False
17755,498750000000000000,50,6124,4663,4075,2000,1171,1132,4.432390918259598,4.423640446593088,12.580258567499788,11.992584344005802,True,False
17756,50693919319765082635,5069,5802,5671,4660,2000,468,466,5.475604341673653,5.475326529169311,12.502334580197997,12.186114239541643,True,False
17757,349452971741938900,35,2795,2200,1929,2000,591,573,4.431736658181174,4.418717079818736,11.448632567730552,10.913637428049103,True,False
17758,20861981584457865881,2086,4511,3947,3201,2000,593,574,5.60020047084162,5.596415664844727,12.139231570719353,11.644306961545581,True,False
17759,10124394815914896647,1012,3411,2982,2440,2000,465,452,5.126410907573818,5.120469476430012,11.735979039613404,11.252665432450248,True,False
17760,10450594112090641446,1045,3273,2872,2362,2000,456,443,5.41332132113045,5.408557713102855,11.676397887044763,11.205793249397157,True,False
17761,178393868304574395110,17839,8533,7627,6414,0,0,0,0.0,0.0,13.058837332677816,12.647008638441648,False,True
17762,50872500000000000,5,1530,1043,973,2000,492,479,4.922478056088023,4.906584814219009,10.579315937580015,9.926295994781112,True,False
17763,1995000000000000,0,29,0,0,0,0,0,0.0,0.0,4.857980995127572,0,False,True
17764,2992500000000000000,299,2302,2011,1713,2000,359,352,4.596560485216604,4.592037914040624,11.16867211813223,10.742309436084,True,False
17765,388075018240969484,39,1702,1635,1389,2000,191,190,4.394621492091414,4.393261102112952,10.733015321685963,10.439830883981392,True,False
17766,39900000000000000,4,807,693,684,2000,417,415,5.240059308287751,5.236725419306254,9.656424863277781,9.417852514885897,True,False
17767,39900000000000000,4,828,705,697,2000,427,425,4.747135573185222,4.7446355731852226,9.693486957499326,9.445014845868423,True,False
17768,539945371387752506,54,4379,3481,3012,2000,847,812,4.470973704499999,4.4606946300068895,12.096385734452651,11.556506054671928,True,False
17769,134999100341118357,13,4800,3317,2997,2000,1188,1148,4.794422686330377,4.778027347495969,12.228818690495881,11.549303368513575,True,False
17770,164587500000000000000,16459,5593,5524,4446,0,0,0,0.0,0.0,12.44940661498558,12.11829223302699,False,True
17771,741009731753498,0,1,0,0,0,0,0,0.0,0.0,0.0,0,False,True
17772,4188502500000000000,419,1072,935,832,2000,166,163,4.631662747945745,4.628618813830006,10.066089190457772,9.700439718141093,True,False
17773,2461831842581744250,246,2740,2355,1995,2000,421,410,4.552749319547693,4.546691812956706,11.419960177847889,10.962173031109709,True,False
17774,179813581209152549,18,1206,1155,1047,2000,209,209,4.718520931049836,4.718520931049836,10.236014191900084,10.032045726930809,True,False
17775,61745250000000000000,6175,5539,5489,4400,2000,208,208,5.119092697684586,5.119092697684586,12.43540982316332,12.103287808412022,True,False
17776,2105263157894736842,211,7548,6103,5144,2000,1026,997,4.389727707008744,4.382403512002458,12.881878707600446,12.328674927327947,True,False
17777,12528872546671635000,1253,49,46,46,2000,43,43,5.255045893035352,5.255045893035351,5.614709844115208,5.523561956057013,True,False
17778,16572233734091805001,1657,5520,4777,3867,2000,742,714,5.238110656850014,5.232735274903517,12.430452551665532,11.916999049082808,True,False
17779,543637500000000000,54,6293,4975,4280,2000,1194,1149,4.472080981750491,4.4613666633628375,12.619532227572051,12.06339508128851,True,False
17780,23541000000000000000,2354,10035,8492,6944,2000,1228,1187,5.344000531116128,5.341153249338085,13.292752996249979,12.761551232444479,True,False
17781,1002506265664160,0,66,0,0,0,0,0,0.0,0.0,6.044394119358453,0,False,True
17782,6488469884178700901,649,1498,1494,1337,2000,71,70,4.509373825842232,4.5051355712872905,10.54882190845875,10.384783750093353,True,False
17783,1029685104851522294,103,3429,3244,2764,2000,539,537,4.380028318758743,4.378885298327253,11.743572188935634,11.432541900388259,True,False
17784,9975000000000000,1,8,5,5,5,5,5,2.321928094887362,2.321928094887362,3.0,2.321928094887362,False,False
17785,24937500000000000,2,1224,735,705,2000,497,483,6.505519235460505,6.473870033483598,10.257387842692651,9.461479447286155,True,False
17786,599663604354560486612,59966,231,211,204,0,0,0,0.0,0.0,7.851749041416057,7.672425341971495,False,True
17787,331170000000000000,33,3504,2720,2397,2000,752,724,4.536357827917277,4.517888595608104,11.774787059601174,11.227014193649133,True,False
17788,1317030247578544,0,363,0,0,0,0,0,0.0,0.0,8.50382573799575,0,False,True
17789,245277593142722800,25,5085,3497,3103,2000,1000,971,4.422639217802626,4.415612751551976,12.312032058744862,11.59944798152872,True,False
17790,50054820120282080,5,3442,2084,1937,2000,1088,1056,5.484383766421361,5.4633793332678335,11.749031382040204,10.919608238603253,True,False
17791,61298757271918256,6,193,186,177,2000,85,84,4.632148091472779,4.63021514705957,7.592457037268081,7.467605550082998,True,False
17792,3196613079644638,0,172,0,0,0,0,0,0.0,0.0,7.426264754702098,0,False,True
17793,9891708750000000000,989,4370,4318,3469,2000,195,194,4.534156843720935,4.533310689874782,12.093417564387961,11.760304125286382,True,False
17794,4986595995874743572,499,3878,3823,3076,2000,216,214,5.08061414697503,5.078292618738858,11.921097088106793,11.586839787961827,True,False
17795,1406717926186293,0,73,0,0,0,0,0,0.0,0.0,6.189824558880018,0,False,True
17796,6158964979398004942,616,1507,1503,1351,2000,70,69,4.498887475623083,4.497569585265696,10.557463701597824,10.399811959325685,True,False
17797,207581983124640590,21,469,458,435,2000,77,76,4.3070176369353215,4.305850565728373,8.873444112515376,8.76487159073609,True,False
17798,8186390439045597,1,1775,381,376,381,381,376,8.573647187493325,8.547400468333219,10.793603309279407,8.554588851677638,False,False
17799,1070702209720983251,107,2074,1778,1530,2000,362,355,4.552660842295982,4.547799946024281,11.018200178813226,10.579315937580015,True,False
17800,1423558897243107769,142,2093,1805,1553,2000,355,348,4.415835267050315,4.409666734783189,11.031356596255709,10.600842114387302,True,False
17801,345292017918568520,35,12,9,9,5,9,9,3.046439344671015,3.0464393446710156,3.584962500721156,3.169925001442312,False,False
17802,5835375000000000000,584,3930,3871,3114,2000,202,201,4.4141520544389055,4.413041167749348,11.940313597145968,11.604553229079038,True,False
17803,12668250000000000000,1267,6746,6107,5027,2000,781,775,5.126604202957239,5.1254878561460515,12.719816603018126,12.295481973695367,True,False
17804,6783000000000000000,678,7543,6572,5535,2000,960,949,4.886226990247449,4.885050194335699,12.880922710586542,12.434367601668914,True,False
17805,8977500000000000000,898,8721,7177,5935,2000,974,945,4.4666506326805635,4.460172026998157,13.090277856857394,12.53503231452927,True,False
17806,6483750000000000000,648,8884,7533,6137,2000,1234,1190,5.205075576245357,5.201695220480933,13.116993677546981,12.58331786813751,True,False
17807,6982500000000000000,698,4390,3798,3109,2000,609,590,5.231210959805416,5.2251455677384415,12.10000522442272,11.602234901341063,True,False
17808,5485903153489829592,549,8409,6954,5781,2000,1023,993,4.457402564830573,4.450464005728436,13.03771852975365,12.497103357016877,True,False
17809,2015194546913647882,202,7515,6046,5099,2000,982,952,4.6450985009593655,4.640273435140925,12.875557388803728,12.315998622628559,True,False
17810,2922128227152662119,292,7755,6260,5261,2000,972,942,5.08817327707924,5.043104575146874,12.920911065923454,12.36112133473479,True,False
17811,7743395599839035570,774,8621,7079,5856,2000,987,957,4.9289743157724235,4.92487683531445,13.07363951028323,12.515699838284043,True,False
17812,127552818750000000000,12755,10430,8811,7133,0,0,0,0.0,0.0,13.348451537407128,12.800293258223418,False,True
17813,900020147603695,0,12,0,0,0,0,0,0.0,0.0,3.584962500721156,0,False,True
17814,20818878475287869,2,2365,1308,1252,2000,979,941,6.52799427803375,6.4865776174721015,11.207624468226758,10.290018846932618,True,False
17815,238391452327727320688,23839,5574,5508,4473,0,0,0,0.0,0.0,12.44449728710381,12.127027043004599,False,True
17816,17456250000000000,2,2032,1037,992,2000,913,878,6.573193735657596,6.531361720716437,10.988684686772165,9.954196310386875,True,False
17817,16443474077927661,2,663,383,375,2000,343,337,6.467010859629447,6.449001855127196,9.372865060112588,8.550746785383243,True,False
17818,997500000000000000,100,2379,2311,1897,2000,194,193,4.543339213821648,4.5420803445151705,11.216139556425135,10.889503963411476,True,False
17819,18890429245577513470,1889,4837,4769,3846,2000,200,199,4.67744987627237,4.676731994504106,12.239896822445862,11.909143047339898,True,False
17820,9959495290705522155,996,1868,1861,1605,2000,76,75,4.573767103335441,4.573041952919588,10.867278739709661,10.648357582009666,True,False
17821,1577726236067100000,158,1140,1133,983,2000,87,86,4.339496175630486,4.338625627187541,10.154818109052105,9.94104760634058,True,False
17822,55229677435356009940,5523,9851,8232,6757,2000,1077,1047,5.083938027412393,5.081156672773958,13.26605446829837,12.722167139781853,True,False
17823,41000129845249883965,4100,9794,8175,6719,2000,1082,1051,4.920998919750245,4.916665558843446,13.257682480708766,12.714030814928783,True,False
17824,85340174366616304050,8534,9820,8339,6846,2000,1108,1077,5.864188410954279,5.862788019954105,13.261507309202056,12.741045577009837,True,False
17825,4678275000000000000,468,8638,7278,5964,2000,1232,1187,5.007836573183694,5.003681186669348,13.076481601207021,12.542064542283443,True,False
17826,2817242601230762457,282,3273,3210,2621,2000,201,200,4.580979737824996,4.5801939393465885,11.676397887044763,11.355901638328417,True,False
17827,193398284553694610202,19340,9344,8175,6794,0,0,0,0.0,0.0,13.189824558880018,12.7300455028792,False,True
17828,6513911805858163471,651,5056,4849,4055,2000,632,628,5.413528662662113,5.412165664838552,12.303780748177102,11.985486199104635,True,False
17829,35795367240511313553,3580,7394,6629,5447,2000,808,802,5.346931558344701,5.346449445296495,12.852139328187244,12.411246151840444,True,False
17830,32481731727060000,3,1080,704,669,2000,404,394,5.7582006738995695,5.737042758915917,10.076815597050832,9.38586240064146,True,False
17831,68340388988035,0,12,0,0,0,0,0,0.0,0.0,3.584962500721156,0,False,True
17832,6357239293422001289,636,1951,1943,1672,2000,94,92,4.682950970189573,4.682082189255558,10.929998062609027,10.707359132080883,True,False
17833,144417924891675120,14,4476,3010,2749,2000,1014,984,4.545593228451387,4.533236433116285,12.127994320976393,11.424691191512954,True,False
17834,18952500000000000,2,2716,1297,1251,2000,1139,1103,6.542202733390507,6.503938070884015,11.407267764244732,10.28886607416582,True,False
17835,37755420813152536,4,3612,2121,1983,2000,1242,1203,5.3049073236692585,5.280180086391772,11.818582177480858,10.953468962228849,True,False
17836,238834268807903530873,23883,1002,903,796,0,0,0,0.0,0.0,9.968666793195208,9.63662462054365,False,True
17837,2181017887217740852,218,7536,6046,5096,2000,965,936,4.511175307703324,4.498976099712485,12.879583249612784,12.3151495622563,True,False
17838,2381349535303302615,238,8203,6621,5535,2000,1219,1178,4.5570638154289975,4.5504082399899985,13.001935913123642,12.434367601668914,True,False
17839,174562500000000000,17,2150,1638,1477,2000,539,522,4.43429646690144,4.423721884220223,11.070120944476823,10.52845411076479,True,False
17840,178245784401339292,18,5201,3647,3278,2000,1220,1180,4.723083344506213,4.713551501179408,12.3445733225962,11.678600139099458,True,False
17841,228427500000000000,23,3849,2881,2572,2000,897,862,4.552590272013958,4.535898191560858,11.91026795581084,11.328674927327947,True,False
17842,13175644578483458,1,228,184,184,184,184,184,7.523561956057014,7.523561956057014,7.832890014164741,7.523561956057013,False,False
17843,164088750000000000,16,4113,3000,2702,2000,1023,984,4.414819087571286,4.400858602161988,12.005975356500382,11.399811959325685,True,False
17844,1097250000000000,0,601,0,0,0,0,0,0.0,0.0,9.231221180711186,0,False,True
17845,91277004378000000,9,196,184,180,2000,65,65,4.313023393818888,4.313023393818889,7.614709844115208,7.491853096329675,True,False
17846,978870819950100541,98,805,794,703,2000,63,63,4.351268435908491,4.351268435908492,9.65284497300198,9.457380879072534,True,False
17847,9937738440566788616,994,2404,2389,1998,2000,95,94,4.320781258565604,4.3199561918500935,11.231221180711186,10.964340867792417,True,False
17848,19932179071223093089,1993,2835,2820,2349,2000,97,96,4.271907526170751,4.271033715231086,11.469133019829592,11.197830998012197,True,False
17849,19949179908973270152,1995,3313,3289,2703,2000,148,147,4.924098688922362,4.923928621801097,11.693922488081014,11.400345796534694,True,False
17850,29846602174636215008,2985,4108,4059,3297,2000,153,153,4.9890169648509906,4.9890169648509906,12.004220466318195,11.686938171670388,True,False
17851,99757364484099019660,9976,5354,5286,4268,2000,200,199,4.9168866016549435,4.916279740120972,12.386401423640777,12.059344460824425,True,False
17852,79796958482849166169,7980,5431,5364,4345,2000,207,206,5.122830707858987,5.122356352685552,12.407002147924201,12.085140461701762,True,False
17853,991452501905995288,99,7092,5575,4772,2000,1229,1188,4.603235866340977,4.59488976592225,12.79197682089869,12.220378327695228,True,False
17854,33220000000000000000,3322,3682,3654,3008,2000,124,124,4.785704851866792,4.785704851866792,11.846273911349906,11.554588851677638,True,False
17855,29528517411156285506,2953,8405,7238,5826,2000,1119,1077,6.230428157823316,6.228191478929099,13.03703210412353,12.508289986140348,True,False
17856,21184324199866495127,2118,2418,2410,1997,2000,98,97,4.678875213342964,4.678440205128873,11.239598529249124,10.963618617443972,True,False
17857,120580271442661927,12,2266,1669,1516,2000,593,576,5.172029314901951,5.153250945390472,11.145932145820515,10.566054038171092,True,False
17858,98171300683915934,10,3270,2251,2065,2000,940,902,5.561276395958759,5.5333007066114845,11.675074920385445,11.011926066306808,True,False
17859,24668402838087305,2,1156,691,665,2000,468,457,6.527293259980121,6.499689272251753,10.174925682500678,9.377210530388552,True,False
17860,140350877192982456,14,1536,1165,1061,2000,404,395,4.600484222252094,4.590066470402944,10.584962500721156,10.051208940914766,True,False
17861,24402907073364711,2,2317,1313,1244,2000,921,884,6.575223900433701,6.531883592482602,11.178042328864821,10.280770770130603,True,False
17862,9045457271025000000,905,2592,2296,1926,2000,376,369,5.235286073106494,5.233085476290432,11.339850002884624,10.911391987843459,True,False
17863,8132496565450723,1,783,216,214,216,216,214,7.7548875021634665,7.736368983644947,9.612868497291041,7.741466986401147,False,False
17864,10788699868924385900,1079,9441,7912,6436,2000,1239,1198,5.049226384886456,5.045979541731624,13.20472396401958,12.651948610723446,True,False
17865,5185230673401766,1,1689,136,136,136,136,136,7.087462841250339,7.087462841250339,10.721953612801386,7.087462841250339,False,False
17866,1474834552503360051,147,4400,4110,3485,2000,713,709,4.380984023603086,4.379269492955851,12.103287808412022,11.766942940755785,True,False
17867,82276159580187009044,8228,2807,2796,2308,2000,108,106,5.64563135821084,5.616654712644285,11.454813348512525,11.172427508645482,True,False
17868,5985000000000000000,599,2683,2362,1979,2000,385,377,4.647386324790789,4.643147253972947,11.389631339260522,10.950555897047511,True,False
17869,2602993464111002617,260,2193,1915,1637,2000,353,346,4.631300657033828,4.626531302348041,11.098690096673593,10.676838606474153,True,False
17870,124789727138047912903,12479,5475,5408,4401,0,0,0,0.0,0.0,12.418643249375899,12.103615656394545,False,True
17871,2005012531328320802,201,5840,5003,4229,2000,855,845,4.481895498150617,4.478049429928452,12.51175265376738,12.046100845028802,True,False
17872,1001867497565660,0,293,0,0,0,0,0,0.0,0.0,8.194756854422248,0,False,True
17873,46119478890175690374,4612,5313,5242,4222,2000,201,200,4.770075054980492,4.769408166017502,12.37531099747307,12.043710863347156,True,False
17874,299240025000000000,30,2046,1595,1410,2000,457,445,4.656967897246916,4.644604045756042,10.99859042974533,10.461479447286155,True,False
17875,42942625313283208020,4294,9196,7996,6622,2000,1026,1004,5.507271101436462,5.504542573685928,13.16679075071818,12.693051295397,True,False
17876,6483750000000000,1,1776,304,300,304,304,300,8.247927513443585,8.215032776601479,10.794415866350105,8.228818690495881,False,False
17877,2906073909863739287,291,5242,4419,3680,2000,786,757,4.494059061686683,4.485250412928262,12.355901638328417,11.845490050944376,True,False
17878,69825000000000000,7,590,425,406,2000,198,194,4.492175319384381,4.483364746697156,9.204571144249204,8.665335917185176,True,False
17879,1085312490565899493,109,6907,5373,4584,2000,981,950,4.645686029562705,4.639544429920038,12.753843508311638,12.162391328756906,True,False
17880,10012000151707448156,1001,8901,7324,6058,2000,988,957,5.203286786270965,5.199954717234446,13.119751712201424,12.564625862795372,True,False
17881,168779065386311251601,16878,5565,5497,4417,0,0,0,0.0,0.0,12.442165972229322,12.108851117040153,False,True
17882,2992500000000000000,299,1501,1494,1285,2000,85,84,4.4515605082799,4.450696887440732,10.55170826162069,10.32755264408124,True,False
17883,5885250000000000000,589,1946,1940,1636,2000,86,85,4.369048436152605,4.368120518857196,10.926295994781112,10.67595703294175,True,False
17884,5885250000000000000,589,1951,1944,1629,2000,85,84,4.623892952968989,4.6234363581243585,10.929998062609027,10.669770888525518,True,False
17885,9975000000000000000,998,2783,2760,2261,2000,122,121,4.586723644783339,4.58643293809007,11.442425193331607,11.14274527675153,True,False
17886,9975000000000000000,998,2875,2850,2346,2000,144,143,4.9305313802954345,4.930362264310853,11.4893462407191,11.19598729802851,True,False
17887,9975000000000000000,998,3938,3874,3127,2000,186,184,4.768463219676133,4.767596388540456,11.943247395901553,11.610563503925041,True,False
17888,99318238453529289579,9932,10075,8575,6901,2000,1306,1262,6.586066319187328,6.584359998840808,13.298492218302693,12.75258971764099,True,False
17889,3990000000000000,0,312,0,0,0,0,0,0.0,0.0,8.285402218862249,0,False,True
17890,15011387309458362138,1501,9682,8088,6574,2000,1229,1186,4.9645271738449095,4.960225583012727,13.241089378860856,12.68255574108031,True,False
17891,8977500000000000000,898,8012,6819,5529,2000,1100,1058,5.2744770497063,5.26952841765902,12.967946705812707,12.43280285635187,True,False
17892,728856434357467500,73,273,237,225,2000,71,71,4.504522063698784,4.504522063698782,8.092757140919852,7.813781191217037,True,False
17893,627634025443702,0,365,0,0,0,0,0,0.0,0.0,8.51175265376738,0,False,True
17894,145666299298279949,15,1206,1142,1056,2000,268,268,4.623604215674032,4.623604215674033,10.236014191900084,10.044394119358454,True,False
17895,129675000000000000,13,3434,2552,2386,2000,910,900,5.931742422186582,5.923587937480851,11.745674324002135,11.220378327695228,True,False
17896,99750000000000000,10,3114,2217,2100,2000,910,899,4.565576884755581,4.561096128856488,11.604553229079038,11.036173612553485,True,False
17897,89775000000000000,9,3111,2173,2066,2000,931,920,4.5477980585083335,4.543312583211106,11.603162679534382,11.01262453886506,True,False
17898,7724747344994635518,772,3200,3155,2543,2000,143,141,4.716336514147783,4.715641260443186,11.643856189774725,11.312315746690107,True,False
17899,997500000000000000,100,949,934,814,2000,83,82,4.308134493845694,4.307028201773391,9.89026427702111,9.668884984266247,True,False
17900,37477430684739262,4,963,789,779,2000,505,503,4.736129668081377,4.734129418050122,9.911391987843459,9.605479518061669,True,False
17901,49875000000000000,5,558,517,505,2000,206,206,5.208481939011608,5.208481939011609,9.124121311829187,8.980139577639157,True,False
17902,46022349446193155,5,3316,1771,1657,2000,976,946,5.100356932422386,5.079557193525801,11.69522829149575,10.694357887221452,True,False
17903,691955789470094876,69,4103,3300,2859,2000,768,739,4.466863164982435,4.453239280563766,12.002463438892535,11.481294904631097,True,False
17904,8020050125313283,1,1250,366,366,366,366,366,8.515699838284045,8.515699838284045,10.287712379549449,8.515699838284043,False,False
17905,3007518796992481,0,592,0,0,0,0,0,0.0,0.0,9.20945336562895,0,False,True
17906,7581000000000000000,758,1018,1014,889,2000,65,65,4.7537243399738776,4.753724339973878,9.991521846075695,9.79603960882977,True,False
17907,48376889682107610235,4838,2240,2233,1865,2000,111,104,5.790124357068646,5.652246263252231,11.129283016944967,10.8649599151426,True,False
17908,14188641443186857500,1419,2266,2258,1896,2000,88,87,4.503376367578576,4.502749070337902,11.145932145820515,10.888743248898258,True,False
17909,165717027032012,0,66,0,0,0,0,0,0.0,0.0,6.044394119358453,0,False,True
17910,17477627846837496872,1748,9091,7595,6249,2000,969,940,4.877121045302703,4.87341899775065,13.15022328267779,12.609409624761803,True,False
17911,38154375000000000000,3815,9535,7961,6532,2000,988,959,5.379509601611844,5.37731832609046,13.219017223200119,12.673309075561695,True,False
17912,6800000000000000000,680,6425,5475,4480,2000,903,866,5.069669572185356,5.063575367103399,12.649480738968602,12.129283016944967,True,False
17913,77268236432137683,8,692,629,589,2000,165,164,4.698438612828963,4.69493510932546,9.434628227636725,9.20212382383046,True,False
17914,33915000000000000000,3392,2514,2503,2042,2000,92,91,4.869651320947992,4.8693192795560005,11.295768934420508,10.995767150877802,True,False
17915,10473750000000000000,1047,2186,2175,1801,2000,85,84,4.428772300478034,4.428082736228577,11.094077685671905,10.814582465906277,True,False
17916,434830906334122709,43,605,594,540,2000,80,78,4.2956500129091655,4.2936438547796225,9.240791332161956,9.076815597050832,True,False
17917,305671641135088457,31,5678,4305,3784,2000,1225,1181,4.473699371148309,4.463777354963948,12.471167133724391,11.885696373339394,True,False
17918,342272887330405922,34,5233,4011,3518,2000,1102,1060,4.56793612182618,4.550773061548221,12.353422543614714,11.78053976747196,True,False
17919,319200000000000000,32,3896,2993,2633,2000,841,807,4.836400172757164,4.813889558098184,11.927777962082342,11.362491806046062,True,False
17920,346108240112674350,35,2639,2082,1824,2000,560,542,4.426021351310021,4.412222010435771,11.365775635326269,10.832890014164741,True,False
17921,309225000000000000,31,1603,1296,1149,2000,369,362,4.748995004384506,4.735658068938983,10.646558710154547,10.166163082646113,True,False
17922,1396500000000000000,140,5134,4231,3567,2000,847,813,4.408376327344264,4.397705607088945,12.325867580575418,11.800495500466813,True,False
17923,27669172932330827,3,1190,732,703,2000,460,449,5.872924859311871,5.851034109078671,10.216745858195306,9.457380879072534,True,False
17924,12399787746097080000,1240,1151,1018,898,2000,169,166,5.0317707817871025,5.029854605797778,10.16867211813223,9.810571634741146,True,False
17925,35256198445174496,4,3277,1660,1563,2000,1012,983,5.241634098932987,5.218671692681184,11.67815995754276,10.610102062999664,True,False
17926,33216750000000000,3,2120,1315,1286,2000,824,815,5.297239939497961,5.289288355173869,11.049848549450562,10.328674927327947,True,False
17927,271387020777732842,27,5742,4131,3657,2000,1218,1173,4.441769319434042,4.427466218430393,12.487337615207181,11.836444911341369,True,False
17928,15550000000000000,2,2172,1085,1039,2000,999,961,6.490639865974424,6.4494473038455915,11.084808387804362,10.020979938904212,True,False
17929,997500000000,0,3,0,0,0,0,0,0.0,0.0,1.584962500721156,0,False,True
17930,2785836889415455,0,745,0,0,0,0,0,0.0,0.0,9.541096615349524,0,False,True
17931,16677993400586316616,1668,1933,1927,1651,2000,66,64,4.260300306494844,4.227929797114349,10.916625922211235,10.689124404913258,True,False
17932,80730462497405508759,8073,8837,7832,6560,2000,1013,1002,5.9298372402431925,5.929403303368055,13.109340968793223,12.679480099505446,True,False
17933,2179024435432516761,218,8107,6620,5523,2000,1251,1210,4.966325598340805,4.96200818399069,12.984952427732367,12.431236412071062,True,False
17934,1547641925385687757,155,7739,6239,5229,2000,1247,1205,4.604098148268435,4.598389274288721,12.917931444281608,12.352319354846841,True,False
17935,3410911913580858,0,1305,0,0,0,0,0,0.0,0.0,10.349834091457247,0,False,True
17936,488833491347768,0,139,0,0,0,0,0,0.0,0.0,7.118941072723508,0,False,True
17937,492547320460713,0,139,0,0,0,0,0,0.0,0.0,7.118941072723508,0,False,True
17938,2294195438439945269,229,3190,3151,2578,2000,212,212,4.630608102591602,4.630608102591603,11.639340708652231,11.332036548361652,True,False
17939,6300062049381676,1,1373,286,286,286,286,286,8.159871336778387,8.159871336778387,10.4231159101471,8.159871336778389,False,False
17940,5428745472472630063,543,7756,6639,5584,2000,976,960,4.8766346859519025,4.87469040467895,12.921097088106793,12.447083226209653,True,False
17941,2156507144589000000,216,1144,1137,1009,2000,73,72,4.570395891236601,4.569714775348609,10.159871336778389,9.978710459106358,True,False
17942,648375000000000000,65,3461,2806,2433,2000,649,629,4.487622309005387,4.4801494996099915,11.756973226165448,11.24852060493843,True,False
17943,35971550607113316,4,470,403,388,2000,183,182,4.822338086692705,4.819198369267273,8.876516946565,8.599912842187127,True,False
17944,28927500000000000000,2893,2695,2681,2252,2000,89,88,4.657201435789676,4.65642354154107,11.396069557639867,11.13699111208023,True,False
17945,1383039223717764,0,775,0,0,0,0,0,0.0,0.0,9.5980525001616,0,False,True
17946,2822925000000000000,282,1777,1761,1477,2000,106,105,4.471441081046579,4.4709062016067245,10.795227966028678,10.52845411076479,True,False
17947,997500000000000000,100,2613,2532,2138,2000,301,301,4.38075069329758,4.38075069329758,11.35149140932002,11.06204613772049,True,False
17948,9928949761938341518,993,9369,7817,6377,2000,1232,1189,4.922769209406953,4.918474634160889,13.193679354741729,12.638662165859655,True,False
17949,386798891718750000,39,507,502,481,2000,61,60,4.220920810190242,4.21833084634768,8.985841937003341,8.909893083770042,True,False
17950,9751073556099420460,975,4825,4688,3871,2000,463,461,4.917307279955984,4.916856811276494,12.236313227042805,11.918490592292311,True,False
17951,92767500000000000,9,3985,2408,2208,2000,967,938,4.449504607702851,4.440027293718346,11.960364008877834,11.108524456778168,True,False
17952,19932045000000000000,1993,9250,7779,6407,2000,1028,997,5.441547020416222,5.406904569014533,13.175237650291036,12.64543327516426,True,False
17953,64406292999300000,6,156,149,141,2000,60,59,4.289303247456862,4.28617419672432,7.285402218862249,7.139551352398794,True,False
17954,30755643216484328885,3076,9028,7779,6260,2000,1147,1103,4.684043796374479,4.67395557855237,13.140190703191836,12.61194694181998,True,False
17955,30016871689913864316,3002,7396,6581,5483,2000,848,838,5.205790889437249,5.204817503197361,12.852529509404196,12.420749758296799,True,False
17956,536661186941427342,54,1345,1118,990,2000,278,272,4.427629895026211,4.420618422267863,10.393390457443987,9.951284714966972,True,False
17957,104601442748368552,10,4570,3234,2936,2000,1208,1165,4.398145520297889,4.386193370736207,12.157978449945432,11.519636252843213,True,False
17958,16582347796371122336,1658,4211,3691,3003,2000,567,548,5.27541245687663,5.2698746834360755,12.039947160169094,11.552188759557149,True,False
17959,189525000000000000,19,5271,3751,3356,2000,1231,1192,4.393469907287484,4.384323738760757,12.363860976729532,11.712527000439824,True,False
17960,560150228317000,0,198,0,0,0,0,0,0.0,0.0,7.6293566200796095,0,False,True
17961,12258360446148915000,1226,2850,2523,2093,2000,406,397,5.349264983628584,5.345774596276808,11.476746203939467,11.031356596255709,True,False
17962,164496036376474759,16,2946,2191,1975,2000,733,707,4.425902875632126,4.412690189475679,11.524541715035848,10.947636937951827,True,False
17963,802093532167131372,80,6629,4991,4328,2000,1042,1012,4.500828224279821,4.495004046709472,12.694575537525989,12.079484783826816,True,False
17964,9294945898796314959,929,4209,4146,3343,2000,214,213,5.1963348876499,5.195939382031922,12.039261794341055,11.706927639617403,True,False
17965,989786739342466785,99,219,217,206,2000,38,38,4.1297087232637635,4.129708723263764,7.774787059601174,7.6865005271832185,True,False
17966,22858313161574883,2,3009,1373,1317,2000,1038,1009,6.499197332709616,6.464745110276303,11.555068391333338,10.363039630256514,True,False
17967,4520109886507994,0,1041,0,0,0,0,0,0.0,0.0,10.023754353299417,0,False,True
17968,3336945961792771874,334,5482,4638,3844,2000,799,767,4.466157987123802,4.455861351104775,12.420486612825774,11.90839262077375,True,False
17969,8877750000000000,1,385,131,131,131,131,131,7.03342300153745,7.03342300153745,8.588714635582264,7.03342300153745,False,False
17970,40711694897798444,4,1221,1007,993,2000,613,611,5.6802377734408,5.678011015229631,10.253847484987404,9.955649907528374,True,False
17971,89144283020630394,9,1622,1403,1353,2000,611,608,4.539039851332187,4.534412716965811,10.663558104217273,10.401946123976536,True,False
17972,1078197942585739973,108,992,981,859,2000,79,78,4.260368119389576,4.259444489757875,9.954196310386875,9.746514321138463,True,False
17973,591010430797414945,59,723,710,655,2000,76,75,4.3283760512900535,4.327175855328642,9.497851836951117,9.355351096424812,True,False
17974,298501875000000000,30,5,4,4,1,2,2,1.0,1.0,2.321928094887362,2.0,False,False
17975,12069750000000000000,1207,121,119,111,2000,43,43,4.805057315348958,4.805057315348958,6.918863237274595,6.794415866350106,True,False
17976,169554620527549650,17,156,153,151,2000,49,49,4.236615072053391,4.236615072053391,7.285402218862249,7.2384047393250786,True,False
17977,4916074579939077058,492,2803,2768,2250,2000,124,122,4.510923473776418,4.510455018855914,11.452756029032495,11.1357092861044,True,False
17978,3750442423225404765,375,8291,6987,5736,2000,1185,1140,4.555175148460526,4.5447112827791525,13.017330404240013,12.485829308701904,True,False
17979,38905072151102397914,3891,8045,7175,6004,2000,906,895,5.278607517077577,5.277275436967473,12.973876705610808,12.55170826162069,True,False
17980,663138000000000000,66,2603,2481,2151,2000,435,433,4.64667773686922,4.646001558628637,11.345959596404112,11.070791809423062,True,False
17981,17042606516290726,2,2289,1161,1112,2000,1034,995,6.497294998348612,6.455602311188522,11.160501747555687,10.118941072723507,True,False
17982,8236357500000000000,824,4125,4061,3264,2000,206,205,4.771904355292302,4.771293159292856,12.010178404020541,11.672425341971495,True,False
17983,4458462637596450000,446,1395,1391,1249,2000,67,65,4.462952267057749,4.460872511742429,10.44604940671655,10.286557761607957,True,False
17984,2970540340468023258,297,5266,4893,4109,2000,754,749,4.880193078117308,4.879458243447679,12.362491806046062,12.004571615167656,True,False
17985,5733051293119287,1,1480,220,216,220,220,216,7.781359713524662,7.735905168070117,10.531381460516313,7.754887502163468,False,False
17986,59850000000000000,6,194,187,178,2000,87,86,4.6411116780903905,4.639166300100429,7.599912842187128,7.475733430966398,True,False
17987,420368178629529277,42,227,225,222,2000,48,48,4.14393289068652,4.1439328906865205,7.826548487290915,7.794415866350106,True,False
17988,1000492500000000000,100,981,973,865,2000,90,89,4.293877457190932,4.293050836808556,9.938109326219239,9.756556322524087,True,False
17989,3208020050125313283,321,1886,1870,1539,2000,102,101,4.387860244061026,4.387222411238085,10.881113960675096,10.58777751632821,True,False
17990,3305202384793883118,331,2730,2683,2168,2000,138,138,4.369590708864537,4.369590708864537,11.414685235807214,11.08214904135387,True,False
17991,3302591765339850232,330,3457,3390,2747,2000,190,189,4.485534397450484,4.484534022309807,11.7553048882624,11.423641195075856,True,False
17992,2487499539701499116,249,3238,3191,2619,2000,211,211,4.507434048674047,4.507434048674047,11.660887270302567,11.354800344350597,True,False
17993,2515046233968804206,252,4421,4194,3542,2000,629,626,4.625160156434335,4.624412939816239,12.110157018954066,11.790348496751914,True,False
17994,3241875000000000000,324,7679,6398,5381,2000,1017,991,4.757472208877391,4.753688581986803,12.906702732460797,12.393658591454773,True,False
17995,2506265664160401002,251,7710,6161,5179,2000,988,957,4.597651746401307,4.5913546496236854,12.912515144802397,12.338457843130849,True,False
17996,2606516290726817042,261,8417,6870,5759,2000,1222,1180,4.6028935240390245,4.597027381485576,13.039090401998603,12.49160260669611,True,False
17997,3007518796992481203,301,8127,6827,5618,2000,1185,1140,4.650058507401293,4.639084887544762,12.98850717892317,12.455840909126398,True,False
17998,984592345030770863,98,7052,5541,4769,2000,1193,1151,4.43437713537023,4.425236585567566,12.783816759320182,12.219471067394357,True,False
17999,384533190602147814,38,1714,1659,1414,2000,198,197,4.711574775620418,4.708820989164042,10.7431513941125,10.4655664048094,True,False
18000,3654840000000000,0,744,0,0,0,0,0,0.0,0.0,9.539158811108031,0,False,True
18001,10335505268025000000,1034,9554,8046,6609,2000,1215,1176,5.161576824455799,5.15860832315168,13.221889161471266,12.690216280422039,True,False
18002,87477714408000000,9,187,176,175,2000,56,56,4.3142167337012545,4.3142167337012545,7.546894459887636,7.451211111832329,True,False
18003,9131064936559195252,913,5897,5060,4126,2000,804,772,4.964285075892919,4.95708598712541,12.525765478821915,12.010528105886484,True,False
18004,14797391114008172507,1480,4085,3575,2904,2000,561,543,5.381299150507952,5.37600671531338,11.996120363033047,11.50382573799575,True,False
18005,4276700418678716741,428,3685,3627,2940,2000,204,203,4.551701897483904,4.550830610355191,11.847448903982432,11.521600439723727,True,False
18006,1512743936504128,0,363,0,0,0,0,0,0.0,0.0,8.50382573799575,0,False,True
18007,745274541605304,0,510,0,0,0,0,0,0.0,0.0,8.994353436858859,0,False,True
18008,2207477872356120000,221,619,547,503,2000,109,109,4.498979168857455,4.4989791688574545,9.273795599214264,8.974414589805527,True,False
18009,2000709233916357125,200,3016,2947,2364,2000,193,192,4.580000707446539,4.579143197084955,11.558420713268664,11.207014320177532,True,False
18010,2020136177337590541,202,235,233,217,2000,40,39,4.303952414790142,4.2549828746900165,7.876516946564999,7.7615512324444795,True,False
18011,957600000000000000,96,6785,5468,4657,2000,1195,1152,4.589341388582819,4.573937235241714,12.728133100306216,12.185185166820329,True,False
18012,71969625000000000000,7197,2591,2322,1951,2000,384,377,6.171448705537811,6.170379400131982,11.339293300180094,10.929998062609027,True,False
18013,1280790000000000000,128,6621,5443,4639,2000,1010,989,4.545806847965289,4.539697547412836,12.69283341500077,12.179598130849836,True,False
18014,5164667847871086706,516,9029,7497,6163,2000,1249,1207,5.047016187963916,5.041896233397384,13.140350496628438,12.58941707576861,True,False
18015,217442734484655767,22,3532,2723,2500,2000,828,818,4.441193691713484,4.434974568450142,11.786269627648466,11.287712379549449,True,False
18016,12444370079695949301,1244,8982,7513,6200,2000,1001,971,5.125867924873234,5.123031175021761,13.132821006779572,12.5980525001616,True,False
18017,13126138851785366,1,1680,784,751,784,784,751,9.614709844115207,9.522408150267502,10.714245517666123,9.552669097514272,False,False
18018,5663805000000000000,566,3876,3818,3083,2000,196,195,4.353960724850875,4.352585381014915,11.92035285541508,11.590119174107175,True,False
18019,190000000000000000,19,4537,3144,2849,2000,1008,982,4.3735185520532145,4.365141756727727,12.147522944350744,11.476239906323851,True,False
18020,1938724219969983,0,1021,0,0,0,0,0,0.0,0.0,9.995767150877802,0,False,True
18021,7967500000000000000,797,8668,7207,5969,2000,1022,993,4.779095293923199,4.7753992203113675,13.081483438093674,12.543273538449803,True,False
18022,8957550000000000000,896,8688,7154,5915,2000,991,960,5.096719410813661,5.0924719150430375,13.084808387804362,12.53016245322715,True,False
18023,2100287865421340454,210,8130,6587,5512,2000,1235,1194,4.603564600191621,4.597997788095894,12.98903963696239,12.428360172704291,True,False
18024,995101218735209813,100,7103,5600,4781,2000,1247,1204,4.514731488786023,4.50727940531013,12.794212769983066,12.223096690347695,True,False
18025,107231250000000000,11,3510,2490,2270,2000,942,904,5.294267545886905,5.265671211554945,11.777255315191923,11.148476582178278,True,False
18026,437533410676862190797,43753,9870,8427,6930,0,0,0,0.0,0.0,13.26883436934376,12.758639637024576,False,True
18027,45659138095664532,5,1369,904,846,2000,469,458,4.921469233212212,4.906829922051341,10.4189067312579,9.72451385311995,True,False
18028,118242970870725092,12,4309,2835,2599,2000,972,944,4.448864448654932,4.439868735928449,12.073137383110383,11.3437409184722,True,False
18029,361236749984880000,36,2716,2149,1877,2000,570,552,4.387125731612386,4.375223995679571,11.407267764244732,10.874212934830874,True,False
18030,9948432408516764693,995,5029,4855,4029,2000,516,513,5.204418564866154,5.203401688281302,12.296055838078784,11.9762060901486,True,False
18031,2779836992525339826,278,4486,4259,3589,2000,633,630,4.6117933182575825,4.611062697960952,12.131213905086272,11.809366207816078,True,False
18032,4858297416590681671,486,8223,6703,5595,2000,988,958,5.126687560537787,5.12370199386833,13.00544911354693,12.449922415863757,True,False
18033,3924186124756213700,392,8092,6555,5486,2000,979,950,4.785938102835942,4.781218080735174,12.982280604558284,12.421538906848276,True,False
18034,3031407222484971467,303,1214,1210,1085,2000,71,69,4.346732438793392,4.3445532821142905,10.245552706255681,10.083479327331842,True,False
18035,34810268985603904,3,3554,1967,1847,2000,1207,1166,6.570126837316364,6.532164719458374,11.795227966028678,10.850968150982439,True,False
18036,307187424174067986,31,2407,1899,1669,2000,530,513,4.7493435711587875,4.728136043939001,11.233020426474496,10.704768239362599,True,False
18037,3090525269862024726,309,2311,2283,1856,2000,116,116,4.298409129250888,4.298409129250887,11.174301544467632,10.857980995127573,True,False
18038,57508174016717685037,5751,2688,2679,2186,2000,76,75,4.257660608732773,4.256790041460242,11.39231742277876,11.094077685671905,True,False
18039,12757783838454122423,1276,2241,2230,1843,2000,82,81,4.350377227056527,4.349680299675164,11.129926933510394,10.847840355630714,True,False
18040,408177664573039191,41,604,596,564,2000,82,80,4.419303062756389,4.417451184630316,9.238404739325079,9.139551352398794,True,False
18041,3869773327716863375,387,3544,3476,2822,2000,193,192,4.4866894802799395,4.485689146835458,11.791162888555018,11.462502272597265,True,False
18042,96094981491001600,10,3970,2407,2208,2000,950,920,4.482623075729278,4.469413149301376,11.95492329203032,11.108524456778168,True,False
18043,20686412268255994167,2069,4909,4833,3911,2000,309,309,5.473842775567294,5.473842775567296,12.261213451366048,11.933321820732946,True,False
18044,3060387541882358641,306,3534,3469,2840,2000,269,269,4.4514468305440165,4.451446830544017,11.787086324551616,11.471675214392045,True,False
18045,132666772153147487,13,5009,3395,3068,2000,1214,1172,4.4412135068614145,4.426985761698864,12.290306896257901,11.583082767502933,True,False
18046,29925000000000000,3,3473,1846,1744,2000,1216,1170,5.298616359151081,5.269679207660618,11.761966695382092,10.768184324776927,True,False
18047,109725000000000000,11,4857,3264,2965,2000,1217,1174,4.459263567865884,4.449325623643347,12.245849771023723,11.533816389433365,True,False
18048,19950000000000000,2,3008,1427,1368,2000,1212,1170,6.569446389586898,6.5297955498533655,11.554588851677638,10.417852514885897,True,False
18049,99750000000000000,10,4479,2952,2693,2000,1225,1184,4.786602960219978,4.767277540353213,12.128960950855697,11.394998514501673,True,False
18050,596519117661250529,60,6580,5011,4336,2000,1224,1184,4.572676955208753,4.566547363875504,12.683871868622603,12.08214904135387,True,False
18051,57374486617086418,6,3636,2181,2058,2000,1018,988,4.744834071371757,4.728002498509932,11.828136484194108,11.007027266893969,True,False
18052,17282738521727395012,1728,4776,4735,3790,2000,219,219,4.952996114536739,4.952996114536739,12.221587121264806,11.887982133058454,True,False
18053,100250626566416040,10,4250,2722,2500,2000,976,947,4.447698258711921,4.438166568371795,12.053247125912426,11.287712379549449,True,False
18054,274312500000000000,27,1506,1439,1248,2000,181,180,4.483093820980027,4.480692860595873,10.556506054671928,10.285402218862249,True,False
18055,5453286573984756607,545,8159,6883,5741,2000,1012,986,4.780960335616966,4.77491547070775,12.994176625161732,12.48708634027127,True,False
18056,29002662165313557350,2900,1053,939,829,2000,176,176,6.164973145602431,6.164973145602431,10.040289721025717,9.69522829149575,True,False
18057,278555000000000000000,27856,7922,7102,5927,0,0,0,0.0,0.0,12.951648985904619,12.533086342167612,False,True
18058,105735000000000000000,10574,7840,7017,5863,0,0,0,0.0,0.0,12.936637939002571,12.517423341396473,False,True
18059,351120000000000000000,35112,8064,7233,6042,0,0,0,0.0,0.0,12.977279923499916,12.56081046872794,False,True
18060,162331797613293048631,16233,7995,7159,5985,0,0,0,0.0,0.0,12.964882318367694,12.547135531830865,False,True
18061,9226271026168630773,923,9340,7719,6311,2000,1223,1179,4.742528327411678,4.736185640374511,13.189206834597025,12.623652908052925,True,False
18062,3323670000000000000,332,8672,7125,5951,2000,1239,1197,4.923002153459901,4.918415732480381,13.08214904135387,12.538916402464112,True,False
18063,9285727500000000000,929,9435,7887,6497,2000,1240,1198,5.205198553242984,5.202056268988619,13.203806802487808,12.665557989846414,True,False
18064,1371211188564286,0,40,0,0,0,0,0,0.0,0.0,5.321928094887363,0,False,True
18065,297911587593502355,30,4399,3317,2992,2000,964,951,4.433505724886419,4.426891099184392,12.102959885910124,11.546894459887637,True,False
18066,19950000000000000000,1995,2437,2425,2043,2000,86,84,4.9900676101018995,4.943050312147625,11.250890535723341,10.996473488733228,True,False
18067,17476200000000000000,1748,5789,5567,4612,2000,637,634,5.12686071724834,5.125861871143867,12.49909844122888,12.171176797651771,True,False
18068,1693295740462845524,169,7391,5809,4919,2000,987,958,4.597318166405239,4.5922990826875,12.851553858429778,12.264149339723328,True,False
18069,42009392096148134416,4201,5302,5233,4200,2000,211,210,5.19479573848315,5.1943657542492385,12.37232095486726,12.036173612553485,True,False
18070,36758863415053678,4,2942,1683,1608,2000,998,974,5.24695675982853,5.22896537034485,11.522581531254831,10.651051691178928,True,False
18071,9975000,0,0,0,0,0,0,0,0.0,0.0,0,0,False,True
18072,1497633484071212362,150,7752,6123,5153,2000,1228,1182,4.789021380350963,4.78234872385745,12.92035285541508,12.33119687715303,True,False
18073,126138184362230765802,12614,4846,4266,3459,0,0,0,0.0,0.0,12.242578689451346,11.756139298372927,False,True
18074,2885310950254189,0,421,0,0,0,0,0,0.0,0.0,8.717676423066395,0,False,True
18075,5012531328320802,1,296,55,55,55,55,55,5.781359713524658,5.781359713524658,8.20945336562895,5.78135971352466,False,False
18076,1385155226890906558,139,4172,3904,3322,2000,669,665,4.433354080258169,4.431717951739974,12.026523442519766,11.697836357962377,True,False
18077,8536377103866160837,854,4143,4076,3270,2000,190,189,4.3522332713347325,4.3507324271098575,12.016460104979208,11.675074920385445,True,False
18078,1895250000000000000,190,3995,3792,3221,2000,615,612,4.831323463863976,4.829973320960393,11.963979787815338,11.653292945382814,True,False
18079,14962500000000000,1,2439,958,930,958,958,930,9.90388184573618,9.835075846820843,11.252074042796185,9.861086905995395,False,False
18080,45892975785667183,5,3326,1795,1683,2000,970,941,4.538074501093009,4.523817291428811,11.699572453287269,10.71681946132995,True,False
18081,595960331723779050000,59596,1626,1621,1396,0,0,0,0.0,0.0,10.667111542075027,10.447083226209653,False,True
18082,13892235439110906674,1389,4754,4699,3776,2000,221,220,5.2692025864244965,5.2688336074898405,12.214926187942435,11.88264304936184,True,False
18083,30000000000000000,3,404,359,354,2000,192,192,5.194241065236685,5.194241065236684,8.658211482751796,8.467605550082997,True,False
18084,10360860331500000000,1036,3029,3005,2465,2000,135,134,4.432380161325515,4.432070546483635,11.564625862795372,11.267371931265274,True,False
18085,346857738300150000,35,494,489,469,2000,63,62,4.240861750985954,4.238836113005349,8.948367231584678,8.873444112515376,True,False
18086,1205344289464427275,121,2624,2556,2052,2000,187,185,4.393704037862383,4.392175928038028,11.357552004618084,11.002815015607053,True,False
18087,504359341766543425,50,950,934,807,2000,104,103,4.296547726033962,4.295524959582279,9.89178370321831,9.656424863277781,True,False
18088,133036848403220560,13,615,587,535,2000,125,124,4.261499874601288,4.2610338122106,9.264442600226602,9.06339508128851,True,False
18089,18154500000000000000,1815,5639,5437,4497,2000,596,594,5.086571110035169,5.086273178096124,12.461223627613371,12.134747168669016,True,False
18090,30000000000000000,3,1597,997,943,2000,600,583,6.095337935466535,6.0686841357626005,10.641148597411233,9.881113960675096,True,False
18091,2405768603944616248,241,7643,6198,5221,2000,1028,999,4.544735094855007,4.5396172576295,12.899923315016059,12.350110443347928,True,False
18092,49875000000000000,5,3557,2108,1956,2000,1161,1123,5.285744865505391,5.259887804922473,11.79644525906185,10.933690654952233,True,False
18093,106336416052455622927,10634,9736,8265,6777,0,0,0,0.0,0.0,13.249113452713729,12.72643105611424,False,True
18094,5295831638190030000,530,1371,1205,1057,2000,210,206,4.628559627705218,4.625625414107807,10.421012855779226,10.045759661382682,True,False
18095,1668324878488148990,167,3064,2986,2492,2000,295,295,4.595564046420851,4.595564046420851,11.581200581924957,11.283088353024002,True,False
18096,2334379724368556,0,794,0,0,0,0,0,0.0,0.0,9.632995197142957,0,False,True
18097,20827741656182261080,2083,1622,1618,1409,2000,80,77,4.965976199171475,4.89199511167926,10.663558104217273,10.460455896309636,True,False
18098,959792966124584643,96,2235,1873,1628,2000,405,395,4.51335275667081,4.507180036403093,11.12605911607068,10.668884984266247,True,False
18099,1025424060150375939849,102542,2815,2531,2109,0,0,0,0.0,0.0,11.458919206967591,11.042343379793692,False,True
18100,52201593937500000,5,134,128,122,2000,62,61,4.503476172023323,4.500538446710172,7.066089190457772,6.930737337562887,True,False
18101,2500000000000000,0,50,0,0,0,0,0,0.0,0.0,5.643856189774724,0,False,True
18102,11483478192007305840,1148,9551,7947,6464,2000,1235,1191,5.278059090431386,5.275231947710916,13.22143607744528,12.658211482751796,True,False
18103,891473844454455327,89,7021,5476,4698,2000,1235,1194,4.791203466340858,4.78672261554784,12.777460812669785,12.197830998012197,True,False
18104,199001250000000000,20,4967,3665,3275,2000,1177,1134,4.585451849389164,4.569888582236304,12.278159031437237,11.677279191312175,True,False
18105,11958651425490966771,1196,4595,4535,3652,2000,218,217,4.954918851800542,4.954412277852258,12.165849146176397,11.834471049984222,True,False
18106,412965000000000000,41,5769,4483,3899,2000,1170,1126,4.394085051612081,4.380640292345751,12.494105548061054,11.928888439397635,True,False
18107,2078709739898403329,208,4358,4127,3487,2000,647,644,4.747657548314536,4.7470225067193095,12.089450481115907,11.767770648776704,True,False
18108,1889030891827019102,189,2986,2931,2390,2000,201,199,4.385944254208153,4.379937998100179,11.543998450134541,11.222794902868111,True,False
18109,99750000000000000,10,894,826,759,2000,191,190,4.491319433011703,4.488916308950423,9.804131021183318,9.567956075415466,True,False
18110,9346851307500000000,935,4396,4342,3485,2000,211,210,4.863258290805898,4.862708235800398,12.101975670949232,11.766942940755785,True,False
18111,738866202570157481,74,1821,1762,1437,2000,158,157,4.4735537669680365,4.466253241745773,10.830515206976838,10.488844346457336,True,False
18112,37467764523963195,4,3618,2130,1984,2000,1252,1208,5.309694121512364,5.27915670332802,11.82097669262124,10.954196310386875,True,False
18113,3175449131788286376,318,553,490,449,2000,107,107,4.5784829347677976,4.578482934767797,9.111135670234708,8.810571634741146,True,False
18114,17913778350366723,2,2001,1030,1016,2000,949,938,6.554585413482021,6.543368921115861,10.966505451905741,9.988684686772165,True,False
18115,982236791229466905,98,2681,2585,2203,2000,371,370,4.617772687818465,4.6173269888138595,11.38855550398256,11.105253779700883,True,False
18116,1285581866078579,0,342,0,0,0,0,0,0.0,0.0,8.417852514885897,0,False,True
18117,64359899749373433583,6436,9755,8310,6821,2000,1084,1054,5.162866728550681,5.160347439304262,13.251926157496388,12.735767547266637,True,False
18118,49875000000000000,5,571,504,482,2000,188,187,4.562642805761786,4.560152662578551,9.157346935362844,8.912889336229961,True,False
18119,298250626566416040,30,4407,3341,2960,2000,988,948,4.963159129415709,4.942555325199317,12.105581181277437,11.531381460516313,True,False
18120,90225563909774436,9,851,792,730,2000,200,199,4.447253728375623,4.445360115017042,9.733015321685963,9.51175265376738,True,False
18121,1033092411536579614,103,2691,2628,2188,2000,263,263,4.362596555785296,4.362596555785295,11.393926675640417,11.095397022792557,True,False
18122,4258028250000000000,426,5613,4769,3932,2000,797,766,4.495225788232715,4.486035643366713,12.45455634396194,11.94104760634058,True,False
18123,331670272208335966,33,5317,3846,3401,2000,1016,985,4.520199740346025,4.513145736378148,12.37639675108284,11.731743290707842,True,False
18124,99366426124722432493,9937,3651,3632,2982,2000,129,128,5.081299815061356,5.081151325827112,11.834075953434885,11.542064542283443,True,False
18125,2649549652254433,0,93,0,0,0,0,0,0.0,0.0,6.539158811108031,0,False,True
18126,4006674134180420361,401,3799,3718,3068,2000,305,305,4.462794087858741,4.462794087858742,11.891403996665023,11.583082767502933,True,False
18127,110294729064079785,11,2223,1631,1484,2000,589,572,5.280524979477816,5.258968979773967,11.11829223302699,10.535275376620802,True,False
18128,86747335574028952298,8675,5419,5352,4353,2000,214,213,5.406283906346308,5.40593002321621,12.40381093178603,12.0877943047879,True,False
18129,4481954292952151,0,1410,0,0,0,0,0,0.0,0.0,10.461479447286155,0,False,True
18130,20947500000000000,2,2773,1524,1460,2000,1138,1097,6.542984073530421,6.501847916125065,11.437231901039478,10.51175265376738,True,False
18131,43890000000000000,4,2741,1729,1608,2000,940,902,5.294213594551875,5.265622029455129,11.420486612825774,10.651051691178928,True,False
18132,5246065169194153721,525,3811,3743,2975,2000,191,188,4.497192501550519,4.492046217738838,11.895953892812168,11.538673953082668,True,False
18133,1593999054900000000,159,2844,2784,2284,2000,208,207,4.503611387317332,4.502672380104048,11.473705749619416,11.157346935362844,True,False
18134,147410902957933905,15,2818,2075,1874,2000,721,695,4.528095330262518,4.512239313875712,11.460455896309636,10.871905237659186,True,False
18135,349911171416132138,35,2338,1847,1623,2000,501,485,4.417260011439633,4.403190063625281,11.191059214531656,10.664447284547972,True,False
18136,29360400800565791,3,581,383,369,2000,243,239,5.517978736772799,5.505135742512477,9.18239435340453,8.527477006060396,True,False
18137,238382491797465275,24,4145,3148,2868,2000,971,960,4.431152243073901,4.4289083834955,12.017156386383112,11.485829308701904,True,False
18138,17850104869620151,2,44,33,33,410,33,33,4.888635885218095,4.888635885218095,5.459431618637297,5.044394119358453,False,False
18139,1261027518878827508,126,7125,5539,4711,2000,980,949,4.465904987141684,4.457231688192853,12.798674298826828,12.20181761666792,True,False
18140,3059152160342545167,306,5979,5171,4370,2000,836,825,4.696016730891445,4.692108152624692,12.545688495560213,12.093417564387961,True,False
18141,8613931201579198,1,1030,294,289,294,294,289,8.199672344836365,8.158856018305753,10.00842862207058,8.174925682500678,False,False
18142,32338400609251938,3,445,389,382,2000,191,190,5.1993493810082825,5.19567965623764,8.79766152585376,8.57742882803575,True,False
18143,2546050834361697,0,1009,0,0,0,0,0,0.0,0.0,9.978710459106358,0,False,True
18144,82105606280451240,8,2388,1657,1519,2000,712,688,4.51973900873654,4.5066257583092515,11.221587121264806,10.568906154502084,True,False
18145,276138952254851959,28,3637,2857,2587,2000,817,808,4.449604287859226,4.446761912191768,11.828533210455618,11.33706433868474,True,False
18146,143616408386301575,14,1110,1044,950,2000,194,193,4.490850940355559,4.488649399276802,10.116343961237469,9.89178370321831,True,False
18147,153515250000000,0,49,0,0,0,0,0,0.0,0.0,5.614709844115208,0,False,True
18148,99750000000000000,10,2335,1647,1506,2000,667,646,5.264844627780515,5.244009759007327,11.189206834597025,10.556506054671928,True,False
18149,3591000000000000000,359,1229,1064,943,2000,193,189,4.449791257051508,4.445438092989552,10.263269200372662,9.881113960675096,True,False
18150,3491250000000000000,349,289,257,242,2000,50,50,4.310545293620198,4.310545293620198,8.174925682500678,7.918863237274595,True,False
18151,12334209094950791,1,455,230,225,230,230,225,7.845490050944374,7.802011790074809,8.829722735086058,7.813781191217037,False,False
18152,997500000000000000,100,6618,5150,4431,2000,989,959,4.426371080134416,4.419176341825038,12.692179576312538,12.113416611485945,True,False
18153,4987500000000000000,499,8281,6807,5679,2000,977,947,4.400207648136008,4.3921655143199425,13.015589280397393,12.471421196424862,True,False
18154,6384000000000000000,638,8483,6989,5797,2000,960,931,4.434454840676278,4.422209407472936,13.0503588465876,12.501090770274512,True,False
18155,6483750000000000000,648,8523,6995,5799,2000,992,963,4.893080534292005,4.889321776202798,13.057145616910697,12.501588422932391,True,False
18156,6124650000000000000,612,8521,6973,5780,2000,997,967,5.045882417828571,5.042837665750576,13.056807035580608,12.496853777388042,True,False
18157,10975530334659182580,1098,5355,4625,3754,2000,734,708,5.237701245099027,5.2325066675055565,12.386670859637618,11.874212934830874,True,False
18158,9975000000000000000,998,4969,4288,3494,2000,685,662,5.3473370146366275,5.34261374163287,12.27873982655011,11.77066389291676,True,False
18159,954347931845672924,95,1996,1934,1578,2000,167,166,4.49042014291981,4.489238409147548,10.96289600533726,10.623881490013458,True,False
18160,81795000000000000,8,780,737,698,2000,200,200,4.422509161084095,4.422509161084095,9.60733031374961,9.447083226209653,True,False
18161,9924812030075187969,992,9309,7717,6321,2000,1219,1174,4.695874648677206,4.689664354909439,13.184410482249875,12.625937099538463,True,False
18162,4360925906833441,0,1561,0,0,0,0,0,0.0,0.0,10.608254821977908,0,False,True
18163,812271489927196509,81,5360,4429,3875,2000,939,927,4.434686224632694,4.430583360313419,12.388017285345136,11.919980595048962,True,False
18164,4910325282679489,0,1152,0,0,0,0,0,0.0,0.0,10.169925001442312,0,False,True
18165,48510976258752055,5,567,513,492,2000,197,194,4.48922829410473,4.485609287692029,9.147204924942228,8.94251450533924,True,False
18166,45503035331519502,5,105,100,96,2000,63,62,4.307294105461778,4.304076832904883,6.714245517666122,6.584962500721156,True,False
18167,9975000000000000,1,306,201,201,201,201,201,7.65105169117893,7.65105169117893,8.257387842692651,7.651051691178929,False,False
18168,3990000000000000000,399,3694,3638,2932,2000,197,196,4.374050999932769,4.37282843811004,11.850968150982439,11.517669388133811,True,False
18169,10041832500000000000,1004,4513,4460,3575,2000,200,197,4.6296262366609255,4.628337561527719,12.139871063212487,11.803727526553114,True,False
18170,12745078134225150000,1275,1651,1647,1459,2000,76,75,4.803453669414852,4.800597404558626,10.689124404913258,10.510764167917891,True,False
18171,2978252843818844614,298,3427,3372,2726,2000,207,205,4.581737907734115,4.577737541124407,11.742730476519174,11.41256984680521,True,False
18172,292511496745022903,29,1546,1479,1248,2000,185,184,4.3823129738690705,4.380911832672803,10.594324603924848,10.285402218862249,True,False
18173,14962500000000000,1,263,212,212,212,212,212,7.727920454563202,7.727920454563202,8.038918989292302,7.727920454563199,False,False
18174,8453135750578083706,845,4189,4130,3329,2000,250,250,4.775040760472177,4.775040760472178,12.032390168866524,11.700873155140263,True,False
18175,12944240810517243072,1294,4516,4456,3604,2000,274,274,5.421147710365835,5.421147710365834,12.140829770773001,11.815383295813538,True,False
18176,37068150672805376,4,477,422,408,2000,198,197,4.706995111812144,4.704241670009891,8.897845456005511,8.672425341971495,True,False
18177,1369966009516336,0,377,0,0,0,0,0,0.0,0.0,8.558420713268664,0,False,True
18178,70175438596491228,7,3674,2283,2149,2000,1011,985,5.248085091253495,5.2333615376414695,11.84313591111135,11.069449767427784,True,False
18179,9975000000000000,1,2124,580,564,580,580,564,9.179909090014936,9.11506488230039,11.052568050804153,9.139551352398794,False,False
18180,4887750000000000000,489,5678,5305,4431,2000,749,744,4.506469222070802,4.505266439537568,12.471167133724391,12.113416611485945,True,False
18181,29695444973149547743,2970,5059,4991,3993,2000,204,203,5.035607665315708,5.035065829325296,12.30463652380727,11.963257356633047,True,False
18182,988273339492105944,99,6521,5049,4363,2000,973,944,4.702027319472862,4.696946523900794,12.67087750439698,12.091104758376499,True,False
18183,48534241297500000000,4853,10132,8552,6951,2000,1232,1190,5.167310265836252,5.163681995903376,13.306631361712501,12.763004829585977,True,False
18184,1080697720529356821,108,4485,4112,3498,2000,750,745,4.567418628783842,4.566276273466041,12.130892269806624,11.772314573921653,True,False
18185,184537500000000000,18,3549,2694,2485,2000,875,865,4.437178868748031,4.434750291515605,11.793196859060945,11.279030136449649,True,False
18186,468198135031324600,47,4590,3688,3279,2000,913,902,4.399368341294368,4.395878466805314,12.16427843830117,11.679040186393062,True,False
18187,297174070310139112,30,5140,3668,3259,2000,1011,980,4.639293866713859,4.631191272994742,12.32755264408124,11.670213636738564,True,False
18188,3701243990553864378,370,8677,7048,5845,2000,1232,1186,4.964554649240629,4.958944746554687,13.082980613825388,12.51298730941902,True,False
18189,222442500000000000,22,5121,3503,3101,2000,1070,1039,4.381807880599635,4.369604033664491,12.322209843748894,11.598517810612622,True,False
18190,9969018835439701151,997,4462,4404,3533,2000,213,211,4.908183979400215,4.905450588840751,12.12347479824414,11.786678033890652,True,False
18191,4118912407228779022,412,3055,2996,2433,2000,151,150,4.362222854499798,4.357989171101918,11.576956664706092,11.24852060493843,True,False
18192,248377500000000000,25,1449,1382,1205,2000,183,182,4.386073071899543,4.3840722382188435,10.50084187955693,10.234817431117325,True,False
18193,49077000000000000000,4908,5414,5368,4315,2000,223,222,5.621612706037093,5.592651097382706,12.402479172214964,12.075144844066317,True,False
18194,9605925000000000000,961,4319,4274,3435,2000,209,209,4.864002751166481,4.864002751166481,12.076481601207021,11.746094383705463,True,False
18195,97034442336930000,10,403,291,279,2000,123,123,4.720470845370831,4.720470845370831,8.654636028527968,8.124121311829187,True,False
18196,553342084486791810,55,479,406,380,2000,107,107,4.366108391524721,4.366108391524719,8.90388184573618,8.569855608330949,True,False
18197,1510481986190561580,151,2322,2268,1845,2000,151,150,4.360679647252408,4.3564624357868835,11.181152256865566,10.849405100947758,True,False
18198,136953127464325271,14,248,244,240,2000,64,63,4.226707102169984,4.219395437663875,7.954196310386875,7.906890595608519,True,False
18199,3091506373104919936,309,8610,7070,5902,2000,1203,1163,4.406328367593836,4.3975516998540165,13.071797522284207,12.526988205432007,True,False
18200,265729990781436871,27,508,501,476,2000,81,80,4.265833055402532,4.264555486780846,8.988684686772165,8.894817763307943,True,False
18201,94866178260804618,9,2908,2005,1838,2000,843,809,4.9990878439052935,4.979654514897213,11.505811553919594,10.843921051289035,True,False
18202,109725000000000000,11,1298,1199,1132,2000,376,374,4.379587112039565,4.375265723601035,10.342074667999139,10.144658242831882,True,False
18203,8537019273203387114,854,9079,7683,6251,2000,1234,1191,4.879053905578871,4.874871714171221,13.148317686309303,12.609871287178827,True,False
18204,8755023817779094,1,239,74,74,74,74,74,6.20945336562895,6.20945336562895,7.900866807980749,6.20945336562895,False,False
18205,48777688201566932,5,3341,1779,1658,2000,951,922,4.776945490478171,4.75878555726001,11.70606426733497,10.69522829149575,True,False
18206,34912500000000000,3,3140,1577,1489,2000,954,925,5.925381292214304,5.897140887020528,11.61654884377899,10.5401280385821,True,False
18207,83208972227423948,8,4279,2709,2503,2000,1218,1178,4.441769319434042,4.429107593391377,12.06305796362349,11.289442575688332,True,False
18208,201913967768351114382,20191,9751,8458,6808,0,0,0,0.0,0.0,13.251334464658857,12.733015321685963,False,True
18209,377504114272666146,38,865,844,716,2000,116,115,4.345470247846019,4.3450867205753525,9.756556322524087,9.483815777264256,True,False
18210,455214685516070673,46,1690,1394,1231,2000,355,348,4.368306029225883,4.360697410767723,10.722807531169547,10.265615046484458,True,False
18211,8627989684936436,1,1031,295,290,295,295,290,8.204571144249204,8.16389317814751,10.00982861736811,8.179909090014934,False,False
18212,4488750000000000000,449,3061,3004,2436,2000,154,153,4.477904354657266,4.474729506170636,11.579787329526992,11.250298417906333,True,False
18213,6046539955532368,1,1110,199,196,199,199,196,7.6366246205436505,7.596423615518525,10.116343961237469,7.614709844115208,False,False
18214,1599942384117979,0,445,0,0,0,0,0,0.0,0.0,8.79766152585376,0,False,True
18215,1529025801035250000,153,1127,1116,969,2000,79,78,4.320034561126368,4.3190251206302,10.138271800172221,9.92035285541508,True,False
18216,35771679380119459369,3577,5172,5105,4092,2000,206,205,5.116434371977882,5.115954028454628,12.336506559810255,11.99859042974533,True,False
18217,21617807360400004825,2162,4731,4664,3765,2000,195,193,4.862523733784934,4.861743568421,12.207929445511667,11.87843414955929,True,False
18218,22887488987629631462,2289,4835,4767,3836,2000,199,198,4.9160435380836125,4.915436691297546,12.239300174364203,11.905387005018131,True,False
18219,26882192691180796193,2688,5024,4957,3973,2000,206,205,5.078707127241758,5.078204153478995,12.294620748891626,11.956013078088098,True,False
18220,12885741150037628939,1289,4625,4554,3658,2000,206,205,4.995043265653088,4.994519431184781,12.175237650291036,11.836839359748716,True,False
18221,6818448138102262075,682,3967,3900,3130,2000,201,200,5.075908377590244,5.075428319983329,11.953832682145281,11.61194694181998,True,False
18222,4136318794470195490,414,3632,3564,2880,2000,192,191,4.374150351198217,4.372873961802516,11.826548487290914,11.491853096329674,True,False
18223,3472395879902117233,347,3524,3455,2806,2000,193,192,4.374426764694145,4.373204202871416,11.782998208920414,11.454299293619899,True,False
18224,3457543872547108700,346,1661,1653,1409,2000,92,91,4.273553306834412,4.272614828120573,10.697836357962377,10.460455896309636,True,False
18225,71321250000000000000,7132,7626,6817,5689,2000,866,855,5.747965505922766,5.746465655593502,12.896710815726115,12.47395936569476,True,False
18226,992483754012696893,99,2334,2270,1872,2000,195,194,4.417826274800677,4.415963446688908,11.188588845707349,10.870364719583405,True,False
18227,95238095238095238,10,898,665,617,2000,284,279,4.937346727981945,4.927814029543181,9.810571634741146,9.269126679149418,True,False
18228,977550000000000000,98,2662,2568,2195,2000,360,358,4.827417790138596,4.825846427352654,11.378294855911891,11.10000522442272,True,False
18229,99750000000000000,10,241,228,222,2000,72,71,4.35708321407423,4.355009706807708,7.912889336229962,7.794415866350106,True,False
18230,14273790936866967,1,2035,961,923,961,961,923,9.908392620773752,9.822685515699245,10.99081307915361,9.850186837645774,False,False
18231,3007518796992481,0,667,0,0,0,0,0,0.0,0.0,9.381542951184585,0,False,True
18232,88553773773138293655,8855,2864,2853,2376,2000,75,75,5.062481940013982,5.062481940013982,11.483815777264256,11.214319120800766,True,False
18233,59850000000000000,6,3814,2179,2018,2000,1040,1011,5.25110430932784,5.228138075370378,11.897089128312755,10.978710459106358,True,False
18234,991250280587906340,99,7099,5571,4771,2000,1228,1187,4.408264819029544,4.399675743533203,12.793400098483819,12.220075970984304,True,False
18235,209475000000000000,21,2441,2196,2021,2000,657,654,4.6438616014617775,4.6431948903477025,11.253256579781153,10.980853606379736,True,False
18236,46172280000000000000,4617,6917,6606,5435,2000,777,772,6.248784649348967,6.2296604641811175,12.755930741084399,12.408064319914672,True,False
18237,24905648831686319891,2491,5830,5628,4654,2000,601,599,5.2426699400043875,5.2424078835886565,12.509280168087859,12.184255495405349,True,False
18238,611733955136685327,61,6101,4661,4067,2000,1025,996,4.520878165499318,4.515089231410739,12.57483001533763,11.989749275462133,True,False
18239,15719298245614035,2,1663,859,849,2000,825,816,6.568966070119382,6.557038693633244,10.699572453287269,9.729620743553038,True,False
18240,260637129976185511,26,4328,3246,2944,2000,963,950,4.772610770814845,4.763677497274491,12.079484783826816,11.523561956057012,True,False
18241,3158018457026838862,316,2197,2170,1762,2000,126,125,4.428959555229571,4.428626055933269,11.101319154423276,10.782998208920414,True,False
18242,221883750151889823,22,739,714,627,2000,124,123,4.537731171584583,4.537044821395912,9.52943055414615,9.29232163280204,True,False
18243,47791514767500000000,4779,2940,2926,2452,2000,94,93,4.674623953557574,4.673983228186904,11.521600439723727,11.259743263690781,True,False
18244,511717500000000000,51,5272,4157,3596,2000,1026,986,4.37237906598199,4.360654631195697,12.364134655008051,11.812177305514448,True,False
18245,6483750000000000,1,1826,281,275,281,281,275,8.134426320220925,8.084604256163985,10.834471049984222,8.103287808412022,False,False
18246,1384660136037012850,138,3288,3165,2687,2000,438,436,5.044412593144864,5.043992292629996,11.682994583681683,11.391780606013166,True,False
18247,110781510853692126469,11078,8006,7155,5977,0,0,0,0.0,0.0,12.966865900387539,12.545205827425605,False,True
18248,2981889705013974955,298,1464,1452,1236,2000,75,74,4.343897332897339,4.342523969368939,10.515699838284043,10.271463027904375,True,False
18249,158504944657310067,16,91,89,88,2000,35,35,4.143790316546071,4.14379031654607,6.507794640198696,6.459431618637297,True,False
18250,385231343146110922981,38523,402,400,364,0,0,0,0.0,0.0,8.651051691178928,8.507794640198696,False,True
18251,42045087737724961,4,227,203,201,2000,126,125,4.5844595216806585,4.5835184058350675,7.826548487290915,7.651051691178929,True,False
18252,149840564471534382,15,4537,3092,2791,2000,1066,1036,4.393891088926485,4.386333361147746,12.147522944350744,11.446566409066067,True,False
18253,129675000000000000,13,1152,893,817,2000,324,318,4.745230356226955,4.7357522039432265,10.169925001442312,9.674192268145683,True,False
18254,748125000000000000,75,2195,2149,1797,2000,214,214,4.590722479441351,4.590722479441351,11.10000522442272,10.811374693509942,True,False
18255,3220576712123752789,322,3530,3470,2834,2000,255,255,4.778664986208812,4.778664986208813,11.785452468158542,11.468624042918018,True,False
18256,2465484797748050414,247,1275,1264,1095,2000,63,63,4.483256960755061,4.483256960755061,10.31628153174622,10.096715154488535,True,False
18257,40330823873530801,4,588,526,515,2000,260,260,4.808534496607139,4.8085344966071375,9.199672344836364,9.00842862207058,True,False
18258,485213032581453634,49,908,743,674,2000,198,194,4.356816561435323,4.350526354144401,9.826548487290914,9.396604781181859,True,False
18259,454647712151108688,45,529,438,411,2000,113,113,4.306154413752851,4.306154413752851,9.047123912114026,8.682994583681683,True,False
18260,236603950310815610,24,270,227,213,2000,86,86,4.2942008759047035,4.294200875904703,8.076815597050832,7.734709620225838,True,False
18261,168552743938673694,17,180,146,141,2000,61,61,4.219232195156799,4.219232195156797,7.491853096329675,7.139551352398794,True,False
18262,12857191497352650000,1286,2188,2177,1817,2000,88,87,5.071753654612044,5.071136321637847,11.095397022792557,10.827342704234116,True,False
18263,1980037500000000000,198,7999,6402,5383,2000,1221,1177,4.602841379499405,4.5967834184657335,12.965603936509982,12.39419471001943,True,False
18264,11690700000000000000,1169,4712,4620,3794,2000,357,356,4.683408036951373,4.683033036951371,12.20212382383046,11.889503963411476,True,False
18265,19950000000000000,2,2786,1442,1383,2000,1211,1168,6.570311306625292,6.528486255120871,11.443979542601253,10.433585441150495,True,False
18266,22962462772789879322,2296,5124,5068,4069,2000,202,200,4.677438864827081,4.673906490739718,12.323054760341646,11.99045856507371,True,False
18267,997500000000000,0,316,0,0,0,0,0,0.0,0.0,8.303780748177102,0,False,True
18268,891969643800207033,89,4074,3701,3196,2000,748,743,4.596812684493889,4.5957819735464955,11.992230264965889,11.642051692927977,True,False
18269,3409159086900607848,341,8027,6677,5600,2000,1091,1059,4.642403768039949,4.637643651114837,12.970645182266665,12.451211111832329,True,False
18270,11458872726764143,1,1460,692,688,692,692,688,9.434628227636725,9.423067533995106,10.51175265376738,9.426264754702098,False,False
18271,2816806713476745136,282,3135,3068,2466,2000,187,185,4.442830249652586,4.44141141880972,11.614249727689401,11.26795708440284,True,False
18272,3079899328819878,0,1266,0,0,0,0,0,0.0,0.0,10.306061689428342,0,False,True
18273,76176726272210813,8,1918,1348,1238,2000,579,562,4.51234367468415,4.500950205182633,10.905387005018131,10.273795599214264,True,False
18274,1995000000000000,0,327,0,0,0,0,0,0.0,0.0,8.353146825498083,0,False,True
18275,397994157195285000,40,820,660,598,2000,187,183,4.370615319589696,4.363667859754699,9.679480099505446,9.224001674198105,True,False
18276,3803858452573431,0,1422,0,0,0,0,0,0.0,0.0,10.473705749619416,0,False,True
18277,9885059453596229899,989,2038,2030,1733,2000,90,88,4.333822439902496,4.332374031640338,10.992938336165814,10.75905593916017,True,False
18278,39847559725932423894,3985,2420,2412,1994,2000,106,104,5.130131145315832,5.129607963132756,11.240791332161956,10.961449694398196,True,False
18279,183818450502938593,18,449,441,424,2000,85,84,4.326015544069536,4.324787664598552,8.810571634741146,8.727920454563199,True,False
18280,2728839999266850000,273,1280,1273,1123,2000,74,72,4.3986105646695455,4.3538970781855975,10.321928094887362,10.133142212400601,True,False
18281,11577784697178568,1,2593,1091,1053,1091,1091,1053,10.091435386323607,10.015940860222232,11.340406490853294,10.040289721025717,False,False
18282,5018178531060363,1,1749,131,131,131,131,131,7.03342300153745,7.03342300153745,10.772314573921653,7.03342300153745,False,False
18283,9973005000000000000,997,4440,4385,3527,2000,214,213,4.909447088652283,4.9089208483996885,12.116343961237469,11.784225860426252,True,False
18284,1958092500000000000,196,3533,3402,2869,2000,448,446,4.915794940725856,4.915318716233631,11.786678033890652,11.486332252768664,True,False
18285,5000000000000000,1,1443,93,93,93,93,93,6.539158811108034,6.539158811108034,10.494855584491198,6.539158811108031,False,False
18286,31900050000000000000,3190,9748,8348,6858,2000,1149,1114,5.379750662693146,5.377179370653799,13.250890535723341,12.743572188935634,True,False
18287,444453472662649,0,222,0,0,0,0,0,0.0,0.0,7.794415866350106,0,False,True
18288,1005065394768370,0,294,0,0,0,0,0,0.0,0.0,8.199672344836364,0,False,True
18289,100788996000000000000,10079,5431,5363,4357,0,0,0,0.0,0.0,12.407002147924201,12.089119397915168,False,True
18290,18828063787062624,2,1960,1029,1014,2000,931,920,6.564903721195506,6.553687228829348,10.936637939002571,9.985841937003341,True,False
18291,277374985531652238,28,1530,1462,1229,2000,188,187,4.390039870693433,4.3882813712796,10.579315937580015,10.263269200372662,True,False
18292,10039848084049876619,1004,2204,2197,1847,2000,86,85,4.621828465755635,4.621201369222617,11.105908508571158,10.850968150982439,True,False
18293,2177774280841525116,218,1297,1290,1103,2000,81,80,4.347783476811788,4.346880078372369,10.3409627642517,10.107217075591382,True,False
18294,4977787909468984470,498,1777,1766,1457,2000,81,80,4.417522975743892,4.416913202698321,10.795227966028678,10.508785162064513,True,False
18295,9970920445332102518,997,2080,2067,1724,2000,74,73,4.240362228962366,4.238854670078633,11.022367813028454,10.751544059089099,True,False
18296,42964536765892182505,4296,5246,5182,4204,2000,214,213,5.1563123340458885,5.155904888912078,12.357002092264985,12.037546953962178,True,False
18297,299472611740579740817,29947,2531,2524,2074,0,0,0,0.0,0.0,11.305491792110685,11.018200178813226,False,True
18298,58121739772204729,6,3298,2111,2009,2000,1006,987,4.514701856625898,4.506495484712593,11.687375683437468,10.972261848733291,True,False
18299,2742506675405938,0,1152,0,0,0,0,0,0.0,0.0,10.169925001442312,0,False,True
18300,88721913850659404,9,928,680,629,2000,297,292,4.5841157242549935,4.577659946333754,9.857980995127573,9.296916206879288,True,False
18301,3555174405289920000,356,4873,4143,3432,2000,720,694,4.564005500473849,4.552459247041541,12.250594507192316,11.744833837499545,True,False
18302,18080083488289994,2,474,276,271,2000,236,232,6.448656113984065,6.4306426038514655,8.888743248898258,8.08214904135387,True,False
18303,50074500000000000000,5007,7508,6707,5583,2000,844,835,5.277979817613976,5.277184659181567,12.874212934830874,12.446824840780307,True,False
18304,793351441143470966,79,4631,3819,3345,2000,829,819,4.392171816425163,4.387554964596772,12.177108041703693,11.707790495528823,True,False
18305,124687500000000000,12,345,331,319,2000,77,76,4.737938893151117,4.735175312658184,8.430452551665532,8.31741261376487,True,False
18306,885667109599542935,89,3781,3079,2658,2000,688,664,4.543837821312485,4.532723091580151,11.884552133987235,11.376125389276174,True,False
18307,828986216948400000,83,813,802,721,2000,81,80,4.3725812179523444,4.371945686249717,9.667111542075027,9.493855449240822,True,False
18308,6265065649605687815,627,8505,7047,5848,2000,1013,984,4.456256064923011,4.450206569581981,13.054095520550748,12.513727595952437,True,False
18309,11536245225808301568,1154,2884,2863,2349,2000,121,120,4.487531424585235,4.4872390419176735,11.493855449240822,11.197830998012197,True,False
18310,12674183157224005805,1267,3032,3007,2472,2000,139,138,4.696339886483401,4.696120778949494,11.566054038171092,11.271463027904375,True,False
18311,1343840413801832393,134,1712,1687,1381,2000,136,135,4.462510182731638,4.462201997535226,10.741466986401146,10.43149760425805,True,False
18312,2842875000000000000,284,3321,3254,2650,2000,194,193,4.3564285802132785,4.354856477883709,11.697402007502708,11.371776644337924,True,False
18313,1653272901180720997,165,191,189,179,2000,39,39,4.333818592156484,4.333818592156485,7.577428828035749,7.483815777264256,True,False
18314,564283576415889907,56,1669,1610,1326,2000,153,152,4.375716733329796,4.369387827046454,10.704768239362599,10.372865060112588,True,False
18315,345740667742091417,35,944,919,782,2000,132,131,4.320380542744756,4.319957226137905,9.88264304936184,9.611024797307353,True,False
18316,399000000000000000,40,4370,3473,3114,2000,914,902,4.544994756342855,4.541340469520465,12.093417564387961,11.604553229079038,True,False
18317,2054850000000000000,205,6678,5681,4826,2000,987,976,4.919927925726671,4.918859624753219,12.705200378063116,12.23661220021575,True,False
18318,104379344744220000,10,847,644,598,2000,250,246,4.902250501204795,4.893350763400053,9.726218159332198,9.224001674198105,True,False
18319,49530807786487414,5,554,388,371,2000,203,199,4.779182850394959,4.7680319801392255,9.113742166049189,8.535275376620802,True,False
16488,4194293822292265302,419,3705,3650,2964,2000,223,223,4.466364210815097,4.466364210815097,11.855257827193196,11.533329732305834,True,False
16489,2621462078338054375,262,3320,3265,2680,2000,228,228,4.584839638110992,4.584839638110992,11.696967526234287,11.388017285345136,True,False
16490,30922500000000000,3,623,416,399,2000,250,246,5.533648278447256,5.521687638531352,9.283088353024002,8.640244936222345,True,False
16491,6399073208313395351,640,3670,3606,2891,2000,181,179,4.489791250208662,4.488482036537379,11.841564347730575,11.49735289347705,True,False
16492,9983408984549622841,998,9340,7850,6399,2000,1252,1212,4.923224084430424,4.9189768295257466,13.189206834597025,12.643630751061728,True,False
16493,2543813473252215,0,1181,0,0,0,0,0,0.0,0.0,10.205793249397157,0,False,True
16494,287572438629105000,29,165,133,125,2000,48,48,4.284082274946542,4.284082274946542,7.366322214245816,6.965784284662087,True,False
16495,18624935773705064,2,8,4,4,3,4,4,2.0,2.0,3.0,2.0,False,False
16496,996458412038919833,100,6590,5158,4454,2000,1034,1005,5.136046217341975,5.12946795506235,12.686062749895415,12.12088584278779,True,False
16497,46817450639883344,5,123,112,112,2000,57,57,4.471358059519471,4.471358059519471,6.94251450533924,6.807354922057604,True,False
16498,9765525000000000000,977,4386,4331,3482,2000,203,202,4.499501040989491,4.4985697846400186,12.098690096673593,11.7657004876511,True,False
16499,82965348717114839,8,791,740,692,2000,193,192,4.487508822047579,4.4854114193740635,9.627533884472792,9.434628227636725,True,False
16500,537386745923497440,54,1984,1916,1610,2000,187,186,4.710448583061156,4.707575709117986,10.954196310386875,10.65284497300198,True,False
16501,589405904233446388,59,2040,1992,1681,2000,207,207,4.399652645318987,4.399652645318987,10.994353436858859,10.715104009236168,True,False
16502,186257163836092053,19,1457,1377,1252,2000,312,312,5.2403510942852565,5.240351094285257,10.508785162064513,10.290018846932618,True,False
16503,63699199781303108,6,1095,964,942,2000,436,434,4.523011667163966,4.521011467143964,10.096715154488535,9.879583249612784,True,False
16504,11071562828019749050,1107,9473,7982,6472,2000,1264,1219,5.411048313355951,5.4065669096508895,13.209605669143569,12.659995892429977,True,False
16505,11978048244187737880,1198,9475,7976,6469,2000,1264,1222,5.415475411059569,5.413124698244393,13.209910227945816,12.659326997414105,True,False
16506,19969950000000000000,1997,9700,8197,6622,2000,1264,1220,5.309772639378084,5.306449116815816,13.243769031961852,12.693051295397,True,False
16507,49940000000000000000,4994,9870,8406,6763,2000,1263,1220,5.348534005055774,5.345940047735956,13.26883436934376,12.723447638422918,True,False
16508,99248120300751879699,9925,9882,8486,6819,2000,1288,1240,6.524873547398993,6.491500463558158,13.270587340447511,12.735344469539005,True,False
16509,50125313283208020050,5013,9756,8386,6745,2000,1252,1207,5.6852872403499575,5.682823655176222,13.252074042796185,12.71960272783563,True,False
16510,49122807017543859649,4912,9713,8354,6715,2000,1232,1187,4.9227818324503945,4.918686083403576,13.245701246285764,12.713171684314805,True,False
16511,109273182957393483709,10927,9877,8541,6877,0,0,0,0.0,0.0,13.269857194654868,12.747563630255119,False,True
16512,104550213364364138709,10455,9844,8525,6860,0,0,0,0.0,0.0,13.26502894245816,12.743992861060175,False,True
16513,467865301524372604,47,4609,3699,3290,2000,921,910,4.398569320250002,4.395222552180554,12.170238052336648,11.683871868622603,True,False
16514,4033805838753527629,403,1655,1643,1368,2000,80,79,4.766023430081731,4.760442412294215,10.69261550169458,10.417852514885897,True,False
16515,228959517113803908,23,1420,1366,1213,2000,197,195,4.38889730307327,4.386649216186764,10.471675214392045,10.24436383512051,True,False
16516,27211117239090139153,2721,6902,6490,5332,2000,770,765,5.412679976587013,5.412255641984478,12.752798758435516,12.380461065088973,True,False
16517,298716031979278389,30,5217,3954,3489,2000,1152,1110,5.057309299484097,5.03586808435652,12.349004718027743,11.768597882194374,True,False
16518,64778562731503873,6,3481,2294,2107,2000,1072,1032,4.756655082839718,4.73562259990966,11.765286098723683,11.040974598817305,True,False
16519,39900000000000000,4,492,425,407,2000,183,182,4.823971356182689,4.820830817056804,8.94251450533924,8.668884984266247,True,False
16520,282292500000000000,28,1506,1440,1262,2000,195,194,4.3921871655599025,4.390352762157917,10.556506054671928,10.30149619498255,True,False
16521,1488793222289722697,149,7183,5645,4806,2000,975,946,4.553253655176532,4.547665392276939,12.810370800183728,12.230620933129867,True,False
16522,149625000000000000000,14963,5419,5351,4323,0,0,0,0.0,0.0,12.40381093178603,12.077817120895904,False,True
16523,1321460509556751,0,722,0,0,0,0,0,0.0,0.0,9.49585502688717,0,False,True
16524,1046886878720674125,105,309,307,293,2000,51,51,4.586851505618997,4.586851505618997,8.271463027904375,8.194756854422248,True,False
16525,1047375000000000000,105,3766,3540,3022,2000,631,628,4.430446312902717,4.429446012812688,11.878817284614229,11.561287945164828,True,False
16526,997500000000000,0,28,0,0,0,0,0,0.0,0.0,4.807354922057604,0,False,True
16527,8007935006265664160,801,8369,7109,5906,2000,1002,978,4.641420906906002,4.63594410185148,13.03083953214138,12.527965641133955,True,False
16528,32675133655047653,3,3529,2004,1882,2000,1222,1181,6.140596616042446,6.10824604920124,11.785043714779723,10.878050912728536,True,False
16529,8266206737549743641,827,2869,2841,2319,2000,114,114,4.300727848498092,4.300727848498092,11.486332252768664,11.179287104646004,True,False
16530,196461141432841843319,19646,5664,5600,4529,0,0,0,0.0,0.0,12.467605550082997,12.144976824050111,False,True
16531,178282359058515437208,17828,5665,5594,4531,0,0,0,0.0,0.0,12.467860240707878,12.14561377551339,False,True
16532,32810850236564426,3,1470,1161,1141,2000,715,711,5.2601353842228,5.256325623767346,10.521600439723727,10.156083076288681,True,False
16533,154957624566150000000,15496,5774,5719,4600,0,0,0,0.0,0.0,12.495355392235982,12.167418145831737,False,True
16534,18653250000000000,2,287,221,219,2000,186,185,6.419131625918952,6.4136302505751175,8.164906926675688,7.774787059601174,True,False
16535,997500000000000,0,541,0,0,0,0,0,0.0,0.0,9.079484783826816,0,False,True
16536,49959529166592986145,4996,5400,5320,4331,2000,345,345,5.979679635885904,5.979679635885904,12.398743691938193,12.080484457067568,True,False
16537,55918403372381000021,5592,5331,5264,4280,2000,198,196,4.7735832700654095,4.751588224243681,12.380190466749834,12.06339508128851,True,False
16538,468904207799018589,47,4586,3685,3276,2000,914,903,4.472772107106682,4.4704733137389425,12.163020639580793,11.677719641641009,True,False
16539,3945351593726899963,395,6996,5887,4846,2000,1026,985,4.6209841792858946,4.610592833165337,12.772314573921653,12.242578689451346,True,False
16540,1604010025062656641,160,2826,2765,2273,2000,203,202,4.628366257913289,4.627632851239289,11.46454575033394,11.150381968817848,True,False
16541,6867167919799498746,687,4119,4064,3253,2000,199,198,4.385843767957708,4.3846083681374015,12.008078410868256,11.667555107041132,True,False
16542,18769894554482014449,1877,4724,4678,3752,2000,216,216,4.776296524835448,4.7762965248354465,12.205793249397157,11.873444112515376,True,False
16543,1246875000000000000,125,7002,5579,4751,2000,1032,1003,5.1218310534692755,5.11738338371125,12.773551346428505,12.214015491410844,True,False
16544,12405070110939945,1,2350,987,958,987,987,958,9.946906274456397,9.880265506968232,11.198445041452363,9.90388184573618,False,False
16545,34721388077575113428,3472,2786,2773,2329,2000,98,96,4.951578941638493,4.950939142230573,11.443979542601253,11.185494924210866,True,False
16546,310776942355889724,31,3466,2681,2362,2000,752,724,4.768758671904385,4.745873422311928,11.75905593916017,11.205793249397157,True,False
16547,428925000000000000,43,6160,4697,4099,2000,1241,1198,4.474998825766206,4.466150447743162,12.588714635582264,12.001056274634779,True,False
16548,73267846513518908,7,3493,2253,2132,2000,992,972,4.435532514028025,4.428213001223128,11.770250927394864,11.057991722759176,True,False
16549,1485975750000000000,149,7662,6067,5106,2000,1219,1177,4.754357818886566,4.745206964606961,12.90350531042388,12.31797782240712,True,False
16550,9855733779170804186,986,8191,7056,5909,2000,993,976,5.164744204079928,5.163197312225488,12.999823879015725,12.528698283574188,True,False
16551,7529889905429561,1,1892,401,394,401,401,394,8.647458426454921,8.607558177078364,10.885696373339394,8.622051819456376,False,False
16552,10773000000000000000,1077,7800,6873,5777,2000,945,934,5.007643326627341,5.00664328314719,12.929258408636972,12.496104779340126,True,False
16553,10802925000000000000,1080,8253,7141,5973,2000,978,962,4.963801502028514,4.960924451533149,13.010702925037366,12.544240006441658,True,False
16554,9935100000000000000,994,8771,7335,6089,2000,1033,1003,4.873658477486929,4.869690234459517,13.098525621379464,12.571989597604578,True,False
16555,7980000000000000000,798,8618,7092,5869,2000,988,958,4.830547367332819,4.825968249078681,13.073137383110383,12.518898992777315,True,False
16556,8189475000000000000,819,8931,7293,6043,2000,1064,1035,5.2733549037650596,5.271058624868566,13.124606006959192,12.561049226699671,True,False
16557,5576025000000000000,558,9037,7537,6256,2000,1192,1151,4.832773908837879,4.82801692197472,13.141628207364795,12.611024797307353,True,False
16558,4608450000000000000,461,8883,7267,6003,2000,1225,1180,4.696134643194916,4.690747331995587,13.11683127589871,12.551467952626897,True,False
16559,4847850000000000000,485,8858,7329,6041,2000,1239,1198,4.879177101720576,4.875311921117708,13.112765281885316,12.56057167123656,True,False
16560,5276775000000000000,528,8708,7390,6025,2000,1200,1155,4.701566787865756,4.692444960583062,13.088125692188207,12.556745526004686,True,False
16561,7401450000000000000,740,7596,6468,5260,2000,1051,1010,5.001301598439517,4.994896410148499,12.891024190149498,12.360847084179664,True,False
16562,6882750000000000000,688,6738,5729,4682,2000,950,910,4.967836286653205,4.960885904144632,12.718104713121757,12.192909219112012,True,False
16563,1655850000000000000,166,3553,2991,2525,2000,562,545,4.385559646208435,4.376184193023852,11.794821973331223,11.302067672526519,True,False
16564,1875300000000000000,188,3223,2728,2304,2000,513,496,4.5089292415145446,4.497928752615872,11.654188473059545,11.169925001442312,True,False
16565,16777950000000000000,1678,2580,2301,1932,2000,374,367,5.441933662398535,5.440081300643662,11.333155350310616,10.915879378835774,True,False
16566,15421350000000000000,1542,1097,974,860,2000,166,165,5.402345155593098,5.40184326612687,10.099347810403193,9.74819284958946,True,False
16567,353951194597192500,35,1474,1204,1072,2000,330,323,4.414486279411938,4.40440259599595,10.52552080909507,10.066089190457772,True,False
16568,10856998911053400000,1086,2219,2212,1862,2000,86,85,4.349829974116996,4.349093907166535,11.115693952197011,10.862637357558794,True,False
16569,99129210450781121,10,3439,2363,2160,2000,990,951,5.579484571048862,5.551558443572478,11.74777340052679,11.076815597050832,True,False
16570,6300521576541421,1,1795,293,288,293,293,288,8.194756854422248,8.153801223022931,10.809768128710413,8.169925001442312,False,False
16571,62190468222589895495,6219,5527,5445,4436,2000,326,326,4.914010346525117,4.914010346525118,12.432280897214161,12.11504365016171,True,False
16572,78451342662167903959,7845,6636,6399,5314,2000,672,668,5.598849884598824,5.598093185120654,12.696098170955864,12.375582512490507,True,False
16573,10043243094578913888,1004,8351,7129,5770,2000,1121,1078,5.275083342166525,5.2701305932482505,13.027733249752831,12.494355603532846,True,False
16574,40897500000000000,4,3697,2111,1974,2000,1213,1172,4.784807454058612,4.765469669549535,11.852139328187244,10.946906274456397,True,False
16575,20050125313283208,2,2479,1355,1298,2000,1028,990,6.4944198296058175,6.453227267476986,11.275542556086723,10.342074667999139,True,False
16576,4986048017404125020,499,496,451,407,2000,96,96,4.684932667736286,4.684932667736286,8.954196310386875,8.668884984266247,True,False
16577,124120828343907109990,12412,6052,5923,4881,0,0,0,0.0,0.0,12.563196272216738,12.252961036393684,False,True
16578,9935884575149267506,994,4834,4697,3878,2000,462,460,4.828253089930626,4.827755203495402,12.239001757765582,11.921097088106793,True,False
16579,7090842701947046,1,1340,343,343,343,343,343,8.422064766172811,8.422064766172811,10.388017285345136,8.422064766172813,False,False
16580,981540000000000000,98,2326,2258,1865,2000,195,194,4.460387891991892,4.459326004466435,11.183635381473218,10.8649599151426,True,False
16581,133086450000000000000,13309,5459,5391,4380,0,0,0,0.0,0.0,12.414420981746417,12.096715154488535,False,True
16582,50125313283208020,5,3953,2459,2274,2000,1234,1195,5.2100254721704315,5.1884001291192074,11.948732239819615,11.151016538892248,True,False
16583,57463094307692666,6,4062,2563,2358,2000,1242,1200,4.554457746216036,4.538671320430261,11.987974524296153,11.203348002979762,True,False
16584,1245877500000000,0,386,0,0,0,0,0,0.0,0.0,8.59245703726808,0,False,True
16585,49210319689440000,5,638,444,422,2000,232,228,4.800001845739519,4.79073543647311,9.31741261376487,8.721099188707186,True,False
16586,22772453189475349,2,385,236,232,2000,172,169,6.406910964045053,6.387347382404723,8.588714635582264,7.857980995127572,True,False
16587,43888889868056748062,4389,10125,8512,6899,2000,1224,1182,4.742569335614174,4.737494814825264,13.305634287546711,12.752171545162444,True,False
16588,39926503965475016274,3993,9940,8420,6811,2000,1250,1210,5.53679532988208,5.534780230674942,13.279030136449649,12.733650916838716,True,False
16589,9294705000000000000,929,6548,5870,4854,2000,792,786,5.005968682141901,5.005279345056149,12.676838606474153,12.244958393151133,True,False
16590,277347410228700000,28,464,458,442,2000,66,65,4.318528424292368,4.317022783447577,8.857980995127573,8.787902559391432,True,False
16591,99750000000000000,10,4020,2497,2299,2000,976,944,4.759791893882456,4.734476327542448,11.972979786066292,11.16679075071818,True,False
16592,99841770000000000000,9984,9781,8447,6784,2000,1240,1198,5.8338678680055756,5.832139476964869,13.255766257128808,12.727920454563199,True,False
16593,99749056759714870964,9975,9377,8167,6752,2000,1042,1018,6.152580959473319,6.150942608091292,13.194910717275365,12.721099188707186,True,False
16594,81147002397985642,8,778,729,683,2000,188,188,4.418232322629112,4.418232322629112,9.603626344986193,9.41574176829009,True,False
16595,2005012531328320,0,312,0,0,0,0,0,0.0,0.0,8.285402218862249,0,False,True
16596,445584328432839,0,17,0,0,0,0,0,0.0,0.0,4.087462841250339,0,False,True
16597,42155970017299975,4,3277,1790,1696,2000,956,927,4.7751325119672074,4.745609158139828,11.67815995754276,10.727920454563199,True,False
16598,5741673622904100000,574,1909,1899,1576,2000,84,83,4.499338087684534,4.498758414612494,10.898601387403938,10.622051819456376,True,False
16599,6692412680426558088,669,7878,6767,5678,2000,991,975,5.62842522603689,5.626864368471754,12.943613701614042,12.471167133724391,True,False
16600,3353051457977041,0,1053,0,0,0,0,0,0.0,0.0,10.040289721025717,0,False,True
16601,10372820381696926,1,2130,908,877,908,908,877,9.826548487290916,9.753861262621312,11.056637715113201,9.776433032444734,False,False
16602,585618168826952675,59,6625,5134,4426,2000,1247,1205,4.534954357620998,4.52569872559018,12.693704739225286,12.11178773580101,True,False
16603,918473784871949773,92,204,202,193,2000,44,44,4.311737513440972,4.311737513440974,7.672425341971495,7.592457037268081,True,False
16604,26034750000000000,3,3242,1705,1618,2000,1202,1162,5.295855125998875,5.269854122612184,11.662668375517542,10.659995892429977,True,False
16605,1002506265664160401,100,210,181,174,2000,52,52,4.450058850683815,4.450058850683815,7.714245517666122,7.442943495848728,True,False
16606,1391821725000000000,139,2712,2645,2114,2000,190,189,4.378361578155641,4.376827737802858,11.405141463136344,11.045759661382682,True,False
16607,4105766291818047825,411,6024,5256,4410,2000,792,786,4.388718018031637,4.386789595970871,12.556506054671928,12.106562940444883,True,False
16608,17316743154318666,2,1905,990,976,2000,923,912,6.566752677191693,6.555252677191692,10.895575282380685,9.930737337562887,True,False
16609,3668015900842437231,367,3524,3457,2763,2000,190,188,4.37235355042513,4.370284667163192,11.782998208920414,11.432019846812493,True,False
16610,2454806263350000000,245,8023,6666,5530,2000,1229,1185,4.7890598083519755,4.784358186658471,12.96992608191987,12.43306376512207,True,False
16611,75778856838719978,8,770,717,672,2000,194,191,4.4868091044145775,4.4832125130443785,9.588714635582264,9.39231742277876,True,False
16612,1862299208094173791,186,1185,1177,1027,2000,93,91,4.660606197949048,4.659590826670444,10.210671343785622,10.004220466318195,True,False
16613,10362332335335446,1,1217,539,525,539,539,525,9.074141462752504,9.018482835665306,10.249113452713729,9.036173612553485,False,False
16614,9427362244575071383,943,4889,4734,3907,2000,471,469,4.749801825185462,4.749230095325117,12.255323690008137,11.931845540183673,True,False
16615,10025062656641604,1,1932,820,793,820,820,793,9.679480099505446,9.610266822063782,10.915879378835774,9.63117705570398,False,False
16616,1244635177510200000,124,593,589,561,2000,59,59,4.494857669336893,4.494857669336891,9.211888294546004,9.131856960608793,True,False
16617,30937777017845810,3,2809,1603,1546,2000,999,979,5.909824509726236,5.892452687857066,11.455840909126398,10.594324603924848,True,False
16618,394012500000000000,39,6092,4598,4027,2000,1250,1206,4.558684796345265,4.551689058530132,12.572700226487292,11.975489756945754,True,False
16619,3491250000000000000,349,8566,7067,5843,2000,1251,1209,4.697232369479627,4.692236636397402,13.064405961891042,12.512493573945038,True,False
16620,22942500000000000,2,425,260,253,2000,185,181,6.41973219829815,6.395930537351872,8.731319031025064,7.98299357469431,True,False
16621,309225000000000000,31,140,112,107,2000,47,47,4.235043174084883,4.235043174084882,7.129283016944966,6.741466986401147,True,False
16622,4505675593775249586,451,1538,1532,1345,2000,73,72,4.662007465372372,4.661249879633415,10.586839787961827,10.393390457443987,True,False
16623,785810159312560719,79,2156,2091,1732,2000,197,196,4.353965865163784,4.3525904353419635,11.074141462752506,10.758223214726724,True,False
16624,318285087938797949,32,1604,1544,1334,2000,204,203,4.372275765641271,4.371052864029265,10.64745842645492,10.381542951184585,True,False
16625,1491982830188459057,149,2863,2805,2303,2000,203,201,4.4881383892635185,4.483574864564794,11.483311954999353,11.169298695792845,True,False
16626,7980000000000000,1,86,37,37,37,37,37,5.209453365628953,5.209453365628953,6.426264754702098,5.20945336562895,False,False
16627,49875000000000000,5,558,513,499,2000,196,196,4.61491596521681,4.614915965216811,9.124121311829187,8.96289600533726,True,False
16628,188720790312237471,19,1226,1167,1044,2000,199,198,4.3570197566336155,4.355446979967903,10.259743263690781,10.027905996569885,True,False
16629,993412418648692307,99,6551,5031,4350,2000,981,952,4.789957402694222,4.781624865858762,12.677499433285107,12.086799685623452,True,False
16630,34621964783607245573,3462,5254,5195,4196,2000,211,210,4.796707724959859,4.7960666245985095,12.359200485133632,12.034798962577268,True,False
16631,985673940579797,0,246,0,0,0,0,0,0.0,0.0,7.94251450533924,0,False,True
16632,24312743294070808,2,2809,1417,1361,2000,1011,985,6.487257669488566,6.457928409617086,11.455840909126398,10.410451351503994,True,False
16633,29027250000000000000,2903,7125,6521,5351,2000,785,780,5.598625329669866,5.598278956515894,12.798674298826828,12.385592813601363,True,False
16634,370489202492326290,37,5470,4107,3604,2000,1087,1055,4.529561508986827,4.515406621484663,12.417325117679919,11.815383295813538,True,False
16635,825475004911500471,83,7008,5461,4714,2000,1236,1195,4.603606875515825,4.598109052428964,12.774787059601174,12.202736043250168,True,False
16636,918923466698719096,92,7048,5425,4642,2000,1220,1177,4.435875642727972,4.427844270075369,12.782998208920414,12.180530807344482,True,False
16637,51857359061967791,5,3997,2497,2304,2000,1241,1199,4.797755640484203,4.779598417940287,11.964701857420447,11.169925001442312,True,False
16638,503748891453692556,50,1751,1688,1392,2000,173,172,4.478628232959217,4.4773465985719785,10.773963368433558,10.442943495848729,True,False
16639,10191384748037064019,1019,3983,3920,3169,2000,177,175,4.400498276413123,4.398888945253206,11.959639764364185,11.629811944382233,True,False
16640,10037958763414192513,1004,4138,4074,3271,2000,183,181,4.485175743886917,4.4838753707231085,12.014717929860009,11.675516044082778,True,False
16641,5486073127459680270,549,3853,3785,3055,2000,198,197,4.724189999969863,4.723483993027461,11.91176647065955,11.576956664706092,True,False
16642,5727403988195872,1,84,19,19,19,19,19,4.247927513443585,4.247927513443585,6.392317422778761,4.247927513443585,False,False
16643,408797194945272075,41,5864,4553,3962,2000,1186,1142,4.3958031703044815,4.382447631327934,12.517669388133811,11.952013164889486,True,False
16644,230526315789473684,23,4896,3663,3253,2000,1121,1080,4.535656979848646,4.5190032997662275,12.257387842692651,11.667555107041132,True,False
16645,69825000000000000,7,2517,1752,1692,2000,783,777,4.7764734016426065,4.7726160753552875,11.29748950116098,10.72451385311995,True,False
16646,35978245381744753539,3598,6064,5862,4849,2000,597,595,5.004857638192933,5.004533785048181,12.566054038171092,12.24347153839633,True,False
16647,1002506265664160401,100,5009,4244,3616,2000,797,791,4.740724580989127,4.739817034869583,12.290306896257901,11.820178962415188,True,False
16648,228592821438561817,23,1389,1331,1183,2000,194,193,5.308715489331442,5.3049276105435625,10.439830883981392,10.208234358339789,True,False
16649,12169500000000000000,1217,4606,4546,3659,2000,204,203,4.405716608047937,4.404615947651701,12.169298695792845,11.837233700339088,True,False
16650,1203007518796992481,120,6712,5490,4598,2000,1109,1066,4.566950719596111,4.555326640434091,12.712527000439824,12.16679075071818,True,False
16651,40006148951828506,4,3132,1923,1783,2000,1083,1042,5.264693713089053,5.236185257193805,11.612868497291041,10.800090987624994,True,False
16652,49775250000000000000,4978,7576,6813,5606,2000,816,810,5.6282900573688455,5.6279137707158515,12.887220615468385,12.452756029032495,True,False
16653,53308286719913697,5,678,623,597,2000,197,195,4.709884803186077,4.698665416259544,9.405141463136344,9.221587121264806,True,False
16654,991192165558572383,99,6571,5116,4414,2000,1020,991,4.4194993097581365,4.41290863288173,12.681897226786235,12.107870914279614,True,False
16655,29450692230051189790,2945,2634,2622,2206,2000,103,101,5.340906044559952,5.337575352855489,11.363039630256514,11.107217075591382,True,False
16656,99750000000000000,10,2724,1961,1867,2000,786,780,4.545041032618357,4.542289828608347,11.411510988012072,10.866506212226202,True,False
16657,14493675000000000,1,2753,1196,1156,1196,1196,1156,10.224001674198107,10.14581624359248,11.42678889459556,10.174925682500678,False,False
16658,5507747306973722131,551,3239,3181,2578,2000,151,150,4.340023082861637,4.335286827848118,11.661332752795186,11.332036548361652,True,False
16659,595425300971557840928,59543,1627,1622,1397,0,0,0,0.0,0.0,10.667998535672528,10.448116305409464,False,True
16660,302122445983087850,30,4273,3262,2876,2000,941,902,4.972349523051227,4.951937479197712,12.061033601681112,11.489847960439297,True,False
16661,24908351298326745970,2491,5486,5333,4386,2000,458,456,4.395896431303064,4.394845220916435,12.421538906848276,12.098690096673593,True,False
16662,8229846904337963302,823,4258,4208,3364,2000,207,207,5.041128582852317,5.041128582852318,12.055960234452295,11.715961990255144,True,False
16663,210874388183172250,21,4173,3091,2820,2000,965,952,4.591470488750267,4.584910898779498,12.026869205263395,11.461479447286155,True,False
16664,442015455818750,0,182,0,0,0,0,0,0.0,0.0,7.507794640198696,0,False,True
16665,3990000000000000,0,871,0,0,0,0,0,0.0,0.0,9.766528908598865,0,False,True
16666,31000000000000000,3,1676,1051,990,2000,619,601,6.122918960539286,6.0950260244669305,10.710806433699352,9.951284714966972,True,False
16667,695321344762995537825,69532,1628,1623,1398,0,0,0,0.0,0.0,10.668884984266247,10.449148645375436,False,True
16668,4740269754580869,0,1506,0,0,0,0,0,0.0,0.0,10.556506054671928,0,False,True
16669,1724909075379579396,172,7587,6265,5229,2000,1208,1166,4.92195357325401,4.918018662520971,12.889313822384395,12.352319354846841,True,False
16670,9975000000000000,1,141,74,74,74,74,74,6.20945336562895,6.20945336562895,7.139551352398794,6.20945336562895,False,False
16671,1224096127979503530,122,2660,2593,2124,2000,191,190,4.351889252414203,4.350171899999176,11.377210530388552,11.052568050804153,True,False
16672,997500000000000,0,11,0,0,0,0,0,0.0,0.0,3.4594316186372973,0,False,True
16673,4007400322479129,0,1363,0,0,0,0,0,0.0,0.0,10.41256984680521,0,False,True
16674,320802005012531328,32,5709,4212,3717,2000,1179,1139,4.77843949451074,4.7585520651612985,12.479022346995178,11.859922972861758,True,False
16675,4088788256944624674,409,8884,7341,6112,2000,1217,1177,4.964336269983531,4.960692217574486,13.116993677546981,12.57742882803575,True,False
16676,608247589417273104,61,6693,5201,4481,2000,1245,1204,4.650385753842772,4.642012545807669,12.708437298965297,12.129605011152504,True,False
16677,85699050458747564,9,405,379,364,2000,123,122,4.338018229527975,4.337273136101795,8.661778097771988,8.507794640198696,True,False
16678,50936685824304057051,5094,5081,5018,4060,2000,199,196,5.155825827245366,5.155023209506464,12.310896748797713,11.987264012072538,True,False
16679,28588452241237571179,2859,4846,4780,3862,2000,190,188,4.627756917939289,4.62671659339037,12.242578689451346,11.91513244895065,True,False
16680,28278566653103411899,2828,4488,4425,3597,2000,177,176,4.72014605494916,4.719293519538098,12.131856960608793,11.81257844413538,True,False
16681,9934397288586544429,993,9395,7799,6366,2000,1227,1184,4.965581733102041,4.961789191875182,13.197677446307418,12.636171441635922,True,False
16682,997500000000000,0,384,0,0,0,0,0,0.0,0.0,8.584962500721156,0,False,True
16683,109725000000000,0,83,0,0,0,0,0,0.0,0.0,6.3750394313469245,0,False,True
16684,18962927476012395,2,2710,1390,1335,2000,1191,1149,6.562015986218931,6.5208901128529275,11.404077136241234,10.382624026574916,True,False
16685,89276162782585288,9,1152,852,785,2000,364,357,4.6445658229627504,4.6375880704861725,10.169925001442312,9.61654884377899,True,False
16686,44650371263715988,4,100,96,92,2000,60,58,4.4616457807823835,4.454968984951477,6.643856189774724,6.523561956057013,True,False
16687,4043771279014652288,404,8103,6595,5507,2000,977,948,4.876497769144323,4.872845722842302,12.984240425230123,12.427050893150879,True,False
16688,13466250000000000,1,2560,1110,1072,1110,1110,1072,10.116343961237469,10.03614616843688,11.321928094887362,10.066089190457772,False,False
16689,3870300000000000000,387,2625,2593,2106,2000,122,120,4.889935458967518,4.889559034263048,11.358101707440847,11.040289721025717,True,False
16690,10294200000000000,1,2277,969,937,969,969,937,9.920352855415082,9.85017741681859,11.152918576136623,9.871905237659186,False,False
16691,115287564470901,0,2,0,0,0,0,0,0.0,0.0,1.0,0,False,True
16692,4650618904569479,0,1597,0,0,0,0,0,0.0,0.0,10.641148597411233,0,False,True
16693,2155994188223003213,216,7532,6038,5090,2000,961,932,4.788475669765603,4.776761884130266,12.878817284614229,12.313449940963057,True,False
16694,1950448668832769200,195,4303,4050,3430,2000,671,667,4.649928087242788,4.647514158943495,12.07112712494831,11.743992861060175,True,False
16695,1977223828687643591,198,7257,5865,4980,2000,1015,989,4.4952547002835095,4.487917797457444,12.82515755470108,12.281930026955443,True,False
16696,1251172211047738978,125,7628,5996,5046,2000,1222,1177,4.472561302671293,4.464840917606205,12.897089128312755,12.3009244909763,True,False
16697,9077250000000000000,908,8119,6986,5851,2000,988,971,5.20343995189892,5.2013354309724225,12.987086329328193,12.514467502819269,True,False
16698,798000000000000000,80,5821,4650,4062,2000,990,973,4.396244003532235,4.39213072019794,12.507051302247916,11.987974524296153,True,False
16699,1097250000000000000,110,6469,5293,4528,2000,1011,992,5.084857989511992,5.082459530728174,12.659326997414105,12.144658242831882,True,False
16700,96358500000000000000,9636,9410,8165,6749,2000,1029,1008,5.90013398302953,5.898638972042292,13.1999790076159,12.720458038393296,True,False
16701,528675000000000000,53,5965,4508,3934,2000,1016,986,4.4567740050826545,4.449778862279628,12.542306422582591,11.94178124227853,True,False
16702,798000000000000000,80,6337,4869,4233,2000,986,956,4.441989803193448,4.434770734643745,12.62958430019385,12.04746477331842,True,False
16703,25536000000000000000,2554,9340,7870,6466,2000,999,969,5.139803494741918,5.137026184042296,13.189206834597025,12.658657792126085,True,False
16704,9725625000000000000,973,8686,7166,5934,2000,978,949,4.468802860407499,4.459311585343759,13.084476237453893,12.534789211480266,True,False
16705,648375000000000000,65,6161,4636,4038,2000,976,946,4.388894380427342,4.3784020996524795,12.58894882031468,11.979425195331473,True,False
16706,15690675000000000000,1569,9090,7562,6224,2000,993,964,5.006054141051633,5.002872465483373,13.15006457908147,12.603626344986193,True,False
16707,598500000000000000,60,6083,4551,3962,2000,966,937,4.432466047272541,4.4184838396131845,12.570567288872004,11.952013164889486,True,False
16708,1147125000000000000,115,6993,5451,4661,2000,969,940,4.467483935490584,4.460881148862763,12.771695789850023,12.186423797538945,True,False
16709,1197000000000000000,120,6994,5450,4646,2000,984,954,4.597913521830533,4.591447844061898,12.771902080697716,12.181773438808808,True,False
16710,1216950000000000000,122,7093,5521,4697,2000,967,938,4.571069218240172,4.565378061675206,12.792180232254807,12.197523878257787,True,False
16711,897750000000000000,90,6650,5024,4352,2000,1026,997,4.661908683403528,4.6570086530059065,12.699138625275914,12.087462841250339,True,False
16712,229425000000000000,23,5110,3484,3091,2000,1024,994,4.500027707422284,4.491261712366121,12.319107575824983,11.593857938858223,True,False
16713,299250000000000000,30,5371,3731,3295,2000,1045,1015,4.421474785142205,4.414484665242684,12.390975006155534,11.686062749895415,True,False
16714,4189500000000000000,419,8449,6814,5703,2000,1054,1025,5.001447362451671,4.998452265984048,13.044564882812626,12.477505317369708,True,False
16715,4089750000000000000,409,8420,6782,5671,2000,1048,1019,4.522298877989624,4.515384226169758,13.039604517953759,12.469387440964345,True,False
16716,498750000000000000,50,5969,4350,3803,2000,1057,1027,4.3801035486273685,4.370290400199851,12.543273538449803,11.892922223630592,True,False
16717,4987500000000000000,499,8385,6939,5792,2000,1066,1036,4.3770763823722,4.368573938621119,13.033595068451708,12.499845887083206,True,False
16718,1645875000000000000,165,7334,5970,5069,2000,1089,1057,4.529913234747012,4.515758347244848,12.840384550711667,12.307485448589476,True,False
16719,199500000000000000,20,4765,3399,3034,2000,1096,1063,4.425904120278982,4.413877804542356,12.218260498797305,11.567005370247033,True,False
16720,61555725000000000000,6156,9814,8435,6922,2000,1137,1104,5.710510201114611,5.7088703669969085,13.260625556068227,12.756973226165448,True,False
16721,2992500000000000000,299,8149,6726,5652,2000,1154,1118,4.860964432342723,4.856226507872024,12.992407315348498,12.46454575033394,True,False
16722,228726750000000000000,22873,10348,8908,7294,0,0,0,0.0,0.0,13.33706433868474,12.832494484336113,False,True
16723,66243975000000000000,6624,10274,8804,7188,2000,1212,1171,5.684613768851528,5.682463729269356,13.32671035834696,12.811374693509942,True,False
16724,299250000000000000,30,5596,4085,3614,2000,1195,1153,4.6410202573346035,4.631479906702875,12.450180247164754,11.8193807908646,True,False
16725,69825000000000000,7,4070,2529,2330,2000,1203,1163,5.296587074408318,5.270581736076082,11.99081307915361,11.186114239541643,True,False
16726,12748050000000000000,1275,9710,8160,6691,2000,1242,1200,5.378028341407398,5.375311455033793,13.245255580306555,12.708006128896072,True,False
16727,16388925000000000000,1639,9702,8126,6635,2000,1238,1197,5.2051666896653686,5.20077307310515,13.244066464194818,12.695880750257556,True,False
16728,13466250000000000000,1347,9568,7981,6517,2000,1228,1186,5.3093546725592375,5.306298253079927,13.224001674198105,12.669992279616398,True,False
16729,309225000000000000,31,5898,4278,3759,2000,1215,1172,4.407270919747064,4.396614247358006,12.526010107061737,11.876133200043016,True,False
16730,139650000000000000,14,5063,3453,3116,2000,1217,1172,4.398687246717362,4.386427591817529,12.30577676890981,11.605479518061669,True,False
16731,548625000000000000,55,6626,5031,4351,2000,1214,1172,4.4412135068614145,4.4276852821591115,12.693922488081014,12.087131301540529,True,False
16732,5336625000000000,1,1580,218,214,218,218,214,7.768184324776927,7.7223127651439,10.625708843064466,7.741466986401147,False,False
16733,6234375000000000000,623,5834,4990,4083,2000,809,776,4.9530235062372325,4.945479261304163,12.510269670898177,11.99541385222515,True,False
16734,19950000000000000,2,1409,765,737,2000,634,616,6.537735603319958,6.506188626037112,10.460455896309636,9.52552080909507,True,False
16735,12867750000000000,1,1145,546,529,546,546,529,9.092757140919852,9.022492437666006,10.161131882984307,9.047123912114026,False,False
16736,13266750000000000,1,641,334,328,334,334,328,8.38370429247405,8.347776148761477,9.324180546618742,8.357552004618084,False,False
16737,4280701754385964912,428,3671,3602,2883,2000,190,189,4.46769865540994,4.466572317884129,11.841957399099547,11.493355121494906,True,False
16738,2491205508806254580,249,8351,6809,5708,2000,1211,1171,4.533366466252992,4.526524637175145,13.027733249752831,12.478769619475763,True,False
16739,219311308519574861,22,4184,3102,2830,2000,966,953,4.72727487691732,4.7216317252575415,12.030667136246942,11.466586337719244,True,False
16740,44914875669427337,4,3571,2087,1939,2000,1186,1146,4.780333193285387,4.76059646881706,11.802112418586066,10.921097088106793,True,False
16741,324591843123228206,32,5751,4238,3737,2000,1185,1144,4.389405447473066,4.379211732798346,12.489597122389307,11.867664848380745,True,False
16742,6596575231933311792,660,3609,3546,2861,2000,194,192,5.034213838475392,5.033563692542852,11.817383427897232,11.482303782323182,True,False
16743,49875000000000000,5,3648,2151,1998,2000,1179,1139,6.097485319282686,6.064497669522056,11.832890014164741,10.964340867792417,True,False
16744,27595080200501253131,2760,9843,8316,6725,2000,1245,1203,5.2053441654908115,5.202368865286611,13.264882379239577,12.715318552331349,True,False
16745,5264660638594053272,526,3831,3764,3019,2000,192,191,4.486109510251116,4.485109218499355,11.90350531042388,11.559855041513625,True,False
16746,58722864936851573,6,701,642,625,2000,243,243,5.3874712673218905,5.3874712673218905,9.453270634010623,9.287712379549449,True,False
16747,601503759398496240,60,2156,1782,1552,2000,411,399,4.568331715245944,4.553006204070082,11.074141462752506,10.599912842187127,True,False
16748,1226188958034758330,123,2268,1940,1665,2000,387,379,4.4600121038307226,4.454447916005288,11.147204924942228,10.701306461958625,True,False
16749,1264544338545774162,126,1526,1505,1243,2000,122,121,4.780362607201088,4.780151474245257,10.57553924683453,10.279610581052484,True,False
16750,367711911024208,0,40,0,0,0,0,0,0.0,0.0,5.321928094887363,0,False,True
16751,2687519156196357,0,41,0,0,0,0,0,0.0,0.0,5.357552004618084,0,False,True
16752,35000000000000000,4,3348,1709,1609,2000,1051,1022,5.109820034150598,5.090448927606268,11.709083812550343,10.651948610723446,True,False
16753,30389920368654139,3,3398,1863,1763,2000,1196,1155,6.113876764170067,6.077681438120143,11.73047013718422,10.783816759320182,True,False
16754,18503057842779453,2,2960,1375,1324,2000,1206,1165,6.567357234049808,6.529395116191816,11.531381460516313,10.370687406807217,True,False
16755,49875000000000000,5,3885,2254,2087,2000,1215,1170,5.29838699620708,5.270078917635086,11.923698883295073,11.027214885159834,True,False
16756,43414913049872551,4,3785,2171,2014,2000,1213,1169,5.298424958066908,5.270149760710219,11.886077584873094,10.975847968006784,True,False
16757,10468581859885102791,1047,4444,4401,3519,2000,226,226,5.081094119832109,5.081094119832109,12.117643101389092,11.780949798749665,True,False
16758,566901702956898889,57,6568,5095,4386,2000,1248,1205,4.604155696020923,4.5982624317976235,12.681238411777805,12.098690096673593,True,False
16759,119700000000000000,12,4679,3335,3024,2000,1214,1171,4.549718354611313,4.53299084376361,12.19198451336031,11.562242424221072,True,False
16760,1557414032498514697,156,2412,2353,1913,2000,157,155,4.3635383852888765,4.358981772451482,11.236014191900084,10.901621158346112,True,False
16761,11970000000000000,1,2662,1065,1024,1065,1065,1024,10.056637715113201,9.967784015129078,11.378294855911891,10.0,False,False
16762,2612530222268803,0,121,0,0,0,0,0,0.0,0.0,6.918863237274595,0,False,True
16763,26168193431680492,3,384,241,233,2000,159,156,5.35450651059424,5.3397670826244195,8.584962500721156,7.864186144654281,True,False
16764,2275430329866504202,228,2355,2318,1879,2000,128,128,4.383170033812676,4.383170033812676,11.201511344500146,10.875749351420055,True,False
16765,50847562500000000000,5085,10308,8754,7139,2000,1268,1224,5.938148362341503,5.935633943702303,13.331476821859619,12.801506286636435,True,False
16766,9362965080341010795,936,6356,5836,4825,2000,761,755,4.6917560579671544,4.689940066902687,12.63390340934852,12.236313227042805,True,False
16767,74787562500000000000,7479,9692,8119,6648,2000,1006,976,6.005609044813621,6.004136239971588,13.242578689451346,12.698704666770345,True,False
16768,50838570659118445803,5084,2672,2665,2192,2000,80,79,4.367994348023814,4.367329490615493,11.383704292474052,11.098032082960527,True,False
16769,21949638472859845470,2195,4954,4896,3964,2000,211,210,5.037728810040446,5.037268664885564,12.274378153246364,11.952741247186488,True,False
16770,36508500000000000000,3651,5146,5083,4124,2000,217,216,5.30386749101229,5.303512623684279,12.3292357417338,12.00982861736811,True,False
16771,34483575000000000000,3448,5238,5178,4176,2000,214,213,4.863299539517886,4.862749401983503,12.354800344350597,12.027905996569885,True,False
16772,4987500000000000000,499,8350,6786,5652,2000,974,942,5.166211201857268,5.162127601147795,13.027560482248777,12.46454575033394,True,False
16773,1795500000000000000,180,7891,6302,5308,2000,1222,1182,4.8341055340200345,4.830086081108748,12.945992424396774,12.373952655370193,True,False
16774,95917087222120512,10,878,810,743,2000,182,180,4.4868811258462555,4.4832525849732106,9.778077129535358,9.537218400538595,True,False
16775,8054181254019299741,805,4141,4072,3239,2000,194,193,4.353479664386703,4.351978538542319,12.01576348736988,11.661332752795186,True,False
16776,1496250000000000000,150,2763,2697,2214,2000,199,198,4.654361546992535,4.653489396348332,11.432019846812493,11.112439506781552,True,False
16777,201485724248342862,20,4218,3106,2832,2000,965,949,5.278735341348835,5.26166179292221,12.042343379793692,11.467605550082997,True,False
16778,99722051672046260642,9972,5497,5451,4387,2000,236,236,5.563996891491304,5.563996891491304,12.424428764037762,12.09901899101923,True,False
16779,4512634880067261340,451,8482,6844,5724,2000,1045,1015,4.639577068280042,4.634917765052908,13.050188767596435,12.482807956726667,True,False
16780,9539461988695570197,954,6513,5873,4856,2000,781,775,5.165227736473096,5.16415178511093,12.6691065113363,12.245552706255681,True,False
16781,219450000000000000,22,1397,1349,1188,2000,194,194,4.445313074459795,4.445313074459795,10.448116305409464,10.214319120800766,True,False
16782,249375000000000000,25,3065,2654,2420,2000,749,744,4.489573189852225,4.488215957821544,11.581671358578143,11.240791332161956,True,False
16783,628425000000000000,63,3938,3497,3042,2000,755,750,4.507079176883874,4.505924517914605,11.943247395901553,11.570804437724497,True,False
16784,66848922241500000000,6685,5378,5311,4319,2000,199,197,4.7841813347623745,4.773390907216305,12.392854039872873,12.076481601207021,True,False
16785,2331501558549498282,233,6297,5426,4613,2000,900,890,4.473065771989328,4.471001177603714,12.62044895201331,12.171489577065655,True,False
16786,2452869459551542278,245,8220,6698,5593,2000,1245,1205,5.479319450388345,5.477226350049397,13.004922678569045,12.44940661498558,True,False
16787,1146954676114720302,115,7509,5993,5066,2000,1240,1201,4.677771273284979,4.671432423054205,12.874405076409488,12.306631361712501,True,False
16788,49875000000000000,5,1512,1246,1222,2000,695,691,4.828581012523353,4.823437141051054,10.562242424221072,10.25502856981873,True,False
16789,498750000000000000,50,3420,3099,2724,2000,726,722,4.760037306224582,4.757179390384608,11.73978060977326,11.411510988012072,True,False
16790,99750000000000000,10,4187,2547,2330,2000,1053,1023,4.4731984917481515,4.4613160148645825,12.031701202740303,11.186114239541643,True,False
16791,2992500000000000,0,1243,0,0,0,0,0,0.0,0.0,10.279610581052484,0,False,True
16792,122727558559071498,12,4956,3341,3024,2000,1216,1174,4.407542408502859,4.3979873436332255,12.274960472140602,11.562242424221072,True,False
16793,274869986043436288,27,5766,4137,3660,2000,1222,1175,4.559267769515829,4.5448530894587895,12.493355121494906,11.837627933171404,True,False
16794,83375875211963471,8,4328,2797,2555,2000,1234,1193,4.443479372272772,4.430595759028261,12.079484783826816,11.319107575824983,True,False
16795,282618821528544554,28,5696,4180,3704,2000,1238,1198,5.107442954741183,5.091892812013012,12.475733430966399,11.854868383260236,True,False
16796,957600000000000000,96,6897,5527,4711,2000,1225,1181,4.557454930891063,4.550256786911339,12.751753251439336,12.20181761666792,True,False
16797,405324323315037273,41,1356,1109,985,2000,301,295,4.365804690704774,4.35677308236259,10.405141463136344,9.943979914343739,True,False
16798,1022682046617430163,102,143,123,119,2000,44,44,4.423897233746512,4.423897233746513,7.159871336778389,6.894817763307944,True,False
16799,269482399048714957,27,4172,3204,2911,2000,954,943,4.451708208460119,4.448728222214285,12.026523442519766,11.507299124122765,True,False
16800,8478750000000000,1,1081,305,300,305,305,300,8.252665432450248,8.213321170155167,10.07815080773465,8.228818690495881,False,False
16801,1055905503129918872,106,2643,2591,2131,2000,192,191,4.387570375778524,4.38573704244519,11.36796070964157,11.057314877782703,True,False
16802,9264166574907603538,926,8130,6996,5862,2000,981,964,4.700937894425393,4.698237246523627,12.98903963696239,12.51717725268954,True,False
16803,65964474576759857,7,2842,1962,1878,2000,908,898,4.399695021236798,4.396511632500687,11.47269083924278,10.874981347653774,True,False
16804,2506265664160401,0,1218,0,0,0,0,0,0.0,0.0,10.250298417906333,0,False,True
16805,9975000000000000,1,2065,482,471,482,482,471,8.912889336229963,8.859757302050633,11.011926066306808,8.879583249612784,False,False
16806,5955075000000000000,596,8579,6994,5814,2000,1019,989,5.441065248574326,5.43867432567271,13.066593776312251,12.505315356136236,True,False
16807,5031421638951995691,503,8612,6981,5813,2000,1040,1010,4.592159873611127,4.587122921437368,13.072132604167233,12.505067193231886,True,False
16808,79200346410459816,8,775,720,688,2000,215,215,4.718994351335592,4.718994351335593,9.5980525001616,9.426264754702098,True,False
16809,19551000000000000,2,303,169,166,2000,143,140,6.373659886902139,6.35113172670189,8.243173983472952,7.3750394313469245,True,False
16810,137307582332132416,14,4439,2968,2711,2000,1002,972,4.373825484755062,4.36499160544718,12.116018993325094,11.404609397837712,True,False
16811,29922227947156397991,2992,9975,8362,6781,2000,1236,1195,5.205312482550999,5.202614093724877,13.28410112599707,12.727282329212189,True,False
16812,33284477981212678608,3328,10132,8624,7041,2000,1212,1173,5.005389987003524,5.00187726046032,13.306631361712501,12.781564627244327,True,False
16813,30974866325531433330,3097,5108,5041,4039,2000,199,198,4.723742714722118,4.7230365208130385,12.318542809702723,11.979782430703086,True,False
16814,99750000000000000,10,3881,2491,2319,2000,1008,981,4.7147143386911505,4.696263400703249,11.922212717785449,11.179287104646004,True,False
16815,1603814959763707259,160,1624,1605,1330,2000,117,116,4.3562285615265335,4.3558463438641475,10.665335917185176,10.377210530388552,True,False
16816,615105631042714495,62,2268,2187,1884,2000,298,298,4.44464761286137,4.44464761286137,11.147204924942228,10.879583249612784,True,False
16817,31938102622109204940,3194,5554,5422,4450,2000,452,450,4.595156208151904,4.5944234550714045,12.439311461818846,12.119589620741122,True,False
16818,2582234682821330568,258,1990,1734,1492,2000,323,316,4.605218404623657,4.600290576070372,10.958552715431011,10.543031820255237,True,False
16819,159600000000000000,16,4034,2899,2676,2000,976,959,4.534447805297665,4.52648916651677,11.977995368612962,11.38586240064146,True,False
16820,299250000000000000,30,5556,4059,3592,2000,1185,1144,4.545420257838946,4.529110314359394,12.439830883981392,11.810571634741146,True,False
16821,7857807757826451,1,1887,397,388,397,397,388,8.632995197142957,8.582617363389808,10.881878707600446,8.599912842187127,False,False
16822,3260328401870183839,326,5857,5085,4281,2000,810,802,5.088260206962542,5.08643353833304,12.515946179109518,12.063732120196919,True,False
16823,44661654135338345864,4466,9522,8063,6620,2000,1051,1020,5.911410174093202,5.909699994048712,13.217048913556338,12.69261550169458,True,False
16824,58000000000000000000,5800,9542,8046,6589,2000,1039,1007,6.671333356282847,6.6555562430303565,13.220075970984304,12.685843811426082,True,False
16825,359100000000000000,36,5450,3877,3399,2000,969,940,4.83600207532796,4.830139566072737,12.41204051455165,11.730894646541671,True,False
16826,9935015716333582500,994,9330,7803,6360,2000,1239,1198,4.78948849531865,4.785193480346592,13.187661365739121,12.634811050171718,True,False
16827,11970000000000000000,1197,4968,4850,3977,2000,429,427,4.6094470172769295,4.608710829990883,12.278449458220482,11.95746484680521,True,False
16828,2693250000000000000,269,5148,4795,4027,2000,739,733,4.5963781320759765,4.594446179050541,12.329796338220701,11.975489756945754,True,False
16829,4436218816696878,0,714,0,0,0,0,0,0.0,0.0,9.479780264029099,0,False,True
16830,950676669286050000,95,815,803,711,2000,70,69,4.228782301835927,4.217405747903334,9.67065624911844,9.473705749619416,True,False
16831,49944825000000000000,4994,5315,5249,4255,2000,229,228,5.62193531585101,5.621667000263097,12.375853976418467,12.054943416573325,True,False
16832,50000000000000000,5,2440,1628,1581,2000,825,815,4.549454856677125,4.541914638626482,11.252665432450248,10.62662165235837,True,False
16833,4149600000000000000,415,8141,6702,5607,2000,1027,998,4.499618757294227,4.494074415862253,12.990990303530822,12.453013354466314,True,False
16834,5219400792920719,1,1629,158,158,158,158,158,7.303780748177102,7.303780748177102,10.669770888525518,7.303780748177103,False,False
16835,156532727891540280782,15653,6146,6009,4946,0,0,0,0.0,0.0,12.585432051592962,12.272046524389937,False,True
16836,9600513254844618534,960,4286,4217,3368,2000,201,200,4.770075054980492,4.769408166017502,12.065416134676548,11.717676423066395,True,False
16837,33900335418234554291,3390,3963,3931,3208,2000,133,131,5.218749043830925,5.218475915565236,11.952377251967985,11.64745842645492,True,False
16838,29925000000000000,3,1495,928,876,2000,568,551,6.038015154897539,6.011074440829672,10.545929769085467,9.774787059601174,True,False
16839,4474785000000000000,447,8838,7240,5979,2000,1225,1180,4.965523110100463,4.961172284630375,13.109504215757006,12.545688495560213,True,False
16840,6767105074094083293,677,9249,7704,6370,2000,1233,1193,4.878976173651853,4.875227972382203,13.17508167482833,12.637077657143664,True,False
16841,24231691337886473,2,8,6,6,6,6,6,2.503258334775646,2.5032583347756456,3.0,2.584962500721156,False,False
16842,1068118688555625000,107,996,988,874,2000,87,85,4.269266920790287,4.267450120048086,9.960001932068081,9.7714894695006,True,False
16843,992196749315262745,99,2425,2370,1939,2000,200,199,4.35544552835027,4.353873538353843,11.243769031961852,10.921097088106793,True,False
16844,24878967320072590476,2488,4224,4165,3393,2000,158,157,4.67013326164847,4.6677406991061865,12.044394119358454,11.728345714710978,True,False
16845,319199474345017742826,31920,8952,7743,6228,0,0,0,0.0,0.0,13.127994320976393,12.604553229079038,False,True
16846,518700000000000000,52,5454,4303,3713,2000,1055,1014,4.392808461792219,4.382327251377249,12.413098984915264,11.85836959985474,True,False
16847,334936089261752969,33,90,73,70,2000,36,36,4.366789244542612,4.366789244542613,6.491853096329675,6.129283016944966,True,False
16848,26421648457857,0,44,0,0,0,0,0,0.0,0.0,5.459431618637297,0,False,True
16849,1538202165143541555,154,2991,2919,2430,2000,282,282,4.415990578329884,4.415990578329884,11.546412195119352,11.246740598493144,True,False
16850,136899427081385381,14,3429,2559,2381,2000,886,875,4.484345703137544,4.480483813939669,11.743572188935634,11.217351905270334,True,False
16851,119841838684624626171,11984,5701,5651,4545,0,0,0,0.0,0.0,12.476999286133061,12.15006457908147,False,True
16852,3999705989212500000,400,1595,1583,1302,2000,83,81,4.611595298179161,4.604032676285992,10.639340708652231,10.346513733165635,True,False
16853,42869453747671835680,4287,3371,3353,2764,2000,142,137,5.716098494063234,5.698119153722855,11.71896091198421,11.432541900388259,True,False
16854,11134833916534151,1,2023,894,861,894,894,861,9.80413102118332,9.725831244896966,10.982280604558284,9.749869427396844,False,False
16855,29925000000000000,3,408,338,331,2000,185,184,5.194012820075658,5.19000413459044,8.672425341971495,8.370687406807217,True,False
16856,289275000000000000,29,1546,1478,1240,2000,188,187,4.37200805679691,4.370562407644839,10.594324603924848,10.276124405274238,True,False
16857,7926761168987027225,793,1211,1062,941,2000,192,189,5.115404743302946,5.1139044259281174,10.24198314969433,9.878050912728536,True,False
16858,147266363680006921,15,4065,2937,2651,2000,1033,994,4.519750771293386,4.503000701940914,11.98903963696239,11.37232095486726,True,False
16859,595488721804511278,60,4466,3547,3065,2000,854,819,4.6063424054591495,4.590480140831644,12.124767535822473,11.581671358578143,True,False
16860,391858151630611585,39,3021,2387,2092,2000,625,606,4.432631682346615,4.419294988367881,11.56081046872794,11.030667136246942,True,False
16861,19477899699203102,2,554,324,316,2000,272,267,6.472040841428047,6.4525502862718165,9.113742166049189,8.303780748177102,True,False
16862,170426065162907268,17,593,456,427,2000,158,155,4.357031359257174,4.350529878364304,9.211888294546004,8.73809225962049,True,False
16863,322427305168826837,32,109,89,86,2000,39,39,4.345823831181442,4.345823831181443,6.768184324776926,6.426264754702098,True,False
16864,295095377358802996,30,52,45,45,2000,27,27,4.1271890739679975,4.1271890739679975,5.700439718141092,5.491853096329675,True,False
16865,9796532925740400000,980,2350,2335,1959,2000,100,99,4.527708853201198,4.527209960241776,11.198445041452363,10.935901682267588,True,False
16866,100747500000000000000,10075,6779,6527,5409,0,0,0,0.0,0.0,12.726856755450727,12.401146182153498,False,True
16867,60080420254774293,6,4163,2552,2348,2000,1216,1171,4.785068371614443,4.763615507996596,12.023407843140218,11.197216693110052,True,False
16868,7460614602719662531,746,8220,6994,5679,2000,1131,1088,5.164420014111079,5.158941327261926,13.004922678569045,12.471421196424862,True,False
16869,10583475000000000000,1058,4619,4563,3657,2000,208,207,4.908638383485886,4.9081143868204125,12.173364830849037,11.836444911341369,True,False
16870,2837755645634915778,284,3285,3219,2619,2000,197,196,4.355220700855675,4.353845099029877,11.681677655209691,11.354800344350597,True,False
16871,4685339246801436456,469,3686,3620,2926,2000,203,202,4.629518593744219,4.62878511371488,11.847840355630714,11.514714054138487,True,False
16872,1575009564143941853,158,5981,4930,4133,2000,988,947,4.551050245098246,4.54059006241064,12.54617100226735,12.01297364837454,True,False
16873,9349591275349187,1,1998,435,426,435,435,426,8.76487159073609,8.718894579241837,10.964340867792417,8.734709620225837,False,False
16874,8882670247804923,1,1380,410,409,410,410,409,8.679480099505446,8.674602050724959,10.430452551665532,8.67595703294175,False,False
16875,14077254284483972321,1408,9697,8057,6549,2000,1230,1184,4.6500358112456075,4.644248380947516,13.243322768605955,12.677058915711948,True,False
16876,1007475000000000000,101,7425,5892,4994,2000,1234,1193,4.47286427848274,4.465780257054016,12.85817531057549,12.285980105928212,True,False
16877,81316640999937000000,8132,2842,2829,2320,2000,93,92,5.044374843586626,5.043919186075494,11.47269083924278,11.179909090014934,True,False
16878,228225939635424149,23,4897,3426,3060,2000,1001,971,4.377870546979974,4.367773963729305,12.257682480708766,11.579315937580015,True,False
16879,949663947729890335,95,865,853,750,2000,80,78,4.448658193057195,4.44584104624477,9.756556322524087,9.550746785383243,True,False
16880,1971751849113243698,197,1223,1212,1046,2000,77,76,4.281836853340896,4.280713595634451,10.256208688527387,10.030667136246942,True,False
16881,500000000000000000,50,5189,4076,3536,2000,1024,984,4.437137864415318,4.424638748899792,12.341240820538749,11.787902559391432,True,False
16882,758808671295331043,76,5722,4576,4008,2000,987,970,4.42690224584043,4.423061416603311,12.482303782323182,11.968666793195208,True,False
16883,9338432126518604458,934,4982,4820,3999,2000,511,509,5.341680564007099,5.341418732495677,12.282509306240836,11.965423565810129,True,False
16884,1932157500000000000,193,2543,2177,1855,2000,405,395,4.375780929136411,4.365588880481489,11.312315746690107,10.857203471508166,True,False
16885,6321838481322183643,632,8137,6938,5785,2000,1013,992,4.826968836413276,4.82277851758885,12.99028127536032,12.498101243994853,True,False
16886,295063771741446452,30,241,238,236,2000,53,53,4.158451424607945,4.158451424607945,7.912889336229962,7.882643049361842,True,False
16887,841323959216052324,84,5666,4598,4023,2000,973,961,4.389783683160064,4.386150681804708,12.468114886378098,11.97405602262563,True,False
16888,99750000000000000,10,1892,1368,1251,2000,546,529,5.169261271831302,5.148843285562615,10.885696373339394,10.28886607416582,True,False
16889,8523189245372804206,852,6946,6109,5114,2000,874,864,5.278451320332844,5.27759430823429,12.761966695382092,12.32023644524165,True,False
16890,2713200000000000000,271,1756,1740,1458,2000,107,106,4.472971265362465,4.472435370853187,10.778077129535358,10.509775004326936,True,False
16891,5012531328320802,1,318,133,133,133,133,133,7.05528243550119,7.05528243550119,8.312882955284355,7.05528243550119,False,False
16892,1019117033148053427,102,7076,5451,4662,2000,1021,991,4.751708782146385,4.738681986914184,12.788718332690458,12.186733289128867,True,False
16893,69126750000000000,7,2913,1956,1808,2000,893,858,4.552544100960324,4.535853690216182,11.508289986140348,10.820178962415188,True,False
16894,79800000000000000,8,4083,2595,2383,2000,1178,1138,4.778351696064981,4.758416884476893,11.99541385222515,11.21856323619027,True,False
16895,29925000000000000,3,3333,1795,1702,2000,1199,1159,6.11709741162158,6.084457905828385,11.702605602110248,10.733015321685963,True,False
16896,25959937500000000000,2596,2524,2511,2068,2000,91,90,4.866865964930996,4.86637180757276,11.30149619498255,11.014020470314934,True,False
16897,2046870000000000000,205,8147,6549,5480,2000,1225,1182,4.879131325573231,4.8748297164414325,12.992053192852639,12.419960177847889,True,False
16898,166211709300000000,17,987,933,824,2000,149,148,4.337306409163375,4.329432287944864,9.946906274456397,9.686500527183219,True,False
16899,251881534857750000,25,543,535,515,2000,90,89,4.264919254100865,4.263842533045604,9.084808387804362,9.00842862207058,True,False
16900,5742212166170586338,574,1961,1953,1671,2000,92,91,4.378264560837074,4.3775887620621114,10.93737382019215,10.706496018061188,True,False
16901,344898847005934506,34,1664,1608,1382,2000,200,199,4.373028072605599,4.371805578718067,10.700439718141093,10.432541900388259,True,False
16902,7735532149380000,1,821,206,205,206,206,205,7.6865005271832185,7.67679178931914,9.681238411777805,7.679480099505446,False,False
16903,101788447771944631,10,2228,1628,1483,2000,602,585,5.2351110720815015,5.216285798032601,11.121533517340032,10.53430288245463,True,False
16904,20866571701019089,2,28,26,26,161,26,26,4.311297088310086,4.311297088310086,4.807354922057604,4.700439718141092,False,False
16905,26533500000000000000,2653,4041,3995,3246,2000,154,152,5.111125788397535,5.110855971433595,11.98049663618346,11.664447284547972,True,False
16906,79420950000000000000,7942,5406,5338,4327,2000,216,214,5.3387028845623465,5.32548359161839,12.400345796534694,12.079151405421891,True,False
16907,11521125000000000000,1152,4533,4474,3619,2000,195,194,4.391485620833644,4.389651370375082,12.146250445885986,11.82137539237254,True,False
16908,12738075000000000000,1274,8244,7177,6013,2000,995,981,5.4134700263566495,5.405520930084883,13.009128789539256,12.553869243196068,True,False
16909,12518625000000000000,1252,8429,7287,6090,2000,997,979,5.164697165529122,5.16264469244605,13.04114576747633,12.572226512793694,True,False
16910,4658325000000000000,466,6483,5476,4507,2000,939,899,4.749907260736258,4.740812591741999,12.662445857580664,12.137951734715358,True,False
16911,3550665197647591988,355,8640,7136,5959,2000,1206,1167,4.742101746527709,4.737595125003749,13.076815597050832,12.540854532113636,True,False
16912,85366050000000000000,8537,7101,6790,5605,2000,779,774,6.249724409556229,6.249340792789192,12.79380649145577,12.45249865769279,True,False
16913,3871119931425671309,387,1032,1027,915,2000,70,70,4.824869065079687,4.824869065079687,10.011227255423254,9.837627933171404,True,False
16914,253401400973045318,25,4223,3226,2934,2000,976,965,4.384087204352552,4.381283431820221,12.044052531801302,11.51865315567339,True,False
16915,2192272943321888,0,551,0,0,0,0,0,0.0,0.0,9.105908508571158,0,False,True
16916,580902182030133,0,461,0,0,0,0,0,0.0,0.0,8.848622940429339,0,False,True
16917,37868891539100234,4,1993,1258,1176,2000,713,688,5.260013124260173,5.234659159813338,10.960725994839057,10.199672344836364,True,False
16918,8444116253074387886,844,6161,5278,4303,2000,854,819,5.152152112070069,5.146785703413387,12.58894882031468,12.07112712494831,True,False
16919,8938428336426269,1,156,96,96,96,96,96,6.584962500721158,6.584962500721158,7.285402218862249,6.584962500721156,False,False
16920,8464811848399156686,846,6523,5755,4787,2000,800,794,4.69435900901582,4.693394797985436,12.6713199131833,12.224906090719767,True,False
16921,48779655845337796,5,3783,2267,2100,2000,1236,1196,4.789481692905182,4.768845610515707,11.885315061049376,11.036173612553485,True,False
16922,99744561304728173982,9974,9434,8180,6756,2000,1047,1025,6.249852892766242,6.2483529673500655,13.203653885529597,12.721953612801386,True,False
16923,70258335865200000,7,163,158,152,2000,60,59,4.2821341063746,4.278469402152054,7.348728154231077,7.247927513443585,True,False
16924,1448157989873883834,145,2347,2288,1861,2000,160,158,4.453445358814389,4.444783204416556,11.196602126523171,10.861862340059151,True,False
16925,2991327572193794642,299,7879,6460,5435,2000,1077,1046,4.875022493602419,4.870986058057117,12.94379681959879,12.408064319914672,True,False
16926,9066183455836554574,907,6350,5821,4812,2000,760,755,4.568613377367481,4.56751597119146,12.63254087654689,12.232420927176076,True,False
16927,96043443780346665630,9604,10331,8834,7204,2000,1238,1197,6.3909801069094305,6.3897508856653005,13.334692287693859,12.814582465906277,True,False
16928,709762147500000000,71,6763,5207,4489,2000,1219,1179,4.463989120882432,4.453713992329345,12.723447638422918,12.132178380915544,True,False
16929,5087250000000000,1,1519,165,165,165,165,165,7.366322214245816,7.366322214245816,10.568906154502084,7.366322214245816,False,False
16930,2003620884931793497,200,8075,6476,5434,2000,1220,1176,4.435914218534659,4.427430952270955,12.97924654446865,12.407798850221974,True,False
16931,986527500000000000,99,4121,3765,3245,2000,741,736,4.566186395572236,4.565044311544046,12.0087787482805,11.6640027628865,True,False
16932,997500000000000000,100,4208,3835,3291,2000,740,735,4.397712747926434,4.396109438876467,12.038918989292302,11.68431031112435,True,False
16933,405801365970000,0,128,0,0,0,0,0,0.0,0.0,7.0,0,False,True
16934,50125313283208020,5,739,666,652,2000,276,276,5.234206301525174,5.234206301525174,9.52943055414615,9.348728154231077,True,False
16935,64051240935556205,6,1464,1257,1229,2000,608,605,4.539647354145603,4.538085921668417,10.515699838284043,10.263269200372662,True,False
16936,22261135805327147249,2226,4955,4888,3965,2000,197,196,4.86884234402563,4.868234348889592,12.274669342073851,11.953105150591341,True,False
16937,55841607472880259179,5584,3544,3523,2903,2000,131,130,5.130199807541374,5.1300584165314405,11.791162888555018,11.503328856626661,True,False
16938,9887762028173400000,989,2034,2023,1690,2000,75,74,4.5559402335953925,4.554891551161205,10.9901039638575,10.722807531169547,True,False
16939,199998750000000000,20,1249,986,896,2000,327,321,4.461050260771879,4.45472252986889,10.286557761607957,9.807354922057604,True,False
16940,386940587776996,0,339,0,0,0,0,0,0.0,0.0,8.405141463136344,0,False,True
16941,9531532716474044,1,1645,465,456,465,465,456,8.861086905995396,8.818076153307224,10.683871868622603,8.832890014164741,False,False
16942,2566615606114413434,257,3304,3265,2665,2000,209,209,4.408170802447625,4.408170802447625,11.689997971419446,11.379919817646538,True,False
16943,8842318732062597,1,1042,299,294,299,299,294,8.224001674198105,8.18386789493389,10.025139562278508,8.199672344836364,False,False
16944,11579367743640505426,1158,343,341,308,2000,46,45,4.702527945764511,4.651367782306106,8.422064766172813,8.266786540694902,True,False
16945,79964408592475742765,7996,392,390,355,2000,61,60,5.425718819953186,5.392471820150257,8.614709844115207,8.471675214392045,True,False
18778,99195563833769258,10,2696,1886,1725,2000,770,742,5.388802666323747,5.364242673094126,11.396604781181859,10.752380646552893,True,False
18779,36674747967679907704,3667,2742,2730,2296,2000,92,90,5.04981085624851,5.048356841292479,11.421012855779226,11.164906926675688,True,False
18780,1285322527886219998,129,6980,5572,4740,2000,1016,989,4.637695811773256,4.633075049288985,12.769011321097015,12.210671343785622,True,False
18781,4010025062656641,0,1275,0,0,0,0,0,0.0,0.0,10.31628153174622,0,False,True
18782,3491323622871244,0,1286,0,0,0,0,0,0.0,0.0,10.328674927327947,0,False,True
18783,4645918341600931,0,655,0,0,0,0,0,0.0,0.0,9.355351096424812,0,False,True
18784,3401832418697016,0,1432,0,0,0,0,0,0.0,0.0,10.483815777264256,0,False,True
18785,9977981492298322783,998,3262,3229,2627,2000,125,123,4.80865825035655,4.80833304777428,11.671541066711884,11.359200485133632,True,False
18786,8225183256537011606,823,3456,3399,2742,2000,162,161,4.862872418902025,4.860936012053395,11.754887502163468,11.421012855779226,True,False
18787,7097997950434028400,710,3622,3559,2865,2000,189,187,5.075433716454691,5.072584915485925,11.822570830950168,11.484319423644267,True,False
18788,8518439811624729,1,148,87,87,87,87,87,6.442943495848725,6.442943495848725,7.20945336562895,6.442943495848728,False,False
18789,48877500000000000,5,3636,2139,1986,2000,1183,1142,4.5451249244222485,4.527230004944771,11.828136484194108,10.955649907528374,True,False
18790,9762744523573603677,976,9373,7885,6502,2000,1191,1151,5.088136157283824,5.0845194517183465,13.194295167381915,12.666667840690355,True,False
18791,19950000000000000,2,2858,1459,1400,2000,1226,1183,6.5742153453989935,6.532900750157448,11.480790201095816,10.451211111832329,True,False
18792,1007163991251141096,101,7230,5866,4932,2000,1217,1173,4.549982792178917,4.533056954082299,12.81977993183848,12.26795708440284,True,False
18793,617205080796330059,62,3919,3151,2731,2000,743,716,4.438106544273102,4.4273225351072965,11.936269857602209,11.415213598765286,True,False
18794,1788078400500000000,179,2942,2903,2377,2000,211,211,4.535645777644088,4.5356457776440875,11.522581531254831,11.214926187942435,True,False
18795,75735100703154127660,7574,5533,5474,4428,2000,219,218,5.156303879815029,5.15589639694783,12.433846208442825,12.112439506781552,True,False
18796,2506888564515729,0,1118,0,0,0,0,0,0.0,0.0,10.12670447284319,0,False,True
18797,4987500000000000000,499,3766,3697,2952,2000,191,190,4.44224285797584,4.440179938945411,11.878817284614229,11.527477006060396,True,False
18798,83181346711590871419,8318,5235,4587,3709,2000,701,680,6.291882554039079,6.289811743724243,12.35397382181817,11.85681455250301,True,False
18799,29526000000000000,3,871,574,548,2000,357,351,5.70041058875981,5.687210387616322,9.766528908598865,9.098032082960527,True,False
18800,34439154204541199772,3444,5150,5082,4068,2000,199,198,4.817210364913891,4.816525884197819,12.330356716957944,11.9901039638575,True,False
18801,3081277500000000000,308,3204,2741,2286,2000,475,462,4.596016561035988,4.585442575737547,11.64565843240871,11.158609688214478,True,False
18802,2777040000000000000,278,2925,2515,2113,2000,440,428,4.392341814895531,4.383577637631195,11.51422090935813,11.04507705193494,True,False
18803,47179461115858533,5,3299,1942,1805,2000,1087,1055,4.529693729461366,4.5155374263288905,11.687813062564931,10.817783121774534,True,False
18804,24293093595430431,2,3277,1680,1596,2000,1214,1170,6.571349121773911,6.528932790455386,11.67815995754276,10.640244936222345,True,False
18805,2407736826319028087,241,7610,6102,5145,2000,975,946,4.693001061519095,4.688435975109062,12.893680738390907,12.32895536178133,True,False
18806,1150202729678149068,115,1080,1067,923,2000,83,82,4.317118811851104,4.315813313100714,10.076815597050832,9.850186837645774,True,False
18807,1458958113655849390,146,491,428,396,2000,102,102,4.428669386701309,4.4286693867013085,8.939579214314692,8.62935662007961,True,False
18808,647377500000000000,65,5434,4319,3719,2000,1031,991,4.4853683156334,4.47554154773456,12.407798850221974,11.860699032611988,True,False
18809,40872528474751272513,4087,9526,8090,6675,2000,1054,1024,5.860929750899991,5.8591743462574115,13.217654833364023,12.704552121462278,True,False
18810,32165405253882156502,3217,3249,2876,2369,2000,414,403,4.645991063108995,4.640839864026883,11.665780028329483,11.21006248324023,True,False
18811,11731339884051717320,1173,9698,8156,6698,2000,1223,1181,5.204795831576193,5.200901739600747,13.24347153839633,12.709514660706716,True,False
18812,510720000000000000,51,1585,1326,1169,2000,324,317,4.371778410597478,4.36367014922108,10.63026712502677,10.191059214531656,True,False
18813,1455232734445539895,146,7482,6126,5121,2000,1219,1174,4.513030034403257,4.505103578685196,12.869208250550827,12.322209843748894,True,False
18814,1346625000000000000,135,4758,3936,3335,2000,781,751,4.431624355490434,4.416723056563853,12.216139556425135,11.703471046071947,True,False
18815,2681225476181381625,268,7246,6076,5123,2000,999,980,4.64207826857136,4.637329932285927,12.822969090453288,12.322773176454564,True,False
18816,3990000000000000,0,950,0,0,0,0,0,0.0,0.0,9.89178370321831,0,False,True
18817,5440274044912380981,544,7855,6703,5626,2000,994,977,4.96217188203225,4.960394619171772,12.93939556018156,12.4578938373147,True,False
18818,997500000000000000,100,6217,5013,4323,2000,1001,980,4.460294371981719,4.452816439280471,12.602002863537445,12.077817120895904,True,False
18819,92902798780246,0,3,0,0,0,0,0,0.0,0.0,1.584962500721156,0,False,True
18820,16246523004951442,2,2191,1103,1056,2000,1001,963,6.484987749642691,6.44379518751386,11.097373768990222,10.044394119358454,True,False
18821,1556100000000000000,156,7259,5718,4855,2000,969,940,4.74031053885029,4.736038147502876,12.82555510087083,12.245255580306555,True,False
18822,4674173336475219,0,1477,0,0,0,0,0,0.0,0.0,10.52845411076479,0,False,True
18823,160372824104203244,16,3161,2407,2240,2000,778,772,5.2803709963928105,5.27558731376145,11.626165319904498,11.129283016944967,True,False
18824,26065162907268170,3,1888,1128,1108,2000,782,776,5.804406987443316,5.798494982658438,10.88264304936184,10.113742166049189,True,False
18825,341705833038778318,34,4787,3615,3226,2000,986,968,4.380655651224777,4.37277260347112,12.224906090719767,11.655530723155643,True,False
18826,63209226284105792,6,3617,2229,2106,2000,1013,987,4.515733649437987,4.504007811341369,11.820577882655774,11.040289721025717,True,False
18827,27930000000000000,3,2958,1525,1462,2000,1021,993,5.24502130248678,5.2235079419223585,11.530406337099068,10.513727595952437,True,False
18828,495778058844622756,50,5734,4279,3745,2000,1022,992,4.43730851786337,4.42836004111018,12.485326189240524,11.870750003346114,True,False
18829,668902920352353417,67,6009,4783,4096,2000,1118,1075,4.528888181401417,4.51536768553094,12.552909206533863,12.0,True,False
18830,12568500000000000,1,2644,1124,1086,1124,1124,1086,10.134426320220925,10.059368910989075,11.368506461507693,10.084808387804362,False,False
18831,372067500000000000,37,2332,1847,1620,2000,492,478,4.416043827731562,4.4059788570176135,11.187352073200497,10.661778097771988,True,False
18832,15936060000000000000,1594,4730,4688,3757,2000,228,228,5.502970745795656,5.502970745795658,12.207624468226758,11.87536540064177,True,False
18833,4323178490472495,0,872,0,0,0,0,0,0.0,0.0,9.768184324776927,0,False,True
18834,15140865017477811781,1514,5672,4904,3976,2000,764,736,5.412614342043153,5.407981959849869,12.469641817239516,11.957102041562287,True,False
18835,1955100000000000000,196,2972,2927,2397,2000,206,205,4.960173158583431,4.915325030966834,11.537218400538595,11.227014193649133,True,False
18836,89548068750000000,9,1995,1413,1294,2000,588,570,4.817804820172575,4.803891544098739,10.962173031109709,10.337621901992508,True,False
18837,295564248281904065,30,3593,2839,2563,2000,780,774,4.387297654702164,4.385369232641397,11.810973220002165,11.323617763291578,True,False
18838,249375000000000000,25,3716,2886,2632,2000,851,841,4.45249013862343,4.449097264199867,11.859534786382653,11.361943773735241,True,False
18839,49875000000000000,5,2787,1790,1722,2000,973,962,4.536633756364257,4.532147383792515,11.44449728710381,10.749869427396844,True,False
18840,249375000000000000,25,4703,3416,3069,2000,1014,988,4.418434621352958,4.412571702304649,12.199365616857982,11.583552930466485,True,False
18841,24207943974961095,2,2857,1425,1369,2000,1022,993,6.491518668131071,6.458245687379392,11.480285320936371,10.4189067312579,True,False
18842,15332702175000000000,1533,9694,8126,6632,2000,1238,1198,5.50605976651518,5.5039727567375,13.2428763671664,12.69522829149575,True,False
18843,54109801389636639,5,3715,2090,1941,2000,1017,988,4.51676397423782,4.503059278297768,11.859146495425959,10.922584402713664,True,False
18844,68714128938000000,7,158,153,147,2000,60,59,4.2821341063746,4.278469402152054,7.303780748177103,7.199672344836364,True,False
18845,351150542730179253,35,541,534,510,2000,69,68,4.631780563617743,4.62932818944192,9.079484783826816,8.994353436858859,True,False
18846,863781383212449657,86,842,834,757,2000,87,86,4.390509404913665,4.389776658001325,9.717676423066395,9.564149489985732,True,False
18847,2223941782965949201,222,5777,4813,4029,2000,903,866,4.620796015805234,4.609272038512247,12.496104779340126,11.9762060901486,True,False
18848,434341399434884,0,129,0,0,0,0,0,0.0,0.0,7.011227255423254,0,False,True
18849,49880199304809327790,4988,9075,7923,6603,2000,995,978,4.918939737545152,4.917110470704326,13.147681927770476,12.688905930612714,True,False
18850,38498778760992694115,3850,3770,3307,2686,2000,488,475,5.240139001925098,5.234831380121969,11.880348808156027,11.391243589427443,True,False
18851,988616726286811,0,21,0,0,0,0,0,0.0,0.0,4.392317422778761,0,False,True
18852,41013338118900000,4,121,109,108,2000,66,65,4.531108904721573,4.526999194266233,6.918863237274595,6.754887502163468,True,False
18853,658986728908200000,66,741,735,673,2000,94,93,4.57613286085526,4.575454396544179,9.533329732305834,9.394462694610317,True,False
18854,14938345709976523940,1494,6058,5781,4779,2000,705,700,4.621603425018017,4.6192461677695125,12.564625862795372,12.222493052246467,True,False
18855,1363274174250538554,136,3725,3521,3005,2000,606,604,5.084694469131276,5.084392752002502,11.863024710236886,11.553149275598548,True,False
18856,44887500000000000,4,2713,1709,1589,2000,921,884,5.299744220212562,5.27072499352195,11.405673332281866,10.63390340934852,True,False
18857,9862788416490974,1,1201,379,372,379,379,372,8.566054038171089,8.521845891727388,10.230020435705635,8.539158811108031,False,False
18858,1313980494730446423,131,973,962,844,2000,70,69,4.2313435169940945,4.2293433787968695,9.926295994781112,9.721099188707186,True,False
18859,1349807399356813513,135,972,960,841,2000,67,67,4.220583084349161,4.220583084349161,9.92481250360578,9.715961990255144,True,False
18860,67627178371876432,7,4141,2627,2417,2000,1233,1194,4.443464670301827,4.431164994585061,12.01576348736988,11.239001757765582,True,False
18861,207640496068841399,21,5396,3927,3492,2000,1246,1202,4.4384626131943445,4.426114091264772,12.397674632948268,11.76983784362944,True,False
18862,1144037998873376,0,332,0,0,0,0,0,0.0,0.0,8.375039431346925,0,False,True
18863,459867690548294879,46,5487,4267,3708,2000,1100,1058,4.380957901016492,4.36916935366585,12.421801860469873,11.85642552862553,True,False
18864,821439543477526473,82,700,694,649,2000,75,74,4.679396899006962,4.678398242119478,9.451211111832329,9.342074667999139,True,False
18865,36701952968149009777,3670,5238,5157,4181,2000,304,304,4.780886275681553,4.780886275681553,12.354800344350597,12.029632328044137,True,False
18866,29634650361125870216,2963,5043,4980,4033,2000,216,215,5.194322448853054,5.193929556630533,12.300066509957324,11.977637690405876,True,False
18867,2005106384146831754,201,1225,1212,1042,2000,77,76,4.305912444807742,4.304717494480791,10.258566033889933,10.025139562278508,True,False
18868,15351525000000000000,1535,4717,4650,3771,2000,196,195,4.76983575385947,4.769168920484459,12.203653885529597,11.880731435141664,True,False
18869,11475260431506517,1,210,154,153,154,154,153,7.266786540694904,7.25379952770789,7.714245517666122,7.257387842692652,False,False
18870,40100250626566416,4,1403,914,855,2000,498,483,5.2521552254072486,5.229733850841247,10.454299293619899,9.73978060977326,True,False
18871,5848169046802938,1,1386,216,212,216,216,212,7.7548875021634665,7.70859120586717,10.436711542137214,7.727920454563199,False,False
18872,8526776633251946,1,3,1,1,1,1,1,-0.0,-0.0,1.584962500721156,0.0,False,False
18873,14340396589802739441,1434,2454,2439,2049,2000,101,100,5.151960662755979,5.151597791973685,11.260919533662905,11.000704269011246,True,False
18874,34098113070000000,3,96,85,84,2000,61,60,4.99702100048752,4.9904973251533615,6.584962500721156,6.392317422778761,True,False
18875,25088939213933910000,2509,0,0,0,0,0,0,0.0,0.0,0,0,False,True
18876,1047375000000000000,105,517,513,489,2000,52,52,4.226429979022375,4.226429979022375,9.014020470314934,8.933690654952233,True,False
18877,3508771929824561403,351,3502,3434,2788,2000,193,192,4.537823756766242,4.536760728020171,11.773963368433558,11.445014845868423,True,False
18878,30124500000000000000,3012,5088,5024,4066,2000,213,212,5.036442671970703,5.035984262235747,12.312882955284355,11.989394499844732,True,False
18879,1430415000000000000,143,6559,5430,4643,2000,965,948,4.432765253604735,4.423428048974641,12.67926015971679,12.180841565566661,True,False
18880,94178475950058192921,9418,9797,8382,6865,2000,1105,1073,5.909604432536959,5.907856584814965,13.258124324938922,12.745044005034464,True,False
18881,6709224713044632900,671,1773,1766,1543,2000,72,71,4.358341259425822,4.357271742894306,10.79197682089869,10.591522346570734,True,False
18882,330827067669172932,33,5999,4405,3875,2000,1217,1174,4.593999497872233,4.578528700408798,12.550506316170104,11.919980595048962,True,False
18883,399000000000000000,40,1661,1594,1319,2000,184,182,4.352450016894509,4.350498725139882,10.697836357962377,10.365228849251544,True,False
18884,22406747045529063,2,2041,1186,1163,2000,868,858,6.575678172584078,6.563537107854872,10.995060467032719,10.183635381473218,True,False
18885,64034924055226348,6,797,726,705,2000,270,270,4.7324530085910075,4.732453008591008,9.638435913990472,9.461479447286155,True,False
18886,770070000000000000,77,6900,5369,4617,2000,1236,1195,4.394017950746829,4.384354032823706,12.752380646552893,12.172740017049366,True,False
18887,3639657137809661,0,438,0,0,0,0,0,0.0,0.0,8.774787059601174,0,False,True
18888,15248338911324763,2,2801,1321,1271,2000,1238,1194,6.578184617503318,6.536033777769785,11.451726268074506,10.311748315004959,True,False
18889,708225000000000000,71,5917,4657,4057,2000,1001,977,4.54770591381312,4.542038058964916,12.530650179750014,11.986197587206274,True,False
18890,780543750000000000,78,6293,4851,4227,2000,1024,995,4.389470183734494,4.382078036510828,12.619532227572051,12.045418397030792,True,False
18891,65835000000000000,7,3645,2286,2114,2000,1086,1054,4.760121093765722,4.742423059879545,11.8317030992143,11.045759661382682,True,False
18892,77805000000000000,8,27,22,22,2000,22,22,4.04192857757522,4.04192857757522,4.754887502163468,4.459431618637297,True,False
18893,16783496027228860765,1678,4300,4237,3429,2000,187,185,5.0344252769951785,5.031462725769186,12.070120944476823,11.743572188935634,True,False
18894,24937500000000000000,2494,8764,7629,6360,2000,1009,992,5.6525791949238835,5.651579478030654,13.097373768990222,12.634811050171718,True,False
18895,365136050581390429603,36514,9411,8244,6878,0,0,0,0.0,0.0,13.200132314564758,12.74777340052679,False,True
18896,57057227562220287864,5706,5356,5289,4288,2000,200,199,4.862553194541308,4.8619530895229275,12.386940245324311,12.066089190457772,True,False
18897,4987500000000000,0,896,0,0,0,0,0,0.0,0.0,9.807354922057604,0,False,True
18898,9122360601503759398,912,4215,4147,3339,2000,198,197,4.637147277277753,4.636337506038128,12.041316915829444,11.705200378063116,True,False
18899,55605028936886819464,5561,5356,5283,4267,2000,299,299,5.341577774103443,5.341577774103444,12.386940245324311,12.059006395201111,True,False
18900,100250626566416040,10,1251,1153,1097,2000,366,365,4.519961317141808,4.518760716841658,10.28886607416582,10.099347810403193,True,False
18901,19873430560199835150,1987,808,730,653,2000,140,140,5.695118435618908,5.695118435618909,9.658211482751796,9.350939181546432,True,False
18902,4986769478777597824,499,7731,6578,5532,2000,995,978,5.045960225398856,5.044331033835261,12.916439322580777,12.433585441150495,True,False
18903,228937734687923565,23,1573,1495,1350,2000,292,292,4.370471701285517,4.370471701285517,10.619302955415687,10.398743691938193,True,False
18904,4072469193910950000,407,1776,1769,1500,2000,87,86,4.2931618466889025,4.291431680896643,10.794415866350105,10.550746785383243,True,False
18905,46887562165144894866,4689,10236,8693,7097,2000,1230,1190,5.347827561944967,5.345407345492005,13.321364432039447,12.792993591002716,True,False
18906,4188816098679439515,419,3764,3709,2988,2000,202,201,4.374654731783993,4.373431762191464,11.878050912728536,11.544964432789238,True,False
18907,25062656641604010,3,2468,1357,1318,2000,961,945,5.281154329183206,5.268193102123952,11.269126679149418,10.364134655008051,True,False
18908,64274378251423200000,6427,2957,2945,2467,2000,102,100,5.231986215023687,5.231491628001974,11.529918528120325,11.268542000300123,True,False
18909,9245115262898692526,925,4240,4171,3326,2000,204,203,5.0377209863877,5.037217313774898,12.049848549450562,11.699572453287269,True,False
18910,997500000000000000,100,2394,2326,1903,2000,193,192,4.355281865583494,4.353906435761675,11.225207436943501,10.894059846274022,True,False
18911,71659731772015251,7,158,154,149,2000,64,62,4.299485905374176,4.295233845617514,7.303780748177103,7.219168520462161,True,False
18912,698962510373081119,70,5627,4485,3844,2000,1051,1009,4.5230198075752535,4.510413555930738,12.458150248057557,11.90839262077375,True,False
18913,6259875972695491406,626,9034,7559,6167,2000,1249,1206,4.604202589851449,4.598309325628149,13.141149198437516,12.590353130978018,True,False
18914,17955000000000000,2,2877,1408,1353,2000,1240,1197,6.578835489199058,6.537587059584135,11.490349505739287,10.401946123976536,True,False
18915,3981045591752776581,398,3620,3560,2876,2000,209,208,4.430552317171612,4.429419231057066,11.821773981970567,11.489847960439297,True,False
18916,24616026023771956951,2462,4999,4932,4000,2000,190,189,4.412950001069659,4.411739041889076,12.287423811683523,11.965784284662087,True,False
18917,18431363483631672,2,633,374,366,2000,321,315,6.491318145482989,6.4725957610368265,9.306061689428342,8.515699838284043,True,False
18918,2478102607023750000,248,1361,1354,1165,2000,84,83,4.434035889967864,4.433056615432792,10.410451351503994,10.186114239541643,True,False
18919,17511306171502991,2,925,688,684,2000,641,638,6.528542187840419,6.523542187840418,9.853309555403674,9.417852514885897,True,False
18920,6531001575000000000,653,9239,7694,6363,2000,1237,1196,5.00822905621272,5.004494242244142,13.173520992026965,12.635491406251711,True,False
18921,170869230086157178284,17087,5668,5594,4537,0,0,0,0.0,0.0,12.468624042918018,12.147522944350744,False,True
18922,16177137820201544809,1618,4754,4678,3788,2000,309,309,5.47380296344312,5.473802963443118,12.214926187942435,11.887220615468385,True,False
18923,1642357316250000000,164,2893,2838,2323,2000,202,201,4.444972458984858,4.443972049726525,11.4983506079296,11.181773438808808,True,False
18924,104478525876757082,10,4585,3096,2823,2000,1176,1136,4.544081880048911,4.5279819231163705,12.162706018482417,11.463013413449692,True,False
18925,7759058642851433,1,1937,394,386,394,394,386,8.622051819456374,8.576366540268555,10.919608238603253,8.59245703726808,False,False
18926,10500809238318261,1,2000,861,831,861,861,831,9.749869427396842,9.675537255503695,10.965784284662087,9.698704666770345,False,False
18927,6112632824512903185,611,4819,4632,3859,2000,553,551,5.001984048405166,5.001636207194678,12.234518085739989,11.914011328541255,True,False
18928,44867550000000000000,4487,8639,7648,6409,2000,984,974,5.053002171963244,5.052115745370446,13.076648608794276,12.645883554519004,True,False
18929,49875000000000000,5,3053,1937,1792,2000,1024,985,5.093378823129463,5.0693771115422805,11.57601187420678,10.807354922057604,True,False
18930,23555748995017893024,2356,1966,1961,1673,2000,76,75,4.75800563406832,4.757183967389857,10.94104760634058,10.708221730038353,True,False
18931,35231756035413168,4,2387,1490,1449,2000,909,898,4.786295338989717,4.780080873938518,11.220982851081777,10.50084187955693,True,False
18932,16186086221758814476,1619,170,153,148,2000,62,62,5.35282168317529,5.35282168317529,7.409390936137702,7.20945336562895,True,False
18933,5900000000000000,1,1761,216,211,216,216,211,7.7548875021634665,7.69933194660791,10.782179193831208,7.721099188707185,False,False
18934,12315868751481855000,1232,262,234,225,2000,58,58,4.9014929298509955,4.9014929298509955,8.03342300153745,7.813781191217037,True,False
18935,19392345377101953,2,2951,1436,1381,2000,1230,1191,6.575550614654848,6.538654662423479,11.526988205432007,10.43149760425805,True,False
18936,3030063376937621,0,422,0,0,0,0,0,0.0,0.0,8.721099188707186,0,False,True
18937,4235782743491779,0,1434,0,0,0,0,0,0.0,0.0,10.485829308701904,0,False,True
18938,1058235971051175000,106,47,43,43,2000,29,29,4.4950015158692835,4.4950015158692835,5.554588851677638,5.426264754702098,True,False
18939,10025062656641604,1,2447,811,790,811,811,790,9.663558104217273,9.606388525947729,11.25679838607939,9.625708843064466,False,False
18940,49875000000000000,5,3807,2289,2121,2000,1230,1190,4.551748215861183,4.535275348659888,11.894438854562262,11.050528905530555,True,False
18941,954806456746003104,95,2368,2310,1904,2000,203,201,4.452565504291528,4.447594622593499,11.20945336562895,10.894817763307943,True,False
18942,37869679554544539318,3787,9489,8052,6627,2000,1048,1019,5.474729646096161,5.472881609290244,13.21204034123855,12.694140204076431,True,False
18943,189525000000000000,19,800,772,680,2000,109,107,4.324756793731687,4.323889139528785,9.643856189774725,9.409390936137703,True,False
18944,59749752840644154,6,862,614,577,2000,297,292,4.728112900319189,4.719355237364104,9.751544059089099,9.172427508645482,True,False
18945,68515382250000000000,6852,7010,6069,4896,2000,938,901,6.275499957054616,6.273238853440819,12.775198728897985,12.257387842692651,True,False
18946,8907675000000000000,891,5484,4716,3848,2000,761,733,5.12730632974482,5.12126489392232,12.421012855779226,11.909893083770042,True,False
18947,12179108568375000000,1218,5169,4468,3621,2000,700,676,5.265724406641892,5.260661441058909,12.335669486946104,11.822172461476178,True,False
18948,137655000000000000,14,925,711,659,2000,259,255,4.558980247010972,4.552412102511793,9.853309555403674,9.364134655008051,True,False
18949,9930433575297103045,993,8944,7339,6090,2000,1019,990,4.828696226378542,4.8249387381357,13.12670447284319,12.572226512793694,True,False
18950,1403470439865900000,140,768,764,716,2000,65,64,4.271371193803802,4.269250022040312,9.584962500721156,9.483815777264256,True,False
18951,16296135537915961,2,744,417,408,2000,375,368,6.504539071618324,6.4850621670028925,9.539158811108031,8.672425341971495,True,False
18952,401493648583585776427,40149,10342,8910,7296,0,0,0,0.0,0.0,13.33622758948339,12.832890014164741,False,True
18953,371842140204194802,37,3838,2987,2627,2000,812,779,4.447997852336182,4.4349465707746685,11.90613899619538,11.359200485133632,True,False
18954,1283564037834005100,128,7045,5562,4729,2000,968,939,4.531819103934781,4.521014381615461,12.782383991197,12.207319426457804,True,False
18955,8601065534979953265,860,6534,5766,4797,2000,801,795,4.832555621608789,4.831743654425307,12.673750739438063,12.227916724201489,True,False
18956,104948798282909896,10,976,925,860,2000,192,191,5.195679767486524,5.192345878505027,9.930737337562887,9.74819284958946,True,False
18957,18724838952194484648,1872,4709,4660,3737,2000,230,230,5.440134438700689,5.440134438700687,12.201205007299528,11.867664848380745,True,False
18958,169450109924405934,17,3215,2450,2271,2000,786,780,4.436024255682772,4.43345281198144,11.650603022215309,11.149111990706889,True,False
18959,9982366087774310,1,1599,498,484,498,498,484,8.96000193206808,8.898245129854901,10.642954223480332,8.918863237274595,False,False
18960,1623163949153951588,162,7806,6310,5277,2000,1258,1213,4.604607742856808,4.59755567275721,12.930367747438952,12.365502268193117,True,False
18961,1995000000000000,0,341,0,0,0,0,0,0.0,0.0,8.413627929024173,0,False,True
18962,301740448973250000,30,348,285,270,2000,97,97,4.289282451925583,4.289282451925582,8.442943495848729,8.076815597050832,True,False
18963,1943998195488935103,194,2427,2371,1938,2000,151,150,4.3407953570479325,4.336050413967291,11.244958393151133,10.92035285541508,True,False
18964,6474784987080641838,647,3679,3615,2898,2000,185,183,4.770977688581657,4.770107010884328,11.845097960972975,11.50084187955693,True,False
18965,2081657105336939642,208,6356,5465,4651,2000,924,913,4.7164535946826085,4.714806439178963,12.63390340934852,12.183325224524612,True,False
18966,3229654924992891132,323,2275,2251,1828,2000,136,135,4.4470302175192975,4.446696563045485,11.151650829973422,10.83605035505807,True,False
18967,63314319149537900,6,1254,888,829,2000,401,392,4.745353671852342,4.732847418725779,10.29232163280204,9.69522829149575,True,False
18968,29000000000000000000,2900,5048,4980,3984,2000,197,196,4.6315260912853855,4.630721127341061,12.30149619498255,11.960001932068081,True,False
18969,51352398459676953,5,3624,2031,1893,2000,1000,972,4.749919937205633,4.733031938455332,11.823367240046235,10.886458695703706,True,False
18970,12363840094289288,1,2255,1020,981,1020,1020,981,9.99435343685886,9.911643115313176,11.138911718142744,9.938109326219239,False,False
18971,997500000000000000,100,1525,1497,1227,2000,113,113,4.315768110739808,4.315768110739808,10.57459352733761,10.260919533662905,True,False
18972,189525000000000000,19,5261,3763,3372,2000,1234,1195,4.552433972346854,4.537798639170773,12.36112133473479,11.719388820942083,True,False
18973,30752925000000000000,3075,5251,5196,4176,2000,231,229,5.535570865670148,5.535210755066749,12.35837648032824,12.027905996569885,True,False
18974,89775000000000000,9,2567,1851,1778,2000,777,771,4.775196055190451,4.771338246616773,11.325867580575418,10.79603960882977,True,False
18975,9848771522100000000,985,2136,2129,1785,2000,85,84,4.483781433393419,4.482989619844382,11.060695931687555,10.801708358916462,True,False
18976,6244369995352136,1,1763,291,287,291,291,287,8.184875342908283,8.150511081739896,10.783816759320182,8.164906926675688,False,False
18977,5605084921742053143,561,2172,2157,1793,2000,104,103,4.486956715218606,4.486399672360595,11.084808387804362,10.808159772868375,True,False
18978,3041693848511288815,304,7958,6487,5451,2000,1028,998,4.9199108875164566,4.916375744979161,12.958190183693738,12.412305204955272,True,False
18979,5037375000000000000,504,3981,3900,3200,2000,305,305,4.538631986524206,4.538631986524206,11.958915156091349,11.643856189774725,True,False
18980,7017572421215574924,702,4588,4465,3696,2000,435,433,4.545175133593585,4.544405814056715,12.163649676015824,11.851749041416058,True,False
18981,4074654134910178868,407,4389,4227,3542,2000,506,504,5.163391415785854,5.163095119489556,12.099676554859643,11.790348496751914,True,False
18982,6182875791276673391,618,4968,4764,3979,2000,608,606,5.23986807969898,5.239626696226851,12.278449458220482,11.958190183693738,True,False
18983,13054542268248395182,1305,5804,5559,4609,2000,668,665,5.239259766702772,5.238914939116565,12.502831804066744,12.170238052336648,True,False
18984,9989611222716782069,999,5872,5588,4637,2000,725,721,4.916535463763522,4.915963939938123,12.519636252843213,12.178976011374525,True,False
18985,7975327658946983736,798,6098,5692,4725,2000,750,745,4.550971666228483,4.549861697272785,12.574120435009748,12.206098613995797,True,False
18986,8008212469703625722,801,6634,5871,4868,2000,795,789,4.637480178063,4.636239586491599,12.695663296788021,12.249113452713729,True,False
18987,9572014613067483284,957,6664,5899,4887,2000,805,799,5.166137982238242,5.165566587342553,12.702172685365548,12.254733389246674,True,False
18988,7468715326066161810,747,6459,5683,4749,2000,814,805,4.6483849477176715,4.646756347378573,12.65709510488839,12.213408040858337,True,False
18989,117714536388680534,12,4552,2916,2649,2000,1039,1010,5.250788483949213,5.22782224999175,12.152284842306582,11.371232128369622,True,False
18990,69820193528349660762,6982,5618,5564,4468,2000,218,217,5.193978341134487,5.193585462944585,12.455840909126398,12.125413470483315,True,False
18991,9054024822535345524,905,4279,4219,3382,2000,206,205,4.493924691336468,4.493000515743104,12.06305796362349,11.723660944409984,True,False
18992,20255409996179013977,2026,9209,7786,6432,2000,1039,1010,5.376871644085593,5.374580504810023,13.16882878806135,12.651051691178928,True,False
18993,35771183584495320,4,3583,1997,1874,2000,1207,1166,4.783759588780069,4.764421804270993,11.806952328210736,10.871905237659186,True,False
18994,547749133303525165,55,2565,2412,2106,2000,457,455,4.558335122105707,4.557133490823488,11.324743110494417,11.040289721025717,True,False
18995,288800651369761642,29,1846,1747,1546,2000,369,368,4.377227554661383,4.376370228091403,10.850186837645774,10.594324603924848,True,False
18996,7758571718102099,1,1442,339,333,339,339,333,8.405141463136346,8.363843528033101,10.493855449240822,8.379378367071261,False,False
18997,3612671419038841414,361,7507,6335,5333,2000,995,977,4.783819977904699,4.780189008767134,12.874020767658976,12.380731612682995,True,False
18998,6715887191643051,1,354,95,95,95,95,95,6.569855608330948,6.569855608330948,8.467605550082997,6.569855608330948,False,False
18999,46007234210987007798,4601,6988,6042,4875,2000,913,876,5.509891812111405,5.5058409636400185,12.77066389291676,12.251186503524336,True,False
19000,29228786411817897066,2923,6633,5735,4637,2000,896,861,6.251294845227317,6.249133081801803,12.695445810537382,12.178976011374525,True,False
19001,3351130297611107672,335,1438,1258,1105,2000,224,220,4.451026402606549,4.446851690922574,10.489847960439297,10.109830654278793,True,False
19002,9960121449600000000,996,1839,1832,1585,2000,69,68,4.5012134188445465,4.500109781443368,10.844705764411938,10.63026712502677,True,False
19003,46593802446250162,5,1659,1095,1018,2000,561,544,4.955486340776226,4.937850509809344,10.696098170955864,9.991521846075695,True,False
19004,9975000000000000,1,2002,602,588,602,602,588,9.233619676759702,9.182531823766075,10.967226258835993,9.199672344836364,False,False
19005,982847382641681659,98,4582,3904,3360,2000,782,776,4.78604437244349,4.78516355283392,12.161761743304675,11.714245517666123,True,False
19006,6276105465212048716,628,3935,3868,3082,2000,193,192,4.486605915441116,4.485564800644372,11.942147920394849,11.589651146514786,True,False
19007,6318236016807856162,632,3989,3942,3179,2000,222,222,4.819022908250923,4.819022908250924,11.961811408087163,11.634357301137976,True,False
19008,89724063067200255,9,3561,2414,2203,2000,1049,1009,5.023413227401381,5.001881190699548,11.798066720363062,11.105253779700883,True,False
19009,1100000000000000000,110,4312,3569,3022,2000,729,701,4.653138732830054,4.639744000661666,12.074141462752506,11.561287945164828,True,False
19010,9924812030075187969,992,9358,7825,6382,2000,1251,1209,5.164356970536231,5.159813967529853,13.19198451336031,12.639792893279312,True,False
19011,267490624845142667,27,3875,2936,2612,2000,881,847,4.454950851892084,4.44295836446048,11.919980595048962,11.350939181546432,True,False
19012,10131943661646152643,1013,6931,6111,5118,2000,839,829,4.6620261415816255,4.660185324981407,12.75884780310832,12.321364432039447,True,False
19013,2724390524108708036,272,3285,3217,2611,2000,191,190,4.446150501910195,4.444258679741478,11.681677655209691,11.350386742312843,True,False
19014,88872665295690542,9,2417,1686,1543,2000,711,686,4.888440484538897,4.871724532055886,11.239001757765582,10.591522346570734,True,False
19015,3071075850785856110,307,6173,5337,4504,2000,864,851,4.9231112448289585,4.91927796673291,12.59175607602299,12.13699111208023,True,False
19016,34001928232084628884,3400,6534,6258,5173,2000,729,724,5.575678324448662,5.574946851739735,12.673750739438063,12.336785476203755,True,False
19017,9975000000000000,1,13,8,8,8,8,8,3.0,3.0,3.700439718141092,3.0,False,False
19018,1101140250000000000,110,5442,4445,3755,2000,927,889,4.683945992678749,4.6713222974829876,12.409921241249679,11.874597192401634,True,False
19019,9760333804610489159,976,9389,7791,6359,2000,1231,1188,5.048990768946462,5.04551427940625,13.196755792715027,12.6345841934937,True,False
19020,12877725000000000000,1288,6717,5764,4674,2000,914,877,5.313973447925142,5.309204280300703,12.713601313573754,12.190442018782825,True,False
19021,1497901599040415468,150,6492,5337,4456,2000,1061,1019,4.564296755693235,4.552710552253119,12.664447284547972,12.121533517340032,True,False
19022,4189500000000000000,419,1732,1724,1484,2000,92,90,4.538025865145784,4.537033526147081,10.758223214726724,10.535275376620802,True,False
19023,92767500000000000,9,4372,2803,2582,2000,1219,1179,4.4418841095853265,4.429222383542663,12.094077685671905,11.33427328530719,True,False
19024,15461250000000000000,1546,7906,6783,5477,2000,1057,1016,5.474972755979534,5.47084740677859,12.948732239819615,12.419170165028538,True,False
19025,99248120300751879,10,3526,2420,2211,2000,1017,979,5.589777361634869,5.562198413710341,11.783816759320182,11.110483309816226,True,False
19026,937650000000000000,94,2321,2278,1889,2000,214,214,4.536607053846801,4.536607053846801,11.180530807344482,10.88340698638837,True,False
19027,47880000000000000,5,2690,1719,1655,2000,949,938,4.777117087673691,4.771510243552157,11.393390457443987,10.69261550169458,True,False
19028,11970000000000000000,1197,9203,7587,6263,2000,1074,1043,5.307403059050446,5.304470389219749,13.16788851318065,12.612638163604771,True,False
19029,13466250000000000000,1347,4803,4178,3389,2000,638,618,5.089571651556716,5.083782962921737,12.229720093237413,11.726643921483994,True,False
19030,12069750000000000000,1207,4325,3769,3062,2000,582,563,5.345000015979672,5.340269645495981,12.078484417411449,11.580258567499788,True,False
19031,15361500000000000000,1536,4189,3670,2985,2000,569,550,5.443900211196716,5.439158440943672,12.032390168866524,11.543515216152167,True,False
19032,2369062500000000000,237,2853,2449,2069,2000,441,428,4.787010517393152,4.776773632978976,11.47826403158172,11.014717929860009,True,False
19033,2069812500000000000,207,2450,2115,1796,2000,390,380,4.460109229332732,4.448843859445629,11.258566033889933,10.810571634741146,True,False
19034,4669659759033256,0,1559,0,0,0,0,0,0.0,0.0,10.606405212697785,0,False,True
19035,1348567651540293106,135,7579,6113,5124,2000,1243,1199,4.538063234926215,4.525596477513718,12.887791791341588,12.323054760341646,True,False
19036,863835000000000000,86,6429,4986,4330,2000,1027,998,4.3897953450888885,4.3824723707817705,12.650378635397704,12.080151309614088,True,False
19037,28501151155577707,3,1785,1078,1019,2000,684,661,6.172367046405016,6.140954960391081,10.801708358916462,9.992938336165814,True,False
19038,1200650970193309335,120,6539,5368,4586,2000,993,976,4.504701752288598,4.501616789787876,12.67485430794662,12.163020639580793,True,False
19039,18409009873220637,2,637,375,368,2000,322,316,6.4914174362725365,6.472695051826373,9.3151495622563,8.523561956057012,True,False
19040,17881953884692554,2,2802,1396,1341,2000,1227,1184,6.574550302434553,6.533046985317466,11.452241240430817,10.389093521904474,True,False
19041,2741040709462535294,274,1399,1389,1179,2000,83,82,4.468798503930764,4.468264285320303,10.450180247164754,10.203348002979762,True,False
19042,4235079891107492828,424,8766,7263,5976,2000,1257,1212,4.650911452055068,4.644001389265256,13.097702963524654,12.544964432789238,True,False
19043,19950000000000000,2,1505,807,776,2000,670,649,6.478702668135558,6.443911876757419,10.555547771647065,9.599912842187127,True,False
19044,39578190996782082750,3958,10109,8480,6867,2000,1239,1192,5.34034882205436,5.336150338480603,13.303352669926332,12.745464248276843,True,False
19045,152973513699743416,15,1138,1093,997,2000,194,194,4.388102958797639,4.388102958797639,10.152284842306582,9.961449694398196,True,False
19046,89775000000000000,9,3933,2462,2293,2000,1011,980,5.241305091638864,5.215155398167109,11.941414470942911,11.163020639580793,True,False
19047,256377291117857894,26,2158,1673,1487,2000,488,475,4.383665847622454,4.3750721114853555,11.075479149488016,10.53818893205242,True,False
19048,1066608702674663091,107,6543,5314,4537,2000,991,969,4.384299542601472,4.3776146151310105,12.675736555361906,12.147522944350744,True,False
19049,991014255000000000,99,2431,2374,1945,2000,200,199,4.442995727564408,4.441995591182175,11.247334178028728,10.925554439873554,True,False
19050,98002878750000000000,9800,7564,6961,5729,2000,831,821,6.614774854696135,6.5545495620966,12.884933647949762,12.484067622432198,True,False
19051,12209400000000000,1,2639,1105,1066,1105,1105,1066,10.109830654278792,10.029532866085852,11.365775635326269,10.057991722759176,False,False
19052,49165123072190863710,4917,2702,2689,2216,2000,78,77,4.364454660838255,4.363532302644056,11.399811959325685,11.113742166049189,True,False
19053,15951063077502000000,1595,2279,2267,1892,2000,71,71,4.717457452828706,4.717457452828703,11.154185209265297,10.885696373339394,True,False
19054,3401475000000000000,340,8531,6935,5756,2000,1217,1175,4.556956215687217,4.550303692950521,13.058499148184733,12.490850876740298,True,False
19055,73495800000000000000,7350,8173,7312,6125,2000,946,935,6.394657587452114,6.39401109352079,12.996650019175894,12.580494128777294,True,False
19056,4963345510571801058,496,1800,1792,1543,2000,89,87,4.475405736893816,4.47419915682525,10.813781191217037,10.591522346570734,True,False
19057,11916625243234892,1,1574,722,692,722,722,692,9.49585502688717,9.403937398110717,10.620219825507487,9.434628227636725,False,False
19058,2912409789063931816,291,4821,4545,3826,2000,704,700,4.520160043321951,4.519130265582314,12.23511671439625,11.901621158346112,True,False
19059,55959750000000000000,5596,6172,5981,4950,2000,585,583,5.6827315958724895,5.6825583796288575,12.591522346570734,12.273212809854334,True,False
19060,250626566416040100250,25063,4129,4101,3352,0,0,0,0.0,0.0,12.011576703176177,11.710806433699352,False,True
19061,46190242602854488460,4619,9528,8059,6619,2000,1055,1023,6.712659076979694,6.711124292978161,13.217957697864113,12.692397555468485,True,False
19062,17306920264572301,2,305,162,159,2000,144,141,6.366204396128627,6.343687508462878,8.252665432450248,7.312882955284356,True,False
19063,150375939849624060,15,5086,3510,3178,2000,1220,1180,4.393139589809219,4.383644086635098,12.312315746690107,11.63390340934852,True,False
19064,23271487219530358,2,3264,1641,1561,2000,1214,1168,6.570136743228886,6.526731015993191,11.672425341971495,10.608254821977908,True,False
19065,5985000000000000,1,1737,222,217,222,222,217,7.794415866350104,7.74036181229605,10.762382038710392,7.7615512324444795,False,False
19066,73538427464250000,7,4127,2589,2388,2000,1200,1160,4.54819082119913,4.532388078444627,12.010877723007034,11.221587121264806,True,False
19067,363357532692000000,36,6004,4459,3920,2000,1225,1185,4.436161416884085,4.428665014344787,12.55170826162069,11.936637939002571,True,False
19068,1097250000000000000,110,7506,5875,4967,2000,1222,1177,4.557224345991647,4.548211563088955,12.873828574886977,12.278159031437237,True,False
19069,375169624137327657492,37517,8774,7836,6586,0,0,0,0.0,0.0,13.09901899101923,12.685186796595348,False,True
19070,39900000000000000,4,2557,1584,1479,2000,900,865,5.303240596572054,5.275413038832029,11.32023644524165,10.530406337099068,True,False
19071,10580247075042535,1,1923,836,806,836,836,806,9.707359132080885,9.63080410815744,10.909143047339898,9.654636028527968,False,False
19072,108105627140013175,11,3581,2545,2319,2000,973,934,5.27810278037815,5.249791601333019,11.806146803320525,11.179287104646004,True,False
19073,34784617363893693176,3478,7349,6569,5440,2000,840,830,5.478568099062905,5.47746719460762,12.843332236217577,12.409390936137703,True,False
19074,317746560771587037264,31775,2176,2171,1830,0,0,0,0.0,0.0,11.087462841250339,10.837627933171404,False,True
19075,9933834637964175854,993,9307,7807,6358,2000,1262,1220,5.314129942959189,5.311551741807058,13.184100491908998,12.634357301137976,True,False
19076,1831135270720177,0,443,0,0,0,0,0,0.0,0.0,8.791162888555018,0,False,True
19077,9004432500000000,1,14,5,5,5,5,5,2.321928094887362,2.321928094887362,3.807354922057604,2.321928094887362,False,False
19078,272035167346258676,27,5118,3552,3143,2000,962,932,4.387090353902913,4.376927714516897,12.321364432039447,11.617926556798752,True,False
19079,2973417014092350000,297,1462,1456,1255,2000,87,86,4.30011796715796,4.298970661921166,10.513727595952437,10.293471648838134,True,False
19080,129675000000000000,13,1079,1019,931,2000,204,203,4.411066110920173,4.409427255139482,10.075479149488016,9.862637357558794,True,False
19081,149625000000000000000,14963,5759,5704,4611,0,0,0,0.0,0.0,12.49160260669611,12.170863950411928,False,True
19082,140141012187988729,14,1088,1045,962,2000,199,199,4.714309337707624,4.7143093377076255,10.087462841250339,9.909893083770042,True,False
19083,949730772213697955,95,3899,3593,3094,2000,718,713,4.379265191623185,4.376080131677222,11.928888439397635,11.595257481449035,True,False
19084,448875000000000000,45,4621,3683,3280,2000,935,924,4.435135402766951,4.432892440822141,12.173989374166535,11.679480099505446,True,False
19085,984130896792861921,98,2361,2292,1890,2000,190,189,4.711427993330779,4.7086762735058905,11.205182326228643,10.884170519108435,True,False
19086,82858137436689475,8,918,670,621,2000,300,295,4.4466269558483456,4.440644049865439,9.842350343413807,9.278449458220482,True,False
19087,3785206316719449966,379,8757,7219,6016,2000,1211,1170,4.88871119620306,4.881876763564727,13.096220996223424,12.554588851677638,True,False
19088,1291101283823516658,129,3836,3202,2714,2000,627,608,4.436664499939271,4.427368323149651,11.905387005018131,11.406205005418855,True,False
19089,6887750000000000000,689,3983,3915,3143,2000,193,192,4.481767365617194,4.480629870949199,11.959639764364185,11.617926556798752,True,False
19090,2294250000000000000,229,3496,3402,2861,2000,367,366,4.778840192716903,4.77850685938357,11.7714894695006,11.482303782323182,True,False
19091,1745625000000000000,175,5464,4660,3969,2000,831,822,4.471826619183682,4.469657906699272,12.41574176829009,11.954559846999834,True,False
19092,38902500000000000,4,2576,1599,1547,2000,955,944,4.774984215526535,4.769377371405001,11.330916878114618,10.595257481449035,True,False
19093,20847750000000000000,2085,4567,4503,3637,2000,205,202,5.531425560263193,5.529573544319003,12.157031074378354,11.828533210455618,True,False
19094,2870801056784424556,287,3417,2921,2436,2000,516,499,4.554786470736589,4.542356066894362,11.738514532429267,11.250298417906333,True,False
19095,7050209513962136520,705,1971,1960,1628,2000,77,76,4.282767550478973,4.281521390453325,10.944712061043486,10.668884984266247,True,False
19096,71785404726143282098,7179,2920,2908,2433,2000,91,90,5.449317875962489,5.41701772178717,11.51175265376738,11.24852060493843,True,False
19097,13339328454285531,1,352,185,181,185,185,181,7.531381460516311,7.488138217273067,8.459431618637296,7.499845887083206,False,False
19098,3950249375780859375,395,8631,7044,5844,2000,1222,1180,5.089029284381263,5.085297387204899,13.075312006460443,12.512740462803498,True,False
19099,598500000000000000,60,6639,5146,4440,2000,1246,1206,4.650432701114143,4.644843013078613,12.696750236522167,12.116343961237469,True,False
19100,977550000000000000,98,7045,5571,4749,2000,1245,1202,4.473556974593844,4.46605657826419,12.782383991197,12.213408040858337,True,False
19101,688275000000000000,69,6725,5255,4506,2000,1246,1202,4.558470884829678,4.548956604555337,12.715318552331349,12.137631598235428,True,False
19102,342658986575308848,34,550,537,511,2000,73,72,4.265664643427986,4.263897088839949,9.103287808412022,8.997179480937621,True,False
19103,1608510233580749167,161,5310,4542,3848,2000,796,790,4.554966128628352,4.553779407360186,12.374496145691516,11.909893083770042,True,False
19104,4468202280444000000,447,1783,1777,1507,2000,93,92,4.5250643484026165,4.5243368467666185,10.800090987624994,10.557463701597824,True,False
19105,81878901833281813113,8188,3136,2792,2303,2000,447,436,6.131687845888697,6.1291905476193005,11.614709844115207,11.169298695792845,True,False
19106,81822680625000000,8,771,565,530,2000,253,249,4.440652370348219,4.434878115376472,9.590587049915035,9.049848549450562,True,False
19107,2493750000000000,0,138,0,0,0,0,0,0.0,0.0,7.108524456778169,0,False,True
19108,5618701547012787,1,157,27,27,27,27,27,4.754887502163469,4.754887502163469,7.294620748891627,4.754887502163468,False,False
19109,44713300139560101,4,146,107,105,2000,76,76,4.999331691158702,4.9993316911587025,7.189824558880018,6.714245517666122,True,False
19110,21267025576249603553,2127,1141,1017,898,2000,177,175,5.617983855192825,5.617154445293574,10.156083076288681,9.810571634741146,True,False
19111,130279378925850000,13,364,282,270,2000,105,105,4.604846649938537,4.604846649938537,8.507794640198696,8.076815597050832,True,False
19112,3690750000000000000,369,1710,1702,1443,2000,89,88,4.600317331168232,4.599814145961988,10.73978060977326,10.494855584491198,True,False
19113,1425849193426259113205,142585,9431,8255,6859,0,0,0,0.0,0.0,13.203195037381263,12.743782540330756,False,True
19114,32435547194313259676,3244,9629,8281,6664,2000,1222,1179,4.649344622554197,4.64376934318866,13.233170262382705,12.702172685365548,True,False
19115,5964877760084425148,596,4628,4470,3721,2000,485,483,4.561872457824396,4.561209590653444,12.17617314910749,11.861474675125773,True,False
19116,4476002991460695079,448,4524,4339,3633,2000,541,539,4.479402624148002,4.4786572593851215,12.14338321398982,11.826945650415485,True,False
19117,2551605000000000000,255,274,243,231,2000,52,52,4.4190981555933435,4.419098155593345,8.098032082960527,7.851749041416057,True,False
19118,978745209407700000,98,874,863,770,2000,80,79,4.246348307258819,4.245345678611435,9.7714894695006,9.588714635582264,True,False
19119,414793554667958224,41,6226,4597,4007,2000,1216,1172,4.392229847878005,4.3809380120843375,12.604089861469179,11.968306794430799,True,False
19120,219849000000000000,22,4329,3223,2875,2000,1019,980,4.730988522657657,4.715707140955525,12.079818085212354,11.4893462407191,True,False
19121,3878599629919147492,388,8007,6490,5440,2000,979,949,4.835695487116781,4.782261096868007,12.967046090863123,12.409390936137703,True,False
19122,79506041549746980,8,4288,2681,2465,2000,1211,1169,4.785412663855473,4.764186092811899,12.066089190457772,11.267371931265274,True,False
19123,199500000000000000,20,4,3,3,0,0,0,0.0,0.0,2.0,1.584962500721156,False,False
19124,99750000000000000,10,8,7,7,3,3,3,1.584962500721156,1.584962500721156,3.0,2.807354922057604,False,False
19125,498750000000000000,50,15,14,13,75,14,13,3.588832118646997,3.485728670129513,3.9068905956085187,3.700439718141092,False,False
19126,498750000000000000,50,118,116,114,2000,37,37,4.256961111872313,4.256961111872313,6.882643049361842,6.832890014164741,True,False
19127,49875000000000000,5,561,494,474,2000,183,182,4.820591607778576,4.817327833317737,9.131856960608793,8.888743248898258,True,False
19128,39894865694042747955,3989,8478,7521,6305,2000,983,971,6.071320639079527,6.070750329212361,13.049508251055096,12.622280655215583,True,False
19129,3840667713931264501,384,3522,3455,2763,2000,192,191,4.580008606164299,4.579151095802715,11.782179193831208,11.432019846812493,True,False
19130,133200925949592006,13,1107,1052,956,2000,208,207,4.437840882172674,4.4361762332622625,10.112439506781552,9.900866807980748,True,False
19131,9975000000000000,1,2077,489,478,489,489,478,8.933690654952233,8.881319202039275,11.020285500844647,8.900866807980748,False,False
19132,786650211984000000,79,719,707,637,2000,78,77,4.4817358803874905,4.4802295211108545,9.489847960439297,9.3151495622563,True,False
19133,993248309802414089,99,787,775,691,2000,63,63,4.189209959579908,4.189209959579909,9.620219825507487,9.432541900388259,True,False
19134,14693626080196392,1,2688,1222,1179,1222,1222,1179,10.255028569818727,10.178424936042592,11.39231742277876,10.203348002979762,False,False
19135,305801917928957643,31,1592,1547,1337,2000,199,199,4.507088792348186,4.507088792348187,10.63662462054365,10.384783750093353,True,False
19136,3990000000000000,0,147,0,0,0,0,0,0.0,0.0,7.199672344836364,0,False,True
19137,74513250000000000000,7451,5491,5452,4357,2000,224,224,5.117978474308443,5.117978474308444,12.422853195944265,12.089119397915168,True,False
19138,4987500000000000,0,991,0,0,0,0,0,0.0,0.0,9.952741247186488,0,False,True
19139,18057713092470558025,1806,2372,2361,1941,2000,91,90,4.91273985922906,4.912424691786524,11.211888294546004,10.922584402713664,True,False
19140,851323208346161855,85,4005,3652,3159,2000,738,733,4.65545285515945,4.653197491678467,11.967586527296072,11.625252221746873,True,False
19141,5357011439845800000,536,1268,1263,1125,2000,66,66,4.25924754760657,4.259247547606569,10.308339030139408,10.1357092861044,True,False
19142,11620875000000000000,1162,4410,4342,3481,2000,197,195,4.770546823988214,4.769679848316445,12.106562940444883,11.765286098723683,True,False
19143,33665625000000000000,3367,5131,5063,4055,2000,202,200,5.000871064048582,5.000269271500947,12.325024310191417,11.985486199104635,True,False
19144,6982500000000000000,698,3991,3923,3106,2000,196,195,4.819067851353403,4.8183803844046995,11.962534563511271,11.600842114387302,True,False
19145,26932500000000000000,2693,5062,4993,4018,2000,204,203,5.117477772204859,5.117013106183561,12.305491792110685,11.972261848733291,True,False
19146,6982500000000000000,698,4015,3945,3139,2000,199,198,4.8662236525115015,4.865615703579209,11.971184272404678,11.616089313582115,True,False
19147,9965025000000000000,997,4342,4273,3414,2000,201,200,4.6760971546610595,4.675346873305551,12.084144010615145,11.737247343027738,True,False
19148,30822750000000000000,3082,5169,5102,4097,2000,206,205,5.000527296007355,4.999995263198663,12.335669486946104,12.0003521774803,True,False
19149,5985000000000000000,599,3908,3841,3085,2000,191,190,4.404601476034458,4.40322745645468,11.932214751968385,11.591054774036781,True,False
19150,14962500000000000000,1496,4676,4609,3741,2000,194,193,4.675694315610098,4.674944198404285,12.191059214531656,11.869208250550827,True,False
19151,16658250000000000000,1666,4751,4683,3789,2000,196,195,4.636535485504157,4.635725741585672,12.214015491410844,11.88760142450871,True,False
19152,9576000000000000000,958,4300,4232,3404,2000,198,197,4.544693582504974,4.543835179914159,12.070120944476823,11.733015321685963,True,False
19153,6583500000000000000,658,4013,3944,3170,2000,196,195,4.488276065180761,4.487359207502079,11.970465440779995,11.63026712502677,True,False
19154,2852850000000000000,285,3326,3257,2651,2000,195,194,4.494367834188501,4.493444046659634,11.699572453287269,11.37232095486726,True,False
19155,3391500000000000000,339,3514,3447,2796,2000,200,199,4.54518555916012,4.544327056077314,11.778898476008376,11.449148645375436,True,False
19156,11860275000000000000,1186,4515,4449,3590,2000,204,203,4.628900380146878,4.62816692457095,12.140510272368221,11.809768128710413,True,False
19157,7481250000000000000,748,4028,3966,3193,2000,205,203,4.819777156249493,4.773097571934172,11.975847968006784,11.640696837570093,True,False
19158,30124500000000000000,3012,5122,5063,4101,2000,204,203,4.6292829742142585,4.628549494184918,12.322491537597468,12.001760028327217,True,False
19159,8578500000000000000,858,4224,4164,3330,2000,206,205,4.533982831052191,4.533136351637031,12.044394119358454,11.701306461958625,True,False
19160,11062275000000000000,1106,4549,4490,3616,2000,199,198,4.3570197566336155,4.355446979967903,12.151333719291655,11.820178962415188,True,False
19161,4389000000000000000,439,3741,3683,2980,2000,203,202,4.443995390059103,4.442995026290459,11.869208250550827,11.541096615349524,True,False
19162,1516200000000000000,152,2855,2799,2292,2000,201,200,4.373378032098142,4.3721552664245085,11.479275030250205,11.162391328756906,True,False
19163,13067250000000000000,1307,4731,4676,3765,2000,212,211,4.774030018275023,4.773415578950906,12.207929445511667,11.87843414955929,True,False
19164,32718000000000000000,3272,5303,5247,4208,2000,205,204,4.868858571049169,4.868298318426168,12.372593033140745,12.038918989292302,True,False
19165,10074750000000000000,1007,4585,4527,3622,2000,205,203,4.501730992556217,4.498132835922874,12.162706018482417,11.822570830950168,True,False
19166,27132000000000000000,2713,5157,5103,4098,2000,239,237,5.7852712580349825,5.784014587751923,12.332316330199218,12.000704269011246,True,False
19167,8179500000000000000,818,4274,4220,3382,2000,215,213,5.129946522334103,5.129406558333228,12.061371192659811,11.723660944409984,True,False
19168,5885250000000000000,589,4017,3965,3186,2000,204,200,4.677280865315775,4.673225976436358,11.971902746045467,11.63753055152531,True,False
19169,11471250000000000000,1147,4522,4478,3592,2000,217,217,5.341438753698142,5.341438753698144,12.14274527675153,11.810571634741146,True,False
19170,10573500000000000000,1057,4428,4389,3513,2000,219,219,4.874364214721813,4.874364214721814,12.112439506781552,11.778487861222372,True,False
19171,6583500000000000000,658,3989,3943,3171,2000,223,223,5.1194917756359635,5.1194917756359635,11.961811408087163,11.630722162103838,True,False
19172,10872750000000000000,1087,4410,4361,3499,2000,227,227,5.319231748560909,5.3192317485609095,12.106562940444883,11.77272694923985,True,False
19173,6982500000000000000,698,4034,3982,3205,2000,224,224,4.9086048809628124,4.9086048809628124,11.977995368612962,11.646108641506103,True,False
19174,3930150000000000000,393,3631,3576,2907,2000,226,226,4.492033402386754,4.492033402386753,11.826151214800207,11.505315356136236,True,False
19175,2164575000000000000,216,3213,3156,2591,2000,238,238,4.536704877692771,4.536704877692772,11.649705265471413,11.339293300180094,True,False
19176,28807800000000000000,2881,5143,5059,4118,2000,341,340,5.000730008449311,4.999510750303824,12.328394438352458,12.007728114632254,True,False
19177,34114500000000000000,3411,5318,5224,4279,2000,381,379,5.624160818313202,5.62341565711853,12.376668061857668,12.06305796362349,True,False
19178,22383900000000000000,2238,5283,5179,4235,2000,412,410,4.416195793373356,4.415195643350853,12.367141694552364,12.04814625421956,True,False
19179,99750000000000000,10,96,94,93,2000,43,43,4.145838938157313,4.145838938157313,6.584962500721156,6.539158811108031,True,False
19180,6023985359232750000,602,1467,1463,1311,2000,68,67,4.344695642206703,4.343056472672455,10.51865315567339,10.356451970221755,True,False
19181,26237854278590206,3,2459,1378,1339,2000,960,947,5.282617527025819,5.273140155301819,11.263856019596082,10.386940245324311,True,False
19182,1343684069968871330,134,2751,2711,2230,2000,213,213,4.536265435692662,4.536265435692663,11.42574042431621,11.122827994807666,True,False
19183,5423906250000000000,542,7546,6524,5496,2000,984,970,4.963359582713519,4.950665210690238,12.88149638481011,12.4241662888181,True,False
19184,164734015856698910,16,4579,3110,2815,2000,982,952,4.557062322418501,4.543930193547012,12.160816849673546,11.458919206967591,True,False
19185,2847547298386534218,285,2410,2103,1784,2000,374,366,4.458438990986874,4.451128056757384,11.234817431117325,10.800899899920305,True,False
19186,109374579680407574,11,2538,1836,1672,2000,679,657,5.242123210807816,5.2181118118249845,11.309476353841106,10.707359132080883,True,False
19187,1127175000000000000,113,7606,6059,5143,2000,1224,1183,4.696417448685071,4.691669400344988,12.892922223630592,12.328394438352458,True,False
19188,537564916788535232,54,2567,2412,2102,2000,465,463,4.6509153634201565,4.650274929985097,11.325867580575418,11.037546953962178,True,False
19189,1313602763831380585,131,2781,2725,2242,2000,208,206,4.994846949870666,4.994258017744921,11.441388029346687,11.130570562805426,True,False
19190,977550000000000000,98,6570,5099,4409,2000,1011,980,4.49893666049972,4.4918075453950035,12.681677655209691,12.106235761615748,True,False
19191,23944015362030421,2,1773,1030,978,2000,719,693,6.5195204709313685,6.479852654159874,10.79197682089869,9.933690654952233,True,False
19192,72725279884159003080,7273,5446,5382,4351,2000,289,289,5.375055416247807,5.375055416247807,12.410981267043796,12.087131301540529,True,False
19193,209018252085549165,21,1367,1313,1166,2000,201,199,4.4131068113618,4.406012571494923,10.41679752760606,10.187352073200497,True,False
19194,197505000000000000,20,3527,2690,2478,2000,854,844,4.4001826926337495,4.396570185745358,11.784225860426252,11.274960472140602,True,False
19195,2117386443260067147,212,3144,3086,2520,2000,202,201,4.394131741763226,4.392883089739842,11.618385502258606,11.29920801838728,True,False
19196,997500000000000000,100,6619,5262,4521,2000,1095,1063,4.873526402332089,4.8699565526441,12.692397555468485,12.14242620231898,True,False
19197,110990994484419934,11,4286,2937,2670,2000,1088,1056,4.425754102479906,4.418673472445308,12.065416134676548,11.382624026574916,True,False
19198,1595118354970726730,160,5939,4899,4106,2000,983,942,5.006515906048285,4.9896480823230425,12.53600431728855,12.003517912108602,True,False
19199,1297449578455978,0,344,0,0,0,0,0,0.0,0.0,8.426264754702098,0,False,True
19200,99806857500000000000,9981,7145,6834,5642,2000,778,772,6.210711858951098,6.210419868885893,12.802718295983178,12.461990950585571,True,False
19201,5586000000000000000,559,7233,6136,5012,2000,1023,982,4.758076331848684,4.749342406492224,12.820378436323683,12.29117069932186,True,False
19202,1941219525004584638,194,982,977,884,2000,63,62,4.2030103976275885,4.200757782622451,9.939579214314692,9.787902559391432,True,False
19203,975789874310353368,98,726,721,676,2000,64,63,4.265207256106558,4.263281225607625,9.50382573799575,9.400879436282183,True,False
19204,948072581945080629,95,731,725,678,2000,66,65,4.301999333260134,4.300707053008906,9.513727595952437,9.405141463136344,True,False
19205,2350554525760352,0,500,0,0,0,0,0,0.0,0.0,8.965784284662087,0,False,True
19206,8125452286600650,1,108,48,48,48,48,48,5.584962500721155,5.584962500721155,6.754887502163468,5.584962500721156,False,False
19207,46991433363921939,5,551,491,470,2000,200,199,4.605291941271636,4.602959703383373,9.105908508571158,8.876516946565,True,False
19208,695113230634610064,70,583,579,556,2000,62,60,4.202937423094024,4.199372683820456,9.187352073200497,9.118941072723507,True,False
19209,603294703556255543,60,554,550,530,2000,66,64,4.234566065476127,4.230588193221815,9.113742166049189,9.049848549450562,True,False
19210,98677780679225030721,9868,4689,4632,3766,2000,163,162,4.904180230962461,4.902347909795843,12.19506456372082,11.878817284614229,True,False
19211,50373750000000000,5,3901,2360,2190,2000,1209,1169,5.198290437479182,5.175318416961249,11.929628283024561,11.096715154488535,True,False
19212,10025062656641604,1,892,400,392,400,400,392,8.643856189774725,8.601968971019316,9.800899899920305,8.614709844115207,False,False
19213,10678482885000000000,1068,4582,4528,3637,2000,215,213,5.081454059522696,5.079707302726262,12.161761743304675,11.828533210455618,True,False
19214,3532596840837815690,353,8235,6934,5699,2000,1182,1137,4.469512360548972,4.457229671416504,13.007552934613717,12.47649307734159,True,False
19215,64081042290208188352,6408,9570,8076,6616,2000,975,946,5.0943849560470245,5.089959928525915,13.224303209373389,12.691743519171276,True,False
19216,5903192856320347,1,979,170,167,170,170,167,7.4093909361377035,7.362332112608291,9.935165049603695,7.383704292474052,False,False
19217,3767575262376632828,377,6858,5948,5045,2000,930,918,4.788916928988894,4.787015585171789,12.743572188935634,12.30063855399372,True,False
19218,73197201927057674,7,4181,2720,2495,2000,1236,1193,4.443796907901729,4.429857547874545,12.029632328044137,11.284824100224624,True,False
19219,8977500000000000000,898,4186,4121,3308,2000,209,208,4.8301969425571025,4.82960331060891,12.031356596255709,11.691743519171276,True,False
19220,188190469154835000,19,2096,1596,1434,2000,521,505,4.516868434030938,4.502979092424393,11.03342300153745,10.485829308701904,True,False
19221,108107468263520100313,10811,8265,7399,6199,0,0,0,0.0,0.0,13.012799104179676,12.597819788645507,False,True
19222,24115995818862323929,2412,7092,6450,5296,2000,805,799,5.889663390835133,5.889088143272447,12.79197682089869,12.370687406807217,True,False
19223,23940000000000000,2,2813,1578,1499,2000,1120,1079,6.536814937757233,6.495168241042872,11.4578938373147,10.54978466794786,True,False
19224,12430620943014814,1,406,208,204,208,208,204,7.700439718141091,7.661978179679552,8.665335917185176,7.672425341971495,False,False
19225,101535525000000000000,10154,10383,8769,7115,0,0,0,0.0,0.0,13.341935726886604,12.796648041413844,False,True
19226,48120300751879698,5,2770,1761,1633,2000,933,895,5.105288135175833,5.080753544099288,11.43567026093655,10.673309075561695,True,False
19227,3242176984347928907,324,3565,3497,2864,2000,283,283,4.911991113366497,4.911991113366496,11.79968636133125,11.483815777264256,True,False
19228,899231762678428972,90,6480,5009,4340,2000,1004,974,4.593739425211203,4.58860039983711,12.661778097771988,12.083479327331842,True,False
19229,2484894232751358846,248,8194,6695,5566,2000,1264,1219,5.049919442653553,5.044278361917417,13.0003521774803,12.442425193331607,True,False
19230,207923418797371801756,20792,4552,4025,3264,0,0,0,0.0,0.0,12.152284842306582,11.672425341971495,False,True
19231,10025062656641604,1,190,145,145,145,145,145,7.1799090900149345,7.1799090900149345,7.569855608330948,7.1799090900149345,False,False
19232,7017543859649122,1,772,180,180,180,180,180,7.491853096329673,7.491853096329673,9.59245703726808,7.491853096329675,False,False
19233,841514671469975,0,234,0,0,0,0,0,0.0,0.0,7.870364719583405,0,False,True
19234,40197402704182213767,4020,4132,3633,2948,2000,540,523,5.342410548166399,5.33729336472746,12.01262453886506,11.52552080909507,True,False
19235,14656448838073036,1,9,7,7,7,7,7,2.807354922057604,2.807354922057604,3.169925001442312,2.807354922057604,False,False
18320,148984942628684332,15,703,538,500,2000,192,188,4.4910810345922245,4.482176157485265,9.457380879072534,8.965784284662087,True,False
18321,8169720096271412091,817,6639,5875,4867,2000,795,789,4.6473090582715795,4.646280429355317,12.696750236522167,12.248817059278503,True,False
18322,38700363406638559555,3870,3542,3515,2898,2000,129,128,4.4979971066476825,4.497711484628388,11.790348496751914,11.50084187955693,True,False
18323,5669740171284000000,567,1957,1950,1654,2000,85,84,4.292280291299261,4.291354105677144,10.934428040626804,10.691743519171276,True,False
18324,11271750000000000000,1127,2291,2278,1910,2000,94,92,4.864813987317492,4.864103818986398,11.161761743304675,10.899356922923111,True,False
18325,558663619889589846,56,1976,1909,1559,2000,185,184,4.435692657802466,4.433632571965556,10.948367231584678,10.606405212697785,True,False
18326,1694141555275451,0,795,0,0,0,0,0,0.0,0.0,9.634811050171718,0,False,True
18327,1324293076863272250,132,1132,1119,974,2000,86,85,4.4220070999479315,4.42089143125087,10.144658242831882,9.927777962082342,True,False
18328,16678200000000000000,1668,2169,2162,1819,2000,92,89,4.523308081593891,4.470665749994112,11.082814337672273,10.828929827651486,True,False
18329,6986715435404592,1,1195,311,311,311,311,311,8.280770770130601,8.280770770130601,10.222794902868111,8.280770770130603,False,False
18330,63425283800787257,6,3264,2163,1993,2000,1016,977,4.743461986135603,4.722523875939908,11.672425341971495,10.960725994839057,True,False
18331,2812950000000000000,281,8393,6760,5621,2000,1221,1176,4.436370747324758,4.427878323753159,13.034970865471827,12.456611099574918,True,False
18332,12536655850341586268,1254,3826,3768,3064,2000,157,156,4.573318331360311,4.570587182236314,11.901621158346112,11.581200581924957,True,False
18333,9129503530935811281,913,212,186,179,2000,57,57,5.035476197219502,5.035476197219501,7.727920454563199,7.483815777264256,True,False
18334,24786025711103265000,2479,5751,4994,4043,2000,766,738,5.6548210498366815,5.65105491060958,12.489597122389307,11.981210488271694,True,False
18335,1995000000000000,0,341,0,0,0,0,0,0.0,0.0,8.413627929024173,0,False,True
18336,9874581669712271422,987,6790,5976,5000,2000,847,837,5.049071620416693,5.047952392569222,12.729195859132094,12.287712379549449,True,False
18337,299345530249278747863,29935,7926,7106,5931,0,0,0,0.0,0.0,12.952377251967985,12.534059656450363,False,True
18338,299250000000000000000,29925,8011,7182,5998,0,0,0,0.0,0.0,12.967766627794514,12.55026580686874,False,True
18339,1329983415352708604,133,5439,4608,3939,2000,860,850,4.743159377495647,4.7416468311832745,12.409125710465315,11.943613701614042,True,False
18340,2979401193246196,0,1162,0,0,0,0,0,0.0,0.0,10.18239435340453,0,False,True
18341,99750000000000000,10,4450,2986,2724,2000,1241,1197,5.580323197885765,5.552659891135778,12.119589620741122,11.411510988012072,True,False
18342,118446007394040145,12,4552,2911,2642,2000,1054,1024,4.4419443751019765,4.431618849982465,12.152284842306582,11.367414751246828,True,False
18343,192002648548164777,19,4915,3296,2934,2000,1057,1027,4.376039068101174,4.36737474369598,12.262975701227942,11.51865315567339,True,False
18344,109055332848858000,11,4420,2857,2603,2000,1071,1040,4.5268357068595435,4.512954920028915,12.109830654278793,11.345959596404112,True,False
18345,87056500654000000,9,3872,2429,2230,2000,1060,1029,4.420452049494242,4.408782124492799,11.918863237274595,11.122827994807666,True,False
18346,93731469083353617,9,3896,2502,2289,2000,1065,1034,4.52561594714403,4.511736548392083,11.927777962082342,11.160501747555687,True,False
18347,29233003630511838,3,2961,1602,1520,2000,1084,1052,5.264057693456674,5.240466214286402,11.531868775177553,10.569855608330949,True,False
18348,120742290974155614,12,4728,3242,2940,2000,1186,1145,4.545713925212187,4.527941580914966,12.207014320177532,11.521600439723727,True,False
18349,194373239722168462,19,5093,3603,3221,2000,1180,1139,4.608767405557178,4.596285899727157,12.314300001897534,11.653292945382814,True,False
18350,51870000000000000,5,4062,2451,2263,2000,1216,1171,5.298616359151081,5.270012540993951,11.987974524296153,11.144020869266893,True,False
18351,2536075396374963966,254,7624,6368,5267,2000,1150,1107,4.508734222872065,4.50089042757628,12.896332403909941,12.362765744153958,True,False
18352,121146776359097456,12,1068,1009,924,2000,199,198,4.355401770496194,4.353828881384875,10.060695931687555,9.851749041416058,True,False
18353,290373641615205593,29,435,423,404,2000,70,69,4.22118129348484,4.218889697292203,8.76487159073609,8.658211482751796,True,False
18354,1829136254112763,0,396,0,0,0,0,0,0.0,0.0,8.62935662007961,0,False,True
18355,975261319111616,0,231,0,0,0,0,0,0.0,0.0,7.851749041416057,0,False,True
18356,5004986055944948721,500,1835,1824,1521,2000,85,83,4.374334238315639,4.3729450769365945,10.841564347730575,10.570804437724497,True,False
18357,10364026832328515392,1036,2240,2228,1870,2000,82,81,4.358585265095645,4.356996668899417,11.129283016944967,10.868822554774999,True,False
18358,52130769418438593560,5213,3271,3256,2718,2000,110,109,4.913751583433633,4.913435683593428,11.675516044082778,11.40832974076739,True,False
18359,37927686899161931007,3793,3145,3129,2617,2000,113,112,5.005989648767423,5.005700387844884,11.618844301766652,11.353698209048035,True,False
18360,9576000000000000000,958,2970,2942,2417,2000,121,121,4.584901352404849,4.58490135240485,11.536247215688128,11.239001757765582,True,False
18361,9980889711860372869,998,3367,3324,2696,2000,137,137,4.664628651216174,4.664628651216175,11.717248005827646,11.396604781181859,True,False
18362,7418037505275075000,742,1913,1902,1581,2000,68,67,4.434663115006988,4.433034341959238,10.901621158346112,10.62662165235837,True,False
18363,146989160115000,0,9,0,0,0,0,0,0.0,0.0,3.169925001442312,0,False,True
18364,471937050375000000,47,5734,4371,3829,2000,1091,1059,4.396388009275349,4.388524182885258,12.485326189240524,11.902751944850161,True,False
18365,9404743982166742,1,2034,541,530,541,541,530,9.079484783826814,9.03512249177506,10.9901039638575,9.049848549450562,False,False
18366,212048336802450373999,21205,1799,1795,1555,0,0,0,0.0,0.0,10.812979471251483,10.602698865017965,False,True
18367,6970695216361647669,697,4995,4796,4000,2000,603,600,5.478533085693453,5.477754006688229,12.286268962679781,11.965784284662087,True,False
18368,5840103802439593521,584,3961,3921,3148,2000,217,217,4.821982262523884,4.821982262523883,11.951648985904619,11.620219825507487,True,False
18369,9679912357173243,1,210,67,67,67,67,67,6.066089190457772,6.066089190457772,7.714245517666122,6.066089190457772,False,False
18370,672141056005679241,67,5566,4433,3888,2000,979,962,4.807225635257409,4.803710598438018,12.442425193331607,11.92481250360578,True,False
18371,798774910036303592,80,6036,4767,4144,2000,1003,978,4.382846274817899,4.372094030439849,12.559377090526683,12.016808287686555,True,False
18372,1117687734623477824,112,4524,3738,3178,2000,757,729,4.460378447213335,4.450630534669728,12.14338321398982,11.63390340934852,True,False
18373,8024887500000000000,802,4149,4102,3296,2000,227,227,5.164442396770781,5.164442396770779,12.01854794187165,11.686500527183219,True,False
18374,3172050000000000000,317,3486,3440,2795,2000,212,212,4.536390487926155,4.536390487926155,11.767356854125685,11.448632567730552,True,False
18375,1624193255952906,0,605,0,0,0,0,0,0.0,0.0,9.240791332161956,0,False,True
18376,6214425000000000000,621,4869,4679,3900,2000,575,573,5.006713764963159,5.006385963780334,12.249409785269128,11.929258408636972,True,False
18377,2676691729323308270,268,3585,3067,2564,2000,546,527,4.502539034361261,4.489278205182423,11.807757403589267,11.324180546618742,True,False
18378,6486645268361741,1,585,123,123,123,123,123,6.942514505339238,6.942514505339238,9.192292814470767,6.94251450533924,False,False
18379,2150680748798237230,215,8106,6614,5521,2000,1253,1212,4.879880515869574,4.873545094022536,12.984774460046841,12.430713885791938,True,False
18380,99750000000000000,10,4252,2923,2669,2000,1197,1155,4.547462999101793,4.530933855176391,12.053925881531105,11.382083590141967,True,False
18381,192234441521206090,19,1261,1207,1084,2000,199,197,4.4910047997700655,4.488519862121864,10.30035256032822,10.08214904135387,True,False
18382,34923472500000000000,3492,4073,4033,3282,2000,147,146,5.226166296722348,5.225957283660734,11.991876099003415,11.680359523513713,True,False
18383,9831368010297010,1,1625,484,472,484,484,472,8.918863237274595,8.863584544088306,10.66622400280318,8.88264304936184,False,False
18384,61869089980650716,6,4042,2497,2307,2000,1213,1172,5.299540774173064,5.273225230898419,11.980853606379736,11.171802288682983,True,False
18385,29860716510277581442,2986,4075,4030,3275,2000,153,151,5.297646423475443,5.297256502803349,11.992584344005802,11.677279191312175,True,False
18386,120111884683638741148,12011,4826,4767,3875,0,0,0,0.0,0.0,12.23661220021575,11.919980595048962,False,True
18387,5438412663679485000,544,1080,949,843,2000,163,160,4.670771933774139,4.667958290731653,10.076815597050832,9.719388820942083,True,False
18388,24937500000000000,2,3248,1662,1583,2000,1211,1171,6.569100081028601,6.531118068332116,11.665335917185176,10.62844554013718,True,False
18389,37905186716361722575,3791,9950,8455,6831,2000,1266,1227,5.7127744892757075,5.711097400537917,13.280480810318373,12.737881076857779,True,False
18390,3196984470917527682,320,4516,4309,3624,2000,618,615,4.6561309719428765,4.655599887277851,12.140829770773001,11.823367240046235,True,False
18391,9758096648168309195,976,2104,2096,1784,2000,94,93,4.30339248232889,4.302555306233857,11.038918989292302,10.800899899920305,True,False
18392,60966861319416604248,6097,10047,8530,6894,2000,1264,1225,5.648896777049759,5.647102355129665,13.294477161427873,12.75112558336727,True,False
18393,18311452896461768,2,1561,825,791,2000,713,687,6.51337946822102,6.473731495279827,10.608254821977908,9.627533884472792,True,False
18394,2539878073063299124,254,3735,3630,3044,2000,413,411,4.384874904010675,4.383763731167738,11.8668925276766,11.571752643503546,True,False
18395,152701753385161699,15,2838,2107,1900,2000,711,687,4.525154323974018,4.510347644887971,11.470658874060552,10.89178370321831,True,False
18396,1002506265664160,0,219,0,0,0,0,0,0.0,0.0,7.774787059601174,0,False,True
18397,99750000000000,0,17,0,0,0,0,0,0.0,0.0,4.087462841250339,0,False,True
18398,3007518796992481,0,309,0,0,0,0,0,0.0,0.0,8.271463027904375,0,False,True
18399,100646583328983826296,10065,2017,2013,1726,0,0,0,0.0,0.0,10.977995368612962,10.753216749178955,False,True
18400,8021599801660898218,802,1967,1960,1686,2000,97,95,4.779348948445544,4.778579677013229,10.94178124227853,10.719388820942083,True,False
18401,128468881615570888,13,1593,1203,1092,2000,420,410,4.7419611661724,4.7292201421820526,10.63753055152531,10.092757140919852,True,False
18402,100743929973648442848,10074,7576,6800,5646,0,0,0,0.0,0.0,12.887220615468385,12.463013413449692,False,True
18403,9936296936197076,1,1215,386,378,386,386,378,8.592457037268082,8.543869245811699,10.246740598493144,8.562242424221072,False,False
18404,832666965711461928,83,2768,2637,2270,2000,442,440,4.459550406521776,4.458641150293371,11.434628227636725,11.148476582178278,True,False
18405,110503884114812895,11,996,953,890,2000,203,203,4.400078228928069,4.400078228928069,9.960001932068081,9.79766152585376,True,False
18406,1102159140626501,0,661,0,0,0,0,0,0.0,0.0,9.368506461507693,0,False,True
18407,380568063726461700492,38057,570,527,484,0,0,0,0.0,0.0,9.154818109052105,8.918863237274595,False,True
18408,418950000000000000,42,3146,2866,2540,2000,711,707,4.542661059633359,4.541454968875031,11.619302955415687,11.310612781659529,True,False
18409,369075000000000000,37,3806,3038,2719,2000,792,786,4.436882538520194,4.434311309105838,11.894059846274022,11.40886043602476,True,False
18410,3758763506453747,0,1413,0,0,0,0,0,0.0,0.0,10.46454575033394,0,False,True
18411,14912625000000000000,1491,5031,4926,4038,2000,432,430,5.271833507455797,5.27150015189876,12.296629474285503,11.979425195331473,True,False
18412,3546276632514423128,355,8006,6538,5485,2000,988,958,4.759932282011977,4.755690624397935,12.966865900387539,12.421275905290555,True,False
18413,2883972195454477212,288,1256,1250,1113,2000,74,73,4.618737322244311,4.617919287295038,10.294620748891626,10.12023787734196,True,False
18414,3990000000000000000,399,8670,7156,5920,2000,1244,1202,4.697247119867588,4.689255030475399,13.081816278109198,12.531381460516313,True,False
18415,807975000000000000,81,6916,5425,4647,2000,1252,1207,4.879615466213007,4.872210380039732,12.755722153642282,12.182083929510725,True,False
18416,18237866245506330,2,2169,1127,1079,2000,974,936,6.534045622122381,6.492628961560731,11.082814337672273,10.075479149488016,True,False
18417,14930672320680425,1,503,272,267,272,272,267,8.087462841250339,8.050698135367988,8.974414589805527,8.060695931687555,False,False
18418,199654595352676228867,19965,2906,2893,2357,0,0,0,0.0,0.0,11.504818987632841,11.202736043250168,False,True
18419,7630875000000000000,763,1960,1952,1678,2000,90,88,4.486841625911001,4.485521029793411,10.936637939002571,10.712527000439824,True,False
18420,9576000000000000000,958,4419,4361,3498,2000,209,208,4.77102412393937,4.770412910959429,12.109504215757006,11.772314573921653,True,False
18421,248099095996055001,25,3221,2453,2187,2000,743,717,4.428103224483967,4.4149617855536825,11.653292945382814,11.094737505048093,True,False
18422,442704991612505416,44,1032,1008,855,2000,131,130,4.3016717909342965,4.301136999630138,10.011227255423254,9.73978060977326,True,False
18423,16153912478744153,2,259,191,189,2000,169,168,6.407262277434136,6.400760652027785,8.016808287686555,7.562242424221073,True,False
18424,26812883159211364,3,293,181,177,2000,121,121,5.243392134340321,5.243392134340322,8.194756854422248,7.467605550082998,True,False
18425,49875000000000000,5,573,506,484,2000,184,183,4.595643033733081,4.593108982418541,9.162391328756906,8.918863237274595,True,False
18426,448875000000000000,45,1781,1718,1473,2000,198,197,4.405611377839648,4.404511102770882,10.798471801101618,10.524541715035848,True,False
18427,38642597322533367,4,3628,2137,1987,2000,1242,1199,4.789417744599529,4.7673543952676685,11.824958740528523,10.95637615724967,True,False
18428,152277354368411224802,15228,5401,4729,3824,0,0,0,0.0,0.0,12.39901083295199,11.900866807980748,False,True
18429,1991620615614973193,199,3561,3016,2542,2000,559,541,4.380076551931422,4.369478053093025,11.798066720363062,11.311748315004959,True,False
18430,1059231092250345766,106,3136,3013,2564,2000,433,431,4.685632718990399,4.685007679925455,11.614709844115207,11.324180546618742,True,False
18431,9960184769304000000,996,2133,2126,1795,2000,90,89,4.37699280073832,4.376202760811089,11.058668250340572,10.809768128710413,True,False
18432,436050157327338750,44,168,138,133,2000,51,51,4.336292181847947,4.336292181847947,7.392317422778761,7.05528243550119,True,False
18433,36452790456517553,4,3625,2082,1943,2000,1227,1186,4.7869398145749695,4.767458755645974,11.82376527978966,10.924070185585345,True,False
18434,119700000000000000000,11970,8474,7578,6356,0,0,0,0.0,0.0,13.04882741336389,12.63390340934852,False,True
18435,215460000000000000000,21546,8752,7803,6554,0,0,0,0.0,0.0,13.095397022792557,12.67815995754276,False,True
18436,6733125000000000000,673,3892,3824,3041,2000,182,181,4.4866156141237195,4.4841160006702765,11.926295994781112,11.570330101030798,True,False
18437,8565584087827200000,857,9344,7837,6468,2000,1220,1178,5.443104043202216,5.440429293943418,13.189824558880018,12.659103963473662,True,False
18438,206519688226576001,21,5168,3849,3425,2000,1197,1153,4.439485033692232,4.419562270795044,12.335390354693924,11.74188827273525,True,False
18439,99177142580293893,10,4111,2831,2581,2000,1163,1122,5.784647958328148,5.755691173701495,12.005273656563938,11.33371442609397,True,False
18440,582438561998430848,58,1617,1564,1286,2000,150,150,4.413319660064682,4.413319660064682,10.659103963473662,10.328674927327947,True,False
18441,3176749756840800000,318,1608,1601,1349,2000,82,81,4.33967264822504,4.3385073257826665,10.651051691178928,10.397674632948268,True,False
18442,829535840447535629,83,1898,1838,1498,2000,163,162,4.366169406461745,4.362033651934324,10.89026427702111,10.54882190845875,True,False
18443,4624698532860000000,462,1731,1720,1423,2000,81,80,4.48631707008234,4.485754185354256,10.757390009366638,10.474719946526482,True,False
18444,1450626566416040100,145,2155,1858,1595,2000,366,358,4.510683219650601,4.505584237075194,11.07347215397646,10.639340708652231,True,False
18445,1002506265664160,0,215,0,0,0,0,0,0.0,0.0,7.7481928495894605,0,False,True
18446,3208020050125312,0,29,0,0,0,0,0,0.0,0.0,4.857980995127572,0,False,True
18447,4987500000000000,0,28,0,0,0,0,0,0.0,0.0,4.807354922057604,0,False,True
18448,2588988856432013,0,24,0,0,0,0,0,0.0,0.0,4.584962500721156,0,False,True
18449,9975000000000000,1,112,73,73,73,73,73,6.189824558880018,6.189824558880018,6.807354922057604,6.189824558880018,False,False
18450,8765433021550590000,877,136,124,120,2000,49,49,4.9888292465542055,4.9888292465542055,7.087462841250339,6.906890595608519,True,False
18451,888310289817658405,89,1799,1746,1427,2000,151,151,4.392515441702771,4.392515441702771,10.812979471251483,10.478769619475763,True,False
18452,952478088662079937,95,1902,1843,1509,2000,155,154,4.435430386705925,4.431949894360819,10.893301530860564,10.559377090526683,True,False
18453,185149297264122832904,18515,2561,2553,2095,0,0,0,0.0,0.0,11.322491537597468,11.032734528586714,False,True
18454,778050000000000000,78,6313,4844,4214,2000,984,954,4.564536152917347,4.558981744673685,12.624110035762989,12.040974598817305,True,False
18455,59850000000000000,6,193,186,177,2000,86,85,4.640025471219288,4.638080609724214,7.592457037268081,7.467605550082998,True,False
18456,1683366115732240323,168,2938,2878,2380,2000,258,258,4.5869745399046735,4.586974539904675,11.52061868055628,11.216745858195306,True,False
18457,49875000000000000,5,143,130,127,2000,70,69,4.343212669946269,4.3405464914344085,7.159871336778389,6.9886846867721655,True,False
18458,27459738600000000,3,969,618,594,2000,394,385,5.761315471476116,5.742154712710069,9.92035285541508,9.214319120800766,True,False
18459,42269885303803303267,4227,9732,8341,6711,2000,1275,1229,6.228649521088637,6.2073093593526645,13.24852060493843,12.712312041780274,True,False
18460,7388836398665863155,739,3739,3675,2944,2000,186,184,4.778385972231311,4.777503397472542,11.868436755858168,11.523561956057012,True,False
18461,25977500000000000,3,2752,1576,1492,2000,1066,1027,6.513413812436255,6.472042826572412,11.426264754702098,10.543031820255237,True,False
18462,4968391861203927486,497,233,231,218,2000,55,55,4.955720361495412,4.955720361495411,7.864186144654281,7.768184324776926,True,False
18463,873009941117014,0,480,0,0,0,0,0,0.0,0.0,8.906890595608518,0,False,True
18464,3422407427050913818,342,8268,6623,5566,2000,1047,1018,4.5012620911259695,4.495520771898116,13.013322673425447,12.442425193331607,True,False
18465,218556387319812029,22,4977,3391,3011,2000,996,967,4.523412174137395,4.516393779041106,12.28106067167702,11.556026992724677,True,False
18466,4599953669847579524,460,8379,6783,5671,2000,1008,979,4.501220404231642,4.494353942310115,13.032562359001107,12.469387440964345,True,False
18467,2333133286604921,0,1069,0,0,0,0,0,0.0,0.0,10.06204613772049,0,False,True
18468,26609248864447935000,2661,4366,3841,3117,2000,589,570,5.88850108050485,5.885235976735201,12.092096414990792,11.605942439625368,True,False
18469,324486750000000000000,32449,9245,8134,6803,0,0,0,0.0,0.0,13.174457604291558,12.731955373771934,False,True
18470,2915808190050000000,292,6339,5303,4398,2000,974,934,4.467039408582245,4.458377133666051,12.630039552656097,12.102631888854969,True,False
18471,1453756009378090582,145,7052,5796,4842,2000,1149,1105,4.530394657838384,4.521175982315885,12.783816759320182,12.241387363998937,True,False
18472,189049723794062714168,18905,8204,7345,6150,0,0,0,0.0,0.0,13.002111776479852,12.586370695113965,False,True
18473,580000000000000000,58,2033,1964,1657,2000,196,194,4.488165559514592,4.457017117061711,10.989394499844732,10.694357887221452,True,False
18474,7656935066734458403,766,8882,7564,6140,2000,1209,1164,5.16669336696254,5.161395822230296,13.116668855967113,12.584022940257542,True,False
18475,64560332748644559758,6456,7435,6667,5517,2000,809,803,5.277031318513044,5.276517055488073,12.86011702693978,12.429668265133094,True,False
18476,9669980902637091836,967,6728,5965,4935,2000,812,806,5.415161619056723,5.414686067240005,12.715961990255144,12.26883436934376,True,False
18477,2889302007585000,0,376,0,0,0,0,0,0.0,0.0,8.554588851677638,0,False,True
18478,97140626235138460,10,834,787,747,2000,206,206,4.359371749632097,4.359371749632097,9.703903573444663,9.544964432789238,True,False
18479,2959929649157258820,296,1062,1057,960,2000,67,66,4.300331641131898,4.246565021057689,10.052568050804153,9.906890595608518,True,False
18480,2536075792175448,0,984,0,0,0,0,0,0.0,0.0,9.94251450533924,0,False,True
18481,40100250626566416,4,2833,1766,1644,2000,988,949,5.264371335825994,5.236296169643933,11.468114886378098,10.682994583681683,True,False
18482,10855974079713000000,1086,2216,2209,1861,2000,95,94,4.527558089190334,4.527028829765475,11.113742166049189,10.861862340059151,True,False
18483,1152571199376924226,115,3291,3136,2667,2000,462,460,4.42318841301933,4.422110061093509,11.68431031112435,11.381002109550925,True,False
18484,30000000000000000,3,1185,952,939,2000,633,630,6.543172908246611,6.5383150020042,10.210671343785622,9.874981347653774,True,False
18485,7498746867167919799,750,8543,7026,5833,2000,984,954,4.965151258400137,4.917267059948558,13.060527067048643,12.510022358813766,True,False
18486,9975000000000000000,998,7567,6661,5619,2000,927,916,4.860652840909419,4.859395906258769,12.885505729792254,12.456097684964202,True,False
18487,9281737500000000000,928,7611,6690,5624,2000,936,924,4.75012862475758,4.748096326484655,12.893870304785095,12.457380879072534,True,False
18488,126682500000000000,13,2043,1531,1386,2000,537,520,4.752917774912522,4.735114494265382,10.996473488733228,10.436711542137214,True,False
18489,477558495041250000,48,666,659,612,2000,81,80,4.623995592487477,4.622115191156807,9.379378367071261,9.257387842692651,True,False
18490,543836686991101267,54,1265,1053,935,2000,260,256,4.426742227651468,4.423452738448638,10.304921669581672,9.868822554774999,True,False
18491,4149876466124327,0,771,0,0,0,0,0,0.0,0.0,9.590587049915035,0,False,True
18492,2284628052576720650,228,2442,2116,1796,2000,387,378,4.502095002075129,4.4935299058162625,11.253847484987404,10.810571634741146,True,False
18493,59147869674185463,6,1017,737,692,2000,347,341,4.733810610086827,4.724806107835702,9.9901039638575,9.434628227636725,True,False
18494,935070787082775000,94,857,850,776,2000,89,87,4.356316265027855,4.355148912662964,9.7431513941125,9.599912842187127,True,False
18495,193395952566990312,19,419,408,389,2000,80,79,4.3517375339893425,4.350323170135125,8.710806433699352,8.603626344986193,True,False
18496,14526827842967281951,1453,9804,8266,6773,2000,1219,1177,5.048626069021679,5.043668079645014,13.25915476886684,12.7255792804196,True,False
18497,98340964904280000,10,1616,1153,1055,2000,466,455,5.107484785904428,5.091751775670423,10.658211482751796,10.043027283594547,True,False
18498,778050000000000000,78,433,370,346,2000,101,101,4.37787875327882,4.377878753278819,8.758223214726724,8.434628227636725,True,False
18499,595609116716909239665,59561,1629,1624,1399,0,0,0,0.0,0.0,10.669770888525518,10.450180247164754,False,True
18500,404544069084147938,40,4442,3541,3172,2000,915,904,4.51444680805149,4.5117604145085295,12.116993677546981,11.63117705570398,True,False
18501,371875503088195538,37,4333,3424,3072,2000,920,909,4.393022154680438,4.390092634049433,12.08115052127187,11.584962500721156,True,False
18502,278385761831323829,28,4076,3161,2866,2000,926,914,4.391970026135993,4.38778902905969,11.992938336165814,11.484822894262146,True,False
18503,996386035679417512,100,6105,4934,4265,2000,995,977,4.6259111099465295,4.622941381522183,12.575775579874765,12.058330026205653,True,False
18504,42434401638155511,4,3160,1817,1735,2000,1005,979,5.239320953560779,5.219777890066416,11.625708843064466,10.760719947465624,True,False
18505,104919104833000608,10,4271,2718,2488,2000,956,927,4.436049938943913,4.423940793744507,12.060358182642142,11.280770770130603,True,False
18506,88009495257358483,9,3971,2384,2188,2000,998,969,4.418163020843096,4.406452243758681,11.955286645524469,11.095397022792557,True,False
18507,7864759394136900914,786,8706,7321,6063,2000,1089,1057,5.309570860676474,5.306975613240575,13.0877943047879,12.565816107100892,True,False
18508,99750000000000000,10,4445,2984,2724,2000,1238,1195,4.5038299286233805,4.490826617863739,12.117967703717133,11.411510988012072,True,False
18509,798000000000000000,80,6778,5375,4595,2000,1236,1193,4.710654030765826,4.704994614748835,12.726643921483994,12.165849146176397,True,False
18510,332167500000000000,33,5646,4328,3793,2000,1190,1146,4.54644728278687,4.527877311249279,12.463013413449692,11.889123656294238,True,False
18511,8359050000000000000,836,5444,4684,3822,2000,754,726,5.242562235436865,5.236996204560004,12.410451351503994,11.900112062977456,True,False
18512,14942550000000000000,1494,4405,3843,3122,2000,586,567,5.345128405876839,5.3405358401137715,12.104926303807776,11.608254821977908,True,False
18513,14225180300690760,1,641,344,338,344,344,338,8.426264754702096,8.391381033771864,9.324180546618742,8.400879436282183,False,False
18514,32379847500000000000,3238,9864,8361,6741,2000,1271,1228,5.205958442355582,5.203019096660329,13.26795708440284,12.718746909901064,True,False
18515,990711748137131022,99,2353,2294,1885,2000,204,203,4.413209390035913,4.4120983911469125,11.200285605224298,10.880348808156027,True,False
18516,102742500000000000,10,4529,3198,2904,2000,1198,1156,4.590055895778034,4.5747612746798225,12.144976824050111,11.50382573799575,True,False
18517,4511278195488721804,451,6838,5967,5040,2000,907,897,4.85346508105696,4.852179443265715,12.739358707433395,12.29920801838728,True,False
18518,180371584322197010,18,3880,2888,2667,2000,966,956,4.538565877757582,4.534565877757583,11.92184093707449,11.381002109550925,True,False
18519,997500000000000000,100,5360,4491,3893,2000,888,877,4.473269044249386,4.4697231197894025,12.388017285345136,11.926666629347283,True,False
18520,6000000000000000000,600,7731,6650,5587,2000,972,959,4.726430346864294,4.724478319364045,12.916439322580777,12.44785810495403,True,False
18521,3027568922305764411,303,7388,6219,5240,2000,999,981,4.642377691834771,4.6388996892863705,12.850968150982439,12.355351096424812,True,False
18522,19414116369682650000,1941,2294,2286,1912,2000,82,81,4.305081737372781,4.303840839321072,11.163649676015824,10.900866807980748,True,False
18523,25975296369798528358,2598,2457,2446,1997,2000,76,75,4.414655707587128,4.413756295963509,11.262682142362165,10.963618617443972,True,False
18524,2143161084864743,0,64,0,0,0,0,0,0.0,0.0,6.0,0,False,True
18525,369075000000000000,37,6036,4541,3985,2000,1238,1198,4.3940967583430774,4.383696864559001,12.559377090526683,11.960364008877834,True,False
18526,34912500000000000,3,16,14,14,66,14,14,3.4332819003155852,3.4332819003155852,4.0,3.807354922057604,False,False
18527,26159566827049604202,2616,5068,4997,4021,2000,192,191,4.403053414583756,4.401852573995345,12.30720080914081,11.97333862080036,True,False
18528,1208342895796022166,121,972,959,839,2000,74,73,4.294901702488021,4.293703659962442,9.92481250360578,9.712527000439824,True,False
18529,269309886679448608120,26931,5578,5511,4482,0,0,0,0.0,0.0,12.445532219028312,12.129926933510394,False,True
18530,170426065162907268,17,1207,1139,1002,2000,191,190,4.389468488524517,4.387465985395605,10.237209960755022,9.968666793195208,True,False
18531,992738898347630741,99,6566,5029,4337,2000,979,949,4.399731631828786,4.391632152024874,12.680799034572981,12.082481727863103,True,False
18532,1005336301925175332,101,7332,5839,4980,2000,1180,1140,4.3948215542420686,4.383457308899532,12.839991070539886,12.281930026955443,True,False
18533,1002506265664160401,100,6071,4949,4163,2000,1036,995,4.500343377506114,4.489079031024316,12.567718457850754,12.023407843140218,True,False
18534,3632930008891785,0,1445,0,0,0,0,0,0.0,0.0,10.496853777388042,0,False,True
18535,9949460361769982172,995,844,841,731,2000,63,63,4.757471100764418,4.757471100764419,9.721099188707186,9.513727595952437,True,False
18536,2999683247326513,0,831,0,0,0,0,0,0.0,0.0,9.698704666770345,0,False,True
18537,244387500000000,0,60,0,0,0,0,0,0.0,0.0,5.906890595608519,0,False,True
18538,4987500000000000,0,1528,0,0,0,0,0,0.0,0.0,10.57742882803575,0,False,True
18539,91116771643800000,9,210,198,193,2000,68,67,4.326467491475174,4.323219070149913,7.714245517666122,7.592457037268081,True,False
18540,990951916281780999,99,790,778,695,2000,66,66,4.215030597827295,4.215030597827296,9.625708843064466,9.44086916761087,True,False
18541,1150510104046574964,115,3417,3243,2766,2000,500,498,4.534409609275962,4.533714621872608,11.738514532429267,11.433585441150495,True,False
18542,504800310262056173,50,2890,2683,2370,2000,611,608,4.456621472117038,4.455566338922876,11.496853777388042,11.210671343785622,True,False
18543,4856927250000000000,486,5214,4454,3660,2000,745,717,4.7509255773656935,4.740257754425899,12.348174867535556,11.837627933171404,True,False
18544,6637108906640323457,664,4709,4552,3784,2000,481,479,5.003552246080025,5.003140939648613,12.201205007299528,11.885696373339394,True,False
18545,55372222500000000000,5537,7417,6643,5510,2000,833,824,5.684752416282271,5.683885528309769,12.856620053676846,12.42783660345852,True,False
18546,1655850000000000000,166,6183,5103,4269,2000,1000,961,4.379294777915576,4.367329075018145,12.594091290260412,12.059682447247638,True,False
18547,2421000302128162954,242,5740,4939,4184,2000,826,817,4.471549724433944,4.469381110527374,12.486835021563051,12.030667136246942,True,False
18548,494677381626722627,49,5530,4181,3681,2000,1018,992,4.661559002498587,4.657370155966731,12.43306376512207,11.845882034384061,True,False
18549,9058002813836205023,906,9307,7787,6351,2000,1246,1207,5.027034882327982,5.022990589369004,13.184100491908998,12.632768054728745,True,False
18550,13266750000000000000,1327,5580,5366,4453,2000,629,627,5.087297217185964,5.0870572027851,12.44604940671655,12.120561896442904,True,False
18551,46103452500000000000,4610,10171,8681,7096,2000,1201,1160,5.309104044007742,5.305812259152571,13.312173909690445,12.792790294301064,True,False
18552,1064544034488008918,106,121,105,101,2000,40,40,4.501200873938805,4.501200873938805,6.918863237274595,6.658211482751795,True,False
18553,4046643557864215943,405,1514,1508,1321,2000,73,71,4.65954403563739,4.658288629420972,10.564149489985732,10.367414751246828,True,False
18554,9907647115118933094,991,5509,5276,4393,2000,652,649,5.046557941977575,5.0461412232210625,12.42757474756509,12.100990784092762,True,False
18555,7980000000000000,1,100,42,42,42,42,42,5.39231742277876,5.39231742277876,6.643856189774724,5.392317422778761,False,False
18556,153500815571779475,15,5110,3522,3183,2000,1210,1170,5.3932398345270025,5.375830149431437,12.319107575824983,11.636171441635922,True,False
18557,11975000000000000,1,2642,1055,1017,1055,1055,1017,10.043027283594547,9.96244003240151,11.367414751246828,9.9901039638575,False,False
18558,3990000000000000,0,1445,0,0,0,0,0,0.0,0.0,10.496853777388042,0,False,True
18559,158000000000000000,16,5175,3639,3262,2000,1229,1188,4.551614233046959,4.536153897153547,12.33734314727405,11.671541066711884,True,False
18560,119001750000000000,12,4855,3369,3055,2000,1242,1202,4.553640009343347,4.536964202470786,12.245255580306555,11.576956664706092,True,False
18561,2188677915398352585,219,3172,3128,2562,2000,204,204,4.516867697917622,4.516867697917622,11.63117705570398,11.323054760341646,True,False
18562,4955849641538684,0,1351,0,0,0,0,0,0.0,0.0,10.399811959325685,0,False,True
18563,3639877500000000000,364,4563,3885,3216,2000,669,646,4.5803559104715434,4.569158109789152,12.155766938445653,11.651051691178928,True,False
18564,8576915031246745273,858,4137,4070,3273,2000,189,188,4.485367623653816,4.484367373591299,12.014369242235137,11.676397887044763,True,False
18565,39900000000000000,4,1325,853,803,2000,469,458,5.267710616320997,5.249318699880898,10.371776644337924,9.649256177517314,True,False
18566,5132832080200501252,513,3820,3754,3021,2000,208,207,4.908545130685822,4.908021233845872,11.899356922923111,11.56081046872794,True,False
18567,11257249714323002744,1126,4804,4703,3850,2000,394,392,5.1622671101751525,5.161018255215137,12.230020435705635,11.910642730469625,True,False
18568,141545250000000000,14,1255,975,891,2000,348,342,4.581411534482278,4.5739542584594926,10.293471648838134,9.799281621521923,True,False
18569,2944956646558213760,294,7997,6376,5368,2000,1038,1007,5.470780526887835,5.4679019704815826,12.965243172556892,12.390168956200183,True,False
18570,14012387609555780102,1401,4530,4479,3596,2000,213,213,4.4087998404893325,4.4087998404893325,12.145295334933598,11.812177305514448,True,False
18571,99750000000000000,10,828,765,704,2000,173,171,4.697143617802572,4.693237124868315,9.693486957499326,9.459431618637296,True,False
18572,195094174702426,0,92,0,0,0,0,0,0.0,0.0,6.523561956057013,0,False,True
18573,6284250000000000000,628,8813,7168,5951,2000,1050,1021,4.592886601836827,4.587964855774924,13.10541748977662,12.538916402464112,True,False
18574,194942028722371648,19,5040,3709,3319,2000,1201,1159,4.590688038124257,4.57545905335625,12.29920801838728,11.6965329140783,True,False
18575,2709373487448885011,271,8275,6685,5583,2000,1231,1188,5.414809056267118,5.378980663919203,13.014543596581943,12.446824840780307,True,False
18576,8820106297396031353,882,6489,5720,4766,2000,802,796,4.964247511235021,4.9635462349730926,12.663780450683134,12.21856323619027,True,False
18577,884210526315789473,88,5870,4715,4026,2000,1063,1021,4.502475982194221,4.491182110939459,12.519144787997414,11.97513145692134,True,False
18578,6008478358312153,1,1292,218,214,218,218,214,7.768184324776927,7.7223127651439,10.335390354693924,7.741466986401147,False,False
18579,396991097165905085443,39699,5641,5574,4529,0,0,0,0.0,0.0,12.461735221604863,12.144976824050111,False,True
18580,997500000000000000,100,6939,5585,4752,2000,1220,1177,4.557329841978059,4.550894599741662,12.760512051357347,12.214319120800766,True,False
18581,997500000000000000,100,4462,3639,3130,2000,786,756,4.50993818656543,4.497383842341395,12.12347479824414,11.61194694181998,True,False
18582,997500000000000000,100,2625,2172,1872,2000,464,451,4.504538244588145,4.492292709681818,11.358101707440847,10.870364719583405,True,False
18583,1995000000000000000,200,716,626,571,2000,115,115,4.340741715935334,4.3407417159353345,9.483815777264256,9.157346935362844,True,False
18584,997500000000000000,100,241,208,197,2000,54,54,4.3778352598401,4.377835259840099,7.912889336229962,7.622051819456376,True,False
18585,70694808183195791882,7069,9560,8165,6736,2000,1059,1031,6.104320191642839,6.10240049699093,13.222794902868111,12.717676423066395,True,False
18586,18078343125734400493,1808,3871,3820,3090,2000,156,156,5.029411657684313,5.0294116576843155,11.918490592292311,11.593391122791736,True,False
18587,6977848058240617507,698,5832,5519,4587,2000,743,739,5.163387736549206,5.162964461190889,12.509775004326936,12.163335192081961,True,False
18588,50436485945877379838,5044,9173,7997,6635,2000,1026,1006,5.595392051025761,5.593290053431378,13.16317792440416,12.695880750257556,True,False
18589,301245000000000000,30,3700,2935,2636,2000,788,782,4.432339350263492,4.430796535474139,11.853309555403674,11.364134655008051,True,False
18590,10025062656641604,1,1643,761,757,761,761,757,9.571752643503542,9.561240159929298,10.682116764950074,9.564149489985732,False,False
18591,86196035576145032,9,850,779,714,2000,189,188,4.386915471365868,4.384913135307132,9.731319031025064,9.479780264029099,True,False
18592,4987500000000000000,499,1741,1728,1434,2000,77,76,4.31925489080885,4.318238486405709,10.7657004876511,10.485829308701904,True,False
18593,7980000000000000,1,94,40,40,40,40,40,5.321928094887363,5.321928094887363,6.554588851677638,5.321928094887363,False,False
18594,956602500000000000,96,4401,3578,3086,2000,786,757,4.530328568539376,4.522266530566437,12.103615656394545,11.591522346570734,True,False
18595,39662319083520000,4,1860,1176,1100,2000,661,640,5.258573239551557,5.235225977896781,10.861086905995395,10.103287808412022,True,False
18596,3940125000000000000,394,3662,3610,2919,2000,208,204,5.003316152813405,5.00102749424071,11.838416075797337,11.511258495502268,True,False
18597,66784980969057602623,6678,5252,5184,4188,2000,201,199,5.003124534164591,5.002430953627177,12.358651200892886,12.032045726930809,True,False
18598,3721570094750760000,372,2980,2579,2162,2000,437,425,4.601151932045318,4.5953196172118185,11.541096615349524,11.07815080773465,True,False
18599,9868671679197994986,987,9246,7788,6322,2000,1251,1208,5.089850674429247,5.086530276243953,13.174613647235942,12.626165319904498,True,False
18600,9000000000000000,1,552,176,176,176,176,176,7.459431618637299,7.459431618637299,9.108524456778168,7.459431618637297,False,False
18601,2235588972431077694,224,2626,2260,1917,2000,408,398,4.500108621764141,4.494029047272834,11.358651200892886,10.904634621668151,True,False
18602,759899749373433583,76,1942,1635,1428,2000,375,367,4.512782336840448,4.507727072540391,10.923327485419192,10.479780264029099,True,False
18603,4010025062656641604,401,2379,2095,1773,2000,358,351,4.541867925610813,4.537065134799344,11.216139556425135,10.79197682089869,True,False
18604,199500000000000000,20,156,154,152,2000,46,46,4.201783547787114,4.201783547787114,7.285402218862249,7.247927513443585,True,False
18605,2938037583506449350,294,607,604,540,2000,53,53,4.253942843945547,4.253942843945547,9.245552706255681,9.076815597050832,True,False
18606,6317852793123621136,632,791,788,691,2000,54,54,4.296391399589365,4.296391399589364,9.627533884472792,9.432541900388259,True,False
18607,2998303552382712653,300,736,733,659,2000,50,50,4.2879442909660215,4.287944290966022,9.523561956057012,9.364134655008051,True,False
18608,2344125000000000000,234,1041,1037,938,2000,63,61,4.195059174096329,4.19095557188015,10.023754353299417,9.873444112515376,True,False
18609,9975000000000000,1,307,202,202,202,202,202,7.658211482751797,7.658211482751797,8.262094845370179,7.658211482751795,False,False
18610,1838459538592888201,184,4940,4525,3813,2000,753,748,4.644186511569766,4.643224654408784,12.27029532647204,11.896710815726115,True,False
18611,19451250000000000,2,278,211,209,2000,173,172,6.4118663246393455,6.4056172910057425,8.118941072723507,7.7073591320808825,True,False
18612,2992500000000000,0,398,0,0,0,0,0,0.0,0.0,8.63662462054365,0,False,True
18613,1995000000000000,0,119,0,0,0,0,0,0.0,0.0,6.894817763307944,0,False,True
18614,19870200000000000000,1987,8999,7661,6350,2000,1034,1008,5.506202564764441,5.504617820725002,13.135548977749227,12.63254087654689,True,False
18615,22524547500000000000,2252,9162,7769,6421,2000,1029,1003,5.222325856237263,5.219716867696722,13.161446847518008,12.648582283363735,True,False
18616,143640000000000000,14,5045,3500,3152,2000,1223,1181,4.436043918714313,4.428113354239384,12.30063855399372,11.622051819456376,True,False
18617,6235646161034517,1,222,56,56,56,56,56,5.807354922057605,5.807354922057605,7.794415866350106,5.807354922057604,False,False
18618,997500000000000000,100,3298,3100,2665,2000,579,577,4.388612488809617,4.387548066019176,11.687375683437468,11.379919817646538,True,False
18619,748125000000000000,75,3346,3109,2705,2000,652,649,4.709495670065843,4.708474688902946,11.708221730038353,11.401412878714178,True,False
18620,6374349187500000000,637,5426,5155,4318,2000,684,680,5.123862968586891,5.122962142600591,12.405673332281866,12.076147528022505,True,False
18621,5012531328320802,1,896,125,122,125,125,122,6.965784284662088,6.901784284662087,9.807354922057604,6.930737337562887,False,False
18622,4999433070910725,0,744,0,0,0,0,0,0.0,0.0,9.539158811108031,0,False,True
18623,171220413855750000,17,277,272,269,2000,60,60,4.522532075039467,4.522532075039467,8.113742166049189,8.071462362556623,True,False
18624,898498125000000000000,89850,5783,5711,4613,0,0,0,0.0,0.0,12.49760238678349,12.171489577065655,False,True
18625,259350000000000000000,25935,5786,5705,4639,0,0,0,0.0,0.0,12.4983506079296,12.179598130849836,False,True
18626,268869559190871309,27,1300,1241,1049,2000,158,157,4.362777922785533,4.358694151589351,10.344295907915816,10.034798962577268,True,False
18627,852970572959520921,85,1971,1908,1559,2000,171,170,4.349030940142228,4.347103175897391,10.944712061043486,10.606405212697785,True,False
18628,235586149787548524,24,1428,1360,1160,2000,185,184,4.486985416007644,4.484863962812206,10.479780264029099,10.179909090014934,True,False
18629,1146240137238697830,115,2669,2630,2166,2000,210,210,4.426909515552832,4.426909515552832,11.382083590141967,11.080817527608327,True,False
18630,489344773147659034,49,3183,2907,2559,2000,701,697,4.632776339970013,4.630860936937291,11.636171441635922,11.321364432039447,True,False
18631,293187551344561473,29,3623,2858,2578,2000,789,783,4.404061620934063,4.402346991705261,11.822969090453288,11.332036548361652,True,False
18632,510698074227875473,51,5614,4355,3806,2000,1001,977,4.422251492314791,4.414945863614685,12.454813348512525,11.894059846274022,True,False
18633,1013433571351174251,101,6862,5430,4650,2000,1030,1001,4.499865258456087,4.494321148038338,12.744413410557655,12.183015000882756,True,False
18634,1007261524635731642,101,7362,5780,4905,2000,1222,1181,4.649419337242481,4.643642866247788,12.845882034384061,12.2600374211066,True,False
18635,1196446951398071725,120,6394,5227,4382,2000,1070,1028,4.564459797282505,4.552864143421088,12.64250302878052,12.097373768990222,True,False
18636,8977500000000000,1,1361,366,359,366,366,359,8.515699838284045,8.471983991289509,10.410451351503994,8.487840033823051,False,False
18637,7251128621563485354,725,4821,4662,3876,2000,501,499,5.201534743931436,5.2012490296457194,12.23511671439625,11.92035285541508,True,False
18638,11293393325397101,1,1678,791,784,791,791,784,9.627533884472793,9.609834769428545,10.712527000439824,9.614709844115207,False,False
18639,99750000000000,0,17,0,0,0,0,0,0.0,0.0,4.087462841250339,0,False,True
18640,399000000000000,0,40,0,0,0,0,0,0.0,0.0,5.321928094887363,0,False,True
18641,9975000000000000,1,1462,453,440,453,453,440,8.823367240046231,8.759890667193776,10.513727595952437,8.78135971352466,False,False
18642,5583171893985000,1,933,155,152,155,155,152,7.27612440527424,7.224511502048433,9.86573327085176,7.247927513443585,False,False
18643,9966244274010205794,997,4291,4224,3404,2000,199,198,4.816683858392095,4.816052146452741,12.067098185748385,11.733015321685963,True,False
18644,10013220731794885,1,217,89,88,89,89,88,6.475733430966398,6.4532615208540385,7.7615512324444795,6.459431618637297,False,False
18645,20713087500000000000,2071,9262,7793,6406,2000,1032,1000,5.936297469749127,5.933457494002855,13.177108041703693,12.645208082774683,True,False
18646,642390000000000000,64,6660,5089,4397,2000,1222,1182,4.399241517167294,4.388476912346027,12.701306461958625,12.102303817212647,True,False
18647,199500000000000000,20,1249,1210,1085,2000,208,208,4.376473934440345,4.376473934440345,10.286557761607957,10.083479327331842,True,False
18648,3985810944575026065,399,2546,2518,2049,2000,107,107,4.508627008422419,4.508627008422419,11.314016703901357,11.000704269011246,True,False
18649,8076318044202802,1,1952,445,436,445,445,436,8.79766152585376,8.752717705629042,10.930737337562887,8.768184324776927,False,False
18650,16708887813304225680,1671,4800,4732,3821,2000,214,213,5.039310963247088,5.038828550679339,12.228818690495881,11.89973454235751,True,False
18651,90697679871827577442,9070,5500,5461,4377,2000,217,217,4.773082114475638,4.773082114475641,12.425215903299383,12.095726668639047,True,False
18652,126257822831805000,13,714,548,510,2000,201,197,4.710715492852441,4.699701725643429,9.479780264029099,8.994353436858859,True,False
18653,1730662500000000000,173,1070,1058,926,2000,69,69,4.328582353390134,4.328582353390133,10.06339508128851,9.854868383260236,True,False
18654,143539581718134894991,14354,5509,5442,4421,0,0,0,0.0,0.0,12.42757474756509,12.110157018954066,False,True
18655,1926886929654737677,193,975,970,874,2000,66,65,4.443942001387483,4.442547957912821,9.929258408636972,9.7714894695006,True,False
18656,11251612065388236865,1125,2152,2140,1810,2000,75,75,4.9783784654960765,4.978378465496077,11.071462362556623,10.821773981970567,True,False
18657,130971750000000000,13,4944,3444,3113,2000,1241,1199,4.409230271054857,4.4003498004197485,12.271463027904375,11.604089861469179,True,False
18658,1788813659222020,0,959,0,0,0,0,0,0.0,0.0,9.905387005018131,0,False,True
18659,47381250000000000,5,3784,2280,2108,2000,1246,1203,4.790064028183303,4.7694886083165375,11.885696373339394,11.041659151637214,True,False
18660,50373750000000000,5,2999,1963,1818,2000,972,933,5.102438464736487,5.078295432250634,11.55026580686874,10.828136484194108,True,False
18661,5785500000000000,1,393,86,86,86,86,86,6.426264754702099,6.426264754702099,8.618385502258606,6.426264754702098,False,False
18662,19950000000000000,2,292,233,231,2000,187,186,6.416718802129218,6.411217426785381,8.189824558880018,7.851749041416057,True,False
18663,401002506265664160,40,5541,3980,3491,2000,954,925,4.38838976492619,4.379310933312935,12.435930651703595,11.769424641552753,True,False
18664,7017543859649122807,702,9161,7672,6278,2000,1249,1208,4.650561354431881,4.644838699008876,13.161289373846412,12.616089313582115,True,False
18665,10055137844611528822,1006,9360,7872,6392,2000,1280,1233,5.657976255597763,5.655075981984659,13.192292814470767,12.642051692927977,True,False
18666,3234892500000000000,323,8560,7015,5818,2000,1237,1194,4.834590439582135,4.83028831202777,13.06339508128851,12.506307581100307,True,False
18667,977550000000000000,98,5339,4306,3691,2000,969,929,4.5578601453638035,4.545752829091411,12.382353833664512,11.84979602224561,True,False
18668,1206408892833971523,121,5627,4607,3887,2000,950,910,4.573697212857723,4.562029834709891,12.458150248057557,11.924441392339197,True,False
18669,49875000000000000,5,737,512,485,2000,269,264,4.817366251672283,4.807156517483776,9.52552080909507,8.92184093707449,True,False
18670,29305110971642668,3,769,510,489,2000,322,316,5.653760609466282,5.639633497701103,9.586839787961827,8.933690654952233,True,False
18671,595031965571577785,60,6244,4681,4074,2000,1073,1042,4.3779023969684205,4.3692272305505515,12.608254821977908,11.992230264965889,True,False
18672,35915519205306318,4,2061,1293,1267,2000,787,781,4.77721083408359,4.773353989962057,11.009128789539256,10.30720080914081,True,False
18673,179550000000000000,18,3747,2809,2592,2000,935,924,4.406741331553736,4.404249123921096,11.871520262329113,11.339850002884624,True,False
18674,146632500000000000,15,3769,2772,2578,2000,970,959,4.535503144773901,4.5318570097574575,11.879966079664356,11.332036548361652,True,False
18675,121695000000000000,12,3797,2701,2519,2000,966,951,5.004549801625279,4.995947982337033,11.890644283619089,11.298635406734242,True,False
18676,75810000000000000,8,3345,2210,2103,2000,976,959,4.429595247825103,4.422890702002363,11.707790495528823,11.03823313473178,True,False
18677,102688259987179922,10,3809,2641,2478,2000,985,967,4.385847360058313,4.380163145783752,11.89519657256334,11.274960472140602,True,False
18678,6444674720794707785,644,4127,4071,3256,2000,198,197,4.53433609363061,4.53348980958691,12.010877723007034,11.668884984266247,True,False
18679,73373605816906917,7,747,696,653,2000,192,191,4.443371653520518,4.441567692315522,9.544964432789238,9.350939181546432,True,False
18680,997500000000000000,100,787,774,689,2000,63,63,4.313937604918817,4.313937604918816,9.620219825507487,9.428360172704291,True,False
18681,665266401641716598,67,2070,2003,1616,2000,190,189,4.378361578155641,4.376827737802859,11.015415052386688,10.658211482751796,True,False
18682,20370853711127860,2,2368,1256,1223,2000,963,947,6.541594457175552,6.522152616586672,11.20945336562895,10.256208688527387,True,False
18683,49056500955555999411,4906,2676,2397,2006,2000,378,371,5.59548955801018,5.5938667766691985,11.38586240064146,10.970105890612182,True,False
18684,151626813105328438,15,4170,2966,2725,2000,997,977,5.087900863259643,5.072307549713953,12.025831668332026,11.41204051455165,True,False
18685,123690000000000000,12,2377,1753,1589,2000,620,602,5.189489068765054,5.16983750839734,11.214926187942435,10.63390340934852,True,False
18686,2005012531328320,0,717,0,0,0,0,0,0.0,0.0,9.485829308701904,0,False,True
18687,349680482852828976,35,3281,2875,2578,2000,744,739,4.702329513986297,4.699986075914968,11.67991987851842,11.332036548361652,True,False
18688,253958882367473787,25,493,482,458,2000,76,75,4.281004999010215,4.279290522350054,8.945443836377912,8.839203788096944,True,False
18689,10919217398417362,1,1328,592,573,592,592,573,9.209453365628951,9.138507419683005,10.375039431346925,9.162391328756906,False,False
18690,99365063613552961270,9937,3640,3621,2975,2000,135,134,5.418890996654374,5.418782777447824,11.829722735086058,11.538673953082668,True,False
18691,590021250000000000000,59002,7767,6991,5789,0,0,0,0.0,0.0,12.923141750621268,12.49909844122888,False,True
18692,3709273182957393483,371,8009,6535,5478,2000,979,950,4.857533263004776,4.852950022752163,12.96740640431177,12.419433550705378,True,False
18693,3686456909685603582,369,8010,6523,5467,2000,973,944,4.747508768609317,4.739836938902327,12.967586527296072,12.416533660199583,True,False
18694,8616425490861975713,862,9410,7863,6483,2000,1249,1207,5.447615821326449,5.444840113114724,13.1999790076159,12.662445857580664,True,False
18695,4417067000246365,0,307,0,0,0,0,0,0.0,0.0,8.262094845370179,0,False,True
18696,8680415880985675,1,1644,403,399,403,403,399,8.654636028527968,8.634784911902658,10.682994583681683,8.640244936222345,False,False
18697,72193746448343263,7,3794,2225,2055,2000,961,932,4.4339029592077,4.4220255154566175,11.889503963411476,11.004922678569045,True,False
18698,333034983672035535,33,1615,1547,1285,2000,186,184,4.354021057491807,4.3520183395174135,10.657318449581288,10.32755264408124,True,False
18699,8416844595393990000,842,3266,2856,2347,2000,453,440,5.0836626265369915,5.0773687883218335,11.673309075561695,11.196602126523171,True,False
18700,300751879699248120300,30075,5852,5798,4665,0,0,0,0.0,0.0,12.514714054138487,12.187661365739121,False,True
18701,6120309598039280805,612,2352,2080,1760,2000,344,337,4.783877705322698,4.780285341882712,11.199672344836364,10.78135971352466,True,False
18702,44013906585231071781,4401,3685,3660,3018,2000,150,149,5.103603961888786,5.1034617457765155,11.847448903982432,11.559377090526683,True,False
18703,8676746139962257,1,2112,480,468,480,480,468,8.906890595608516,8.851151246645676,11.044394119358454,8.870364719583405,False,False
18704,180039932712869735,18,578,559,495,2000,106,105,4.28600139626196,4.285346446169899,9.174925682500678,8.951284714966972,True,False
18705,9561940598595000,1,65,24,24,24,24,24,4.584962500721156,4.584962500721156,6.022367813028454,4.584962500721156,False,False
18706,1031735110162427739,103,2574,2506,2060,2000,190,189,4.4901696847121215,4.487767763174891,11.329796338220701,11.00842862207058,True,False
18707,18527802651846478,2,630,483,480,2000,448,446,6.515022231753907,6.510292310619272,9.29920801838728,8.906890595608518,True,False
18708,972431077694235588,97,2288,2219,1791,2000,194,192,4.635428095724229,4.610205506487121,11.159871336778389,10.806549621985962,True,False
18709,7994402271803240284,799,4107,4038,3218,2000,198,197,4.723252244246957,4.722546091894586,12.003869231979056,11.651948610723446,True,False
18710,112006981758333653,11,1528,1148,1049,2000,412,402,5.234518643276665,5.21635022216932,10.57742882803575,10.034798962577268,True,False
18711,57132264427350000,6,858,610,574,2000,297,292,4.728112900319189,4.719355237364104,9.744833837499545,9.164906926675688,True,False
18712,2442965746032000000,244,1365,1357,1175,2000,95,94,4.475956467787118,4.47538485052573,10.414685235807214,10.198445041452363,True,False
18713,23032275000000000000,2303,7255,6490,5331,2000,799,793,4.832439999473572,4.831628010921971,12.824759898954106,12.380190466749834,True,False
18714,678300000000000000,68,3118,2550,2196,2000,582,563,4.428744390450207,4.41481727485201,11.606405212697785,11.100662339005199,True,False
18715,867825000000000000,87,3088,2549,2196,2000,564,545,4.755583519418313,4.744673519702406,11.59245703726808,11.100662339005199,True,False
18716,27100019543290871682,2710,2467,2456,2065,2000,65,65,4.534425836760527,4.534425836760529,11.268542000300123,11.011926066306808,True,False
18717,100000000000000000,10,964,900,834,2000,195,194,4.39043848147046,4.388604383929817,9.912889336229961,9.703903573444663,True,False
18718,1989580904373271600,199,8053,6510,5498,2000,1210,1170,4.458694990201526,4.449473471299958,12.975310618056731,12.424691191512954,True,False
18719,2406015037593984962,241,3215,3155,2571,2000,202,201,4.465281646961346,4.463783825610584,11.650603022215309,11.328113894833656,True,False
18720,4302716250000000000,430,248,220,212,2000,54,54,4.4645128233615115,4.464512823361511,7.954196310386875,7.727920454563199,True,False
18721,521105773468560000,52,3089,2503,2168,2000,591,573,4.400759874608385,4.39153755521723,11.592924155627637,11.08214904135387,True,False
18722,93964500000000000,9,4404,2908,2654,2000,1248,1205,4.402105631586656,4.390486956421659,12.10459875356437,11.373952655370193,True,False
18723,5012531328320802,1,191,29,29,29,29,29,4.85798099512757,4.85798099512757,7.577428828035749,4.857980995127572,False,False
18724,4511278195488721804,451,8175,6658,5559,2000,984,954,4.963180830194557,4.95965417019314,12.997003015272806,12.440609666748422,True,False
18725,907725000000000000000,90773,2426,2418,1996,0,0,0,0.0,0.0,11.24436383512051,10.96289600533726,False,True
18726,26667165000000000000,2667,8898,7729,6415,2000,1008,989,5.1248217702079915,5.122197748027737,13.119265383175787,12.647233549977045,True,False
18727,1916165816577925,0,386,0,0,0,0,0,0.0,0.0,8.59245703726808,0,False,True
18728,138272185255355898,14,100,98,98,2000,40,40,4.144640007146738,4.144640007146738,6.643856189774724,6.614709844115208,True,False
18729,823220634296492414,82,4685,3878,3389,2000,830,820,4.392173393244246,4.386472845078649,12.19383333254655,11.726643921483994,True,False
18730,27529146852678323547,2753,2301,2294,1911,2000,94,92,4.626009554100295,4.625083348160352,11.16804526822409,10.900112062977456,True,False
18731,883711163167147898,88,6420,4937,4278,2000,966,937,4.404119053913684,4.39047409525109,12.648357582009666,12.062720767165045,True,False
18732,991207052392122484,99,4089,3345,2880,2000,728,700,4.462200922865658,4.448531376456149,11.997532347526366,11.491853096329674,True,False
18733,411744694039755512,41,5812,4173,3650,2000,1055,1025,4.593123494702644,4.5869395541718765,12.504818987632841,11.833680748654741,True,False
18734,998199871524146641,100,6843,5213,4487,2000,1042,1012,4.959788241189244,4.956507038015326,12.740413232033294,12.131535468676345,True,False
18735,1993533582525081992,199,8005,6374,5356,2000,1230,1184,4.743098453131893,4.736064004564523,12.966685687403618,12.386940245324311,True,False
18736,32917500000000000,3,3468,1924,1811,2000,1201,1162,5.295123161467464,5.269459824914669,11.759888183221834,10.822570830950168,True,False
18737,48887043460101865742,4889,9983,8461,6837,2000,1254,1213,5.510617546985709,5.508528227703386,13.285257710919934,12.739147709986453,True,False
18738,39900000000000000000,3990,9953,8430,6823,2000,1250,1210,5.510560435231378,5.5085239051718595,13.280915728185574,12.736190500960927,True,False
18739,134775000000000000,13,3040,2217,2011,2000,780,752,4.776293046948125,4.756569586570253,11.569855608330949,10.973697366305352,True,False
18740,56508777675337873,6,2473,1651,1531,2000,773,745,4.774351006943462,4.754486803340963,11.272046524389937,10.580258567499788,True,False
18741,970976872590961406,97,149,147,141,2000,59,59,4.971394044545087,4.971394044545087,7.219168520462161,7.139551352398794,True,False
18742,3780692817856326,0,54,0,0,0,0,0,0.0,0.0,5.754887502163468,0,False,True
18743,7385262692780772,1,1896,313,309,313,313,309,8.290018846932618,8.264459741501309,10.888743248898258,8.271463027904375,False,False
18744,40721700123035250375,4072,4682,4114,3327,2000,594,575,5.08643780680623,5.0806180183503376,12.192909219112012,11.700006150882865,True,False
18745,2094750000000000000,209,8029,6561,5522,2000,1179,1138,4.388846115725968,4.37857052329724,12.97100459807343,12.430975172588068,True,False
18746,16795306500000000000,1680,2170,2163,1825,2000,96,94,4.824959157256663,4.824266279121481,11.083479327331842,10.833680748654741,True,False
18747,19017026559996340653,1902,5307,5157,4241,2000,464,462,4.689447856892244,4.688856579795595,12.373680833411614,12.050188767596435,True,False
18748,19507696452195000,2,1451,776,746,2000,654,634,6.517347020223589,6.483832717851893,10.502831804066744,9.543031820255237,True,False
18749,33580914396933689987,3358,5338,5282,4251,2000,215,214,4.994315840781284,4.9938375279211895,12.382083590141967,12.053586543639176,True,False
18750,88363800671844348,9,1005,919,882,2000,326,325,4.4139713670744545,4.4103067993393115,9.972979786066292,9.784634845557521,True,False
18751,89775000000000000,9,3111,2173,2066,2000,931,920,4.5477980585083335,4.543312583211106,11.603162679534382,11.01262453886506,True,False
18752,761092500000000000,76,6866,5348,4595,2000,1235,1195,4.473215687056091,4.465615894526541,12.745254141957256,12.165849146176397,True,False
18753,130368262500000000000,13037,5610,5539,4491,0,0,0,0.0,0.0,12.453785055496155,12.132821006779572,False,True
18754,35610750000000000000,3561,7973,7113,5947,2000,921,910,5.8422924456909335,5.841293824913818,12.960906953765717,12.537946360376203,True,False
18755,19752540020518658204,1975,4109,4050,3292,2000,165,164,4.902960786357049,4.901134045772292,12.004571615167656,11.684748620421626,True,False
18756,19468572658039121,2,2596,1105,1065,2000,956,927,6.5494020273467,6.512659603489014,11.342074667999139,10.056637715113201,True,False
18757,172503057727489334,17,3277,2426,2187,2000,810,778,4.475055776421666,4.462144811848394,11.67815995754276,11.094737505048093,True,False
18758,32491841957689161690,3249,5214,5165,4135,2000,225,225,5.592709851118087,5.592709851118087,12.348174867535556,12.013671614058637,True,False
18759,10030401337537992358,1003,9412,7825,6403,2000,1212,1170,4.533389706467576,4.525327179738958,13.200285605224298,12.644532294625444,True,False
18760,1586025000000000000,159,7775,6261,5259,2000,1244,1202,4.514566627874026,4.50653674658474,12.924626959905327,12.360572781480695,True,False
18761,1416450000000000000,142,7676,6162,5179,2000,1235,1195,4.3938475853346874,4.38445082951072,12.90613899619538,12.338457843130849,True,False
18762,12682652074575000000,1268,9530,8039,6526,2000,1265,1224,5.4515622261267795,5.446679563484459,13.218260498797305,12.671983272091865,True,False
18763,1655850000000000000,166,7812,6322,5303,2000,1248,1208,4.697109214157057,4.6918038404937,12.93147623388679,12.372593033140745,True,False
18764,5149002028808532242,515,8338,6839,5676,2000,977,948,4.877173587866331,4.873500264041157,13.025485656808389,12.470658874060552,True,False
18765,64811129847697275000,6481,2995,2982,2494,2000,104,103,5.271897403583616,5.271470583048223,11.548340287676147,11.28424574982967,True,False
18766,246382500000000000,25,3948,3047,2783,2000,914,903,4.408192481106858,4.4054781773693,11.946906274456397,11.442425193331607,True,False
18767,508725000000000000,51,5396,4255,3675,2000,1044,1003,4.374541533735796,4.362692345866769,12.397674632948268,11.843528534611089,True,False
18768,6369146834972026,1,1383,256,252,256,256,252,8.0,7.9609375,10.433585441150495,7.977279923499917,False,False
18769,3222029238750000000,322,3518,3475,2814,2000,220,220,4.773598844660549,4.773598844660549,11.78053976747196,11.458406613236532,True,False
18770,100278675000000000000,10028,5486,5419,4357,0,0,0,0.0,0.0,12.421538906848276,12.089119397915168,False,True
18771,1442385000000000000,144,7069,5809,4850,2000,1153,1110,4.5302011832281766,4.521174810643895,12.787290426559581,12.243769031961852,True,False
18772,32009172711987907340,3201,5126,5067,4102,2000,211,210,4.909986810596271,4.909460608103984,12.323617763291578,12.002111776479852,True,False
18773,28927500000000000,3,3023,1767,1663,2000,1140,1099,6.545001502292164,6.50387562892616,11.561765263627708,10.699572453287269,True,False
18774,67627101645119889,7,3669,2434,2234,2000,1123,1082,4.536126857732845,4.519471511782658,11.841171189248543,11.125413470483315,True,False
18775,30697585801134741,3,3052,1822,1710,2000,1115,1075,6.534776847530427,6.493839696039963,11.57553924683453,10.73978060977326,True,False
18776,37704259957492675,4,3142,1920,1783,2000,1105,1064,5.271068553618308,5.243101130150176,11.617467465294196,10.800090987624994,True,False
18777,471736687697729,0,385,0,0,0,0,0,0.0,0.0,8.588714635582264,0,False,True
19236,69183088811018334,7,4191,2578,2379,2000,1215,1173,4.593514841306245,4.577793489314283,12.03307880613062,11.216139556425135,True,False
19237,1485714285714285714,149,6954,5714,4773,2000,1135,1092,4.56846476945612,4.556909197034747,12.763627351727628,12.220680621052203,True,False
19238,4500000000000000,0,1232,0,0,0,0,0,0.0,0.0,10.266786540694902,0,False,True
19239,198641992339140000,20,3034,2270,2038,2000,736,710,4.528240050313037,4.514248406467935,11.567005370247033,10.992938336165814,True,False
19240,598500000000000000,60,13,12,12,26,11,11,3.365979395881385,3.365979395881385,3.700439718141092,3.584962500721156,False,False
19241,5672625170310000,1,590,106,106,106,106,106,6.7279204545632,6.7279204545632,9.204571144249204,6.727920454563199,False,False
19242,115710000000000000,12,4917,3320,3005,2000,1215,1171,4.5936479988131325,4.5779247035829895,12.263562639820615,11.553149275598548,True,False
19243,22521483981311271467,2252,2511,2499,2102,2000,75,74,4.325624706989055,4.3168937002505885,11.2940463132715,11.037546953962178,True,False
19244,1000000000000000,0,572,0,0,0,0,0,0.0,0.0,9.159871336778389,0,False,True
19245,10645705926765000,1,259,116,115,116,116,115,6.857980995127573,6.8407396158172284,8.016808287686555,6.845490050944375,False,False
19246,54937343358395989,5,3604,2083,1957,2000,973,944,5.277755902701275,5.253859104400679,11.815383295813538,10.934428040626804,True,False
19247,159136295386769982,16,1376,1071,973,2000,367,361,4.4160491404668,4.4102248103023705,10.426264754702098,9.926295994781112,True,False
19248,14849109382081561,1,1331,653,632,653,653,632,9.350939181546433,9.279936841612894,10.378294855911891,9.303780748177102,False,False
19249,78388366271871092,8,3257,2186,2079,2000,964,951,4.480678128895001,4.474694924300538,11.669328004395904,11.02167404285837,True,False
19250,85916457883140372,9,3863,2429,2272,2000,1018,989,5.243598047597695,5.221421605926703,11.915505962231931,11.149747119504681,True,False
19251,596994176729382201,60,710,703,644,2000,86,85,4.27565645638913,4.274717261347075,9.471675214392045,9.330916878114618,True,False
19252,10472735959095900000,1047,105,98,97,2000,49,49,5.312743649172347,5.312743649172347,6.714245517666122,6.599912842187128,True,False
19253,109725000000000,0,82,0,0,0,0,0,0.0,0.0,6.357552004618084,0,False,True
19254,60847500000000000,6,4163,2569,2364,2000,1216,1173,5.300729946780576,5.2731215272201855,12.023407843140218,11.207014320177532,True,False
19255,451867500000000000,45,1800,1734,1483,2000,199,198,4.445970335008934,4.444969060659763,10.813781191217037,10.53430288245463,True,False
19256,2099499501134053044,210,8219,6675,5615,2000,1240,1198,5.167515708655682,5.163924493722645,13.004747157546761,12.455070307287963,True,False
19257,997500000000000000,100,4051,3740,3208,2000,717,713,5.261100246240603,5.257290485785148,11.984062369686436,11.64745842645492,True,False
19258,7852630301424580,1,1366,369,369,369,369,369,8.527477006060394,8.527477006060394,10.41574176829009,8.527477006060396,False,False
19259,12927600000000000000,1293,8986,7537,6220,2000,1044,1015,5.199365582902906,5.197011685665005,13.133463346523438,12.602698865017965,True,False
19260,66699090033868547,7,2642,1788,1651,2000,813,781,4.548044561163106,4.53112315607575,11.367414751246828,10.689124404913258,True,False
19261,89439170924683278,9,847,780,717,2000,186,185,4.563698352706029,4.561208984383241,9.726218159332198,9.485829308701904,True,False
19262,3569879197873237,0,53,0,0,0,0,0,0.0,0.0,5.727920454563199,0,False,True
19263,4897725000000000000,490,8014,6736,5635,2000,1013,987,4.590840604315276,4.586488976035671,12.968306794430799,12.460199895059583,True,False
19264,4951643585031976400,495,3872,3818,3079,2000,207,205,4.689660236712413,4.686910212095187,11.918863237274595,11.588246152044817,True,False
19265,379844088874452902,38,1680,1613,1373,2000,190,189,4.352392323592287,4.350676567229692,10.714245517666123,10.4231159101471,True,False
19266,3214670756860500000,321,1224,1220,1093,2000,76,74,4.803830144698771,4.802498369333062,10.257387842692651,10.094077685671905,True,False
19267,263246508095274375643,26325,9595,8336,6887,0,0,0,0.0,0.0,13.228067091082742,12.74965996169181,False,True
19268,26850135857872128,3,1852,1109,1050,2000,718,692,6.243721890976786,6.209028829952735,10.854868383260236,10.036173612553485,True,False
19269,249375000000000000,25,514,507,488,2000,88,86,4.330449963212036,4.329140931215792,9.005624549193879,8.930737337562887,True,False
19270,300000000000000000,30,3662,2894,2608,2000,790,784,4.43658652476334,4.434015295348984,11.838416075797337,11.348728154231077,True,False
19271,75470850000000000000,7547,5666,5608,4508,2000,215,214,5.195334653438957,5.1949404659132,12.468114886378098,12.138271800172221,True,False
19272,15639899750148192,2,2560,1266,1216,2000,1170,1128,6.554255767841864,6.512629894475858,11.321928094887362,10.247927513443585,True,False
19273,169575000000000000,17,4814,3193,2862,2000,1019,990,4.372085190118144,4.36346944141507,12.233020426474496,11.482807956726667,True,False
19274,9975000000000000,1,2121,504,493,504,504,493,8.977279923499914,8.926467144780794,11.050528905530555,8.945443836377912,False,False
19275,5170489058552510662,517,2628,2600,2127,2000,118,118,4.437326207571403,4.437326207571407,11.35974956032233,11.054604317960672,True,False
19276,8271321989688948076,827,5323,5096,4244,2000,639,636,4.9203309029486535,4.919321000921658,12.378023850925485,12.051208940914766,True,False
19277,14688524621229554973,1469,4874,4238,3439,2000,650,630,5.31169829680122,5.307074541479963,12.250890535723341,11.74777340052679,True,False
19278,2433900000000000000,243,8347,6801,5704,2000,1226,1186,4.773509404182383,4.76836501594515,13.027042055565033,12.477758266443889,True,False
19279,9000000000000000,1,1524,419,411,419,419,411,8.71080643369935,8.667847006491714,10.573647187493322,8.682994583681683,False,False
19280,33894466682888482402,3389,5343,5285,4241,2000,212,210,4.818440690604381,4.81546245947399,12.383434301822776,12.050188767596435,True,False
19281,3990000000000000,0,364,0,0,0,0,0,0.0,0.0,8.507794640198696,0,False,True
19282,32009775000000000000,3201,5293,5235,4197,2000,225,223,5.372661466045261,5.370890968212228,12.369869938634876,12.03514274788591,True,False
19283,9327013027500000000,933,4409,4353,3490,2000,211,210,5.0365706648890605,5.0361122838076975,12.106235761615748,11.769011321097015,True,False
19284,41595750000000000,4,2214,1404,1311,2000,770,742,5.2842400102352025,5.257746675310387,11.112439506781552,10.356451970221755,True,False
19285,49875000000000000,5,1217,828,776,2000,415,405,4.878937946145756,4.865130241701888,10.249113452713729,9.599912842187127,True,False
19286,85318605570082261762,8532,5451,5384,4354,2000,207,206,5.044038425830688,5.043527036770151,12.412305204955272,12.088125692188207,True,False
19287,332787558813309536418,33279,5567,5504,4484,0,0,0,0.0,0.0,12.442684367865834,12.130570562805426,False,True
19288,598500000000000000,60,748,741,692,2000,88,86,4.292217386179367,4.2906009217554315,9.546894459887637,9.434628227636725,True,False
19289,6780200825113820411,678,8277,7014,5834,2000,1008,984,4.7814311808396806,4.778383325994879,13.01489224207443,12.510269670898177,True,False
19290,900930161477406760,90,2309,2270,1879,2000,209,209,4.489899314365129,4.489899314365129,11.173052457774116,10.875749351420055,True,False
19291,1695652365322364525,170,2893,2852,2335,2000,207,207,4.717186352039034,4.7171863520390325,11.4983506079296,11.189206834597025,True,False
19292,29228300823225000000,2923,7318,6564,5394,2000,794,788,4.823366556945761,4.822519922301589,12.837233700339088,12.397139806235604,True,False
19293,50125313283208020,5,3503,2273,2092,2000,1117,1076,5.147478815863902,5.123295301925772,11.774375272802063,11.030667136246942,True,False
19294,16782049424446850436,1678,5946,5135,4166,2000,796,766,5.4459764292968424,5.441433549774891,12.537703747907644,12.024447124040647,True,False
19295,24937500000000000,2,2010,1162,1101,2000,805,774,6.568238534481205,6.526609364597342,10.972979786066292,10.10459875356437,True,False
19296,8770161044056981,1,1057,305,300,305,305,300,8.252665432450248,8.213321170155167,10.045759661382682,8.228818690495881,False,False
19297,52083199039793760156,5208,5319,5252,4229,2000,202,201,4.993789162925672,4.993246170440679,12.376939321619846,12.046100845028802,True,False
19298,25062656641604010,3,67,37,37,1480,37,37,4.714893649375828,4.714893649375827,6.066089190457772,5.20945336562895,False,False
19299,4181371077324241174,418,3634,3567,2846,2000,192,190,4.449680737489554,4.4478401969394605,11.827342704234116,11.474719946526482,True,False
19300,9088238854584992,1,2110,523,511,523,523,511,9.03066713624694,8.977129851352103,11.043027283594547,8.997179480937621,False,False
19301,4606565287025415000,461,3154,2738,2272,2000,452,439,4.781481111696075,4.772857248931478,11.62296694479051,11.149747119504681,True,False
19302,809431425085017,0,27,0,0,0,0,0,0.0,0.0,4.754887502163468,0,False,True
19303,1030404632250000000,103,2611,2562,2114,2000,214,214,4.698030952912611,4.698030952912611,11.350386742312843,11.045759661382682,True,False
19304,43188240560782229694,4319,3493,3472,2858,2000,131,130,5.080592500222966,5.080443566842542,11.770250927394864,11.480790201095816,True,False
19305,9513942648163770,1,416,147,147,147,147,147,7.1996723448363635,7.1996723448363635,8.700439718141093,7.199672344836364,False,False
19306,4210244117188016681,421,7778,6583,5515,2000,1005,984,4.421097611178296,4.412511590934215,12.925183519434208,12.429145170478744,True,False
19307,5914786967418546365,591,4988,4279,3508,2000,703,678,4.87083123809235,4.863433418553814,12.28424574982967,11.776433032444734,True,False
19308,9313514671415391474,931,9025,7690,6240,2000,1216,1174,4.742228847666294,4.73738994034002,13.139711216661896,12.60733031374961,True,False
19309,4643270595378488,0,1523,0,0,0,0,0,0.0,0.0,10.572700226487292,0,False,True
19310,470444055945808665,47,138,112,108,2000,41,41,4.179667645391226,4.179667645391226,7.108524456778169,6.754887502163468,True,False
19311,3947285492459544,0,7,0,0,0,0,0,0.0,0.0,2.807354922057604,0,False,True
19312,24884369931418771025,2488,9438,8125,6540,2000,1221,1175,5.680761873149673,5.677225400099698,13.204265456136843,12.675074920385445,True,False
19313,15980249250000000000,1598,6764,5813,4708,2000,912,875,5.4478921534442915,5.443660792450705,12.723660944409984,12.200898605038445,True,False
19314,129675000000000000,13,4853,3319,3010,2000,1201,1161,4.390904587461865,4.379944305883436,12.244661144764198,11.555547771647065,True,False
19315,284000000000000000,28,5135,3879,3431,2000,1145,1103,4.621153490760367,4.606707324549809,12.326148561205557,11.744413410557655,True,False
19316,1367682781291605359,137,7116,5553,4725,2000,960,929,4.787379002592045,4.7814038020747915,12.79685079526716,12.206098613995797,True,False
19317,3461325000000000000,346,3623,3567,2879,2000,208,207,4.863701986417114,4.863151917658518,11.822969090453288,11.491352073563435,True,False
19318,4458825000000000000,446,3810,3762,3027,2000,197,197,4.372464623959317,4.372464623959318,11.895575282380685,11.563672959827514,True,False
19319,81431295218520024,8,4294,2779,2546,2000,1228,1189,4.787107672699497,4.768659696583812,12.068106475858773,11.314016703901357,True,False
19320,522949122370500000,52,621,615,583,2000,68,67,4.346282944017403,4.344879052804883,9.278449458220482,9.187352073200497,True,False
19321,73227925491114524,7,767,707,657,2000,197,196,4.49134512285307,4.489142920650867,9.583082767502933,9.35974956032233,True,False
19322,15446437361864667893,1545,9468,8060,6502,2000,1240,1196,4.834835955941183,4.82819597409337,13.208843990734614,12.666667840690355,True,False
19323,1990227061922820000,199,4768,3990,3365,2000,752,724,4.3833516899668385,4.371544549143845,12.219168520462162,11.71639078949768,True,False
19324,200501253132832080,20,2272,1751,1565,2000,546,529,4.499285765922979,4.486957992401704,11.149747119504681,10.61194694181998,True,False
19325,997500000000000000,100,794,781,696,2000,79,79,4.587606220507698,4.5876062205076975,9.632995197142957,9.442943495848729,True,False
19326,214273545323704011148,21427,2994,2982,2478,0,0,0,0.0,0.0,11.547858506058416,11.274960472140602,False,True
19327,971062961241625420,97,827,815,719,2000,68,67,4.2541047069700815,4.243808429880817,9.691743519171276,9.489847960439297,True,False
19328,1263790914104498695677,126379,4421,3910,3168,0,0,0,0.0,0.0,12.110157018954066,11.62935662007961,False,True
19329,13376475000000000,1,622,325,319,325,325,319,8.344295907915816,8.30737283099274,9.280770770130603,8.31741261376487,False,False
19330,873137778753030000,87,626,528,489,2000,123,123,4.6747583129905985,4.674758312990599,9.290018846932618,8.933690654952233,True,False
19331,111524349040572343549,11152,9713,8232,6747,0,0,0,0.0,0.0,13.245701246285764,12.720030446498972,False,True
19332,1082706766917293233,108,7410,5820,4932,2000,1225,1183,5.005364295962665,5.001383135413416,12.855257827193196,12.26795708440284,True,False
19333,58145363408521303,6,4114,2500,2310,2000,1214,1172,4.7896391080187914,4.771992779206663,12.006326078524934,11.17367713630342,True,False
19334,434085213032581453,43,6254,4631,4036,2000,1218,1175,4.47186892810868,4.463139183744775,12.610563503925041,11.978710459106358,True,False
19335,468769827401072017,47,6319,4690,4079,2000,1218,1174,4.471881860207699,4.4636355013959985,12.62548055047108,11.993999791792524,True,False
19336,717794486215538847,72,6898,5264,4520,2000,1229,1183,4.7887878751182456,4.783890159490626,12.751962413460854,12.14210705730255,True,False
19337,523161747198793482,52,6265,4948,4262,2000,1194,1150,4.405685737810484,4.395260443180087,12.613098794209224,12.057314877782703,True,False
19338,13000000000000000,1,2138,962,945,962,962,945,9.909893083770042,9.872195929397392,11.06204613772049,9.884170519108435,False,False
19339,2919626127883011225,292,493,442,404,2000,98,98,4.433485257157093,4.433485257157094,8.945443836377912,8.658211482751796,True,False
19340,22625119412258620785,2263,6244,5976,4938,2000,708,704,4.958084174294608,4.957020700992486,12.608254821977908,12.269711121142782,True,False
19341,2992500000000000,0,524,0,0,0,0,0,0.0,0.0,9.03342300153745,0,False,True
19342,75697921447979466986,7570,3756,3730,3059,2000,134,133,4.880049705353977,4.879871684579531,11.874981347653774,11.578844391558203,True,False
19343,199500000000000000,20,1284,1216,1048,2000,183,182,4.352815216294846,4.350956480235366,10.326429487122303,10.03342300153745,True,False
19344,16607693907642966,2,1955,998,984,2000,940,929,6.558586992351423,6.547373304108355,10.932952892194715,9.94251450533924,True,False
19345,3142125000000000000,314,1574,1568,1316,2000,79,78,4.247399788592466,4.246142127856777,10.620219825507487,10.361943773735241,True,False
19346,4751573830406736,0,1012,0,0,0,0,0,0.0,0.0,9.98299357469431,0,False,True
19347,986212488129304205,99,5800,4728,4113,2000,966,953,4.452251731980066,4.448270999536144,12.501837184902296,12.005975356500382,True,False
19348,5595390940902036441,560,3515,3452,2793,2000,184,182,4.673378891051964,4.672403672153152,11.779308973959898,11.44759985827995,True,False
19349,1946942165185123806,195,3865,3674,3111,2000,571,569,4.83433336098608,4.8339355242979,11.91625269881221,11.603162679534382,True,False
19350,47823958720335000,5,1173,795,747,2000,408,398,4.87024321212735,4.855758092295904,10.19598729802851,9.544964432789238,True,False
19351,124687500000000000,12,1188,914,837,2000,332,326,4.9663498519981895,4.956548599615941,10.214319120800766,9.709083812550343,True,False
19352,779226108291723220,78,3643,3363,2920,2000,707,703,4.430925529033917,4.429538165602507,11.830911279742782,11.51175265376738,True,False
19353,1975417317953357471,198,1966,1938,1594,2000,113,113,4.29266632777441,4.292666327774409,10.94104760634058,10.638435913990472,True,False
19354,30859732762370319614,3086,10131,8580,7008,2000,1254,1211,5.415278601761427,5.4119711651803915,13.306488964728633,12.774787059601174,True,False
19355,5953872792066775263,595,3280,3222,2609,2000,152,151,4.394322385778758,4.390513703556692,11.679480099505446,11.349281228817452,True,False
19356,11110429155963666,1,2647,1036,998,1036,1036,998,10.016808287686555,9.93464668973408,11.3701424794954,9.96289600533726,False,False
19357,309294575800152497,31,2877,2600,2338,2000,702,697,4.482309051066609,4.479808906242627,11.490349505739287,11.191059214531656,True,False
19358,3735121417034687,0,639,0,0,0,0,0,0.0,0.0,9.319672120946995,0,False,True
19359,262078097233565366,26,1171,1120,953,2000,143,143,4.40874590739156,4.408745907391559,10.193525360501216,9.896332403909941,True,False
19360,3301458563076627043,330,8550,7040,5889,2000,1186,1145,4.460162791701297,4.44915743172859,13.061708704660623,12.523806958187327,True,False
19361,4552195050084207047,455,8935,7388,6138,2000,1233,1191,5.241936666441352,5.238864354240118,13.125252013928852,12.583552930466485,True,False
19362,28262106498344882809,2826,9950,8391,6830,2000,1229,1189,5.005829025147989,5.002437092599352,13.280480810318373,12.737669863177453,True,False
19363,748125000000000000,75,763,757,686,2000,83,82,4.382978283875169,4.3808894207872395,9.57553924683453,9.422064766172813,True,False
19364,1333669808832795000,133,1862,1604,1389,2000,324,317,4.469426455776578,4.463307643510177,10.862637357558794,10.439830883981392,True,False
19365,451127819548872180,45,4002,3229,2865,2000,807,798,4.433994715975089,4.430416261257934,11.966505451905741,11.484319423644267,True,False
19366,668325000000000000,67,5036,4145,3657,2000,918,907,4.436134846251963,4.433649370954736,12.298062567719017,11.836444911341369,True,False
19367,820000000000000000,82,5740,4626,4046,2000,971,955,4.430391648340229,4.426503085794325,12.486835021563051,11.982280604558284,True,False
19368,812962500000000000,81,6367,4929,4287,2000,1027,997,4.591208383544695,4.585696997063447,12.636398048883837,12.065752701816972,True,False
19369,591517500000000000,59,6043,4535,3948,2000,973,944,4.553233613250409,4.547615004841063,12.561049226699671,11.946906274456397,True,False
19370,3586787245456733775,359,149,132,127,2000,41,41,4.520353214706765,4.520353214706766,7.219168520462161,6.9886846867721655,True,False
19371,278208215009660876,28,2608,2361,2138,2000,659,656,4.38236347774753,4.381077763461816,11.348728154231077,11.06204613772049,True,False
19372,2693250000000000000,269,8407,6873,5756,2000,1202,1162,4.43456597382813,4.424935489574738,13.037375357763239,12.490850876740298,True,False
19373,88777500000000000,9,796,756,715,2000,203,203,4.536358062961369,4.536358062961369,9.63662462054365,9.481799431665753,True,False
19374,2506265664160401002,251,7727,6186,5203,2000,969,940,4.509154084070952,4.503101529662114,12.915692682615404,12.345127991976693,True,False
19375,101950823344678528,10,3396,2401,2190,2000,912,876,5.540790899510755,5.513300717874772,11.729620743553038,11.096715154488535,True,False
19376,56239050000000000000,5624,5581,5523,4442,2000,231,229,5.593359724464525,5.591885240163338,12.446307931050345,12.116993677546981,True,False
19377,9753344712383099576,975,7658,6734,5659,2000,945,933,5.089270281707374,5.088295144951861,12.902751944850161,12.466331422082767,True,False
19378,49775250000000000000,4978,7522,6768,5564,2000,811,805,5.627626055474966,5.627235674124618,12.876900591040306,12.44190670454224,True,False
19379,2364274817204348256,236,1113,1108,1000,2000,69,68,4.4467614739880394,4.444995187268342,10.12023787734196,9.965784284662087,True,False
19380,5067308287712496516,507,3553,3068,2521,2000,489,475,4.504677173332798,4.498043927313237,11.794821973331223,11.29978040285854,True,False
19381,35770350000000000000,3577,5178,5104,4125,2000,298,298,5.0848618870981115,5.084861887098111,12.338179249900112,12.010178404020541,True,False
19382,710000000000000000,71,5280,4309,3790,2000,950,939,4.404769287264039,4.402277356543358,12.366322214245816,11.887982133058454,True,False
19383,47315849018950455,5,3759,2270,2103,2000,1241,1201,5.304186160187195,5.279129710782588,11.876133200043016,11.03823313473178,True,False
19384,9975000000000000,1,397,146,144,146,146,144,7.189824558880018,7.162427298606045,8.632995197142957,7.169925001442312,False,False
19385,1008968707187722006,101,6384,5214,4462,2000,999,980,4.468351238451166,4.463008681379005,12.640244936222345,12.12347479824414,True,False
19386,96736432665555,0,30,0,0,0,0,0,0.0,0.0,4.906890595608519,0,False,True
19387,24138636152875812,2,1698,987,939,2000,690,667,6.498099276349366,6.461925910687567,10.729620743553038,9.874981347653774,True,False
19388,203811647067472444,20,1350,1283,1117,2000,191,190,4.436738288971524,4.435494378947683,10.398743691938193,10.125413470483315,True,False
19389,658001968497859365,66,696,684,610,2000,71,70,4.63465725045222,4.5793723918675475,9.442943495848729,9.252665432450248,True,False
19390,591478696741854636,59,2005,1938,1614,2000,184,183,4.5998299762489,4.5972956573471055,10.969386521342283,10.656424863277781,True,False
19391,1333333333333333333,133,2684,2621,2163,2000,202,201,4.58135910083846,4.580573246221563,11.390168956200183,11.078817949961978,True,False
19392,1062656641604010025,106,6771,5381,4599,2000,1017,990,4.637041514628,4.630772016836419,12.725153203912992,12.167104482379933,True,False
19393,960091207204529176,96,3800,3520,3034,2000,709,705,4.442492663392533,4.441046880260004,11.89178370321831,11.567005370247033,True,False
19394,3900041321341238283,390,1529,1522,1331,2000,70,69,4.322349065225616,4.320985866664442,10.578372691360805,10.378294855911891,True,False
19395,9929954751933415445,993,8253,7033,5700,2000,1118,1075,5.20199540263414,5.196695496516256,13.010702925037366,12.476746203939467,True,False
19396,9974537679901077962,997,9378,7782,6346,2000,1226,1179,4.9225752617866245,4.915461096061312,13.19506456372082,12.631631805917637,True,False
19397,937871443404000000,94,764,757,701,2000,69,68,4.282100761949599,4.2806846802666065,9.57742882803575,9.453270634010623,True,False
19398,385846661384956848,39,1696,1630,1397,2000,199,198,4.435392392994541,4.434102070413896,10.727920454563199,10.448116305409464,True,False
19399,1600335751993127456,160,2810,2747,2257,2000,203,202,4.581676779195203,4.580890812277266,11.456354415108288,11.140190703191836,True,False
19400,11161924036509172361,1116,5551,5329,4419,2000,643,640,5.413532616675864,5.412762939828582,12.438531977761583,12.109504215757006,True,False
19401,30075187969924812,3,638,546,541,2000,351,350,5.237459954734763,5.235459954734762,9.31741261376487,9.079484783826816,True,False
19402,748125000000000000,75,359,356,343,2000,55,55,4.290111510268096,4.290111510268096,8.487840033823051,8.422064766172813,True,False
19403,3090503144597618639,309,7394,6224,5244,2000,1000,983,4.547974692715113,4.544538229181056,12.852139328187244,12.356451970221755,True,False
19404,102869335916917507977,10287,6180,5389,4366,0,0,0,0.0,0.0,12.593391122791736,12.092096414990792,False,True
19405,125608917962401653191,12561,6026,5258,4256,0,0,0,0.0,0.0,12.556984957594462,12.055282435501189,False,True
19406,99750000000000000,10,3214,2219,2034,2000,915,879,5.543209454887252,5.515692575114363,11.650154213675094,10.9901039638575,True,False
19407,48378750000000000000,4838,7317,6733,5530,2000,786,780,5.655792929840486,5.655085870496988,12.83703654351734,12.43306376512207,True,False
19408,277081393302255338259,27708,5908,5816,4760,0,0,0,0.0,0.0,12.52845411076479,12.216745858195306,False,True
19409,603508771929824561,60,3622,2920,2529,2000,687,663,4.608521940519974,4.592657589105803,11.822570830950168,11.304351321663239,True,False
19410,29653234029669833,3,1070,682,649,2000,415,405,5.77609371041417,5.755858235502903,10.06339508128851,9.342074667999139,True,False
19411,37705500000000000,4,1103,725,686,2000,408,398,5.230319687556347,5.211971063703136,10.107217075591382,9.422064766172813,True,False
19412,70822500000000000,7,1127,820,761,2000,367,361,4.519810718008507,4.512821055678326,10.138271800172221,9.571752643503546,True,False
19413,996502500000000000,100,2423,2372,1945,2000,201,199,4.772163167869033,4.724468150035942,11.242578689451346,10.925554439873554,True,False
19414,1995000000000000000,200,7441,5970,5059,2000,1007,977,4.64033058872495,4.635534176462901,12.86128080358871,12.30463652380727,True,False
19415,1184531841399233342,118,6911,5655,4740,2000,1148,1104,4.46711364204063,4.454886273228157,12.754678763822529,12.210671343785622,True,False
19416,457198338765621373,46,4563,3667,3268,2000,912,901,4.550969027924906,4.545997082941456,12.155766938445653,11.674192268145683,True,False
19417,16731746482646056516,1673,7023,6242,5176,2000,830,820,4.965261278901041,4.963447266623009,12.777871719833168,12.337621901992508,True,False
19418,15037593984962406,2,2797,1311,1266,2000,1238,1199,6.578184617503318,6.541099943396407,11.449664538476192,10.306061689428342,True,False
19419,9664384005554813,1,774,254,250,254,254,250,7.9886846867721655,7.954216625740027,9.59618975614441,7.965784284662087,False,False
19420,4311948496128972,0,479,0,0,0,0,0,0.0,0.0,8.90388184573618,0,False,True
19421,798000000000000000,80,2164,2098,1739,2000,200,199,4.488722351211997,4.487805149511003,11.079484783826816,10.764042217306587,True,False
19422,45547946972063989534,4555,9653,8240,6768,2000,1100,1068,5.836700062380045,5.834844517500235,13.236761663571585,12.72451385311995,True,False
19423,44987250000000000,4,479,327,314,2000,177,173,5.190887296408924,5.174203723066762,8.90388184573618,8.294620748891626,True,False
19424,85884750000000000,9,245,182,178,2000,96,96,4.312242317088993,4.3122423170889945,7.936637939002571,7.475733430966398,True,False
19425,9834586466165413533,983,9303,7714,6324,2000,1220,1179,4.833854091780007,4.829858079373903,13.183480311333778,12.62662165235837,True,False
19426,90225563909774436,9,4372,2780,2550,2000,1210,1167,4.784633327998215,4.764191679065375,12.094077685671905,11.31628153174622,True,False
19427,16940704054959903889,1694,5892,5661,4691,2000,670,667,5.790181688358106,5.789967498264399,12.524541715035848,12.195679785495981,True,False
19428,232152009918006895,23,2462,2226,2040,2000,639,636,4.452054300456022,4.450557966474277,11.265615046484458,10.994353436858859,True,False
19429,6083648287765257421,608,7579,6586,5551,2000,985,974,5.096924809397298,5.095561197188637,12.887791791341588,12.438531977761583,True,False
19430,23640750000000000,2,2180,1239,1178,2000,881,846,6.581052311072517,6.5392970467559035,11.090112419664289,10.20212382383046,True,False
19431,4635521011430555276,464,3682,3615,2923,2000,197,196,4.783173490979999,4.782490080763018,11.846273911349906,11.513234113806053,True,False
19432,1396500000000000000,140,338,336,320,2000,51,51,4.497597284382704,4.497597284382704,8.400879436282183,8.321928094887362,True,False
19433,12768000000000000,1,2171,987,948,987,987,948,9.946906274456397,9.861430562220734,11.084144010615145,9.888743248898258,False,False
19434,141176568683191184083,14118,5534,5476,4455,0,0,0,0.0,0.0,12.434106928609955,12.121209716409284,False,True
19435,281784632703559460,28,1498,1438,1258,2000,198,197,4.570723971251548,4.568436593418319,10.54882190845875,10.296916206879288,True,False
19436,37722723796117922175,3772,7441,6676,5484,2000,798,792,4.832398413287478,4.831586317878406,12.86128080358871,12.421012855779226,True,False
19437,2750557520407655249,275,7735,6301,5303,2000,1034,1005,4.877897957225598,4.874393739532465,12.917185576336397,12.372593033140745,True,False
19438,1589369475489821235,159,1045,1033,900,2000,68,68,4.267015100339,4.267015100338998,10.029287226968245,9.813781191217037,True,False
19439,498750000000000000,50,475,398,373,2000,107,107,4.305373297722984,4.305373297722985,8.89178370321831,8.543031820255237,True,False
19440,260232780804702340,26,2246,2059,1861,2000,551,549,4.781573812578928,4.781129343441755,11.133142212400601,10.861862340059151,True,False
19441,10000000000000000,1,169,102,102,102,102,102,6.672425341971497,6.672425341971497,7.400879436282184,6.672425341971495,False,False
19442,56569414999836911666,5657,5021,4957,4020,2000,195,193,5.0388261985600264,5.038169455773826,12.293759009667864,11.972979786066292,True,False
19443,23886374053237395,2,3214,1714,1633,2000,1246,1203,6.581994180775472,6.541333175790693,11.650154213675094,10.673309075561695,True,False
19444,973281376505503303,97,5265,4245,3641,2000,949,909,4.534008573801101,4.524674386724246,12.362217815913079,11.830119025444516,True,False
19445,101477000000000000,10,2961,2117,1929,2000,790,760,5.413482843580682,5.3877036293334095,11.531868775177553,10.913637428049103,True,False
19446,31920000000000000,3,390,253,244,2000,155,152,5.339500202177393,5.323909678081413,8.60733031374961,7.930737337562887,True,False
19447,90743888036685699573,9074,5263,5196,4205,2000,215,213,5.621517276209758,5.621136003568811,12.361669679492774,12.037890085142507,True,False
19448,9007081750951233714,901,4056,3989,3193,2000,192,190,4.584092155279055,4.582970678085403,11.985841937003341,11.640696837570093,True,False
19449,241217934898976748,24,3884,2914,2602,2000,899,864,4.565404511568751,4.5503793844900295,11.923327485419192,11.345405246717796,True,False
19450,15033423418822440421,1503,9325,7757,6399,2000,1076,1045,4.424326773623332,4.41738672724504,13.186888010029962,12.643630751061728,True,False
19451,186410421142787912,19,4916,3619,3242,2000,1176,1133,4.544371945855027,4.527518225764608,12.263269200372662,11.662668375517542,True,False
19452,1177050000000000000,118,7059,5781,4843,2000,1167,1123,4.468473251796631,4.4562809583841325,12.785248105945454,12.241685287601625,True,False
19453,9977528758877547,1,1600,499,485,499,499,485,8.96289600533726,8.90126296425076,10.643856189774725,8.92184093707449,False,False
19454,381633453500989,0,119,0,0,0,0,0,0.0,0.0,6.894817763307944,0,False,True
19455,2000000000000000000,200,5820,4823,4046,2000,923,886,4.454200594769033,4.443072107496256,12.506803437795647,11.982280604558284,True,False
19456,2815012531328320802,282,4575,3866,3216,2000,696,672,4.518739849511789,4.511223715510447,12.159556028058768,11.651051691178928,True,False
19457,2150000000000000000,215,3450,2939,2473,2000,541,524,4.517627107359082,4.510100203689122,11.752380646552893,11.272046524389937,True,False
19458,5000000000000000000,500,2387,2108,1784,2000,355,348,4.634894174415806,4.630673732286665,11.220982851081777,10.800899899920305,True,False
19459,10828990481884768,1,957,439,428,439,439,428,8.778077129535355,8.723407425662916,9.902375114486025,8.741466986401146,False,False
19460,20532012051622188,2,347,282,278,2000,190,189,6.414587653035422,6.40908352493935,8.43879185257826,8.118941072723507,True,False
19461,10831665122926712,1,1337,594,575,594,594,575,9.214319120800766,9.143612050093695,10.384783750093353,9.167418145831737,False,False
19462,18364135710914127,2,2820,1414,1359,2000,1227,1184,6.574550302434553,6.533046985317466,11.461479447286155,10.40832974076739,True,False
19463,13958995032250910214,1396,4617,4550,3687,2000,195,194,4.681494719794833,4.680736282176326,12.172740017049366,11.848231701093818,True,False
19464,5137125000000000000,514,4260,4158,3433,2000,413,411,4.961968073084378,4.961463566927109,12.056637715113201,11.745254141957256,True,False
19465,15627063009100528240,1563,5379,5205,4311,2000,521,519,5.378329432178297,5.378086989569008,12.393122273589531,12.073806847178492,True,False
19466,4987500000000000,0,1473,0,0,0,0,0,0.0,0.0,10.524541715035848,0,False,True
19467,375305249675160000,38,517,420,395,2000,115,115,4.343040493557929,4.34304049355793,9.014020470314934,8.625708843064466,True,False
19468,18613194156826576995,1861,8840,7607,6307,2000,1011,989,5.163595166823401,5.161862587740138,13.109830654278793,12.622738217871143,True,False
19469,89249924969672967,9,1135,1033,987,2000,407,405,4.410263556349714,4.408596472912188,10.148476582178278,9.946906274456397,True,False
19470,6985683151329016319,699,8534,7054,5851,2000,980,951,5.087681834310852,5.084515442385936,13.059006395201111,12.514467502819269,True,False
19471,12507855857541975000,1251,107,100,99,2000,42,42,5.003606350008119,5.003606350008118,6.741466986401147,6.6293566200796095,True,False
19472,59850000000000000,6,3647,2398,2205,2000,1134,1092,4.769934928216367,4.749025016856674,11.832494484336113,11.106562940444883,True,False
19473,9975000000000000,1,1513,475,461,475,475,461,8.89178370321831,8.827036571634808,10.563196272216738,8.848622940429339,False,False
19474,700409709230034,0,294,0,0,0,0,0,0.0,0.0,8.199672344836364,0,False,True
19475,87008320726959562,9,1351,1179,1137,2000,495,493,4.490689564157158,4.489299106175061,10.399811959325685,10.151016538892248,True,False
19476,5012674999628835000,501,1848,1627,1396,2000,279,273,4.685579554205147,4.681126713506261,10.851749041416058,10.447083226209653,True,False
19477,13957972005278793391,1396,4759,4704,3784,2000,207,206,4.677472657620351,4.676784964206581,12.216442739160492,11.885696373339394,True,False
19478,641341477499142,0,217,0,0,0,0,0,0.0,0.0,7.7615512324444795,0,False,True
19479,33966067049357575952,3397,356,324,307,2000,56,56,4.691921441545629,4.691921441545629,8.475733430966399,8.262094845370179,True,False
19480,6971880321583170519,697,279,249,238,2000,66,66,5.115967592659294,5.1159675926592945,8.124121311829187,7.894817763307944,True,False
19481,1825541768729054673,183,4245,4000,3392,2000,657,654,4.396239345545936,4.395189534604145,12.0515488384404,11.727920454563199,True,False
19482,1695750000000000000,170,2933,2877,2348,2000,208,207,4.628422373395956,4.627688868911575,11.518161355756956,11.197216693110052,True,False
19483,99750000000000000,10,864,811,755,2000,192,190,4.369589155944372,4.367884078346923,9.754887502163468,9.560332834212442,True,False
19484,43767950743919751621,4377,7759,6922,5771,2000,885,875,5.600604355153805,5.599961585366703,12.921655010785052,12.49460561567122,True,False
19485,12967500000000000,1,2489,1064,1029,1064,1064,1029,10.055282435501187,9.980173274823656,11.281350514981035,10.007027266893969,False,False
19486,299250000000000000,30,1541,1498,1305,2000,205,205,4.417242712843259,4.417242712843259,10.589651146514786,10.349834091457247,True,False
19487,498750000000000000,50,2140,2054,1787,2000,347,346,5.09347245057036,5.0923104379262085,11.06339508128851,10.80332391904149,True,False
19488,79320794416500000,8,2961,2013,1850,2000,888,853,4.565244675783456,4.548716798977113,11.531868775177553,10.853309555403674,True,False
19489,3707707500000000000,371,3060,2645,2207,2000,448,436,4.547298886987215,4.5411600349561265,11.579315937580015,11.107870914279614,True,False
19490,36899413241450872347,3690,3656,3630,2985,2000,148,147,5.314361381047034,5.31424507315284,11.83605035505807,11.543515216152167,True,False
19491,23955556457025715207,2396,5069,5015,4022,2000,219,215,5.26817883403988,5.265953488189017,12.307485448589476,11.973697366305352,True,False
19492,23440925654368320000,2344,4085,3585,2910,2000,569,551,6.089463195855631,6.086615759773273,11.996120363033047,11.506803437795647,True,False
19493,58855892767239786,6,4102,2557,2351,2000,1228,1186,4.794848251807688,4.776775854481556,12.002111776479852,11.199058823653022,True,False
19494,10025062656641604,1,194,126,125,126,126,125,6.977279923499918,6.961406907626902,7.599912842187128,6.965784284662087,False,False
19495,1994620120213083633,199,8003,6392,5370,2000,1219,1174,4.513162651041567,4.505219386512133,12.966325193888277,12.390706372872774,True,False
19496,72399083764773091797,7240,5391,5324,4323,2000,210,209,5.371757102486165,5.37139343857223,12.396337194231098,12.077817120895904,True,False
19497,1070705748665561079,107,2564,2501,2067,2000,195,194,4.367002555430186,4.365611119088399,11.324180546618742,11.013322673425447,True,False
19498,4918090926558277547,492,2016,2001,1663,2000,97,96,4.431525963959344,4.430920463862092,10.977279923499916,10.699572453287269,True,False
19499,22165238702014994229,2217,4942,4874,3898,2000,193,192,4.443187720388816,4.442051790879656,12.270879295328784,11.92851837525789,True,False
19500,93621039872437929,9,2012,1706,1635,2000,717,712,5.003332398880781,4.999750204882688,10.974414589805527,10.675074920385445,True,False
19501,131950644463140031389,13195,7218,6907,5692,0,0,0,0.0,0.0,12.817383427897232,12.474719946526482,False,True
19502,12965848685466550608,1297,3195,3167,2597,2000,122,122,4.491140317624498,4.491140317624499,11.641600215834357,11.342630298678408,True,False
19503,199500000000000000,20,5371,3761,3352,2000,1218,1172,4.615091912364717,4.601800924752601,12.390975006155534,11.710806433699352,True,False
19504,2487765000000000000,249,8282,6687,5587,2000,1221,1177,4.435906024058337,4.426531781137962,13.01576348736988,12.44785810495403,True,False
19505,891205836644303719,89,2407,2336,1968,2000,285,285,4.688108828074857,4.688108828074859,11.233020426474496,10.94251450533924,True,False
19506,2294250000000000000,229,1304,1295,1098,2000,81,80,4.612667366536694,4.6120084086719295,10.348728154231077,10.100662339005199,True,False
19507,299250000000000000,30,529,518,490,2000,76,75,4.307716776346764,4.306901632483357,9.047123912114026,8.936637939002571,True,False
19508,775785987140440,0,320,0,0,0,0,0,0.0,0.0,8.321928094887362,0,False,True
19509,1076053017030039,0,565,0,0,0,0,0,0.0,0.0,9.14210705730255,0,False,True
19510,2603475000000000000,260,6804,5813,4934,2000,968,958,4.693650678699948,4.692373967669563,12.732167425663386,12.268542000300123,True,False
19511,3387619710454924224,339,7301,6189,5233,2000,965,949,4.539328687280586,4.531551173293636,12.83387836457737,12.353422543614714,True,False
19512,19836903917017487826,1984,5956,5723,4737,2000,671,668,5.840175826506067,5.839966404615199,12.5401280385821,12.209757956581393,True,False
19513,840872788434629910,84,4138,3723,3223,2000,750,745,4.493975597352141,4.491760962925626,12.014717929860009,11.654188473059545,True,False
19514,290726817042606516,29,5711,4221,3734,2000,1243,1204,4.437368611582523,4.429951676761141,12.479527669256347,11.866506212226202,True,False
19515,305764411027568922,31,5850,4358,3828,2000,1249,1205,4.573878708149124,4.565799704231227,12.51422090935813,11.902375114486025,True,False
19516,2441745910236894675,244,6311,5441,4622,2000,885,875,4.443634007280515,4.439682093630287,12.623652908052925,12.174301544467632,True,False
19517,99521784914883771587,9952,2558,2550,2098,2000,110,108,5.16578374090118,5.1652676350261135,11.320800548881637,11.034798962577268,True,False
19518,163512416036883002,16,5047,3644,3267,2000,1228,1185,4.442905871895338,4.429070279890309,12.301210371298426,11.673750739438063,True,False
19519,135660000000000000000,13566,8013,7176,5997,0,0,0,0.0,0.0,12.968126761356267,12.550025257465784,False,True
19520,159551895242626785725,15955,8065,7212,6024,0,0,0,0.0,0.0,12.977458818043004,12.556506054671928,False,True
19521,494760000000000000,49,1877,1827,1549,2000,194,193,4.405591810020796,4.404491700009795,10.874212934830874,10.597121428789569,True,False
19522,100250626566416040,10,3958,2699,2510,2000,1001,977,4.659448081609576,4.647299497278482,11.950555897047511,11.293471648838134,True,False
19523,362861857818521339,36,5304,3881,3433,2000,1022,994,4.590842265416514,4.586232698660819,12.372865060112588,11.745254141957256,True,False
19524,37070302955512788,4,3211,1745,1663,2000,1012,982,5.242524341684696,5.219881204384242,11.64880694972577,10.699572453287269,True,False
19525,997500000000000000,100,1285,1266,1054,2000,112,111,4.326079227694215,4.325446999023533,10.32755264408124,10.041659151637214,True,False
19526,48877500000000000,5,3844,2234,2060,2000,1212,1166,4.784633751879891,4.761016160452494,11.90839262077375,11.00842862207058,True,False
19527,996729278180281292,100,7169,5573,4763,2000,1216,1172,4.459177602475691,4.449076190556755,12.807556176858919,12.217654833364023,True,False
19528,1438776788361835437,144,7171,5629,4794,2000,967,938,4.538595923175262,4.524068339835722,12.807958602256477,12.227014193649133,True,False
19529,984037660200000000,98,800,788,700,2000,77,76,4.67085440912604,4.66958956028992,9.643856189774725,9.451211111832329,True,False
19530,9975000000000000000,998,1759,1754,1550,2000,75,74,4.760940249627298,4.759968296848755,10.78053976747196,10.5980525001616,True,False
19531,29925000000000000000,2993,2058,2052,1740,2000,70,69,4.403768661401832,4.402711291223105,11.007027266893969,10.76487159073609,True,False
19532,57977919059683655,6,653,613,597,2000,206,206,4.396255086541897,4.396255086541898,9.350939181546432,9.221587121264806,True,False
19533,5961094617311780577,596,4447,4317,3581,2000,443,441,4.73407667010374,4.733488400205511,12.118616689351509,11.806146803320525,True,False
19534,19420334881500000000,1942,9781,8201,6687,2000,1232,1190,5.128767261049548,5.125000163028048,13.255766257128808,12.70714340198091,True,False
19535,921707874748932035,92,4669,3903,3373,2000,792,786,4.510454811556068,4.509169143279378,12.188897873242189,11.719816603018126,True,False
19536,5185126028684471965,519,8416,6856,5689,2000,952,923,4.563362297728191,4.550218857100967,13.038918989292302,12.47395936569476,True,False
19537,3625337103844508981,363,3624,3575,2892,2000,206,202,5.036448104000496,4.993898652509689,11.823367240046235,11.497851836951117,True,False
19538,329174958401472513176,32917,8271,7168,5779,0,0,0,0.0,0.0,13.013846052731347,12.496604154575603,False,True
19539,110223750000000000,11,4830,3309,3003,2000,1231,1192,4.443241910696683,4.431046003002072,12.237807473723135,11.552188759557149,True,False
19540,27515640291181743,3,385,329,326,2000,189,188,5.199928391705061,5.1962592789632325,8.588714635582264,8.348728154231077,True,False
19541,13234391175052238578,1323,6909,6112,5094,2000,834,825,4.965394431633944,4.964310100036758,12.754261196514001,12.314583244274194,True,False
19542,506454836865450,0,271,0,0,0,0,0,0.0,0.0,8.08214904135387,0,False,True
19543,238085237225670355255,23809,5666,5611,4513,0,0,0,0.0,0.0,12.468114886378098,12.139871063212487,False,True
19544,1091853557314020,0,329,0,0,0,0,0,0.0,0.0,8.361943773735241,0,False,True
19545,54755501706008693,5,522,466,448,2000,146,145,4.681061463141231,4.671752155684486,9.027905996569885,8.807354922057604,True,False
19546,372571284835011127,37,968,943,800,2000,130,129,4.279512870819375,4.278974151801306,9.918863237274595,9.643856189774725,True,False
19547,12517639041883955,1,355,182,178,182,182,178,7.507794640198698,7.4638385962426534,8.471675214392045,7.475733430966398,False,False
19548,36341488932265601177,3634,7447,6682,5492,2000,798,792,4.786911305442646,4.786054205162854,12.862443642212295,12.4231159101471,True,False
19549,2062713137139433596,206,3159,3108,2539,2000,194,192,4.534204605680873,4.533167419550498,11.625252221746873,11.310044679647506,True,False
19550,1000000000000000,0,665,0,0,0,0,0,0.0,0.0,9.377210530388552,0,False,True
19551,4497955735743882274,450,3009,2618,2180,2000,432,420,4.590883252211761,4.585133118181551,11.555068391333338,11.090112419664289,True,False
19552,176967531661716530,18,1921,1448,1307,2000,474,462,4.5971825175479655,4.587693530203133,10.907641803665527,10.352043425795433,True,False
19553,294377369485917161,29,2094,1631,1444,2000,468,456,4.426144642524553,4.416557593916254,11.032045726930809,10.49585502688717,True,False
19554,437062782699989929,44,1538,1273,1129,2000,329,322,4.409115559247934,4.400116666141246,10.586839787961827,10.140829770773001,True,False
19555,303930385443351446,30,1329,1075,962,2000,313,307,4.550945352710891,4.541937151010957,10.376125389276174,9.909893083770042,True,False
19556,34770884097707779,3,677,454,435,2000,266,261,5.554169352134705,5.539751551827962,9.403012023574997,8.76487159073609,True,False
19557,243335014491358705,24,978,779,709,2000,248,244,4.437736773413458,4.431700915699247,9.933690654952233,9.469641817239516,True,False
19558,231202165319302259,23,888,706,644,2000,223,219,4.497756252371044,4.489852146585901,9.794415866350105,9.330916878114618,True,False
19559,45700960494514438,5,524,359,343,2000,186,182,4.764540570058654,4.752390029222466,9.03342300153745,8.422064766172813,True,False
19560,151968684864616364,15,568,440,415,2000,150,148,4.467262665405374,4.461059255635099,9.149747119504681,8.696967526234287,True,False
19561,135543377318211528,14,383,298,285,2000,109,109,4.433120373399554,4.433120373399554,8.581200581924957,8.154818109052105,True,False
19562,177596766844061948,18,308,245,235,2000,97,97,4.282607544480425,4.282607544480425,8.266786540694902,7.876516946564999,True,False
19563,204962140389895091,20,261,218,205,2000,86,86,4.2942008759047035,4.294200875904703,8.027905996569885,7.679480099505446,True,False
19564,543379337866690006,54,136,115,110,2000,41,41,4.268933248857266,4.268933248857266,7.087462841250339,6.78135971352466,True,False
19565,474986607191273062,47,21,18,18,412,18,18,3.9380942964284036,3.9380942964284036,4.392317422778761,4.169925001442312,False,False
19566,869574616216639427,87,5922,4750,4144,2000,995,977,4.643557849656043,4.640905064718546,12.531868775177553,12.016808287686555,True,False
19567,940836207297740907,94,2329,2284,1885,2000,197,197,4.35672231349388,4.35672231349388,11.185494924210866,10.880348808156027,True,False
19568,9905175000000000000,991,4426,4371,3513,2000,214,213,4.863646121077628,4.8630959697860225,12.11178773580101,11.778487861222372,True,False
19569,677302500000000000,68,2110,2041,1703,2000,191,190,4.369459733203625,4.368068648790095,11.043027283594547,10.733862719678543,True,False
19570,1042395479355503699,104,984,973,851,2000,78,77,4.316052029651517,4.315194296534049,9.94251450533924,9.733015321685963,True,False
19571,2972227208819256873,297,1466,1453,1241,2000,77,76,4.451670155981943,4.450171347510313,10.517669388133811,10.277287400130357,True,False
19572,4661920098525723546,466,1751,1738,1442,2000,81,80,4.436219664440078,4.435361143946536,10.773963368433558,10.493855449240822,True,False
19573,1505014443120155059,151,1079,1066,925,2000,76,75,4.351210530703544,4.350199538189974,10.075479149488016,9.853309555403674,True,False
19574,4183362824838328747,418,1643,1630,1338,2000,74,73,4.252136290570354,4.25085984698449,10.682116764950074,10.38586240064146,True,False
19575,2067524536067751826,207,1237,1224,1044,2000,73,72,4.271747540151435,4.270293715425394,10.27262978497637,10.027905996569885,True,False
19576,794167265343953051,79,742,729,657,2000,72,71,4.244534299046185,4.243225384499781,9.535275376620802,9.35974956032233,True,False
19577,346262360442986610,35,510,498,471,2000,71,70,4.24127894682795,4.239641882517116,8.994353436858859,8.879583249612784,True,False
19578,189525000000000000,19,1893,1721,1586,2000,496,494,4.380480220162879,4.37933719973139,10.886458695703706,10.63117705570398,True,False
19579,1795500000000000000,180,4265,3564,3007,2000,681,658,4.663963221394967,4.6504054167116315,12.058330026205653,11.554109152574004,True,False
19580,3274561023322867721,327,7641,6383,5361,2000,1000,979,4.641865597946064,4.636274294503067,12.89954574499535,12.388286419762647,True,False
19581,273755000000000000000,27376,8087,7250,6061,0,0,0,0.0,0.0,12.981388896117206,12.565340127208454,False,True
19582,105289815023353756921,10529,8033,7180,6000,0,0,0,0.0,0.0,12.97172316117676,12.550746785383243,False,True
19583,99379127746051364648,9938,9383,8117,6527,2000,1199,1154,5.96027198600177,5.957398168969185,13.195833549955587,12.672204323964033,True,False
19584,1934748117121908,0,395,0,0,0,0,0,0.0,0.0,8.625708843064466,0,False,True
19585,9975000000000000,1,1954,547,532,547,547,532,9.095397022792557,9.033953438744227,10.932214751968385,9.055282435501189,False,False
19586,8555847502998149,1,1556,404,403,404,404,403,8.658211482751797,8.653260987702291,10.603626344986193,8.654636028527968,False,False
19587,15842997135070480,2,83,57,57,1382,57,57,5.7382743403623255,5.7382743403623255,6.3750394313469245,5.832890014164741,False,False
19588,2990472769728202383,299,3421,3372,2737,2000,196,196,4.4440881185760155,4.444088118576014,11.7402023887679,11.418379719364957,True,False
19589,1994177018041860550,199,3053,3004,2444,2000,197,197,4.636383108124236,4.636383108124237,11.57601187420678,11.25502856981873,True,False
19590,1194233527561229037,119,2692,2652,2183,2000,214,214,4.631189999779757,4.631189999779757,11.394462694610317,11.092096414990792,True,False
19591,690046743703959605,69,2432,2338,2014,2000,363,362,4.474552257003948,4.473918409549901,11.247927513443585,10.975847968006784,True,False
19592,4145610000000000000,415,8123,6861,5624,2000,1158,1114,4.553577156492341,4.543160465805934,12.987796929042542,12.457380879072534,True,False
19593,63005163718394127,6,4107,2620,2414,2000,1240,1199,4.444701294585762,4.430639883975575,12.003869231979056,11.237209960755022,True,False
19594,25664121160253193,3,3044,1741,1652,2000,1174,1132,6.558168726114009,6.516542852748003,11.571752643503546,10.689997971419446,True,False
19595,929852104606737549,93,291,289,278,2000,47,47,4.189232031000833,4.189232031000833,8.184875342908283,8.118941072723507,True,False
19596,141134054918211264,14,298,286,274,2000,67,66,4.324562939815249,4.321310758928055,8.219168520462162,8.098032082960527,True,False
19597,508725000000000000,51,1962,1894,1601,2000,188,187,4.71107072951009,4.7081978555669215,10.938109326219239,10.644757592516257,True,False
19598,367658501991762996,37,2667,2445,2178,2000,623,620,4.742906120306347,4.740937034946496,11.381002109550925,11.088788238716907,True,False
19599,172976201689162959,17,3503,2648,2451,2000,873,863,4.401255584798921,4.397784725814014,11.774375272802063,11.25915476886684,True,False
19600,670336107481284816,67,6741,5251,4519,2000,1244,1204,4.558381717362388,4.551940748054388,12.718746909901064,12.141787841671004,True,False
19601,4677425143740007391,468,529,527,480,2000,47,47,4.236729725609483,4.236729725609483,9.047123912114026,8.906890595608518,True,False
19602,691267500000000000,69,6800,5257,4541,2000,1213,1174,4.556757821365971,4.550834601666141,12.731319031025064,12.148794321424335,True,False
19603,2435463986057948,0,916,0,0,0,0,0,0.0,0.0,9.839203788096944,0,False,True
19604,37520748232767490451,3752,7053,6638,5452,2000,789,784,5.952113087922957,5.951842222488777,12.784021324374178,12.41256984680521,True,False
19605,1047623086083597003,105,6767,5379,4601,2000,1018,992,4.560739545898282,4.556047896997942,12.724300673209568,12.167731741103244,True,False
19606,11847604968730354712,1185,7541,6670,5594,2000,914,904,5.1300714618212435,5.129182809661412,12.880540134333733,12.449664538476192,True,False
19607,4900000000000000,0,132,0,0,0,0,0,0.0,0.0,7.044394119358453,0,False,True
19608,3572155436734251456,357,3534,3467,2784,2000,199,198,4.635417719334494,4.634607893447058,11.787086324551616,11.442943495848729,True,False
19609,2523675000000000,0,683,0,0,0,0,0,0.0,0.0,9.41574176829009,0,False,True
19610,350597138830185938,35,4900,3717,3301,2000,1010,990,4.842931781789022,4.840446187705185,12.258566033889933,11.688687423222536,True,False
19611,3000000000000000000,300,2394,2095,1777,2000,372,364,4.599972603485495,4.594086630784793,11.225207436943501,10.795227966028678,True,False
19612,20000000000000000000,2000,2607,2328,1954,2000,372,365,5.376186389455466,5.374222958807529,11.348174867535556,10.932214751968385,True,False
19613,42571726969216043563,4257,9813,8170,6714,2000,1069,1040,5.372871832847422,5.370681077110955,13.260478544803934,12.71295682169755,True,False
19614,7564042500000000000,756,2767,2440,2035,2000,401,392,5.123676786883411,5.119582651170532,11.434106928609955,10.99081307915361,True,False
19615,1989299649183586998,199,8026,6392,5370,2000,1227,1180,4.60313789172116,4.59387679951177,12.970465440779995,12.390706372872774,True,False
19616,986507711796940342,99,7162,5539,4744,2000,1224,1178,4.788594891644745,4.783697176017125,12.806146803320525,12.211888294546004,True,False
19617,9543870357205169,1,869,272,270,272,272,270,8.087462841250339,8.072756958897399,9.7632123668144,8.076815597050832,False,False
19618,9825587850486154,1,1345,410,400,410,410,400,8.679480099505446,8.623980373890413,10.393390457443987,8.643856189774725,False,False
19619,211031363747547378,21,420,408,386,2000,75,73,4.239292799848873,4.226124553977445,8.714245517666123,8.59245703726808,True,False
19620,185348584049277013,19,393,381,357,2000,81,80,4.404841774065803,4.40269891495449,8.618385502258606,8.479780264029099,True,False
19621,8537905798045973690,854,2928,2900,2371,2000,121,121,4.4830422205924325,4.483042220592432,11.515699838284043,11.211279947482009,True,False
19622,876107356480841992,88,3233,3029,2630,2000,611,609,4.899666242105623,4.899258536469093,11.658657792126085,11.360847084179664,True,False
19623,467835031092771424,47,2813,2598,2297,2000,615,612,4.54071682634042,4.536236150662571,11.4578938373147,11.165535141377925,True,False
19624,3591997500000000000,359,4642,4420,3711,2000,622,619,4.692847423889007,4.691353907514845,12.180530807344482,11.857592285697526,True,False
19625,16431139371030591598,1643,8233,7241,6076,2000,981,971,5.005673933682497,5.004804368465108,13.007202510749742,12.568906154502084,True,False
19626,9906971937522822116,991,3736,3249,2653,2000,513,498,5.163067857299176,5.157270194759751,11.867278739709661,11.373408960228696,True,False
19627,32950072251285000,3,799,541,516,2000,317,311,5.645008533242935,5.630142713787369,9.642051692927977,9.011227255423254,True,False
19628,100348500000000000,10,3874,2732,2482,2000,1043,1004,5.624397629182258,5.596238693875181,11.919608238603253,11.277287400130357,True,False
19629,49446655449174656,5,3418,2169,1999,2000,1141,1099,5.160800476108006,5.136422341584441,11.73893668167614,10.965062756744627,True,False
19630,5392810683708811150,539,1859,1848,1517,2000,75,74,4.264362830660012,4.262664661361398,10.860311054919482,10.567005370247033,True,False
19631,41998750145692659363,4200,8936,7832,6541,2000,993,978,5.5345358547282135,5.533341327201539,13.125413470483315,12.67529549909406,True,False
19632,13219368750000000000,1322,6952,6187,5098,2000,797,791,4.740743788774823,4.7398362159603895,12.7632123668144,12.315715658022201,True,False
19633,32622455166735000,3,1845,1148,1081,2000,670,649,6.142048910941323,6.112232494236115,10.849405100947758,10.07815080773465,True,False
19634,49875000000000000,5,2930,1808,1730,2000,964,948,5.280272167276777,5.267308779652921,11.51668494930961,10.756556322524087,True,False
19635,82130716820755047,8,976,718,664,2000,319,313,4.458206404044801,4.451276821228509,9.930737337562887,9.375039431346925,True,False
19636,3330939284888880000,333,564,501,456,2000,101,101,4.289968821470228,4.289968821470228,9.139551352398794,8.832890014164741,True,False
19637,322192500000000000,32,4187,3198,2819,2000,910,873,4.833538798052618,4.81067130245112,12.031701202740303,11.460967762570421,True,False
19638,13366500000000000,1,2064,934,919,934,934,919,9.867278739709661,9.832734133171662,11.011227255423254,9.843921051289035,False,False
19639,58852500000000000,6,3288,2108,2006,2000,1005,985,4.71675677585891,4.707329984583815,11.682994583681683,10.970105890612182,True,False
19640,35087523804366836607,3509,5158,5087,4109,2000,292,291,4.796219500566433,4.794177126418799,12.332596057789214,12.004571615167656,True,False
19641,15363088818000000,2,50,38,38,598,38,38,5.1457087710414955,5.145708771041495,5.643856189774724,5.247927513443585,False,False
19642,21464478292051584741,2146,9500,7867,6481,2000,1058,1028,5.681513427604508,5.6796695556770675,13.213711798105672,12.662000718718481,True,False
19643,22545817230618701,2,2700,1488,1420,2000,1085,1044,6.521842173443656,6.4790723589214725,11.398743691938193,10.471675214392045,True,False
19644,300247500000000000,30,5760,4290,3775,2000,1247,1203,4.658507700715088,4.64989038613535,12.491853096329674,11.882260929099804,True,False
19645,653616046675888974,65,6142,4889,4190,2000,1149,1106,4.495277336759738,4.485400805868294,12.584492796975875,12.032734528586714,True,False
19646,797689888675970053,80,4734,3799,3275,2000,880,844,4.5755218991695985,4.563846214437765,12.208843990734614,11.677279191312175,True,False
19647,692459695108353,0,369,0,0,0,0,0,0.0,0.0,8.527477006060396,0,False,True
19648,1097250000000000,0,539,0,0,0,0,0,0.0,0.0,9.074141462752506,0,False,True
19649,997500000000000,0,392,0,0,0,0,0,0.0,0.0,8.614709844115207,0,False,True
19650,254332575000000000000,25433,5902,5810,4761,0,0,0,0.0,0.0,12.526988205432007,12.217048913556338,False,True
19651,313705148405545512351,31371,5007,4947,4026,0,0,0,0.0,0.0,12.289730740083755,11.97513145692134,False,True
19652,300751879699248120,30,5784,4240,3741,2000,1219,1179,4.602741680569402,4.597387107327047,12.497851836951117,11.869208250550827,True,False
19653,39292353028746389789,3929,5171,5125,4109,2000,244,244,5.7075068466086165,5.707506846608615,12.33622758948339,12.004571615167656,True,False
19654,8961582795989309993,896,2674,2654,2175,2000,118,117,4.490996324929163,4.490706187280345,11.384783750093353,11.086799685623452,True,False
19655,39900000000000000,4,1419,921,861,2000,512,497,5.2387289395291425,5.216675611343313,10.470658874060552,9.749869427396844,True,False
19656,12383433261713972445,1238,2839,2514,2085,2000,395,386,5.004509553491171,4.99984317555704,11.471167133724391,11.025831668332026,True,False
19657,124633355344311403,12,1073,1015,930,2000,200,199,4.354975095593809,4.3536644975363945,10.067434360756522,9.861086905995395,True,False
19658,94761461344463173,9,865,809,746,2000,195,194,4.356528289598315,4.354956074919547,9.756556322524087,9.543031820255237,True,False
19659,8833471907005913265,883,8650,7154,5923,2000,986,955,5.446449041655913,5.441978539342555,13.078484417411449,12.532112370794998,True,False
19660,912712500000000000,91,7023,5503,4719,2000,1228,1187,4.669396627819603,4.660922673544828,12.777871719833168,12.204265456136843,True,False
19661,6409031564734035,1,172,41,41,41,41,41,5.357552004618084,5.357552004618084,7.426264754702098,5.357552004618084,False,False
19662,156323431168990194060,15632,5855,5759,4724,0,0,0,0.0,0.0,12.515453455388577,12.205793249397157,False,True
19663,22738538497710000,2,878,541,526,2000,384,376,6.509567667376505,6.487662344018355,9.778077129535358,9.038918989292302,True,False
19664,52800000000000000000,5280,7447,6669,5532,2000,823,813,4.805524522773656,4.8031411164393845,12.862443642212295,12.433585441150495,True,False
19665,22571293963677988847,2257,8640,7421,5979,2000,1135,1092,5.786509546181631,5.783280029729745,13.076815597050832,12.545688495560213,True,False
19666,1513759398496240601,151,2823,2763,2265,2000,203,202,4.444991972109139,4.443991517356979,11.463013413449692,11.145295334933598,True,False
19667,12531328320802005012,1253,4628,4568,3679,2000,208,207,4.629257555746867,4.628523977887581,12.17617314910749,11.845097960972975,True,False
19668,4389000000000000000,439,3826,3750,3081,2000,292,292,4.731390390802347,4.731390390802346,11.901621158346112,11.589182967039351,True,False
19669,2992500000000000000,299,4344,4140,3489,2000,600,597,4.701169504917459,4.699526163555232,12.084808387804362,11.768597882194374,True,False
19670,58757847233089599,6,2284,1641,1594,2000,771,765,4.543230516753927,4.540058931842491,11.157346935362844,10.638435913990472,True,False
19671,4428593856387505738,443,6117,5349,4476,2000,792,786,4.531372973495611,4.530044115535652,12.578608560737752,12.127994320976393,True,False
19672,4987500000000000000,499,6370,5551,4682,2000,843,833,4.834329423384162,4.832915457188438,12.637077657143664,12.192909219112012,True,False
19673,3092250000000000000,309,6826,5894,4987,2000,937,926,4.470366537315302,4.468014549848874,12.736824699098866,12.283956487665113,True,False
19674,5386500000000000000,539,8211,6873,5747,2000,1018,992,4.498956237509685,4.494069860839011,13.003342220086113,12.488593333835409,True,False
19675,4139625000000000000,414,8249,6666,5567,2000,986,956,4.83063073049315,4.826362590030564,13.010003521295205,12.442684367865834,True,False
19676,2992500000000000000,299,8061,6426,5407,2000,1054,1025,4.826728408113068,4.82310161971908,12.976743106734322,12.400612641081999,True,False
19677,2274873433150288312,227,8151,6662,5599,2000,1190,1150,4.701051355739581,4.695281944707695,12.99276135094313,12.450953464712992,True,False
19678,2543625000000000000,254,8396,6852,5737,2000,1210,1171,4.43519302510448,4.427492484030427,13.035486451292154,12.48608080265197,True,False
19679,2394000000000000000,239,7927,6607,5479,2000,1209,1167,5.005552683348943,5.001864868010058,12.952559261056837,12.41969688830598,True,False
19680,2793000000000000000,279,7746,6480,5355,2000,1158,1115,4.468660457291837,4.458706570892061,12.919235786028347,12.386670859637618,True,False
19681,4788000000000000000,479,7489,6329,5180,2000,1069,1027,4.71957745130356,4.710196578315835,12.870557374326415,12.338736382573916,True,False
19682,2892750000000000000,289,5203,4385,3655,2000,779,749,4.62599774677761,4.61203806180243,12.345127991976693,11.8356556908398,True,False
19683,4887750000000000000,489,3090,2686,2231,2000,438,426,4.5457367061611595,4.539556215740609,11.593391122791736,11.12347479824414,True,False
19684,4788000000000000000,479,2401,2119,1790,2000,360,353,4.702229396616379,4.698180242269284,11.229419688230417,10.805743872151618,True,False
19685,3690750000000000000,369,1377,1207,1058,2000,222,218,4.598900920767536,4.59597993347383,10.427312844134963,10.047123912114026,True,False
19686,2992500000000000000,299,296,263,249,2000,56,56,4.481948003191001,4.481948003191001,8.20945336562895,7.960001932068081,True,False
19687,157126588441053809675,15713,7756,6948,5793,0,0,0,0.0,0.0,12.921097088106793,12.500094949671807,False,True
19688,7873552750753453568,787,4067,4000,3213,2000,201,200,4.820315663001988,4.819677975681337,11.989749275462133,11.649705265471413,True,False
19689,1481231596484405606,148,5252,4326,3648,2000,864,828,4.514123126451548,4.502611135737387,12.358651200892886,11.832890014164741,True,False
19690,405816591392209527,41,3489,2746,2397,2000,723,696,4.383253883896606,4.369941530943905,11.768597882194374,11.227014193649133,True,False
19691,253474351823058411,25,1574,1252,1120,2000,380,373,4.419407056057797,4.412915836930379,10.620219825507487,10.129283016944967,True,False
19692,444467170348917938,44,1116,916,824,2000,249,245,4.390714660206886,4.385556362497647,10.124121311829187,9.686500527183219,True,False
19693,326187453967307759,33,91,74,71,2000,36,36,4.366789244542612,4.366789244542613,6.507794640198696,6.149747119504682,True,False
19694,19950000000000000,2,580,343,335,2000,281,276,6.476926435938143,6.45917515385665,9.179909090014934,8.388017285345136,True,False
19695,258252890077779133,26,1511,1444,1271,2000,194,193,4.447343931559743,4.445451295634071,10.561287945164828,10.311748315004959,True,False
19696,101703304795259165574,10170,9690,8196,6714,0,0,0,0.0,0.0,13.242280950302444,12.71295682169755,False,True
19697,3149283416664468046,315,3259,3194,2567,2000,184,182,4.40325388431155,4.401692772793686,11.670213636738564,11.325867580575418,True,False
19698,4987222957909748824,499,3556,3069,2527,2000,500,486,4.594600510795897,4.5889618814674895,11.79603960882977,11.303209948944776,True,False
19699,18088652771952164381,1809,4821,4762,3850,2000,206,205,4.7248528777876855,4.72420570475715,12.23511671439625,11.910642730469625,True,False
19700,132300555255808878652,13230,5751,5695,4594,0,0,0,0.0,0.0,12.489597122389307,12.165535141377925,False,True
19701,64708193209087029,6,808,580,547,2000,276,271,4.735379592330503,4.7256330955258665,9.658211482751796,9.095397022792557,True,False
19702,96119100000000000000,9612,3717,3270,2663,2000,493,480,5.764325086318501,5.760911727728396,11.859922972861758,11.378836713210614,True,False
19703,4040562993107876,0,1408,0,0,0,0,0,0.0,0.0,10.459431618637296,0,False,True
19704,12502203628140450000,1250,47,44,44,2000,42,42,5.225911518683763,5.225911518683762,5.554588851677638,5.459431618637297,True,False
19705,15887090562518952000,1589,4624,4032,3274,2000,616,597,5.445744147703748,5.441566090371331,12.174925682500678,11.676838606474153,True,False
19706,108114037500000000000,10811,5606,5546,4490,0,0,0,0.0,0.0,12.452756029032495,12.13249972962851,False,True
19707,10972500000000000,1,1196,533,521,533,533,521,9.057991722759176,9.0092112349543,10.224001674198105,9.025139562278508,False,False
19708,32752150325474419680,3275,9463,8030,6628,2000,1057,1029,5.666263147497462,5.664489218586957,13.208081909981123,12.694357887221452,True,False
19709,497431254029329350,50,4981,3913,3466,2000,974,962,4.618468726527994,4.6156644942163165,12.282219695672588,11.75905593916017,True,False
19710,4551872037693499731,455,8221,6751,5633,2000,986,956,4.875726726417416,4.872107987369925,13.005098178239706,12.459687756239548,True,False
19711,3625349240475461,0,1359,0,0,0,0,0,0.0,0.0,10.40832974076739,0,False,True
19712,17556727323710059,2,2552,1094,1061,2000,1013,984,6.4859922560292365,6.452727593522744,11.31741261376487,10.051208940914766,True,False
19713,90346646978276420,9,3914,2482,2318,2000,1026,997,4.7251981440232935,4.710377621632343,11.934428040626804,11.178664851006472,True,False
19714,35908650406852915816,3591,9273,7986,6603,2000,1022,995,4.870081862813306,4.866607215082283,13.178820439579379,12.688905930612714,True,False
19715,20050125313283208,2,332,264,260,2000,179,178,6.419859436096541,6.41360100541988,8.375039431346925,8.022367813028454,True,False
19716,19950000000000000,2,2524,1304,1249,2000,1093,1053,6.524180237325135,6.482732723956328,11.30149619498255,10.286557761607957,True,False
19717,123349979512821392071,12335,5479,5412,4398,0,0,0,0.0,0.0,12.41969688830598,12.102631888854969,False,True
19718,10692239489813888229,1069,4627,4569,3661,2000,211,210,5.077456848094249,5.077016804089848,12.175861383565296,11.838022058304546,True,False
19719,8267995806402509,1,1974,474,464,474,474,464,8.888743248898264,8.842329746788558,10.946906274456397,8.857980995127573,False,False
19720,34373300265780000,3,69,41,41,1279,41,41,4.665724685396517,4.665724685396518,6.108524456778169,5.357552004618084,False,False
19721,30822750000000000000,3082,5054,5011,3990,2000,246,246,5.760264776391232,5.760264776391232,12.303209948944776,11.962173031109709,True,False
19722,167427382655424278,17,4838,3544,3179,2000,1178,1135,4.495428775796411,4.481616800310558,12.240195053979924,11.634357301137976,True,False
19723,14026861600923329630,1403,4674,4603,3695,2000,202,201,4.9069543116000505,4.906382719716656,12.190442018782825,11.851358649033513,True,False
19724,83840205154587612,8,239,225,222,2000,81,80,4.279808305268186,4.277579569272726,7.900866807980749,7.794415866350106,True,False
19725,3549755170364781582,355,1410,1405,1240,2000,65,64,4.2915997223265405,4.289782855365269,10.461479447286155,10.276124405274238,True,False
19726,1002506265664160,0,624,0,0,0,0,0,0.0,0.0,9.285402218862249,0,False,True
19727,558103062824444847,56,2786,2601,2277,2000,545,543,4.965950643846574,4.965578082956153,11.443979542601253,11.152918576136623,True,False
19728,3458516765038182,0,935,0,0,0,0,0,0.0,0.0,9.868822554774999,0,False,True
19729,14498472107308647091,1450,6942,6145,5121,2000,831,822,4.7424448342271965,4.741041241924983,12.761135649828645,12.322209843748894,True,False
19730,109927898121480899170,10993,4405,3890,3157,0,0,0,0.0,0.0,12.104926303807776,11.624338545312986,False,True
19731,12990054289908665393,1299,4571,4503,3644,2000,198,197,4.727002189077426,4.726292444881063,12.158294103604035,11.831307243802051,True,False
19732,21470749597500000,2,439,367,366,2000,268,268,6.466254025888024,6.4662540258880234,8.778077129535358,8.515699838284043,True,False
19733,6856111990936477076,686,236,208,201,2000,61,61,5.093757162833173,5.093757162833174,7.882643049361842,7.651051691178929,True,False
19734,18753000000000000000,1875,2524,2511,2105,2000,102,101,4.998973665464389,4.998394714029204,11.30149619498255,11.039604517953759,True,False
19735,198495350103721815,20,3945,2949,2705,2000,967,956,4.391280361161612,4.388075992468062,11.945809584900822,11.401412878714178,True,False
19736,29426250000000000000,2943,9065,7834,6477,2000,1006,986,4.918034379732843,4.915938210684812,13.14609130463152,12.66111002874366,True,False
19737,4925299739752374824,493,2587,2559,2092,2000,124,124,4.685634942102594,4.6856349421025945,11.33706433868474,11.030667136246942,True,False
19738,9443246041886236,1,2033,540,529,540,540,529,9.076815597050832,9.032371152606387,10.989394499844732,9.047123912114026,False,False
19739,7974317858243315,1,1785,360,356,360,360,356,8.491853096329674,8.469630874107452,10.801708358916462,8.475733430966399,False,False
19740,12605275831027775,1,2663,1131,1091,1131,1131,1091,10.143383213989818,10.063163005366299,11.378836713210614,10.091435386323607,False,False
19741,37258260488174248,4,98,91,88,2000,66,65,4.51524713432223,4.512680214923226,6.614709844115208,6.459431618637297,True,False
19742,6825384033686000267,683,8802,7186,5961,2000,1072,1042,5.200323021142301,5.1975253202644325,13.103615656394545,12.541338657970826,True,False
19743,6716466750000000000,672,8894,7483,6212,2000,1155,1118,5.239887491501889,5.23620243097743,13.118616689351509,12.600842114387302,True,False
19744,120250626566416040,12,4955,3344,3023,2000,1219,1174,4.407774273052206,4.398237547727534,12.274669342073851,11.561765263627708,True,False
19745,526315789473684210,53,6602,4985,4311,2000,1215,1171,4.398488956105829,4.386372168553662,12.688687423222536,12.073806847178492,True,False
19746,614134035087719298,61,6530,5164,4440,2000,1223,1179,4.597037110160196,4.587888609387095,12.672867276433793,12.116343961237469,True,False
19747,712160139087588337,71,6616,5267,4510,2000,1213,1170,4.441097568085356,4.427159369671507,12.691743519171276,12.138911718142744,True,False
19748,511959635095238277,51,1975,1932,1638,2000,204,204,4.453632964491785,4.453632964491785,10.947636937951827,10.677719641641009,True,False
19749,997500000000000,0,368,0,0,0,0,0,0.0,0.0,8.523561956057012,0,False,True
19750,38009528653515745,4,3209,1677,1580,2000,966,937,4.772045404021635,4.751603411925531,11.647908074281807,10.625708843064466,True,False
19751,81625425000000000,8,3861,2351,2185,2000,966,937,4.386263001993332,4.377132543837533,11.914758838941857,11.093417564387961,True,False
19752,99750000000000000,10,3214,2219,2034,2000,915,879,5.543209454887252,5.515692575114363,11.650154213675094,10.9901039638575,True,False
19753,432192976363612943,43,1795,1756,1501,2000,210,210,4.454623458457171,4.45462345845717,10.809768128710413,10.55170826162069,True,False
19754,438900000000000,0,189,0,0,0,0,0,0.0,0.0,7.562242424221073,0,False,True
19755,199500000000000,0,79,0,0,0,0,0,0.0,0.0,6.303780748177103,0,False,True
19756,17854352250000000,2,1906,980,938,2000,854,821,6.577176271942903,6.536631212236293,10.896332403909941,9.873444112515376,True,False
19757,3990000000000000000,399,1370,1366,1225,2000,64,62,4.280863651235496,4.27802187282459,10.419960177847889,10.258566033889933,True,False
19758,58944172125454276526,5894,9184,8012,6663,2000,1008,989,5.316253346031885,5.313101130237869,13.164906926675688,12.701956178268137,True,False
19759,49594155549823739,5,2941,1808,1727,2000,968,951,4.735574635994396,4.726298575525609,11.522091068887065,10.754052367528924,True,False
19760,11970000000000000000,1197,5214,5040,4172,2000,507,505,4.546590141997675,4.545974662693167,12.348174867535556,12.026523442519766,True,False
19761,209361314123745535,21,5184,3861,3440,2000,1198,1156,5.2944109895612925,5.266993740650623,12.339850002884624,11.74819284958946,True,False
19762,34719823899521932048,3472,9020,7851,6511,2000,1012,993,5.344991662434882,5.342852245532968,13.138911718142744,12.668663423175296,True,False
19763,39398346185669305,4,2620,1616,1506,2000,921,884,5.299744220212562,5.27072499352195,11.355351096424812,10.556506054671928,True,False
19764,3464085757671582,0,1060,0,0,0,0,0,0.0,0.0,10.049848549450562,0,False,True
19765,74172651447831499,7,778,719,669,2000,196,195,4.706922057206379,4.704169304453625,9.603626344986193,9.38586240064146,True,False
19766,8738100000000000000,874,3266,3222,2603,2000,134,134,4.386630404704743,4.386630404704744,11.673309075561695,11.345959596404112,True,False
19767,3902476001398639005,390,1743,1728,1434,2000,101,99,4.911138317102246,4.910461555213229,10.767356854125685,10.485829308701904,True,False
19768,4630076860862268469,463,1879,1864,1541,2000,94,93,4.8174902777685045,4.8169926384102295,10.875749351420055,10.589651146514786,True,False
19769,3013117064517860,0,1289,0,0,0,0,0,0.0,0.0,10.332036548361652,0,False,True
19770,1963438204255025418,196,6721,5559,4635,2000,1064,1023,4.393737072596834,4.383255965389511,12.714460188456027,12.178353623512892,True,False
19771,1027901275875954,0,130,0,0,0,0,0,0.0,0.0,7.022367813028454,0,False,True
19772,23627672738542697,2,340,292,289,2000,188,188,6.421504229808784,6.421504229808784,8.409390936137703,8.174925682500678,True,False
19773,8050594167781071752,805,4183,4140,3321,2000,211,211,4.929446472723489,4.929446472723489,12.030322282644034,11.697402007502708,True,False
19774,5032312551353065,1,868,125,122,125,125,122,6.965784284662088,6.901784284662087,9.761551232444479,6.930737337562887,False,False
19775,4733137500000000000,473,8854,7368,6131,2000,1191,1150,4.613098275689143,4.606371144111001,13.112113658097865,12.581906689308768,True,False
19776,88632483645957348,9,204,192,190,2000,69,68,4.31577458554557,4.2991990008308125,7.672425341971495,7.569855608330948,True,False
19777,39740696071545095290,3974,6644,5757,4654,2000,862,827,5.2782858457261685,5.2735887706653966,12.697836357962377,12.184255495405349,True,False
19778,479134055767500000,48,643,636,587,2000,76,75,4.3140615213215785,4.3129415273117635,9.328674927327947,9.197216693110052,True,False
19779,1062676756888005762,106,959,952,832,2000,77,76,4.2809219706698105,4.2801088314407565,9.905387005018131,9.700439718141093,True,False
19780,1989882939446218612,199,7943,6429,5397,2000,1236,1196,4.473000172342986,4.4661662846013765,12.955468287959821,12.397941971972639,True,False
19781,3034318742186604086,303,3523,3473,2808,2000,204,203,4.679900827962567,4.679241717738276,11.782588759494963,11.45532722030456,True,False
19782,997500000000000,0,448,0,0,0,0,0,0.0,0.0,8.807354922057604,0,False,True
19783,1204967604962403255,120,7612,5977,5039,2000,1228,1183,4.746566998542495,4.741386638295082,12.894059846274022,12.298921740969753,True,False
19784,170331143487910969,17,4394,3204,2877,2000,1077,1037,4.477642434554099,4.4632796107932196,12.101319154423276,11.490349505739287,True,False
19785,940599860245882609,94,2500,2422,2049,2000,291,291,4.501730048913312,4.501730048913312,11.287712379549449,11.000704269011246,True,False
19786,171750823842127738,17,1867,1404,1265,2000,468,457,4.432801996135037,4.424573351604165,10.866506212226202,10.304921669581672,True,False
19787,45990217451987406717,4599,5259,5215,4178,2000,217,217,4.773562335115749,4.773562335115749,12.360572781480695,12.028596777067108,True,False
19788,2028945959703408375,203,3128,3084,2527,2000,209,209,4.376775048600324,4.376775048600324,11.611024797307353,11.303209948944776,True,False
19789,1486228586325000,0,91,0,0,0,0,0,0.0,0.0,6.507794640198696,0,False,True
19790,3990000000000000,0,552,0,0,0,0,0,0.0,0.0,9.108524456778168,0,False,True
19791,18453750000000000,2,2059,1063,1017,2000,913,878,6.573193735657596,6.531361720716437,11.007728114632254,9.9901039638575,True,False
19792,847875000000000000,85,6667,5029,4348,2000,1056,1027,4.8267204470835745,4.823127570109548,12.702822011777029,12.086136225027309,True,False
19793,199500000000000000,20,4935,3319,2951,2000,1062,1032,4.738852467932189,4.723627801695619,12.26883436934376,11.526988205432007,True,False
19794,3192000000000000000,319,8173,6576,5524,2000,1083,1052,5.013032287483693,5.0087879738380146,12.996650019175894,12.43149760425805,True,False
19795,49547164665815667063,4955,851,848,744,2000,69,68,5.086183884733172,5.04469248329286,9.733015321685963,9.539158811108031,True,False
19796,7784485173727626436,778,4046,3979,3170,2000,196,195,4.6281150728145946,4.627282285140764,11.982280604558284,11.63026712502677,True,False
19797,4219182015105132790,422,8835,7222,5967,2000,1220,1176,4.557132164989146,4.55060745410163,13.10901441943898,12.5427900615549,True,False
19798,94403400000000000000,9440,7465,6696,5556,2000,826,820,5.70047916691683,5.700115592381129,12.865926545021903,12.439830883981392,True,False
19799,10120068291160095736,1012,8867,7399,6119,2000,991,961,4.830479190015969,4.826669279131245,13.11423036019097,12.579080183834757,True,False
19800,99747612837761306025,9975,9375,8165,6750,2000,1039,1015,6.090956756425688,6.089237283173279,13.194602975157968,12.720671786825555,True,False
19801,239400000000000000,24,5544,4030,3582,2000,1234,1194,4.702153298842271,4.692779077249132,12.436711542137214,11.806549621985962,True,False
19802,167152449384305234,17,5179,3690,3317,2000,1244,1203,4.473543298119164,4.464998995144855,12.338457843130849,11.695663296788021,True,False
19803,96362277588183474,10,4436,2940,2683,2000,1252,1208,4.402130913721277,4.388967856616725,12.11504365016171,11.389631339260522,True,False
19804,279300000000000000,28,5494,4124,3652,2000,1222,1178,4.435975046919459,4.4266244090222955,12.423641195075856,11.834471049984222,True,False
19805,26046348697881816,3,3365,1768,1672,2000,1209,1165,5.297497502820015,5.269222305463326,11.71639078949768,10.707359132080883,True,False
19806,910717500000000000,91,1363,1149,1019,2000,267,263,4.6331960855587475,4.630758825952519,10.41256984680521,9.992938336165814,True,False
19807,7856257540741552,1,1922,420,413,420,420,413,8.714245517666125,8.676150279570887,10.90839262077375,8.689997971419446,False,False
19808,19501125000000000000,1950,6596,6223,5126,2000,753,748,5.087735605961789,5.087149960478284,12.687375683437468,12.323617763291578,True,False
19809,20767950000000000000,2077,6785,6378,5246,2000,782,776,5.737535440064869,5.736862187790654,12.728133100306216,12.357002092264985,True,False
19810,693761250000000000,69,6796,5251,4523,2000,1229,1187,4.408369316520062,4.399557529257762,12.73047013718422,12.14306428063141,True,False
19811,11063680150658912386,1106,1181,1038,918,2000,184,181,5.403025719259266,5.4017019367714365,10.205793249397157,9.842350343413807,True,False
19812,543038797015187666,54,6022,4627,4023,2000,1072,1040,4.423963739064438,4.415992214019303,12.556026992724677,11.97405602262563,True,False
19813,250809734952872526,25,5553,4095,3628,2000,1234,1191,4.394327564131729,4.383951734852458,12.43905168059173,11.824958740528523,True,False
19814,3499759088619898,0,1077,0,0,0,0,0,0.0,0.0,10.072802534544207,0,False,True
19815,897750000000000,0,269,0,0,0,0,0,0.0,0.0,8.071462362556623,0,False,True
19816,1961455820625000000,196,3021,2965,2403,2000,193,192,4.392757077119305,4.391142872115269,11.56081046872794,11.230620933129867,True,False
19817,2793000000000000,0,512,0,0,0,0,0,0.0,0.0,9.0,0,False,True
19818,5912558533392356276,591,4057,4001,3211,2000,202,200,4.680756727115497,4.677207653251544,11.986197587206274,11.64880694972577,True,False
19819,8278421464588029713,828,4137,4088,3284,2000,213,213,4.46232802192724,4.46232802192724,12.014369242235137,11.681238411777805,True,False
19820,14260029903925924815,1426,8081,6926,5594,2000,1079,1037,5.309273189680999,5.304481623582307,12.980318117957545,12.449664538476192,True,False
19821,4738909707754864,0,1563,0,0,0,0,0,0.0,0.0,10.610102062999664,0,False,True
19822,281395809151303405,28,2248,2063,1855,2000,533,531,4.5167212174252445,4.516039728371661,11.134426320220927,10.857203471508166,True,False
19823,3131821175352207,0,1054,0,0,0,0,0,0.0,0.0,10.041659151637214,0,False,True
19824,3181737524065571954,318,2314,2286,1854,2000,141,140,4.679142279844494,4.678923676600572,11.17617314910749,10.85642552862553,True,False
19825,336135841501224413,34,424,420,407,2000,63,61,4.315496029819776,4.312072288477209,8.727920454563199,8.668884984266247,True,False
19826,2124675000000000000,212,1662,1646,1385,2000,102,101,4.343955030490072,4.343220242309435,10.698704666770345,10.43567026093655,True,False
19827,45112781954887218,5,2947,1857,1720,2000,1006,967,5.082474617339352,5.0585346597270915,11.525031345124,10.74819284958946,True,False
19828,8079750000000000000,808,7548,6429,5223,2000,1044,1003,4.959858150044701,4.953031099689134,12.881878707600446,12.350662988372257,True,False
19829,691569323987578173,69,4299,3621,3149,2000,780,774,4.59965886566542,4.598526383310256,12.069785394983302,11.62067804213541,True,False
19830,1475946249556581602,148,5298,4533,3831,2000,792,786,4.510454811556068,4.509169143279378,12.371232128369622,11.90350531042388,True,False
19831,995960251136686202,100,4737,3969,3428,2000,791,785,4.394461228379476,4.392257317452885,12.209757956581393,11.7431513941125,True,False
19832,46161856571893965,5,118,111,107,2000,65,64,4.50276870509428,4.5002073520167585,6.882643049361842,6.741466986401147,True,False
19833,598500000000000,0,269,0,0,0,0,0,0.0,0.0,8.071462362556623,0,False,True
19834,50074500000000000,5,2823,1828,1694,2000,915,879,5.102974954227495,5.0789874724669595,11.463013413449692,10.726218159332198,True,False
19835,1046745790775801,0,340,0,0,0,0,0,0.0,0.0,8.409390936137703,0,False,True
19836,1343358395989974937,134,7679,6134,5169,2000,1234,1193,4.603478911870249,4.597912895033393,12.906702732460797,12.335669486946104,True,False
19837,45364348119789195337,4536,6340,6115,5069,2000,673,670,6.132997523053915,6.132570724760606,12.63026712502677,12.307485448589476,True,False
19838,175186548766056657475,17519,7642,6869,5694,0,0,0,0.0,0.0,12.89973454235751,12.475226777742266,False,True
19839,34766755123108908247,3477,5145,5077,4123,2000,199,197,4.817311135514447,4.796388911216499,12.32895536178133,12.009478745888066,True,False
19840,44845841932681940902,4485,5247,5179,4198,2000,200,199,4.86309430827841,4.862494233269034,12.357277074642809,12.035486451292154,True,False
19841,25408228874423721,3,378,323,321,2000,197,196,5.443741472028998,5.4401776801544415,8.562242424221072,8.326429487122303,True,False
19842,997500000000000,0,371,0,0,0,0,0,0.0,0.0,8.535275376620802,0,False,True
19843,12072742500000000000,1207,6923,6161,5081,2000,799,793,5.047518090408953,5.046875283055364,12.757181632816716,12.310896748797713,True,False
19844,27022275000000000000,2702,7329,6566,5393,2000,808,802,5.380798184585945,5.3803306883287885,12.839400648988413,12.39687231851056,True,False
19845,12698175000000000000,1270,6962,6199,5108,2000,799,792,4.838159074278271,4.836507511672021,12.765286098723683,12.318542809702723,True,False
19846,302598524320314399395,30260,5590,5522,4477,0,0,0,0.0,0.0,12.448632567730552,12.128316602903544,False,True
19847,12793755197575794946,1279,4616,4548,3668,2000,203,201,4.818397541140491,4.797145185021605,12.172427508645482,11.840777923595054,True,False
19848,112627005356377521324,11263,5504,5436,4405,0,0,0,0.0,0.0,12.426264754702098,12.104926303807776,False,True
19849,35472798230418941135,3547,5198,5131,4155,2000,201,200,4.6297266149868115,4.628993037127525,12.3437409184722,12.020632761657707,True,False
19850,79818592454315854209,7982,5423,5357,4344,2000,219,218,5.439460121030966,5.439144997989743,12.404875455015208,12.084808387804362,True,False
19851,17729607250398848299,1773,4767,4701,3791,2000,207,206,4.7720988530588375,4.771487623097457,12.218865910069676,11.888362741170644,True,False
19852,14756723405629605477,1476,4646,4580,3700,2000,214,213,5.077415088506919,5.076975009292662,12.181773438808808,11.853309555403674,True,False
19853,171092834132268271281,17109,5535,5469,4438,0,0,0,0.0,0.0,12.434367601668914,12.115693952197011,False,True
19854,5783854796469184319,578,3884,3819,3069,2000,203,202,4.580946046550207,4.5801601919333095,11.923327485419192,11.583552930466485,True,False
19855,87963235005859280075,8796,5416,5352,4350,2000,212,211,5.002778686660381,5.002290502925776,12.403012023574997,12.086799685623452,True,False
19856,33530711540366104926,3353,5109,5046,4092,2000,226,225,5.5933857936556395,5.593110149337044,12.318825220399699,11.99859042974533,True,False
19857,4987500000000000000,499,3727,3669,2972,2000,198,197,4.444054262546635,4.442911346031492,11.86379910372885,11.537218400538595,True,False
19858,2684875319863879358,268,3275,3217,2631,2000,208,207,4.9183210064473935,4.917785270419145,11.677279191312175,11.36139553316589,True,False
19859,4354241403183518497,435,3728,3669,2964,2000,206,205,4.562547470853986,4.561669577797323,11.86418614465428,11.533329732305834,True,False
19860,222961116505843269736,22296,5729,5688,4554,0,0,0,0.0,0.0,12.484067622432198,12.152918576136623,False,True
19861,19950000000000000,2,406,240,234,2000,195,191,6.424587322001774,6.402824149548204,8.665335917185176,7.870364719583405,True,False
19862,77452791577120551,8,323,303,293,2000,112,111,4.5890466131733545,4.588081463510912,8.335390354693924,8.194756854422248,True,False
19863,1336650000000000000,134,1540,1520,1257,2000,114,113,4.3832894896703785,4.382941919911098,10.588714635582264,10.295768934420508,True,False
19864,640317841749753436,64,5192,4221,3719,2000,952,941,4.5434289410019595,4.538943017112343,12.342074667999139,11.860699032611988,True,False
19865,6718321421975812,1,1896,305,299,305,305,299,8.252665432450248,8.206763793105987,10.888743248898258,8.224001674198105,False,False
19866,83790000000000000000,8379,5431,5365,4353,2000,215,214,5.120807236704707,5.1203795040764835,12.407002147924201,12.0877943047879,True,False
19867,3609022556390977443,361,3826,3732,3104,2000,367,366,5.081304749594885,5.081064725592485,11.901621158346112,11.599912842187127,True,False
19868,1047384975000000000,105,5356,4368,3690,2000,916,879,4.513792863265194,4.505834617788067,12.386940245324311,11.849405100947758,True,False
19869,27477382726028142,3,2193,1314,1282,2000,906,896,5.299817646638316,5.292390270152181,11.098690096673593,10.324180546618742,True,False
19870,349125000000000000,35,645,630,568,2000,91,90,4.371870535921705,4.37045355878999,9.333155350310616,9.149747119504681,True,False
19871,9975000000000000,1,30,15,15,15,15,15,3.906890595608518,3.906890595608518,4.906890595608519,3.9068905956085187,False,False
19872,109725000000000000,11,388,373,356,2000,95,94,4.405449114448465,4.404026441953652,8.599912842187127,8.475733430966399,True,False
19873,867180094374201,0,328,0,0,0,0,0,0.0,0.0,8.357552004618084,0,False,True
19874,99750000000000,0,38,0,0,0,0,0,0.0,0.0,5.247927513443585,0,False,True
19875,595056337136054850000,59506,1626,1621,1396,0,0,0,0.0,0.0,10.667111542075027,10.447083226209653,False,True
19876,253597118686946985,25,2872,2561,2330,2000,719,715,4.527463677173296,4.5251779733056825,11.487840033823051,11.186114239541643,True,False
19877,32494684687500000,3,42,40,40,1076,40,40,4.58251944541417,4.58251944541417,5.392317422778761,5.321928094887363,False,False
19878,9975000000000000,1,1440,444,431,444,444,431,8.794415866350107,8.729652606210099,10.491853096329674,8.751544059089099,False,False
19879,2992500000000000,0,1201,0,0,0,0,0,0.0,0.0,10.230020435705635,0,False,True
19880,23022335962366522814,2302,7142,6374,5255,2000,805,799,5.107131911576967,5.106450911467224,12.802112418586066,12.359475048849541,True,False
19881,1584572117594438019,158,7841,6227,5227,2000,1226,1181,5.0077017572528915,5.003538438631382,12.93682194449238,12.351767443959893,True,False
19882,12564656428594601,1,301,146,142,146,146,142,7.189824558880018,7.135030038332072,8.233619676759702,7.149747119504682,False,False
19883,3627067669172932330,363,7990,6502,5447,2000,966,937,4.740574456265493,4.73319690023978,12.963979787815338,12.411246151840444,True,False
19884,36395357084391514,4,3192,1652,1560,2000,967,938,4.769852288618982,4.751694625392473,11.640244936222345,10.60733031374961,True,False
19885,3092250000000000000,309,8132,6517,5477,2000,1060,1030,4.381177360597584,4.371275275563077,12.989394499844732,12.419170165028538,True,False
19886,6919725712249049,1,1513,303,301,303,303,301,8.243173983472953,8.22997266334094,10.563196272216738,8.233619676759702,False,False
19887,7182000000000000000,718,4095,4035,3233,2000,210,209,4.637264487565071,4.636521595689608,11.99964773652837,11.658657792126085,True,False
19888,149625000000000000,15,1106,1063,978,2000,208,208,4.377233207173077,4.377233207173078,10.111135670234708,9.933690654952233,True,False
19889,997500000000000000,100,6632,5179,4454,2000,1032,1003,4.686055222942233,4.681936049894478,12.69522829149575,12.12088584278779,True,False
19890,359100000000000000,36,575,562,533,2000,76,75,4.250480305593809,4.249018352163741,9.167418145831737,9.057991722759176,True,False
19891,229425000000000000,23,681,662,585,2000,112,111,4.314880759782955,4.314322293830101,9.411510988012072,9.192292814470767,True,False
19892,269325000000000000,27,1507,1439,1261,2000,194,193,4.355207776261096,4.353706556520057,10.557463701597824,10.30035256032822,True,False
19893,3700725000000000000,370,8007,6510,5449,2000,966,937,4.69390491923663,4.68927733087341,12.967046090863123,12.411775775576528,True,False
19894,1280790000000000000,128,7086,5544,4722,2000,977,948,4.568738305366694,4.56316633352887,12.790755750118313,12.205182326228643,True,False
19895,1338277793212071372,134,3376,2847,2415,2000,557,538,4.504806949881575,4.491063165052809,11.721099188707186,11.237807473723135,True,False
19896,220000000000000000,22,5494,3987,3543,2000,1250,1206,4.514778350576657,4.507160500098544,12.423641195075856,11.790755750118313,True,False
19897,199644131804763110968,19964,3501,3486,2888,0,0,0,0.0,0.0,11.773551346428505,11.49585502688717,False,True
19898,486861474440114476,49,4606,3709,3295,2000,911,900,4.4002330055032095,4.396619465953661,12.169298695792845,11.686062749895415,True,False
19899,36985305000000000000,3699,5304,5253,4218,2000,206,205,4.8175545953583665,4.817002868065617,12.372865060112588,12.042343379793692,True,False
19900,12808905708642288431,1281,4660,4612,3692,2000,211,211,5.035897460120613,5.035897460120612,12.186114239541643,11.850186837645774,True,False
19901,41282934057999333747,4128,5243,5175,4148,2000,198,197,4.817187986272305,4.816503523575523,12.356176830516356,12.018200178813226,True,False
19902,49859266783584733627,4986,5426,5344,4357,2000,335,335,5.122215325090795,5.122215325090796,12.405673332281866,12.089119397915168,True,False
19903,33998531951499649664,3400,10075,8442,6841,2000,1242,1197,5.33713737136834,5.334323633520748,13.298492218302693,12.739991514684226,True,False
19904,2754610884983668078,275,8432,6888,5769,2000,1211,1172,4.55663063985178,4.550708331416518,13.041659151637214,12.494105548061054,True,False
19905,2728123867917869100,273,5326,4482,3731,2000,798,767,4.510883820417399,4.5027400859795375,12.378836713210614,11.86534664481678,True,False
19906,3441375000000000000,344,1395,1390,1231,2000,73,72,4.691470384642754,4.690528635832364,10.44604940671655,10.265615046484458,True,False
19907,29334316724136909,3,3334,1793,1701,2000,1205,1165,5.296065718079506,5.270250075914575,11.703038388986418,10.732167425663386,True,False
19908,99750000000000000,10,3113,2216,2099,2000,910,899,4.565576884755581,4.561096128856487,11.604089861469179,11.035486451292154,True,False
19909,1885310914991451509,189,3108,3035,2521,2000,288,288,4.588997698945466,4.588997698945466,11.60177078840771,11.29978040285854,True,False
19910,35474586541703007458,3547,5170,5102,4085,2000,196,195,4.817028327113884,4.816343882435442,12.335948565202298,11.996120363033047,True,False
19911,832437921986118368,83,2268,2216,1848,2000,225,225,4.865251533140077,4.865251533140077,11.147204924942228,10.851749041416058,True,False
19912,544526588080328956,54,380,321,300,2000,101,101,4.3686297015031545,4.368629701503154,8.569855608330949,8.228818690495881,True,False
19913,3482322532619148,0,1299,0,0,0,0,0,0.0,0.0,10.34318571544788,0,False,True
19914,28382091807825000,3,66,61,61,2000,53,53,4.963696427006978,4.963696427006977,6.044394119358453,5.930737337562887,True,False
19915,67830000000000000000,6783,7744,6921,5781,2000,860,849,5.298603693443024,5.297194454234601,12.918863237274595,12.497103357016877,True,False
19916,201495000000000000000,20150,8042,7204,6018,0,0,0,0.0,0.0,12.97333862080036,12.555068391333338,False,True
19917,231414231845934285318,23141,8068,7231,6045,0,0,0,0.0,0.0,12.977995368612962,12.561526624136485,False,True
19918,6389234195825184510,639,9167,7537,6190,2000,1233,1186,5.007861642108047,5.002178589316407,13.162233958149615,12.595723694101627,True,False
19919,693725429780832183,69,5192,4141,3558,2000,985,944,4.464936946091957,4.45265820970483,12.342074667999139,11.79685079526716,True,False
19920,121954350000000000,12,4904,3402,3079,2000,1242,1200,4.600490661175446,4.585826180366084,12.259743263690781,11.588246152044817,True,False
19921,9934962319369984372,993,9330,7801,6359,2000,1235,1194,4.696566147392817,4.691734792426126,13.187661365739121,12.6345841934937,True,False
19922,993302131937452954,99,2428,2373,1964,2000,228,227,4.773589265662273,4.771231982961362,11.245552706255681,10.939579214314692,True,False
19923,12817875000000000000,1282,4584,4517,3661,2000,197,196,4.728525643998124,4.727812228820215,12.162391328756906,11.838022058304546,True,False
19924,39850154446197599808,3985,4332,4281,3479,2000,172,172,5.589305901977662,5.589305901977664,12.080817527608327,11.76445696361989,True,False
19925,10383975000000000000,1038,5729,4938,4025,2000,782,753,5.348206289629902,5.3431595467765876,12.484067622432198,11.974773067889341,True,False
19926,99750000000000000000,9975,1015,911,807,2000,167,167,5.995417326442875,5.995417326442878,9.987264012072538,9.656424863277781,True,False
19927,1344131250000000000,134,400,398,376,2000,50,50,4.25189556685827,4.251895566858271,8.643856189774725,8.554588851677638,True,False
19928,997500000000000,0,9,0,0,0,0,0,0.0,0.0,3.169925001442312,0,False,True
19929,3647203252249796605,365,4694,4467,3750,2000,625,622,4.401531105009809,4.400419870428189,12.196602126523171,11.872674880270605,True,False
19930,1003495671687101858,100,2835,2753,2319,2000,321,321,4.580850865755119,4.580850865755119,11.469133019829592,11.179287104646004,True,False
19931,77812894679063183,8,3770,2410,2219,2000,1087,1055,5.003591611544424,4.987405347962763,11.880348808156027,11.115693952197011,True,False
19932,507613024593151222,51,6564,5014,4362,2000,1237,1195,4.615501751851901,4.608965813736694,12.680359523513713,12.09077405464075,True,False
19933,509204343516957784,51,6485,4899,4245,2000,1215,1175,4.435469556803879,4.427835409889473,12.662890859139061,12.0515488384404,True,False
19934,999796117163658440,100,7091,5504,4707,2000,1217,1176,4.695808317483197,4.690974173527696,12.791773380858743,12.200592137689254,True,False
19935,8977374997388938075,898,9316,7783,6360,2000,1244,1203,5.049368161445199,5.046121318290365,13.185494924210866,12.634811050171718,True,False
19936,991342175362977722,99,6617,5172,4464,2000,1066,1035,4.502898252274051,4.497061830667927,12.691961564216788,12.124121311829187,True,False
19937,81713129651536076,8,2618,1798,1650,2000,774,746,4.541429214206521,4.527278667599609,11.354249381945241,10.688250309133178,True,False
19938,2450881675137451350,245,8200,6703,5579,2000,1251,1209,4.650651843803957,4.645323206180383,13.001408194392809,12.445790836048076,True,False
19939,35080950435691935,4,587,509,502,2000,288,288,4.735232154713793,4.735232154713794,9.197216693110052,8.971543553950772,True,False
19940,27949392551130466238,2795,1641,1636,1430,2000,71,71,4.650180839060111,4.650180839060111,10.680359523513713,10.481799431665753,True,False
19941,1009071000000000000,101,525,457,420,2000,106,106,4.488441739815025,4.488441739815023,9.036173612553485,8.714245517666123,True,False
19942,19451250000000000,2,302,168,165,2000,143,140,6.373659886902139,6.35113172670189,8.238404739325079,7.366322214245816,True,False
19943,180451127819548872,18,825,792,699,2000,110,108,4.363079164177206,4.362038191645936,9.688250309133178,9.449148645375436,True,False
19944,389521600404532520,39,3845,3077,2750,2000,792,786,4.436882538520194,4.434311309105839,11.908767882849189,11.425215903299383,True,False
19945,831214075796602649,83,4599,3842,3328,2000,791,784,4.573062374545977,4.569717508630883,12.167104482379933,11.700439718141093,True,False
19946,3066140899259394970,307,8161,6516,5471,2000,1052,1023,4.687249288280764,4.682943702558997,12.99453022688921,12.41758884038258,True,False
19947,1534369790289051992,153,7731,6234,5223,2000,1259,1216,5.333085937357655,5.329721089098714,12.916439322580777,12.350662988372257,True,False
19948,3241875000000000,0,127,0,0,0,0,0,0.0,0.0,6.9886846867721655,0,False,True
19949,6094596095207950252,609,3964,3895,3099,2000,199,198,4.584312954891071,4.583450018029286,11.952741247186488,11.597587039586216,True,False
19950,5037688284189974,1,1765,164,160,164,164,160,7.357552004618086,7.296576394861988,10.785452468158542,7.321928094887363,False,False
19951,95191419501101950,10,874,807,738,2000,190,189,4.389223607121505,4.387463818296164,9.7714894695006,9.527477006060396,True,False
19952,88955226839116824,9,268,203,199,2000,99,99,4.337426224803566,4.337426224803567,8.066089190457772,7.636624620543649,True,False
19953,6249936579041684,1,1821,228,226,228,228,226,7.83289001416474,7.815346154515618,10.830515206976838,7.820178962415188,False,False
19954,5196900248087849,1,1365,186,182,186,186,182,7.539158811108033,7.485395370247818,10.414685235807214,7.507794640198696,False,False
19955,518077902241847,0,276,0,0,0,0,0,0.0,0.0,8.108524456778168,0,False,True
19956,16935073498967924,2,2720,1094,1058,2000,1017,987,6.487953320314811,6.44961190928655,11.409390936137703,10.047123912114026,True,False
19957,5237187786530266541,524,1856,1848,1590,2000,88,86,4.473362424381499,4.472143641816999,10.857980995127573,10.634811050171718,True,False
19958,3298987687213453688,330,1591,1582,1317,2000,80,79,4.5201424052918595,4.519620517220965,10.635718120331047,10.363039630256514,True,False
19959,98448056536200000,10,171,167,164,2000,62,61,4.318610129942007,4.306979182891826,7.417852514885898,7.357552004618084,True,False
19960,798000000000000000,80,2475,2393,2041,2000,321,321,4.456514505654845,4.456514505654845,11.273212809854334,10.995060467032719,True,False
19961,856113316832596,0,259,0,0,0,0,0,0.0,0.0,8.016808287686555,0,False,True
19962,2054850000000000000,205,1963,1938,1596,2000,137,136,4.639906321004007,4.639673876728891,10.938844457466171,10.640244936222345,True,False
19963,1141140000000000000,114,2682,2632,2171,2000,203,200,4.86774487046554,4.866765433778111,11.389093521904474,11.084144010615145,True,False
19964,1955100000000000000,196,2981,2942,2408,2000,212,212,4.447035665972426,4.447035665972426,11.541580659991169,11.233619676759702,True,False
19965,1975050000000000000,198,3065,3003,2476,2000,260,260,4.402700984655459,4.402700984655459,11.581671358578143,11.273795599214264,True,False
19966,3451350000000000000,345,6005,5240,4378,2000,794,788,4.617671990722051,4.616469357693821,12.551948530592997,12.096056239180946,True,False
19967,2395995000000000000,240,2755,2367,2006,2000,426,414,4.644606928997478,4.634657097715515,11.42783660345852,10.970105890612182,True,False
19968,201501253132832080,20,4862,3326,2963,2000,967,938,4.4335154466753695,4.419657553711493,12.247334178028728,11.532842910961282,True,False
19969,373877733152433599,37,5439,3898,3423,2000,962,933,4.53998789492687,4.525461764345664,12.409125710465315,11.741045577009837,True,False
19970,6239966556389288846,624,3797,3730,2986,2000,188,186,4.378797814134661,4.376869751824133,11.890644283619089,11.543998450134541,True,False
19971,8083841720435479941,808,9236,7719,6303,2000,1232,1191,4.71093487036483,4.703040350383867,13.173052457774116,12.621822947394202,True,False
19972,34082180329457842961,3408,7398,6377,5151,2000,954,914,4.787805374701178,4.780088309199099,12.852919585123995,12.33063682472329,True,False
19973,997143779529330510,100,4213,3445,2966,2000,748,720,4.506310390881643,4.493755448051015,12.040632200562253,11.53430288245463,True,False
19974,8265232035866906,1,1777,385,379,385,385,379,8.58871463558226,8.55754580441343,10.795227966028678,8.566054038171092,False,False
19975,9925125000000000000,993,8770,7334,6091,2000,1031,1002,4.604990964795968,4.6000595790563645,13.098361127332096,12.572463389083676,True,False
19976,2505038864482662,0,730,0,0,0,0,0,0.0,0.0,9.51175265376738,0,False,True
19977,8275260000000000000,828,8701,7230,5997,2000,1010,980,4.827045091036968,4.82325857599883,13.08696550311009,12.550025257465784,True,False
19978,28035036750000000000,2804,9359,7891,6479,2000,1004,973,5.345633931084031,5.342881054048206,13.192138672150957,12.661555442467758,True,False
19979,7062300000000000000,706,4072,4005,3216,2000,208,206,5.0366166593190425,5.034064584776773,11.991521846075695,11.651051691178928,True,False
19980,9974209194641398633,997,3797,3305,2698,2000,529,512,5.308558875198073,5.30324511848704,11.890644283619089,11.397674632948268,True,False
19981,180525164937600000,18,200,197,195,2000,48,48,4.254931555106751,4.254931555106751,7.643856189774724,7.60733031374961,True,False
19982,30161705224914135,3,2437,1488,1450,2000,939,928,5.291440449812933,5.2839646576508885,11.250890535723341,10.501837184902296,True,False
19983,1122703472204521,0,634,0,0,0,0,0,0.0,0.0,9.308339030139408,0,False,True
19984,169247872946823993,17,5021,3517,3155,2000,1185,1144,5.292255928607892,5.265271213319847,12.293759009667864,11.623424289869911,True,False
19985,2149767008775735020,215,3184,3145,2568,2000,209,209,4.481311721047093,4.481311721047093,11.63662462054365,11.326429487122303,True,False
19986,3888477407605455000,389,1869,1636,1410,2000,291,285,4.454795249254941,4.44878484243236,10.868050853745158,10.461479447286155,True,False
19987,10520133750000000000,1052,9453,7867,6432,2000,1224,1182,5.167101254406821,5.163644180591955,13.206556539738695,12.651051691178928,True,False
19988,183885282212894782520,18389,9761,8267,6770,0,0,0,0.0,0.0,13.252813241993014,12.724940118462358,False,True
19989,24836642129388643161,2484,9255,7730,6344,2000,993,958,5.102295159469685,5.095431775345549,13.176017274757937,12.63117705570398,True,False
19990,19206577028111043,2,1646,878,868,2000,788,782,6.555760113397116,6.5480464251540464,10.684748620421626,9.761551232444479,True,False
19991,2257725758929073732,226,3912,3751,3165,2000,494,492,4.565561257385247,4.564922177660052,11.933690654952233,11.627989784315703,True,False
19992,199500000000000000,20,5062,3727,3335,2000,1204,1162,4.391736598537472,4.38145513019597,12.305491792110685,11.703471046071947,True,False
19993,558600000000000000,56,6304,4990,4294,2000,1192,1147,4.405469885625179,4.390675446357565,12.622051819456376,12.068106475858773,True,False
19994,23151069019770767779,2315,8859,7684,6371,2000,1005,986,4.64084771758192,4.637486901388396,13.112928141855111,12.637304122106201,True,False
19995,10000027275000000000,1000,9519,7976,6570,2000,1220,1180,4.833861620316991,4.829785144463909,13.216594306638793,12.681677655209691,True,False
19996,1086975750000000000,109,5983,4887,4107,2000,1016,975,4.498863546255429,4.48759714047813,12.546653347654956,12.003869231979056,True,False
19997,20852928269118626908,2085,9066,7800,6285,2000,1186,1141,5.595585995564542,5.591666436652112,13.146250445885986,12.61769702930787,True,False
19998,12893217901356607059,1289,8594,7359,5940,2000,1145,1102,5.235175581652273,5.229365424839321,13.069114061773938,12.536247215688128,True,False
19999,83791387600903402,8,3783,2557,2333,2000,1116,1075,4.572016525355027,4.555147442612448,11.885315061049376,11.187970591984199,True,False
20000,87832281181730628,9,555,402,379,2000,178,174,4.488100405687082,4.47945894840812,9.116343961237469,8.566054038171092,True,False
20001,2992500000000000,0,427,0,0,0,0,0,0.0,0.0,8.73809225962049,0,False,True
20002,26129197057234820682,2613,9852,8357,6753,2000,1260,1221,5.571202195077728,5.569310070705294,13.266200912498961,12.721312842175312,True,False
20003,18020122064002642,2,383,218,213,2000,187,183,6.422993703215198,6.400977190830909,8.581200581924957,7.734709620225838,True,False
20004,5949300407935924031,595,3735,3669,2938,2000,185,183,4.420519740359664,4.418932497796805,11.8668925276766,11.52061868055628,True,False
20005,5985000000000000,1,1711,214,209,214,214,209,7.741466986401146,7.6853922200460065,10.740624044489413,7.7073591320808825,False,False
20006,90316703597685111,9,2654,1889,1813,2000,788,782,4.546367019366309,4.543281235490694,11.373952655370193,10.824163209744158,True,False
20007,10025062656641604,1,2216,746,727,746,746,727,9.543031820255239,9.48738869022263,11.113742166049189,9.505811553919594,False,False
20008,1007164931178952400,101,7079,5482,4685,2000,1071,1040,4.3943985208335,4.386618570832538,12.789329860092431,12.19383333254655,True,False
20009,3296267136935692549,330,8016,6602,5543,2000,1067,1036,4.39399289688427,4.385302611154071,12.968666793195208,12.436451292286975,True,False
20010,161091884436236445,16,2767,2054,1850,2000,694,671,4.41619180603749,4.40414607828731,11.434106928609955,10.853309555403674,True,False
20011,52666304250000000000,5267,10209,8575,6936,2000,1267,1218,6.028295234008205,6.025664496498473,13.317553936686165,12.759888183221834,True,False
20012,2450322143321817,0,1079,0,0,0,0,0,0.0,0.0,10.075479149488016,0,False,True
20013,543299329965295,0,407,0,0,0,0,0,0.0,0.0,8.668884984266247,0,False,True
20014,21001843600277445477,2100,9622,8207,6615,2000,1249,1204,5.167737045006177,5.162624991863079,13.232121084082221,12.69152544116604,True,False
20015,8922775186058393989,892,9050,7691,6244,2000,1226,1181,4.573560825104925,4.565903735893781,13.143702076857931,12.608254821977908,True,False
20016,2697947732361774622,270,1403,1392,1186,2000,83,82,4.533781401432514,4.532751111318621,10.454299293619899,10.211888294546004,True,False
20017,7925165073542341720,793,1758,1752,1530,2000,66,65,4.215826588637761,4.214390929103261,10.779719355143405,10.579315937580015,True,False
20018,29660194439161842313,2966,9440,7862,6450,2000,1003,972,5.913900042412365,5.91209892227274,13.204571144249204,12.65508344519798,True,False
20019,10645405508484071,1,401,195,194,195,195,194,7.607330313749609,7.597073903493198,8.64745842645492,7.599912842187128,False,False
20020,3869601808809679620,387,8069,6510,5448,2000,963,933,4.741670713715272,4.736250133289532,12.978174174468169,12.411510988012072,True,False
20021,26702709590922225000,2670,3554,3132,2553,2000,483,470,5.814353672730581,5.811021675192601,11.795227966028678,11.31797782240712,True,False
20022,1274319761065093895,127,2820,2752,2296,2000,276,276,4.495279978701503,4.495279978701504,11.461479447286155,11.164906926675688,True,False
20023,1678079404749143,0,422,0,0,0,0,0,0.0,0.0,8.721099188707186,0,False,True
20024,272231847984606873,27,435,430,418,2000,64,63,4.387501917417835,4.385125294321693,8.76487159073609,8.707359132080883,True,False
20025,205283987217777508,21,508,493,456,2000,92,91,4.28699855711215,4.285999773289186,8.988684686772165,8.832890014164741,True,False
20026,9929697287566760250,993,8949,7645,6189,2000,1199,1154,5.204340184340667,5.1992062879317595,13.12751076305637,12.59549060660764,True,False
20027,4063290628224975000,406,1592,1580,1300,2000,71,70,4.354940212652694,4.354388716132777,10.63662462054365,10.344295907915816,True,False
20028,10898715299111938774,1090,9499,7910,6473,2000,1231,1190,5.167278423919609,5.164043521828245,13.213559927476458,12.660218788535618,True,False
20029,321534557086611,0,325,0,0,0,0,0,0.0,0.0,8.344295907915816,0,False,True
20030,2044875000000000000,204,7560,6088,5132,2000,1007,977,4.687702123392143,4.683205636784352,12.884170519108435,12.325305455089682,True,False
20031,19950000000000000,2,283,244,243,2000,201,201,6.436343463677902,6.436343463677902,8.144658242831882,7.924812503605781,True,False
20032,130743326453781189,13,396,306,293,2000,111,111,4.625748226972179,4.6257482269721795,8.62935662007961,8.194756854422248,True,False
20033,22096210347378977019,2210,2472,2460,2075,2000,78,78,4.875618182285121,4.8756181822851214,11.271463027904375,11.018895621121649,True,False
20034,454873162883277845,45,2733,2529,2241,2000,601,599,4.3910231639045385,4.390165776079446,11.416269744523207,11.129926933510394,True,False
20035,2951758225461910773,295,4830,4554,3837,2000,698,694,4.521108522796288,4.518708282772287,12.237807473723135,11.905763049602793,True,False
20036,538650000000000000,54,3828,3068,2662,2000,739,711,4.4580569922013895,4.448093071556368,11.902375114486025,11.378294855911891,True,False
20037,8415907500000000000,842,9288,7755,6332,2000,1247,1206,5.129147865867241,5.126174724349278,13.181152256865566,12.62844554013718,True,False
20038,4425010386173396519,443,3200,3139,2539,2000,166,165,4.548271803477497,4.544922931136156,11.643856189774725,11.310044679647506,True,False
20039,17019070276258088,2,2541,1085,1052,2000,1013,983,6.487118204733682,6.453467685846389,11.311180660053354,10.038918989292302,True,False
20040,49376250000000000000,4938,7060,6687,5507,2000,750,745,4.905815725308271,4.905077393306216,12.785452468158542,12.427050893150879,True,False
20041,71321250000000000000,7132,3225,3210,2684,2000,103,102,4.958566696069199,4.958249115045627,11.65508344519798,11.390168956200183,True,False
20042,106631282336780190964,10663,3295,3280,2736,0,0,0,0.0,0.0,11.686062749895415,11.417852514885897,False,True
20043,257076474370920750,26,5279,3632,3216,2000,1043,1014,4.378362257772179,4.368519117277016,12.366048950670628,11.651051691178928,True,False
20044,1538378526315789473,154,5971,4920,4124,2000,988,948,4.568043422568292,4.559753265242676,12.543756853375895,12.00982861736811,True,False
20045,2394000000000000000,239,7894,6255,5274,2000,1048,1019,4.501304430935349,4.4955635901707005,12.946540803893104,12.36468185586456,True,False
20046,175541818947709885,18,4627,3156,2849,2000,1001,971,4.374725893057461,4.365732357745924,12.175861383565296,11.476239906323851,True,False
20047,2876326287604455000,288,1851,1607,1388,2000,302,296,4.5501630864775455,4.545059474713453,10.854089179870574,10.43879185257826,True,False
20048,21998213974277690468,2200,2961,2945,2448,2000,120,118,5.118616276812177,5.109089290088039,11.531868775177553,11.257387842692651,True,False
20049,412965000000000000,41,5515,4073,3598,2000,1031,1001,4.390240675054006,4.381715106530827,12.429145170478744,11.812979471251483,True,False
20050,848181771870687226,85,6948,5445,4661,2000,1250,1207,4.7919199791219835,4.771344559255217,12.762382038710392,12.186423797538945,True,False
20051,369233556908891041,37,4533,3540,3173,2000,976,965,4.6571395834989024,4.655031017247275,12.146250445885986,11.631631805917637,True,False
20052,50125313283208020,5,658,599,573,2000,191,190,5.193784629776753,5.1901161288596285,9.361943773735241,9.162391328756906,True,False
20053,1935150000000000000,194,6719,5607,4779,2000,974,958,4.786303314488387,4.782805423556752,12.714030814928783,12.222493052246467,True,False
20054,3470718179829887003,347,7352,6226,5262,2000,977,960,4.83162678373304,4.827918239097913,12.843921051289035,12.36139553316589,True,False
20055,6617139662918699,1,1811,296,290,296,296,290,8.209453365628951,8.162156068331655,10.822570830950168,8.179909090014934,False,False
20056,168291320300355000,17,2852,2124,1914,2000,710,686,4.44965346497437,4.438516427067273,11.477758266443889,10.902375114486025,True,False
20057,4097365847232831,0,292,0,0,0,0,0,0.0,0.0,8.189824558880018,0,False,True
20058,6559718024817293,1,210,114,114,114,114,114,6.8328900141647395,6.8328900141647395,7.714245517666122,6.832890014164741,False,False
20059,4691818825504028,0,978,0,0,0,0,0,0.0,0.0,9.933690654952233,0,False,True
20060,3121022853268425,0,1361,0,0,0,0,0,0.0,0.0,10.410451351503994,0,False,True
20061,9797899507843550,1,1182,373,366,373,373,366,8.543031820255237,8.49811255081244,10.207014320177532,8.515699838284043,False,False
20062,42892500000000000,4,1490,983,918,2000,527,511,5.250028440428029,5.226873360591634,10.541096615349524,9.842350343413807,True,False
20063,7741642633895432,1,96,41,41,41,41,41,5.357552004618084,5.357552004618084,6.584962500721156,5.357552004618084,False,False
20064,2492133430745625689,249,3254,3212,2628,2000,207,207,4.462284498303904,4.462284498303905,11.667998535672528,11.35974956032233,True,False
20065,2990321777252323012,299,3385,3342,2721,2000,213,213,4.536345143194319,4.536345143194319,11.724940118462358,11.409921241249679,True,False
20066,740706211866558402,74,2430,2348,2005,2000,319,319,4.418544672956592,4.4185446729565925,11.246740598493144,10.969386521342283,True,False
20067,32222516203822485700,3222,7314,6548,5387,2000,820,814,5.673850185298829,5.673459574305524,12.836444911341369,12.395266349839096,True,False
20068,156370427909640000,16,979,759,698,2000,266,261,4.399284141181441,4.392700429166788,9.935165049603695,9.447083226209653,True,False
20069,164564665558824640682,16456,5532,5465,4429,0,0,0,0.0,0.0,12.433585441150495,12.112765281885316,False,True
20070,21291802124188863067,2129,3960,3913,3177,2000,163,161,5.4659983067830815,5.465661801099035,11.951284714966972,11.633449374713493,True,False
20071,35910000000000000000,3591,6935,6577,5407,2000,768,763,5.654858624830089,5.654512108600283,12.759680167210965,12.400612641081999,True,False
20072,1135782744774809050,114,4216,3930,3343,2000,715,711,4.6406742678205894,4.6398742678205895,12.041659151637214,11.706927639617403,True,False
20073,5289021664580039790,529,7186,6280,5315,2000,930,919,4.839077524952726,4.837603826991719,12.810973220002165,12.375853976418467,True,False
20074,994578624596138962,99,2432,2383,1947,2000,197,197,4.447042715500304,4.447042715500305,11.247927513443585,10.927037168720295,True,False
20075,994930502725386965,99,2410,2367,1949,2000,207,207,4.489506036685945,4.489506036685945,11.234817431117325,10.92851837525789,True,False
20076,989798839519726818,99,2582,2501,2113,2000,295,295,4.414984231971181,4.4149842319711805,11.33427328530719,11.04507705193494,True,False
20077,1993812601504506962,199,7651,6030,5112,2000,1053,1024,5.0033153986902885,5.000179528939277,12.90143260772951,12.319672120946995,True,False
20078,49871957983748937394,4987,5497,5442,4393,2000,229,228,5.470675338375636,5.4703697403759115,12.424428764037762,12.100990784092762,True,False
20079,1319692500000000000,132,6908,5668,4741,2000,1134,1092,4.494175752146972,4.48434309890017,12.754052367528924,12.210975677726395,True,False
20080,220425110202351448584,22043,5311,5247,4250,0,0,0,0.0,0.0,12.374767814092825,12.053247125912426,False,True
20081,410107565392505412303,41011,5415,5352,4331,0,0,0,0.0,0.0,12.40274562249569,12.080484457067568,False,True
20082,79792903721079489702,7979,5322,5255,4243,2000,214,213,5.471553330567431,5.471204010592613,12.37775279502222,12.050868963290736,True,False
20083,1278617493642907617,128,3669,3467,2958,2000,587,585,4.455431614981207,4.454710634447681,11.841171189248543,11.530406337099068,True,False
20084,35983941766929324,4,3596,2082,1947,2000,1231,1192,5.209329533357687,5.187523415017635,11.812177305514448,10.927037168720295,True,False
20085,460845000000000000,46,6113,4734,4124,2000,1225,1182,5.091871485151887,5.075102468134883,12.577664851764846,12.00982861736811,True,False
20086,15613078774285271,2,2134,1068,1022,2000,983,945,6.520529005440073,6.479122701632754,11.059344460824425,9.997179480937621,True,False
20087,31948859702368843091,3195,2417,2409,1996,2000,98,97,4.798047033021861,4.797659060581807,11.239001757765582,10.96289600533726,True,False
20088,8778973830001889,1,1268,346,340,346,346,340,8.434628227636725,8.39416579989106,10.308339030139408,8.409390936137703,False,False
20089,1477985612281391,0,331,0,0,0,0,0,0.0,0.0,8.370687406807217,0,False,True
20090,911707926516811266,91,7026,5512,4722,2000,1235,1195,4.436990402691749,4.428579383309831,12.778487861222372,12.205182326228643,True,False
20091,11965488876301091838,1197,9489,7960,6469,2000,1236,1195,4.789054527675155,4.784759870630956,13.21204034123855,12.659326997414105,True,False
20092,498750000000000000,50,138,112,108,2000,41,41,4.335853599981625,4.335853599981624,7.108524456778169,6.754887502163468,True,False
20093,698250000000000000,70,110,93,90,2000,39,39,4.390150889608924,4.390150889608923,6.78135971352466,6.491853096329675,True,False
20094,1870180678798950000,187,806,801,752,2000,75,74,4.70767796539949,4.688318118556783,9.654636028527968,9.554588851677638,True,False
20095,27668563458175261527,2767,6029,5808,4805,2000,634,631,5.127780163452594,5.1267814905425855,12.557703014037767,12.230320715661113,True,False
20096,222511511423201261835,22251,5653,5607,4501,0,0,0,0.0,0.0,12.464800981655417,12.136029849385551,False,True
20097,285097001118568247,29,1533,1478,1290,2000,201,200,4.353148480105985,4.351772878280187,10.582141981658777,10.333155350310616,True,False
20098,265511362744589913,27,5715,4122,3651,2000,1217,1175,4.392275020257149,4.382206671261537,12.480537783101841,11.834075953434885,True,False
20099,15452348245354025,2,198,101,101,2000,96,96,6.251846854293014,6.251846854293013,7.6293566200796095,6.658211482751795,True,False
20100,9975000000000000,1,2122,603,587,603,603,587,9.236014191900084,9.177125676138349,11.051208940914766,9.197216693110052,False,False
20101,1666689779635316515,167,1040,1031,920,2000,77,76,4.499366371591012,4.498469132754921,10.022367813028454,9.845490050944376,True,False
20102,2205513784461152,0,686,0,0,0,0,0,0.0,0.0,9.422064766172813,0,False,True
20103,16291920680667327,2,2524,1161,1122,2000,1084,1052,6.519083535248664,6.483696316493255,11.30149619498255,10.131856960608793,True,False
20104,5978906650054246127,598,3284,3226,2612,2000,154,153,4.483050933255717,4.479852365389885,11.681238411777805,11.350939181546432,True,False
20105,130865670227495536496,13087,3088,3077,2561,0,0,0,0.0,0.0,11.59245703726808,11.322491537597468,False,True
20106,798000000000000000,80,3941,3589,3115,2000,738,733,4.525473825934732,4.523298198617645,11.944346034137833,11.605016447911364,True,False
20107,113216250000000000000,11322,5559,5499,4434,0,0,0,0.0,0.0,12.440609666748422,12.114393054867307,False,True
20108,4488814587839715,0,246,0,0,0,0,0,0.0,0.0,7.94251450533924,0,False,True
20109,728175000000000000,73,5410,4403,3866,2000,973,962,4.467207523508587,4.46516839303751,12.401412878714178,11.916625922211235,True,False
20110,741528303743725,0,82,0,0,0,0,0,0.0,0.0,6.357552004618084,0,False,True
20111,8623356748717366,1,2057,471,459,471,471,459,8.879583249612786,8.822778817548743,11.006326078524934,8.842350343413807,False,False
20112,226731750000000000,23,5302,3956,3520,2000,1217,1174,5.099804738569895,5.0852933399089375,12.37232095486726,11.78135971352466,True,False
20113,27930000000000000,3,2406,1410,1331,2000,914,878,6.544317152950939,6.50361825823298,11.232420927176076,10.378294855911891,True,False
20114,11647076167521837217,1165,3467,3432,2792,2000,133,131,4.803772553059179,4.803455204638617,11.759472121202833,11.447083226209653,True,False
20115,11113089645000000000,1111,4624,4570,3668,2000,235,233,5.6506492247694515,5.649255861190581,12.174925682500678,11.840777923595054,True,False
20116,8171929972604032409,817,870,867,758,2000,57,57,4.483332971891555,4.4833329718915556,9.76487159073609,9.566054038171092,True,False
20117,10252635122883859694,1025,6063,5757,4760,2000,730,725,4.8729089268351675,4.8715382932141065,12.565816107100892,12.216745858195306,True,False
20118,20249250000000000,2,2784,1339,1286,2000,1060,1030,6.508305529488807,6.474295754484478,11.442943495848729,10.328674927327947,True,False
20119,159974283784409597,16,1155,1110,1007,2000,197,197,4.4903563048405015,4.4903563048405015,10.17367713630342,9.975847968006784,True,False
20120,99750000000000000,10,583,548,509,2000,116,114,4.432965549112488,4.431758411143827,9.187352073200497,8.991521846075695,True,False
20121,63452206619408869252,6345,5410,5367,4289,2000,245,245,5.733300279880055,5.733300279880052,12.401412878714178,12.066425600635556,True,False
20122,77805000000000000,8,1159,1030,992,2000,434,432,5.25374420537266,5.250409760557723,10.178664851006472,9.954196310386875,True,False
20123,387539611298843570,39,4979,3844,3372,2000,1039,998,4.417320818108128,4.401595954484364,12.28164030006605,11.719388820942083,True,False
20124,487651407879044615,49,2118,1725,1509,2000,428,416,4.375764538143065,4.364541185985174,11.048486873992337,10.559377090526683,True,False
20125,2563575000000000000,256,2315,2283,1855,2000,119,117,4.555214873435378,4.554648707404003,11.1767964781476,10.857203471508166,True,False
20126,3365911654632903653,337,6529,5489,4533,2000,979,939,4.447217789690486,4.43606851527658,12.672646326124626,12.146250445885986,True,False
20127,59551915255677408496,5955,9828,8422,6768,2000,1260,1214,5.510722024031214,5.506673241263259,13.262682142362165,12.72451385311995,True,False
20128,1590015000000000000,159,596,523,481,2000,112,112,4.5488321606811795,4.5488321606811795,9.219168520462162,8.909893083770042,True,False
20129,596053761666368156445,59605,1629,1624,1399,0,0,0,0.0,0.0,10.669770888525518,10.450180247164754,False,True
20130,116253174689925000,12,701,535,500,2000,203,199,4.843956850379939,4.832663477499281,9.453270634010623,8.965784284662087,True,False
20131,16997228047343961,2,569,322,316,2000,291,286,6.45835952496242,6.4408463901112825,9.152284842306582,8.303780748177102,True,False
20132,744476845991715,0,512,0,0,0,0,0,0.0,0.0,9.0,0,False,True
20133,10659249348993232,1,969,444,433,444,444,433,8.794415866350107,8.740361812296051,9.92035285541508,8.758223214726724,False,False
20134,38869666844450400000,3887,2857,2843,2395,2000,99,98,4.997711818311523,4.9971689966541915,11.480285320936371,11.225809940623543,True,False
20135,401065146868747165,40,6119,4531,3955,2000,1214,1173,4.392055591127255,4.38256446846759,12.579080183834757,11.949461979360153,True,False
20136,45534261773243379,5,346,234,227,2000,121,121,4.681680525304417,4.681680525304417,8.434628227636725,7.826548487290915,True,False
20137,156587219325206745,16,5106,3519,3174,2000,1209,1168,4.5126445014378795,4.505802366447256,12.31797782240712,11.632086412835182,True,False
20138,45000000000000000,5,2948,1777,1706,2000,986,969,4.529302298649222,4.521898388647492,11.52552080909507,10.73640193131829,True,False
20139,855458933643897571,86,6912,5320,4567,2000,1216,1171,4.4074736850758285,4.397061315330571,12.754887502163468,12.157031074378354,True,False
20140,332167500000000000,33,3842,3033,2730,2000,830,820,4.75396024877257,4.748358119985707,11.907641803665527,11.414685235807214,True,False
20141,68827500000000000,7,2635,1821,1750,2000,825,815,5.298383270710327,5.289428701529843,11.363587246524578,10.77313920671969,True,False
20142,33915000000000000,3,3261,1635,1544,2000,1016,987,5.921118254818018,5.8936263707873895,11.671098725748465,10.59245703726808,True,False
20143,77570953454795132450,7757,9774,8321,6829,2000,1101,1068,5.93560693113146,5.910218999301268,13.254733389246674,12.737458618570459,True,False
20144,704816596023813655,70,6847,5303,4574,2000,1214,1175,4.69565239421618,4.690840217851509,12.741256297092136,12.159240650411673,True,False
20145,189505050000000000000,18951,5890,5792,4747,0,0,0,0.0,0.0,12.524051918717824,12.212800334429431,False,True
20146,31544489070543395,3,421,381,374,2000,202,202,5.208273430677348,5.208273430677348,8.717676423066395,8.546894459887637,True,False
20147,2618437500000000000,262,591,525,481,2000,104,104,4.3930456069972905,4.3930456069972905,9.207014320177532,8.909893083770042,True,False
20148,77176056300000000,8,4153,2750,2513,2000,1227,1184,4.787199602554471,4.766445349714323,12.019938156424795,11.295194955880655,True,False
20149,2593500000000000,0,1040,0,0,0,0,0,0.0,0.0,10.022367813028454,0,False,True
20150,77699325794946032,8,3990,2352,2170,2000,1038,1008,4.521366748541761,4.507383711575892,11.962173031109709,11.083479327331842,True,False
20151,1958705535540075000,196,1199,1190,1021,2000,80,79,4.41934231447874,4.418730059823618,10.227615943414223,9.995767150877802,True,False
21526,598500000000000000,60,6049,4579,3988,2000,981,951,4.59027260962332,4.584256719165236,12.562480945349316,11.961449694398196,True,False
21527,122116674740801487,12,1039,989,910,2000,192,192,4.712071165570215,4.712071165570215,10.020979938904212,9.829722735086058,True,False
21528,69705300000000000000,6971,7679,6922,5696,2000,836,829,6.112703688928709,6.111976534836378,12.906702732460797,12.475733430966399,True,False
21529,130644023921319564633,13064,9507,8249,6816,0,0,0,0.0,0.0,13.214774445103389,12.734709620225837,False,True
21530,33000000000000000,3,2825,1620,1563,2000,999,979,5.2467638926045135,5.232279169652426,11.464035152189913,10.610102062999664,True,False
21531,1604195959502283788,160,2817,2749,2190,2000,191,190,4.497047085451314,4.4959478591375275,11.45994384837493,11.096715154488535,True,False
21532,1063844631259639105,106,3326,2789,2363,2000,560,542,4.562722628809331,4.555861862959421,11.699572453287269,11.206403913973848,True,False
21533,314570107665187533,31,3085,2757,2478,2000,730,726,4.6934884299651545,4.692029646983583,11.591054774036781,11.274960472140602,True,False
21534,21952298993535349374,2195,7031,6262,5181,2000,817,810,5.540496952295945,5.539931527142306,12.7795141791435,12.33901486825008,True,False
21535,5297442734536283,1,865,137,135,137,137,135,7.0980320829605255,7.063324874915536,9.756556322524087,7.076815597050831,False,False
21536,7349337118503544,1,1219,335,335,335,335,335,8.388017285345136,8.388017285345136,10.251482410620213,8.388017285345136,False,False
21537,6778150572037944700,678,799,796,695,2000,55,55,4.418079830471813,4.418079830471814,9.642051692927977,9.44086916761087,True,False
21538,199500000000000000,20,1173,921,837,2000,309,304,4.45296429635573,4.447069088414122,10.19598729802851,9.709083812550343,True,False
21539,149625000000000000,15,808,627,579,2000,220,216,4.495319212706195,4.487312006220358,9.658211482751796,9.177419537989236,True,False
21540,9650553713121750595,965,2025,2014,1701,2000,70,70,4.693152995753332,4.693152995753333,10.98370619265935,10.732167425663386,True,False
21541,3747681049703128161,375,3702,3626,2982,2000,292,292,4.684146519026572,4.684146519026574,11.854089179870574,11.542064542283443,True,False
21542,20647186764422813,2,636,389,380,2000,294,289,6.460386150610279,6.442859861176126,9.312882955284355,8.569855608330949,True,False
21543,5939239667158472010,594,3276,3218,2606,2000,152,151,4.4009431455817545,4.397109392824595,11.677719641641009,11.347621368568134,True,False
21544,15988864171158871,2,261,194,192,2000,175,174,6.403179825655009,6.397179825655007,8.027905996569885,7.584962500721156,True,False
21545,354391800000000000,35,5182,3973,3481,2000,1085,1043,4.424294686852422,4.4084464304719315,12.339293300180094,11.765286098723683,True,False
21546,376650285660315520,38,570,563,535,2000,74,73,4.233968118553942,4.232948710241423,9.154818109052105,9.06339508128851,True,False
21547,9875250000000000000,988,4316,4248,3399,2000,197,196,4.57994213174044,4.57908468265148,12.075479149488016,11.730894646541671,True,False
21548,595324999530191247818,59532,1626,1621,1396,0,0,0,0.0,0.0,10.667111542075027,10.447083226209653,False,True
21549,368925421044634245,37,4550,3555,3184,2000,979,968,4.552821089778023,4.551095043948482,12.151650829973422,11.63662462054365,True,False
21550,10054800000000000000,1005,4554,4499,3607,2000,207,206,4.532672005630248,4.53182549364441,12.152918576136623,11.81658370778757,True,False
21551,119700000000000000,12,4861,3274,2980,2000,1215,1174,4.398488956105829,4.387439385544496,12.247037418788581,11.541096615349524,True,False
21552,41314259734475564722,4131,9692,8333,6699,2000,1247,1202,5.609538828128663,5.607019338740012,13.242578689451346,12.709730036543629,True,False
21553,9171656400692565669,917,4480,4386,3612,2000,367,365,5.166736160159516,5.165592257672712,12.129283016944967,11.818582177480858,True,False
21554,1995000000000000,0,30,0,0,0,0,0,0.0,0.0,4.906890595608519,0,False,True
21555,424635203949431405718,42464,5605,5538,4513,0,0,0,0.0,0.0,12.45249865769279,12.139871063212487,False,True
21556,99750000000000000,10,3978,2497,2307,2000,964,936,4.540074620179791,4.526548660046043,11.957827560833744,11.171802288682983,True,False
21557,149625000000000000,15,4708,3088,2783,2000,1065,1035,4.547446774389274,4.542210660332064,12.200898605038445,11.442425193331607,True,False
21558,23220947186735474,2,3094,1586,1515,2000,1196,1157,6.56502054961015,6.526704687691021,11.595257481449035,10.565102078360313,True,False
21559,43481025000000000000,4348,7516,6761,5556,2000,804,798,5.265408507861182,5.264880625004514,12.875749351420055,12.439830883981392,True,False
21560,6783000000000000,1,1680,319,315,319,319,315,8.31741261376487,8.286064651382425,10.714245517666123,8.29920801838728,False,False
21561,8791220662820142,1,1793,475,467,475,475,467,8.89178370321831,8.853888966376207,10.808159772868375,8.867278739709661,False,False
21562,9390570473984304,1,1815,512,503,512,512,503,9.0,8.9609375,10.825753832883112,8.974414589805527,False,False
21563,44903880640772474820,4490,3595,3569,2936,2000,146,145,5.388485213333313,5.388375485700173,11.81177605532666,11.519636252843213,True,False
21564,1273432650994764909,127,6659,5466,4658,2000,1015,996,4.693729653098924,4.691083059769763,12.701089824817158,12.185494924210866,True,False
21565,1704365367485040327,170,2904,2853,2339,2000,213,213,4.44734338338074,4.4473433833807405,11.50382573799575,11.191676146352428,True,False
21566,448875000000000000,45,2479,2318,2042,2000,492,490,4.500513050929891,4.499752450055199,11.275542556086723,10.995767150877802,True,False
21567,2164575000000000000,216,4189,3982,3375,2000,617,614,4.831349361963539,4.829999221786357,12.032390168866524,11.720671786825555,True,False
21568,1793073138256260000,179,4552,3803,3207,2000,729,702,4.384561474108081,4.3730007459550855,12.152284842306582,11.647008638441648,True,False
21569,31597771152348270,3,3515,2018,1900,2000,1242,1200,5.3049073236692585,5.2783873063447375,11.779308973959898,10.89178370321831,True,False
21570,9900000000000000,1,110,62,62,62,62,62,5.954196310386872,5.954196310386872,6.78135971352466,5.954196310386875,False,False
21571,123000000000000000,12,1024,979,904,2000,198,198,4.44483159542532,4.444831595425321,10.0,9.820178962415188,True,False
21572,1500112919026913965,150,7200,5760,4891,2000,1027,998,4.373090456658654,4.364773771239192,12.813781191217037,12.25591374933779,True,False
21573,4752610644192837,0,1602,0,0,0,0,0,0.0,0.0,10.64565843240871,0,False,True
21574,199484832101402122546,19948,5562,5495,4458,0,0,0,0.0,0.0,12.441388029346687,12.122180901259753,False,True
21575,291311099211726963851,29131,5588,5521,4497,0,0,0,0.0,0.0,12.448116305409464,12.134747168669016,False,True
21576,498841369053595505400,49884,5587,5519,4490,0,0,0,0.0,0.0,12.44785810495403,12.13249972962851,False,True
21577,519735373840214919,52,6532,5033,4345,2000,1258,1213,4.615562757813434,4.608902661067984,12.673309075561695,12.085140461701762,True,False
21578,10089879218758080518,1009,3832,3340,2718,2000,523,506,5.042081440392998,5.035268820231732,11.90388184573618,11.40832974076739,True,False
21579,1977057618969737085,198,1740,1719,1426,2000,118,117,4.374325563804225,4.3739218323978175,10.76487159073609,10.477758266443889,True,False
21580,26932500000000000,3,38,24,24,288,24,24,4.122229122694733,4.122229122694733,5.247927513443585,4.584962500721156,False,False
21581,9917876689663500619,992,2129,2122,1792,2000,86,85,4.316703474018001,4.31588155922303,11.055960234452295,10.807354922057604,True,False
21582,10002321037242163,1,482,223,221,223,223,221,7.800899899920305,7.782962680189363,8.912889336229961,7.787902559391432,False,False
21583,89775000000000000,9,1890,1348,1233,2000,557,539,4.788871246957904,4.774701184193223,10.884170519108435,10.26795708440284,True,False
21584,6703200000000000000,670,9184,7554,6205,2000,1230,1184,4.83421416664621,4.827905419534028,13.164906926675688,12.599215495017718,True,False
21585,144268425000000000000,14427,5603,5556,4466,0,0,0,0.0,0.0,12.45198377723019,12.124767535822473,False,True
21586,14436373337730945371,1444,7689,6807,5707,2000,931,920,5.242354637240646,5.24153022402133,12.908580264012734,12.47851684767645,True,False
21587,465612989151457643,47,6304,4733,4122,2000,1220,1178,4.513143407669758,4.505737482090172,12.622051819456376,12.009128789539256,True,False
21588,169034293797468,0,22,0,0,0,0,0,0.0,0.0,4.459431618637297,0,False,True
21589,299250000000000000,30,4028,3060,2714,2000,897,861,4.959573713307578,4.940114205274378,11.975847968006784,11.406205005418855,True,False
21590,90225563909774436,9,885,823,786,2000,265,265,4.380993907154778,4.380993907154779,9.78953364497036,9.618385502258606,True,False
21591,1084258310625000000,108,2679,2621,2157,2000,206,205,4.581564174131071,4.580815321142376,11.387478865842379,11.074810461160453,True,False
21592,22025329663323786,2,352,285,281,2000,184,183,6.416225934755392,6.410210897161408,8.459431618637296,8.134426320220927,True,False
21593,8810718233843122320,881,2522,2504,2070,2000,111,110,4.54163736803165,4.541113032574237,11.30035256032822,11.015415052386688,True,False
21594,997500000000000000,100,5495,4598,3997,2000,916,905,4.626127493937076,4.623142539273895,12.423903765836593,11.964701857420447,True,False
21595,4987500000000000000,499,1110,967,860,2000,169,166,4.575732720173773,4.5726964847424725,10.116343961237469,9.74819284958946,True,False
21596,179046278269870994,18,82,80,79,2000,32,32,4.087937679438971,4.08793767943897,6.357552004618084,6.303780748177103,True,False
21597,24228467308000677,2,1463,1052,1036,2000,745,740,6.534037723571877,6.527108614808548,10.514714054138487,10.016808287686555,True,False
21598,12992856111106511518,1299,5278,5101,4215,2000,531,529,5.271617106092903,5.271350439426237,12.365775635326269,12.041316915829444,True,False
21599,5985000000000000000,599,1658,1653,1463,2000,78,77,4.75753776468847,4.756684011710569,10.69522829149575,10.514714054138487,True,False
21600,492247738164758882,49,573,567,538,2000,63,62,4.222089905474795,4.219940072238505,9.162391328756906,9.071462362556623,True,False
21601,114746212016296691746,11475,7794,7036,5789,0,0,0,0.0,0.0,12.928148216169037,12.49909844122888,False,True
21602,4277963070235385,0,706,0,0,0,0,0,0.0,0.0,9.46352437327118,0,False,True
21603,123991988294644120567,12399,7028,6093,4928,0,0,0,0.0,0.0,12.778898476008376,12.266786540694902,False,True
21604,9144515932560933318,914,6541,5773,4800,2000,799,793,4.740870726846743,4.739963234112264,12.67529549909406,12.228818690495881,True,False
21605,69070563465650423604,6907,3207,3192,2671,2000,104,103,4.915459493308009,4.915142985927601,11.647008638441648,11.38316426063511,True,False
21606,89473293558495000,9,968,715,661,2000,310,305,4.601743973793388,4.595354903561055,9.918863237274595,9.368506461507693,True,False
21607,1697018603996522,0,813,0,0,0,0,0,0.0,0.0,9.667111542075027,0,False,True
21608,33861715843338871,3,3146,1688,1614,2000,1007,977,5.239984255606474,5.214982877507582,11.619302955415687,10.656424863277781,True,False
21609,27589021644571271,3,2959,1491,1426,2000,983,953,5.9236694025446806,5.894995115687513,11.530893981193922,10.477758266443889,True,False
21610,527300070115992018,53,6573,5033,4365,2000,1217,1177,4.835304749676196,4.831066162194761,12.682336269711378,12.091765938516803,True,False
21611,5963062276292378705,596,1900,1892,1630,2000,88,86,4.258757515475514,4.256948718376849,10.89178370321831,10.67065624911844,True,False
21612,69818459401980383017,6982,10337,8794,7172,2000,1228,1188,5.27790666168315,5.275325097466657,13.33552992757082,12.808159772868375,True,False
21613,160597500000000000000,16060,10595,9047,7391,0,0,0,0.0,0.0,13.371095967259532,12.851553858429778,False,True
21614,249380624282548048051,24938,10454,8883,7228,0,0,0,0.0,0.0,13.351767443959893,12.8193807908646,False,True
21615,157954125000000000000,15795,10392,8801,7156,0,0,0,0.0,0.0,13.34318571544788,12.804937672051908,False,True
21616,19880175000000000000,1988,9837,8204,6654,2000,1250,1202,5.657496137941654,5.626643231254278,13.264002687114218,12.700006150882865,True,False
21617,157106250000000000000,15711,10282,8768,7083,0,0,0,0.0,0.0,13.327833296750327,12.790144826949799,False,True
21618,140350877192982456,14,1128,1059,959,2000,188,187,4.4425418879765575,4.4405681295185655,10.139551352398794,9.905387005018131,True,False
21619,49875000000000000,5,3390,1849,1731,2000,962,933,4.53998789492687,4.525461764345664,11.727069558023706,10.757390009366638,True,False
21620,48450641381119837,5,2461,1605,1550,2000,873,863,4.553259508057957,4.548400652738616,11.26502894245816,10.5980525001616,True,False
21621,28498942170178456,3,1011,644,616,2000,402,393,5.760545690379142,5.741326009425846,9.981567281903015,9.266786540694902,True,False
21622,187244393784445657,19,5006,3679,3296,2000,1202,1160,4.47085051935914,4.463338433311311,12.289442575688332,11.686500527183219,True,False
21623,5700421688611227045,570,6282,5510,4623,2000,804,796,4.647816722928728,4.646388183545006,12.617008227651965,12.174613647235942,True,False
21624,502966812765257564,50,4157,3385,2989,2000,801,793,4.511139174401403,4.509353559694224,12.021327032624372,11.545447181678094,True,False
21625,4996229992754910000,500,3120,2712,2248,2000,443,431,4.6398346264858175,4.634459512791729,11.60733031374961,11.134426320220927,True,False
21626,4081992515246496235,408,3652,3606,2924,2000,214,214,4.788434983219914,4.788434983219913,11.834471049984222,11.513727595952437,True,False
21627,1468748212665140774,147,3511,3352,2844,2000,487,485,4.382773033319504,4.381630176176646,11.777666280880755,11.473705749619416,True,False
21628,583525088620401874,58,4261,3493,3064,2000,794,788,4.469406916389977,4.468004236343959,12.05697633617822,11.581200581924957,True,False
21629,4619611532855491618,462,8850,7364,6130,2000,1198,1157,4.964636233321822,4.9605096607350845,13.111461739857722,12.581671358578143,True,False
21630,49725375000000000000,4973,9081,7927,6604,2000,992,974,4.919263678974439,4.916883284430453,13.14863546054867,12.689124404913258,True,False
21631,143521515381041585,14,4996,3429,3116,2000,1218,1178,4.435678698571518,4.428082296032221,12.286557761607957,11.605479518061669,True,False
21632,109139139107328141,11,2355,1718,1566,2000,627,609,5.281249156340154,5.259509102750107,11.201511344500146,10.612868497291041,True,False
21633,366082500000000000,37,4071,3145,2766,2000,863,828,4.453828163943826,4.439951531123216,11.99116750614001,11.433585441150495,True,False
21634,357014133637069,0,41,0,0,0,0,0,0.0,0.0,5.357552004618084,0,False,True
21635,8687658695993117030,869,9319,7773,6350,2000,1238,1195,5.00801122649037,5.002692182996654,13.185959435631318,12.63254087654689,True,False
21636,7931203410724461,1,1780,417,411,417,417,411,8.703903573444663,8.670330431957852,10.79766152585376,8.682994583681683,False,False
21637,2992500000000000,0,727,0,0,0,0,0,0.0,0.0,9.505811553919594,0,False,True
21638,49875000000000000,5,3753,2209,2051,2000,1210,1170,4.549160712356816,4.533820770564112,11.873828574886977,11.002111776479852,True,False
21639,99750000000000,0,66,0,0,0,0,0,0.0,0.0,6.044394119358453,0,False,True
21640,23236989929056365000,2324,4266,3747,3045,2000,584,565,5.888319642960241,5.8850436780457045,12.058668250340572,11.572226512793694,True,False
21641,3491250000000000000,349,8587,6998,5817,2000,1223,1181,4.696049653241057,4.690545774212094,13.067938476436064,12.506059588827949,True,False
21642,6284250000000000000,628,3330,2891,2375,2000,461,448,4.8773068471641,4.8696699132607275,11.701306461958625,11.213711798105672,True,False
21643,1097250000000000000,110,246,214,203,2000,55,55,4.435524869990812,4.435524869990812,7.94251450533924,7.6653359171851765,True,False
21644,49875000000000000,5,216,153,151,2000,94,94,4.551303972300472,4.551303972300471,7.754887502163468,7.2384047393250786,True,False
21645,3469284464452514,0,1281,0,0,0,0,0,0.0,0.0,10.323054760341646,0,False,True
21646,877025939979000,0,494,0,0,0,0,0,0.0,0.0,8.948367231584678,0,False,True
21647,1995000000000000,0,504,0,0,0,0,0,0.0,0.0,8.977279923499916,0,False,True
21648,1097250000000000,0,393,0,0,0,0,0,0.0,0.0,8.618385502258606,0,False,True
21649,2408616362190713,0,351,0,0,0,0,0,0.0,0.0,8.45532722030456,0,False,True
21650,1303460859942150000,130,1073,1065,940,2000,91,89,4.338868213536229,4.337410696455387,10.067434360756522,9.876516946565,True,False
21651,7289746301683876186,729,2895,2867,2339,2000,106,106,4.4473508319309305,4.4473508319309305,11.4993476328766,11.191676146352428,True,False
21652,11730600000000000000,1173,7166,6132,4971,2000,983,943,5.047047559114697,5.041322551816759,12.806952328210736,12.279320387942608,True,False
21653,19950000000000000,2,917,688,682,2000,619,616,6.54109553171551,6.53609553171551,9.840777923595054,9.413627929024173,True,False
21654,68900000000000000000,6890,9568,8072,6609,2000,1047,1015,6.832771577673409,6.818675693094205,13.224001674198105,12.690216280422039,True,False
21655,6143134715490128203,614,1914,1903,1565,2000,83,82,4.530158853499678,4.529616956051468,10.902375114486025,10.61194694181998,True,False
21656,9975000000000000,1,979,315,309,315,315,309,8.29920801838728,8.258716312031204,9.935165049603695,8.271463027904375,False,False
21657,16866373631830181155,1687,1771,1767,1547,2000,79,76,5.0199256780200345,5.0017782950274166,10.790348496751914,10.595257481449035,True,False
21658,122829327264261144,12,4901,3386,3067,2000,1238,1196,4.444403315591374,4.422932148057242,12.258860431409756,11.58261245126702,True,False
21659,299250000000000000,30,5055,3831,3382,2000,1112,1071,5.025523622438863,5.004465681104161,12.303495376790377,11.723660944409984,True,False
21660,19591755646278512,2,2976,1431,1373,2000,1223,1181,6.573205920439955,6.5335550807064235,11.539158811108031,10.4231159101471,True,False
21661,8229209177341428554,823,4121,4054,3255,2000,203,202,4.865541759154518,4.864936157337713,12.0087787482805,11.668441828052998,True,False
21662,12588494184077108200,1259,4581,4514,3658,2000,196,195,4.675112159555351,4.674361831286733,12.161446847518008,11.836839359748716,True,False
21663,3689986806304576041,369,8340,7009,5762,2000,1213,1171,4.742136087884607,4.7372744033421785,13.025831668332026,12.49235394515987,True,False
21664,1230752976139892413,123,2684,2617,2120,2000,189,188,4.353616795928087,4.351901530061878,11.390168956200183,11.049848549450562,True,False
21665,69254053808802625481,6925,6014,5859,4836,2000,480,478,5.124895396529773,5.124531528452642,12.554109152574004,12.239598529249124,True,False
21666,12573278574577935273,1257,4646,4587,3709,2000,211,210,4.724149212946652,4.723502001838155,12.181773438808808,11.85681455250301,True,False
21667,480795000000000000,48,3988,3144,2742,2000,794,762,4.57054113535881,4.557175707932376,11.961449694398196,11.421012855779226,True,False
21668,1316700000000000000,132,7625,6134,5161,2000,1249,1208,4.7473706545217995,4.739693670571002,12.896521622224974,12.33343491528405,True,False
21669,49863629946468256807,4986,5275,5207,4173,2000,208,207,5.155478657927271,5.155016100950337,12.364955378481909,12.026869205263395,True,False
21670,2025239800865400000,203,1056,1051,943,2000,66,65,4.259253843534491,4.257498335984466,10.044394119358454,9.881113960675096,True,False
21671,2004975000000000000,200,1162,1153,1018,2000,76,75,4.25001314137426,4.249140625601753,10.18239435340453,9.991521846075695,True,False
21672,103758171779438377,10,2943,2175,2061,2000,789,783,4.5441964401323105,4.541110347616581,11.523071826940395,11.009128789539256,True,False
21673,5052070944143242,1,1682,132,132,132,132,132,7.0443941193584525,7.0443941193584525,10.715961990255144,7.044394119358453,False,False
21674,389651373638819712,39,6105,4585,4024,2000,1237,1197,4.965901310453989,4.9624762371720745,12.575775579874765,11.974414589805527,True,False
21675,2465941309503530930,247,3160,3092,2462,2000,191,190,4.472188284453573,4.471016480680703,11.625708843064466,11.265615046484458,True,False
21676,1416080618281435633,142,5269,4504,3810,2000,793,787,4.827734776616856,4.8262067084229034,12.363313464373478,11.895575282380685,True,False
21677,42342611565468967,4,3691,2222,2062,2000,1238,1194,5.883936256896874,5.848632351276769,11.84979602224561,11.00982861736811,True,False
21678,2545000000000000000,255,7579,6187,5212,2000,1013,987,4.374117419678261,4.3657412227380386,12.887791791341588,12.347621368568134,True,False
21679,5942871882536444574,594,1896,1884,1553,2000,83,82,4.5170551888801995,4.516338197718303,10.888743248898258,10.600842114387302,True,False
21680,4160209920039665642,416,1612,1601,1316,2000,76,75,4.393555264664241,4.391994588821915,10.654636028527968,10.361943773735241,True,False
21681,725606120008263867,73,3020,2481,2140,2000,560,542,4.425840630310468,4.4173078152717995,11.560332834212442,11.06339508128851,True,False
21682,9920137500000000000,992,9363,7746,6332,2000,1225,1183,4.788636690563712,4.784328535454551,13.192755142640367,12.62844554013718,True,False
21683,5785500000000000,1,1797,212,207,212,212,207,7.727920454563202,7.671316680978297,10.811374693509942,7.693486957499325,False,False
21684,32540670570776567,3,3289,1653,1566,2000,1039,1010,5.250788483949213,5.22782224999175,11.683433292835403,10.612868497291041,True,False
21685,902255639097744360,90,2256,2188,1806,2000,194,193,4.588385775580838,4.587517405944831,11.139551352398794,10.818582177480858,True,False
21686,33916212026210523,3,3170,1701,1627,2000,1015,985,5.243064260540752,5.219503322230015,11.63026712502677,10.667998535672528,True,False
21687,10025062656641604,1,1733,736,712,736,736,712,9.523561956057012,9.454601511081247,10.75905593916017,9.475733430966399,False,False
21688,561403508771929824,56,4474,3551,3070,2000,858,822,4.408767698499327,4.393575278045353,12.127349541059118,11.584022940257542,True,False
21689,695393282793832725270,69539,1628,1623,1398,0,0,0,0.0,0.0,10.668884984266247,10.449148645375436,False,True
21690,479338939479057154,48,6273,4719,4129,2000,1221,1181,4.4736550038290925,4.465566410378315,12.614939847310735,12.011576703176177,True,False
21691,950054942418167460,95,2406,2343,1964,2000,263,263,4.399713300685503,4.399713300685504,11.232420927176076,10.939579214314692,True,False
21692,5709917458252512,1,1256,195,191,195,195,191,7.607330313749609,7.5560482624675585,10.294620748891626,7.577428828035749,False,False
21693,57216714054453481605,5722,5393,5322,4296,2000,196,195,4.531523342767517,4.530599839612213,12.39687231851056,12.068778277985412,True,False
21694,59520957577495391108,5952,10082,8648,7083,2000,1183,1145,5.840867018962359,5.83866122640974,13.299494239009364,12.790144826949799,True,False
21695,3990000000000000000,399,8612,7023,5824,2000,1232,1186,5.278001049762974,5.273857394358082,13.072132604167233,12.507794640198696,True,False
21696,42892500000000000,4,3771,2151,2002,2000,1213,1170,5.849734690743524,5.816500444997258,11.880731435141664,10.967226258835993,True,False
21697,4788000000000000,0,960,0,0,0,0,0,0.0,0.0,9.906890595608518,0,False,True
21698,342105691406115000,34,3021,2371,2087,2000,644,624,4.519218174632295,4.505415091206065,11.56081046872794,11.027214885159834,True,False
21699,8977500000000000,1,1515,419,418,419,419,418,8.71080643369935,8.706033164009611,10.565102078360313,8.707359132080883,False,False
21700,21227848735475372,2,2387,1275,1242,2000,961,945,6.543408258650739,6.518613321970456,11.220982851081777,10.278449458220482,True,False
21701,37686291132240195,4,2954,1694,1618,2000,996,972,4.750652133970103,4.736935072535813,11.52845411076479,10.659995892429977,True,False
21702,199500000000000000,20,1279,1212,1060,2000,185,184,4.467260536627836,4.465167391677547,10.320800548881637,10.049848549450562,True,False
21703,22509724749465015,2,2493,1388,1325,2000,1015,976,6.4892283419174355,6.44733641008768,11.283667167491501,10.371776644337924,True,False
21704,9974817672897082608,997,8496,7247,5872,2000,1157,1113,5.311474795701043,5.306679240810638,13.052568050804153,12.519636252843213,True,False
21705,9975000000000000,1,2180,592,575,592,592,575,9.209453365628951,9.143989028632053,11.090112419664289,9.167418145831737,False,False
21706,299067671389936941024,29907,9210,8115,6787,0,0,0,0.0,0.0,13.168985440978698,12.728558297786716,False,True
21707,498750000000000,0,157,0,0,0,0,0,0.0,0.0,7.294620748891627,0,False,True
21708,8786977500000000000,879,5168,4448,3621,2000,716,691,5.083495840141003,5.077578813395858,12.335390354693924,11.822172461476178,True,False
21709,224278315345866274,22,224,221,219,2000,47,47,4.225335941698306,4.225335941698306,7.807354922057604,7.774787059601174,True,False
21710,27661093684791134,3,392,336,334,2000,197,196,5.443741472028998,5.4401776801544415,8.614709844115207,8.383704292474052,True,False
21711,365889986208727544,37,1675,1608,1348,2000,186,185,4.485899100225256,4.483497178688026,10.709945380232497,10.396604781181859,True,False
21712,59850000000000000,6,165,154,152,2000,65,64,4.271000714932331,4.267730890674365,7.366322214245816,7.247927513443585,True,False
21713,612826824727306146,61,638,625,569,2000,77,77,4.269192732572635,4.269192732572636,9.31741261376487,9.152284842306582,True,False
21714,59417547346680884898,5942,2772,2759,2295,2000,94,94,5.397691699995573,5.397691699995572,11.436711542137214,11.16427843830117,True,False
21715,4754153296088504780,475,1884,1869,1547,2000,94,92,4.8041046051216085,4.751062851279407,10.879583249612784,10.595257481449035,True,False
21716,19086230122019599479,1909,2666,2651,2227,2000,96,95,4.624690020459363,4.624061199378537,11.380461065088973,11.12088584278779,True,False
21717,47995864588238928263,4800,3096,3081,2582,2000,107,106,5.042879375412764,5.042477562075246,11.59618975614441,11.33427328530719,True,False
21718,939240444620956740,94,6714,5085,4399,2000,1036,1006,4.825738853774149,4.821573913538195,12.71295682169755,12.102959885910124,True,False
21719,391231133167696098,39,63,61,60,2000,43,43,4.453131520591385,4.453131520591384,5.977279923499917,5.906890595608519,True,False
21720,14064750000000000000,1406,4631,4563,3696,2000,194,193,4.580490942697454,4.579633646751749,12.177108041703693,11.851749041416058,True,False
21721,138445294079684911045,13845,5472,5404,4387,0,0,0,0.0,0.0,12.417852514885897,12.09901899101923,False,True
21722,30942990792357267,3,418,370,363,2000,197,197,5.313084314791283,5.3130843147912845,8.707359132080883,8.50382573799575,True,False
21723,3010380884520410532,301,7857,6347,5333,2000,976,947,4.83110003659644,4.826568793962448,12.939762845071753,12.380731612682995,True,False
21724,736035857993338448,74,2223,2163,1820,2000,259,259,4.821843082511149,4.821843082511149,11.11829223302699,10.829722735086058,True,False
21725,199516867244423326420,19952,2895,2882,2345,0,0,0,0.0,0.0,11.4993476328766,11.19537220740274,False,True
21726,198960511977270493,20,4226,3111,2793,2000,1025,986,4.547867847850612,4.532612911749387,12.04507705193494,11.44759985827995,True,False
21727,8043589175383564353,804,2036,2024,1683,2000,87,86,4.670718393922184,4.670127510600833,10.991521846075695,10.71681946132995,True,False
21728,972431077694235588,97,1054,888,803,2000,205,201,4.494023574757961,4.490326717086981,10.041659151637214,9.649256177517314,True,False
21729,87016560360575749873,8702,3725,3702,3035,2000,125,124,4.638080830765135,4.637836025629708,11.863024710236886,11.567480801143045,True,False
21730,60927351641314148,6,1432,998,930,2000,445,434,4.7559297791168555,4.74188977274261,10.483815777264256,9.861086905995395,True,False
21731,7455390855687118274,746,3741,3677,2946,2000,187,185,4.8149852812295695,4.814164041559859,11.869208250550827,11.524541715035848,True,False
21732,99346538657771201557,9935,3052,3041,2537,2000,107,104,5.408652580428434,5.374513411587889,11.57553924683453,11.308907804063939,True,False
21733,9933824681622169757,993,8872,7443,6159,2000,1084,1054,5.309413421499453,5.307199124292806,13.11504365016171,12.588480412829758,True,False
21734,34912500000000000,3,3143,1706,1630,2000,1020,991,5.244248851106239,5.2220724094352455,11.617926556798752,10.67065624911844,True,False
21735,30073675856753697283,3007,5079,5012,4064,2000,206,205,5.192977384783977,5.192548744466784,12.310328758616798,11.988684686772165,True,False
21736,16184249495062106603,1618,4754,4686,3804,2000,202,201,4.954264264904117,4.953714260320746,12.214926187942435,11.893301530860564,True,False
21737,32288290872813555616,3229,5139,5080,4113,2000,210,209,4.863393211807961,4.862843129295584,12.327271936805156,12.005975356500382,True,False
21738,10000000000000000000,1000,2564,2278,1915,2000,375,368,5.307945385719017,5.30585650062295,11.324180546618742,10.903128676812319,True,False
21739,75158048150403720,8,1903,1599,1545,2000,713,709,4.755166218777884,4.752165843731003,10.894059846274022,10.593391122791736,True,False
21740,49875000000000000,5,1664,1353,1324,2000,720,716,4.8635563776630155,4.860887676942292,10.700439718141093,10.370687406807217,True,False
21741,97587144341791947,10,831,792,749,2000,207,207,4.3965074524300105,4.396507452430011,9.698704666770345,9.54882190845875,True,False
21742,975556730688185781,98,6772,5130,4426,2000,1056,1025,4.3928963168585895,4.383150293741236,12.725366257895642,12.11178773580101,True,False
21743,42282746370835093506,4228,4741,4678,3808,2000,186,185,5.075184640090693,5.074624416001058,12.210975677726395,11.894817763307943,True,False
21744,109725000000000000,11,3235,2379,2237,2000,872,862,4.443808630856281,4.4397609346638465,11.65954999687987,11.127349541059118,True,False
21745,1147125000000000000,115,6956,5518,4713,2000,1026,996,4.693852831980385,4.688870095087037,12.764042217306587,12.202429966015352,True,False
21746,175061250000000000000,17506,9850,8379,6872,0,0,0,0.0,0.0,13.2659080092311,12.746514321138463,False,True
21747,6833872500000000000,683,8518,7021,5820,2000,964,935,4.468350356079313,4.461671281893809,13.056299014550337,12.506803437795647,True,False
21748,8678250000000000,1,2001,498,489,498,498,489,8.96000193206808,8.9198412894978,10.966505451905741,8.933690654952233,False,False
21749,393015000000000000,39,5125,3958,3466,2000,1065,1024,4.421370019688117,4.4057496251291255,12.32333628928017,11.75905593916017,True,False
21750,169575000000000000,17,370,359,339,2000,82,80,4.357362963315958,4.354668357230264,8.531381460516313,8.405141463136344,True,False
21751,6336239709861119681,634,8621,7038,5839,2000,1001,972,4.873856776365319,4.870343455406971,13.07363951028323,12.511505595792482,True,False
21752,8754072893219250,1,112,48,48,48,48,48,5.584962500721155,5.584962500721155,6.807354922057604,5.584962500721156,False,False
21753,7680052198399440,1,1979,394,386,394,394,386,8.622051819456374,8.576366540268555,10.950555897047511,8.59245703726808,False,False
21754,10143275953860917103,1014,8857,7411,6131,2000,1036,1007,4.733314531836174,4.729437435020829,13.112602403528848,12.581906689308768,True,False
21755,126727311558680840,13,235,230,228,2000,58,58,4.513744774583127,4.513744774583127,7.876516946564999,7.832890014164741,True,False
21756,99330587519635258500,9933,2758,2747,2230,2000,98,96,5.164824569425471,5.125395689751178,11.429406741513981,11.122827994807666,True,False
21757,294247537500000000000,29425,5843,5761,4687,0,0,0,0.0,0.0,12.512493573945038,12.194449079479025,False,True
21758,9975000000000000,1,535,304,304,304,304,304,8.247927513443585,8.247927513443585,9.06339508128851,8.247927513443585,False,False
21759,288898611470210423,29,437,425,406,2000,71,70,4.226615644878537,4.224685566366182,8.7714894695006,8.665335917185176,True,False
21760,10025062656641604,1,552,274,272,274,274,272,8.098032082960525,8.08343354281454,9.108524456778168,8.087462841250339,False,False
21761,449102381467905233,45,1573,1301,1154,2000,334,327,4.374901039725852,4.366214013635135,10.619302955415687,10.172427508645482,True,False
21762,10196540678016782,1,1968,844,816,844,844,816,9.721099188707186,9.65148439308851,10.94251450533924,9.672425341971495,False,False
21763,99750000000000000,10,895,827,759,2000,189,188,4.489887448379066,4.487485767202242,9.805743872151618,9.567956075415466,True,False
21764,10970896367607055937,1097,9210,7847,6351,2000,1224,1179,4.602990120570018,4.593954041533149,13.168985440978698,12.632768054728745,True,False
21765,5157075000000000000,516,5365,4594,3777,2000,757,728,4.680290716805742,4.668486200377466,12.389362455643884,11.883025068440173,True,False
21766,828788583680892388,83,5996,4797,4174,2000,1009,988,4.583876131882901,4.579418797843614,12.54978466794786,12.027214885159834,True,False
21767,997500000000000000,100,867,860,764,2000,78,77,4.254044230777197,4.252778036606206,9.759888183221834,9.57742882803575,True,False
21768,10296316362332478482,1030,4420,4365,3516,2000,249,249,5.374376171801911,5.374376171801912,12.109830654278793,11.779719355143405,True,False
21769,99749469395724597698,9975,2971,2659,2200,2000,423,414,6.003620134646713,6.001671326271935,11.536732889835415,11.103287808412022,True,False
21770,16398900000000000000,1640,9419,8063,6507,2000,1223,1179,4.5132866601454795,4.506233345940946,13.201358184030669,12.667776838393431,True,False
21771,1895250000000000000,190,3798,3200,2699,2000,599,581,4.429800068633554,4.419663604971861,11.891024190149498,11.398209261466851,True,False
21772,3230996529715918660,323,1967,1717,1477,2000,304,298,4.49331074385326,4.487856315711275,10.94178124227853,10.52845411076479,True,False
21773,5943664892534315446,594,266,238,229,2000,60,60,4.889953196500393,4.889953196500393,8.055282435501189,7.839203788096944,True,False
21774,51870000000000000,5,426,301,292,2000,145,143,4.7241051422162705,4.71595953956895,8.734709620225837,8.189824558880018,True,False
21775,149625000000000000,15,3609,2612,2365,2000,917,881,4.550688066815773,4.533683036983133,11.817383427897232,11.207624468226758,True,False
21776,79800000000000000,8,3470,2283,2162,2000,1005,986,4.741172872132032,4.7309141376044215,11.760719947465624,11.07815080773465,True,False
21777,209475000000000000,21,1347,1281,1138,2000,193,192,4.489836863725867,4.487635763175592,10.395534135462302,10.152284842306582,True,False
21778,3774067090237500000,377,1621,1610,1327,2000,83,82,4.538196260725772,4.537653652189929,10.662668375517542,10.373952655370193,True,False
21779,3222620844261053,0,50,0,0,0,0,0,0.0,0.0,5.643856189774724,0,False,True
21780,89645246410115029,9,804,592,554,2000,257,253,4.560275246359738,4.554463404732422,9.651051691178928,9.113742166049189,True,False
21781,5171166667387875000,517,1924,1917,1626,2000,81,80,4.324147626360388,4.322828719411607,10.909893083770042,10.667111542075027,True,False
21782,1368086425863163142,137,2954,2873,2418,2000,299,299,4.362468040114634,4.362468040114633,11.52845411076479,11.239598529249124,True,False
21783,998091390456325444,100,6190,5007,4316,2000,1009,989,4.545644836752657,4.540415647086853,12.595723694101627,12.075479149488016,True,False
21784,73012050559452011894,7301,4079,3588,2906,2000,553,536,6.003726484621591,6.000751476324049,11.993999791792524,11.504818987632841,True,False
21785,9401326367765831,1,1931,501,487,501,501,487,8.968666793195208,8.907279792192888,10.91513244895065,8.927777962082342,False,False
21786,49875000000000000,5,2654,1723,1658,2000,933,922,5.295033239114906,5.287554954191219,11.373952655370193,10.69522829149575,True,False
21787,836234167417646259,84,4841,4008,3504,2000,854,844,4.557843935494009,4.555866129051626,12.241089378860856,11.774787059601174,True,False
21788,149625000000000000,15,1157,1088,963,2000,193,192,4.35312543121538,4.35162383577022,10.17617314910749,9.911391987843459,True,False
21789,5645850000000000000,565,6199,5273,4329,2000,870,834,4.696973198040145,4.688244940527865,12.597819788645507,12.079818085212354,True,False
21790,15691354418031313129,1569,4776,4707,3773,2000,202,201,4.816480740116125,4.8158489616597695,12.221587121264806,11.88149638481011,True,False
21791,3497083011374014,0,316,0,0,0,0,0,0.0,0.0,8.303780748177102,0,False,True
21792,170706304445491540,17,3420,2587,2401,2000,849,839,4.452262359370095,4.448869932643889,11.73978060977326,11.229419688230417,True,False
21793,3637882500000000000,364,3845,3307,2743,2000,563,544,4.578352472219559,4.567073824168661,11.908767882849189,11.421538906848276,True,False
21794,9974314107933735000,997,5220,4498,3657,2000,722,696,5.308753098663459,5.303867905023571,12.349834091457247,11.836444911341369,True,False
21795,1112212500000000000,111,3883,3234,2741,2000,648,628,4.399267233364883,4.390424193161833,11.922955991908477,11.420486612825774,True,False
21796,15873668657301484271,1587,7049,6284,5174,2000,802,796,4.915819855318757,4.915041814796976,12.78320289006439,12.33706433868474,True,False
21797,15926199890334300000,1593,1749,1745,1532,2000,65,63,4.394867895065691,4.392662908651044,10.772314573921653,10.581200581924957,True,False
21798,159982487267719786,16,4103,2933,2696,2000,995,977,4.420712182343513,4.412777550977712,12.002463438892535,11.396604781181859,True,False
21799,740000000000000000,74,5142,4245,3737,2000,914,902,4.533302715565512,4.528940447228809,12.328113894833656,11.867664848380745,True,False
21800,33439232905560923,3,1638,1039,978,2000,598,581,6.09211746559775,6.065485826608597,10.677719641641009,9.933690654952233,True,False
21801,99750000000000000,10,3993,2458,2256,2000,975,945,4.384134074276638,4.373453479319014,11.963257356633047,11.139551352398794,True,False
21802,3297136500000000000,330,7955,6393,5358,2000,961,930,4.817956754982626,4.812023944364779,12.95764621521841,12.387478865842379,True,False
21803,229901183530048680737,22990,5559,5491,4451,0,0,0,0.0,0.0,12.440609666748422,12.119913785452269,False,True
21804,488974500000000000000,48897,5638,5570,4522,0,0,0,0.0,0.0,12.460967762570421,12.14274527675153,False,True
21805,319200000000000000000,31920,5612,5544,4502,0,0,0,0.0,0.0,12.454299293619899,12.136350341454156,False,True
21806,119700000000000000,12,389,381,367,2000,87,86,4.28280684467393,4.281558228010243,8.603626344986193,8.519636252843213,True,False
21807,54098554126510632,5,850,602,567,2000,297,292,4.825412308409639,4.8163272986757,9.731319031025064,9.147204924942228,True,False
21808,698250000000000,0,232,0,0,0,0,0,0.0,0.0,7.857980995127572,0,False,True
21809,188599405571643153,19,285,280,277,2000,61,61,4.206927893984512,4.206927893984512,8.154818109052105,8.113742166049189,True,False
21810,193382201576754675803,19338,4912,4321,3506,0,0,0,0.0,0.0,12.262094845370179,11.775610280759539,False,True
21811,17434966608068327,2,1991,1020,1006,2000,949,938,6.554585413482021,6.543368921115861,10.959277505720502,9.974414589805527,True,False
21812,53863392105426960000,5386,4335,3820,3099,2000,575,556,5.78864978472044,5.785004341259133,12.081816278109198,11.597587039586216,True,False
21813,93765000000000000,9,2800,1985,1894,2000,831,821,4.39269511636436,4.389336802980719,11.451211111832329,10.887220615468385,True,False
21814,7391644727726603,1,1609,347,341,347,347,341,8.438791852578259,8.39844603125261,10.651948610723446,8.413627929024173,False,False
21815,9975000000000000,1,1802,553,539,553,553,539,9.111135670234708,9.055521045456835,10.815383295813538,9.074141462752506,False,False
21816,498750000000000000,50,3384,2688,2345,2000,675,653,4.418979303682785,4.4080762561426114,11.72451385311995,11.19537220740274,True,False
21817,1197000000000000000,120,7495,5996,5044,2000,1252,1209,4.514963904375781,4.508187917421823,12.871712762835221,12.30035256032822,True,False
21818,3074793750000000000,307,5339,4513,3750,2000,788,758,4.554331472901362,4.542694337897432,12.382353833664512,11.872674880270605,True,False
21819,3356587500000000000,336,7364,6177,5085,2000,1075,1034,4.378158022388779,4.366386396200943,12.846273911349906,12.312032058744862,True,False
21820,7869423267550089121,787,3742,3678,2957,2000,186,184,4.721178957157025,4.7202610939491345,11.869593843240784,11.529918528120325,True,False
21821,8704004081868202,1,2066,479,468,479,479,468,8.90388184573618,8.852201496044815,11.01262453886506,8.870364719583405,False,False
21822,2653492617562500000,265,8096,6737,5579,2000,1217,1173,4.392275020257149,4.381696371446763,12.98299357469431,12.445790836048076,True,False
21823,90863264678546435,9,815,776,733,2000,205,205,4.442777293266272,4.44277729326627,9.67065624911844,9.517669388133811,True,False
21824,1666910438874389471,167,954,948,857,2000,70,69,4.482846947532299,4.4820397153831415,9.897845456005511,9.7431513941125,True,False
21825,13390529406121347185,1339,6160,5310,4307,2000,830,797,5.35782053424437,5.352249730966207,12.588714635582264,12.072467608241858,True,False
21826,2976429371903400000,298,1459,1453,1252,2000,80,79,4.342677148811103,4.341507621394447,10.510764167917891,10.290018846932618,True,False
21827,1972014865504479442,197,1184,1178,1017,2000,87,86,4.30011796715796,4.298970661921166,10.20945336562895,9.9901039638575,True,False
21828,1986766473667003350,199,1223,1212,1042,2000,82,80,4.43608495990455,4.434275624923549,10.256208688527387,10.025139562278508,True,False
21829,9848317500000000000,985,2014,2002,1678,2000,77,77,4.757374401105388,4.757374401105388,10.975847968006784,10.712527000439824,True,False
21830,3434334669264754527,343,113,104,100,2000,33,33,4.327709542360682,4.327709542360682,6.820178962415188,6.643856189774724,True,False
21831,930039221148099230,93,16,13,13,18,13,13,3.404299362370627,3.4042993623706272,4.0,3.700439718141092,False,False
21832,1981539760023021341,198,2974,2914,2388,2000,204,203,4.3536524397111105,4.352276579798667,11.53818893205242,11.221587121264806,True,False
21833,6260320415765652926,626,8737,7433,6042,2000,1192,1147,4.83276899524531,4.825524984035849,13.092922275131775,12.56081046872794,True,False
21834,3503531084920133,0,419,0,0,0,0,0,0.0,0.0,8.710806433699352,0,False,True
21835,3672529204523943,0,1361,0,0,0,0,0,0.0,0.0,10.410451351503994,0,False,True
21836,494602810589568307,49,1583,1316,1163,2000,330,323,4.375687699414219,4.366865405456401,10.62844554013718,10.183635381473218,True,False
21837,952212873509786192,95,899,886,777,2000,81,80,4.248137249095187,4.246499984461597,9.812177305514448,9.60177078840771,True,False
21838,5945100000000000000,595,4028,3972,3184,2000,203,202,4.684183620476366,4.683488012293483,11.975847968006784,11.63662462054365,True,False
21839,22907415727235422081,2291,4941,4867,3935,2000,294,294,4.869139785987026,4.8691397859870245,12.270587340447511,11.942147920394849,True,False
21840,359100000000000000,36,2579,2372,2118,2000,609,605,4.583525448893606,4.579017847657166,11.332596057789214,11.048486873992337,True,False
21841,399000000000000000,40,3881,3113,2776,2000,790,784,4.844126879591531,4.840926179075736,11.922212717785449,11.43879185257826,True,False
21842,1245877500000000000000,124588,2914,2902,2379,0,0,0,0.0,0.0,11.508785162064513,11.216139556425135,False,True
21843,32587199369964048,3,1941,1213,1140,2000,706,682,6.218930184576142,6.186702365977575,10.922584402713664,10.154818109052105,True,False
21844,498750000000000000,50,5740,4285,3749,2000,1022,992,4.43730851786337,4.42836004111018,12.486835021563051,11.872290110288091,True,False
21845,1102137750000000000,110,2689,2262,1924,2000,452,439,4.615559991429227,4.602826418980371,11.392854039872873,10.909893083770042,True,False
21846,725182500000000000,73,6816,5296,4553,2000,1226,1186,4.534038440402933,4.527424008152044,12.734709620225837,12.152601744019199,True,False
21847,11337585000000000000,1134,3419,2992,2445,2000,471,458,5.378115324870261,5.3733074128674,11.739358707433395,11.255618749839597,True,False
21848,792962351399339,0,224,0,0,0,0,0,0.0,0.0,7.807354922057604,0,False,True
21849,4987500000000000,0,1580,0,0,0,0,0,0.0,0.0,10.625708843064466,0,False,True
21850,11500177500000000000,1150,9499,7903,6447,2000,1222,1180,4.791236401123715,4.786254810270426,13.213559927476458,12.65441226814894,True,False
21851,58034954947740681,6,159,148,148,2000,57,57,4.261841087411036,4.261841087411036,7.312882955284356,7.20945336562895,True,False
21852,14663250000000000000,1466,6862,6094,5047,2000,803,797,5.006435442346794,5.005764686847398,12.744413410557655,12.301210371298426,True,False
21853,374041916954169941330,37404,5773,5733,4583,0,0,0,0.0,0.0,12.495105510007784,12.162076570374312,False,True
21854,1610945519821055,0,130,0,0,0,0,0,0.0,0.0,7.022367813028454,0,False,True
21855,5026539965771975,1,1750,163,159,163,163,159,7.348728154231078,7.287378460979545,10.77313920671969,7.312882955284356,False,False
21856,1201114991495807951,120,7238,5622,4791,2000,1074,1044,4.916924902292088,4.913624207280586,12.82137539237254,12.226111098132389,True,False
21857,100701604518812536310,10070,315,313,288,0,0,0,0.0,0.0,8.29920801838728,8.169925001442312,False,True
21858,264128085623830172,26,3128,2400,2130,2000,709,685,4.380084983304421,4.3694278697907425,11.611024797307353,11.056637715113201,True,False
21859,3764030631990340,0,1336,0,0,0,0,0,0.0,0.0,10.383704292474052,0,False,True
21860,127042033442481990,13,1763,1578,1486,2000,534,532,4.3747790566564735,4.373779056656474,10.783816759320182,10.537218400538595,True,False
21861,17685921005196791,2,2542,1107,1074,2000,1017,988,6.487953320314811,6.45468865780832,11.311748315004959,10.068778277985412,True,False
21862,15993405397200000000,1599,6780,5828,4721,2000,918,881,5.479684727949256,5.475568992680541,12.727069558023706,12.204876767603993,True,False
21863,28905883359045000000,2891,6909,5966,4820,2000,932,895,6.092975480378617,6.090403452280834,12.754261196514001,12.234817431117325,True,False
21864,2812000134959814234,281,5811,4872,4054,2000,884,849,4.473318548880038,4.464524000933478,12.50457073932441,11.985130373466898,True,False
21865,12169637967555618336,1217,6514,5588,4538,2000,879,843,5.242417033474576,5.237200296074629,12.669328004395904,12.147840893672337,True,False
21866,2216912788492347540,222,5514,4595,3846,2000,856,821,4.618993658891688,4.6073104671281175,12.428883552010191,11.909143047339898,True,False
21867,1500000000000000000,150,5167,4269,3597,2000,850,815,4.575265362227001,4.5643456852502595,12.335111168424861,11.81257844413538,True,False
21868,6067849910029104949,607,6019,5147,4213,2000,843,809,4.795158137823861,4.787108567522732,12.555308101401328,12.040632200562253,True,False
21869,203394664774369284,20,5415,3828,3406,2000,1208,1167,4.440514109400331,4.427860070114333,12.40274562249569,11.733862719678543,True,False
21870,29793179120903742005,2979,4555,4492,3652,2000,175,174,4.626067481792693,4.625133961755353,12.153235338689413,11.834471049984222,True,False
21871,2433900000000000000,243,1711,1695,1421,2000,107,106,4.482617794128335,4.482053966300784,10.740624044489413,10.47269083924278,True,False
21872,2442836139712696659,244,7641,6209,5240,2000,1038,1010,5.005575131835476,5.002569784048269,12.89954574499535,12.355351096424812,True,False
21873,27921501509475000000,2792,9868,8354,6758,2000,1264,1223,5.600617319609989,5.597177927807202,13.268542000300123,12.722380635163802,True,False
21874,3609689348240414962,361,1512,1504,1308,2000,76,75,4.359884420863899,4.3590899791444375,10.562242424221072,10.353146825498083,True,False
21875,2931192499432404679,293,3299,3232,2617,2000,192,191,4.450805527948236,4.4493725210220365,11.687813062564931,11.353698209048035,True,False
21876,48831035527638340,5,3798,2265,2093,2000,1227,1186,4.551345356505372,4.535885020611959,11.891024190149498,11.031356596255709,True,False
21877,3641550669455087,0,704,0,0,0,0,0,0.0,0.0,9.459431618637296,0,False,True
21878,10849078901193396,1,852,382,376,382,382,376,8.57742882803575,8.540779613376063,9.734709620225837,8.554588851677638,False,False
21879,6781658098063489,1,1639,290,288,290,290,288,8.179909090014934,8.166115986566659,10.678600139099458,8.169925001442312,False,False
21880,8578500000000000,1,119,53,53,53,53,53,5.727920454563199,5.727920454563199,6.894817763307944,5.727920454563199,False,False
21881,217814746243743497,22,337,333,326,2000,59,57,4.247281186898276,4.242758009054175,8.396604781181859,8.348728154231077,True,False
21882,25003878530966623381,2500,6765,6392,5259,2000,755,750,5.165425590211743,5.164883920360564,12.7238742188639,12.360572781480695,True,False
21883,149625000000000000,15,271,267,261,2000,63,62,4.396974844123126,4.394230633539317,8.08214904135387,8.027905996569885,True,False
21884,6683250000000000000,668,4595,4458,3691,2000,460,458,4.978532865017602,4.9780800243153855,12.165849146176397,11.84979602224561,True,False
21885,10773000000000000000,1077,5067,4912,4047,2000,475,473,5.086196792608894,5.085811447288544,12.306916113522542,11.982637133669424,True,False
21886,10473750000000000000,1047,5054,4899,4039,2000,476,474,4.961190112738888,4.960759914586621,12.303209948944776,11.979782430703086,True,False
21887,1047375000000000000,105,7155,5517,4708,2000,1049,1020,4.546445737865213,4.541145090069323,12.80473605161403,12.200898605038445,True,False
21888,29925000000000000,3,3029,1592,1514,2000,1062,1032,5.257471128613354,5.234797945277137,11.564625862795372,10.564149489985732,True,False
21889,3990000000000000,0,1241,0,0,0,0,0,0.0,0.0,10.277287400130357,0,False,True
21890,322192500000000000,32,3559,2750,2425,2000,766,737,4.814857372142114,4.793058512332158,11.797256217509785,11.243769031961852,True,False
21891,12468750000000000,1,1357,633,609,633,633,609,9.30606168942834,9.222144761341823,10.406205005418855,9.250298417906333,False,False
21892,82094250000000000,8,2289,1587,1456,2000,683,661,4.507902042845471,4.495283584784646,11.160501747555687,10.507794640198696,True,False
21893,818448750000000000,82,343,300,283,2000,89,89,4.536645677443269,4.536645677443268,8.422064766172813,8.144658242831882,True,False
21894,1260872967280523925,126,3579,3391,2887,2000,561,559,4.782689678619035,4.782275884259251,11.805340828416384,11.495355392235982,True,False
21895,1097250000000000000,110,3753,3528,3010,2000,627,624,4.386102615951129,4.384851990638474,11.873828574886977,11.555547771647065,True,False
21896,2194500000000000000,219,4406,4173,3527,2000,650,647,4.880498433946768,4.879990381312515,12.105253779700883,11.784225860426252,True,False
21897,3311700000000000000,331,4918,4647,3911,2000,686,682,5.127734144497649,5.126810609404581,12.263856019596082,11.933321820732946,True,False
21898,2573550000000000000,257,4878,4591,3874,2000,716,712,4.460688704734847,4.459597646863319,12.252074042796185,11.919608238603253,True,False
21899,2354100000000000000,235,4926,4615,3883,2000,719,715,4.422637574011861,4.420732852537382,12.266200912498961,11.922955991908477,True,False
21900,1516200000000000000,152,4674,4322,3650,2000,736,731,4.546964184692787,4.5446323134517606,12.190442018782825,11.833680748654741,True,False
21901,73815000000000000,7,2113,1705,1647,2000,744,739,4.428282623171011,4.425878060423322,11.04507705193494,10.685624839726355,True,False
21902,99750000000000000,10,225,218,209,2000,67,66,4.385383808001043,4.383402198037904,7.813781191217037,7.7073591320808825,True,False
21903,131995570187022988,13,634,606,553,2000,111,111,4.573395771276133,4.573395771276132,9.308339030139408,9.111135670234708,True,False
21904,4869795000000000000,487,8947,7396,6139,2000,1232,1191,5.049076377670237,5.04586887504915,13.127188301043205,12.583787954502338,True,False
21905,827067669172932330,83,1855,1570,1375,2000,357,350,4.596195930562488,4.5916351943006894,10.857203471508166,10.425215903299383,True,False
21906,8072767500000000000,807,4143,4075,3267,2000,199,198,4.5903961072572255,4.589564723930202,12.016460104979208,11.673750739438063,True,False
21907,9975000000000000,1,1915,532,518,532,532,518,9.055282435501189,8.995865818068037,10.903128676812319,9.016808287686555,False,False
21908,19623006099496479,2,1126,624,599,2000,520,504,6.491815155609592,6.457088327520795,10.13699111208023,9.226412192788786,True,False
21909,93455775000000000000,9346,8249,7379,6183,2000,916,905,5.584399418535232,5.5833978857738185,13.010003521295205,12.594091290260412,True,False
21910,40679543896845521,4,3758,2139,1985,2000,1217,1172,4.7864533555304405,4.764989760114885,11.875749351420055,10.95492329203032,True,False
21911,8412306772380000,1,20,6,6,6,6,6,2.584962500721156,2.584962500721156,4.321928094887363,2.584962500721156,False,False
21912,2134650000000000000,213,4268,4046,3420,2000,620,617,4.5532647932359716,4.551332676622884,12.059344460824425,11.73978060977326,True,False
21913,41386715037389400000,4139,2653,2640,2214,2000,78,78,4.928636815061582,4.928636815061581,11.373408960228696,11.112439506781552,True,False
21914,28466300894429598155,2847,6394,6119,5052,2000,720,716,5.273225366180639,5.272825326176639,12.64250302878052,12.302638923787553,True,False
21915,101495625000000000000,10150,7577,6803,5646,0,0,0,0.0,0.0,12.887411032553185,12.463013413449692,False,True
21916,53865000000000000,5,3210,2095,1936,2000,1022,983,5.092173961303999,5.068179126998073,11.648357582009666,10.918863237274595,True,False
21917,1293586183365000,0,324,0,0,0,0,0,0.0,0.0,8.339850002884624,0,False,True
21918,7884659705919300194,788,2317,2302,1917,2000,98,97,4.289430329996176,4.288657159209955,11.178042328864821,10.904634621668151,True,False
21919,5025104180248331,1,1444,184,180,184,184,180,7.523561956057014,7.469214129970057,10.49585502688717,7.491853096329675,False,False
21920,64152784047852752,6,3981,2475,2290,2000,1196,1157,4.439272504435683,4.426501614969555,11.958915156091349,11.161131882984307,True,False
21921,24236703934094014,2,1864,1096,1079,2000,787,781,6.5553182253005735,6.547604537057504,10.86418614465428,10.075479149488016,True,False
21922,4907935113139158482,491,6139,5366,4505,2000,817,808,5.048190223717085,5.0466498048362745,12.583787954502338,12.137311390700901,True,False
21923,46295572170188538,5,213,150,148,2000,94,94,4.551303972300472,4.551303972300471,7.734709620225838,7.20945336562895,True,False
21924,697632068310975000,70,406,403,391,2000,55,55,4.312754835724321,4.312754835724321,8.665335917185176,8.611024797307353,True,False
21925,99886657796325720,10,166,161,160,2000,56,56,4.364359751934221,4.364359751934221,7.3750394313469245,7.321928094887363,True,False
21926,1350051643112456557,135,733,728,690,2000,67,66,4.303098558201806,4.272416983313735,9.517669388133811,9.430452551665532,True,False
21927,99378202030270302714,9938,2085,2080,1784,2000,97,96,5.588727352009127,5.5883395256651225,11.025831668332026,10.800899899920305,True,False
21928,7112175000000000000,711,2604,2306,1934,2000,375,368,4.8293872892418594,4.826269923674384,11.346513733165635,10.917372079476841,True,False
21929,2992423545417648645,299,5933,4978,4135,2000,902,865,4.617784931089213,4.607145729901815,12.534546067459992,12.013671614058637,True,False
21930,14960335928512600931,1496,9540,8052,6515,2000,1269,1223,5.2788416641514555,5.2751614178027495,13.219773550892874,12.669549463455496,True,False
21931,72607405821073132,7,322,300,292,2000,118,117,5.0013689009377025,5.000420687243917,8.330916878114618,8.189824558880018,True,False
21932,86246834426328358,9,2133,1760,1694,2000,740,735,4.764990701035823,4.76138160122691,11.058668250340572,10.726218159332198,True,False
21933,16512691265436350,2,1528,790,757,2000,713,687,6.51248987628326,6.472851817813918,10.57742882803575,9.564149489985732,True,False
21934,1080440048254875000,108,991,980,857,2000,79,78,4.287322925407404,4.286503759168883,9.952741247186488,9.7431513941125,True,False
21935,140030124313770285,14,360,349,333,2000,73,72,4.597171402132396,4.595424999769614,8.491853096329674,8.379378367071261,True,False
21936,8139743103049118887,814,8992,7652,6214,2000,1220,1177,4.833854091780007,4.829452555438793,13.134426320220927,12.60130652612184,True,False
21937,4608450000000000000,461,8819,7246,6006,2000,1222,1182,4.459152035513176,4.450100617533675,13.106399360305144,12.552188759557149,True,False
21938,3320477498241050910,332,8533,7045,5892,2000,1183,1143,4.53188052711023,4.524103174147538,13.058837332677816,12.524541715035848,True,False
21939,10769888270209743475,1077,4629,4571,3661,2000,214,212,5.241595325220085,5.241114839809664,12.17648484729189,11.838022058304546,True,False
21940,9975000000000000,1,123,69,69,69,69,69,6.108524456778168,6.108524456778168,6.94251450533924,6.108524456778169,False,False
21941,250626566416040100,25,5636,4108,3642,2000,1228,1187,4.43636602931776,4.428635861371054,12.460455896309636,11.830515206976838,True,False
21942,997500000000000000,100,7086,5624,4786,2000,1246,1203,4.835583418798788,4.830161205771438,12.790755750118313,12.2246046815385,True,False
21943,1426425000000000000,143,4958,4106,3460,2000,814,781,4.470808403527508,4.461726650848514,12.275542556086723,11.756556322524087,True,False
21944,14216394318131104,1,1839,869,835,869,869,835,9.7632123668144,9.677637536001281,10.844705764411938,9.705632387361415,False,False
21945,9975000000000000,1,1959,488,477,488,488,477,8.930737337562887,8.881557009694033,10.935901682267588,8.897845456005511,False,False
21946,9056031705081640940,906,7941,6765,5487,2000,1090,1048,5.272249084150508,5.267217089485653,12.955104980216555,12.421801860469873,True,False
21947,23900045326240196925,2390,4997,4929,3975,2000,193,192,4.356327115003138,4.354755125006712,12.286846502735887,11.95673914505908,True,False
21948,997500000000000000,100,2407,2339,1915,2000,200,199,4.386477813038252,4.38500603121231,11.233020426474496,10.903128676812319,True,False
21949,17599238212691243,2,1992,1021,1007,2000,949,938,6.554585413482021,6.543368921115861,10.960001932068081,9.975847968006784,True,False
21950,249375000000000000,25,4837,3446,3093,2000,1016,990,4.454586842612748,4.448412424153154,12.239896822445862,11.594791118089265,True,False
21951,2743125000000000000,274,7617,6229,5245,2000,1013,987,4.4184000992774894,4.412536300659388,12.895007180368662,12.35672705746463,True,False
21952,548625000000000000,55,5964,4527,3954,2000,1027,998,4.45733202165793,4.451283351323083,12.542064542283443,11.949097155729207,True,False
21953,24937500000000000000,2494,7519,6683,5568,2000,871,859,5.201447729040209,5.199204285574937,12.876325086063236,12.442943495848729,True,False
21954,115710000000000000000,11571,7977,7139,5962,0,0,0,0.0,0.0,12.961630562578824,12.541580659991169,False,True
21955,494062647143296635,49,6354,4731,4112,2000,1215,1172,4.501274817372224,4.4887188515420196,12.633449374713493,12.005624549193879,True,False
21956,9975000000000000,1,1977,553,537,553,553,537,9.111135670234708,9.046742106989797,10.949097155729207,9.068778277985412,False,False
21957,49875000000000000,5,101,96,95,2000,60,60,4.515064829825167,4.515064829825167,6.658211482751795,6.569855608330948,True,False
21958,6460235912304068536,646,501,458,416,2000,100,100,5.079386754711202,5.079386754711203,8.968666793195208,8.700439718141093,True,False
21959,5013724065525001995,501,3815,3747,3013,2000,193,192,4.481767365617194,4.4806298709492,11.897467341721892,11.556984957594462,True,False
21960,953739485647698317,95,4622,3758,3229,2000,830,797,4.4717858777650115,4.462973372305544,12.174301544467632,11.65687172561398,True,False
21961,1885191253420068167,189,5069,4223,3555,2000,803,771,4.396039496928275,4.382174612359249,12.307485448589476,11.795633844506778,True,False
21962,99750000000000,0,8,0,0,0,0,0,0.0,0.0,3.0,0,False,True
21963,248843787797663579,25,921,733,667,2000,228,224,4.400762144916747,4.394516956827285,9.847057346091336,9.381542951184585,True,False
21964,2373795732260658,0,1077,0,0,0,0,0,0.0,0.0,10.072802534544207,0,False,True
21965,897750000000000000,90,2150,2083,1685,2000,183,181,4.353177898755728,4.350947611897494,11.070120944476823,10.71853287606922,True,False
21966,11969220428223975000,1197,4844,4208,3417,2000,649,629,5.31168440919612,5.307060785523131,12.24198314969433,11.738514532429267,True,False
21967,11986387789584394368,1199,4744,4125,3348,2000,638,618,5.3831552236397044,5.378677497872723,12.211888294546004,11.709083812550343,True,False
21968,2123829541886186800,212,541,478,438,2000,100,100,4.335352418185986,4.335352418185986,9.079484783826816,8.774787059601174,True,False
21969,1002506265664160,0,77,0,0,0,0,0,0.0,0.0,6.266786540694901,0,False,True
21970,100114848591947640991,10011,2721,2714,2214,0,0,0,0.0,0.0,11.409921241249679,11.112439506781552,False,True
21971,866654629584724356,87,5523,4437,3795,2000,1013,972,4.465293637777225,4.452940241836421,12.431236412071062,11.889884170302828,True,False
21972,5757626061780133,1,899,156,153,156,156,153,7.285402218862249,7.234120167580198,9.812177305514448,7.257387842692652,False,False
21973,2097571234999847776,210,7615,6170,5212,2000,1070,1040,4.643438464383843,4.637186380188002,12.894628321374654,12.347621368568134,True,False
21974,5602470479295424,1,77,17,17,17,17,17,4.087462841250339,4.087462841250339,6.266786540694901,4.087462841250339,False,False
21975,1681927085222522,0,98,0,0,0,0,0,0.0,0.0,6.614709844115208,0,False,True
21976,5441381684840831,1,265,57,57,57,57,57,5.832890014164743,5.832890014164743,8.049848549450562,5.832890014164741,False,False
21977,1447310732291461210,145,2048,2010,1635,2000,129,127,4.561937503068615,4.56150669359951,11.0,10.675074920385445,True,False
21978,897750000000000000,90,2345,2285,1906,2000,253,253,4.63868108781055,4.63868108781055,11.19537220740274,10.896332403909941,True,False
21979,1395205777608196954,140,7156,5685,4835,2000,1007,977,4.54646858004426,4.541030673421988,12.804937672051908,12.239300174364203,True,False
21980,4253174116580232,0,1435,0,0,0,0,0,0.0,0.0,10.486835021563051,0,False,True
21981,3045780526967457947,305,8488,6900,5740,2000,1215,1175,4.593763930367046,4.587292669101973,13.051208940914766,12.486835021563051,True,False
21982,249375000000000000000,24938,2165,2160,1822,0,0,0,0.0,0.0,11.080151309614088,10.831307243802051,False,True
21983,1826511192329928328776,182651,2193,2188,1839,0,0,0,0.0,0.0,11.098690096673593,10.844705764411938,False,True
20152,997500000000000000,100,2167,1828,1586,2000,394,384,4.502214752523333,4.491947312609797,11.081483438093674,10.63117705570398,True,False
20153,235279043218887576,24,1587,1509,1361,2000,292,292,4.465621061828531,4.465621061828532,10.632086412835182,10.410451351503994,True,False
20154,9975000000000000,1,1173,401,400,401,401,400,8.647458426454921,8.642470895282852,10.19598729802851,8.643856189774725,False,False
20155,10792950000000000000,1079,4411,4364,3500,2000,224,224,5.195306216782056,5.195306216782056,12.106890045092218,11.77313920671969,True,False
20156,5978656862447835523,598,6341,5573,4656,2000,795,789,4.647259708181191,4.646231147844759,12.630494661505578,12.184875342908283,True,False
20157,15910223260450210670,1591,7012,6247,5144,2000,792,786,4.600494487255003,4.599392492434751,12.775610280759539,12.328674927327947,True,False
20158,10069705371130003830,1007,6757,5991,4954,2000,798,792,4.695050077863052,4.694085866832667,12.722167139781853,12.274378153246364,True,False
20159,15385801613037073441,1539,2353,2346,1953,2000,83,82,4.520694293659161,4.520172293450737,11.200285605224298,10.93147623388679,True,False
20160,2005025062656641604,201,6739,5680,4820,2000,977,963,4.5527634019992735,4.548965593556829,12.71831881047926,12.234817431117325,True,False
20161,99329041789535681815,9933,10109,8618,6932,2000,1287,1242,6.174175372956047,6.171818691405612,13.303352669926332,12.75905593916017,True,False
20162,2746217250000000000,275,7483,6206,5228,2000,1012,986,4.418295436759301,4.412431931360451,12.869401059778095,12.352043425795433,True,False
20163,2611357418964179205,261,3237,3169,2584,2000,189,188,4.372168087826541,4.370834309900566,11.660441650209172,11.335390354693924,True,False
20164,2301895794217920311,230,6966,5854,4959,2000,976,960,4.964423364081274,4.961546642093438,12.766114757586722,12.27583351001347,True,False
20165,6661284173638158,1,3,1,1,1,1,1,-0.0,-0.0,1.584962500721156,0.0,False,False
20166,1306725000000000000,131,7583,5994,5059,2000,1228,1186,5.125784844745942,5.121821603077158,12.888553007579214,12.30463652380727,True,False
20167,41169378533545553,4,517,449,431,2000,186,185,4.831048133539707,4.828040587752664,9.014020470314934,8.751544059089099,True,False
20168,7105945449084148,1,1340,343,343,343,343,343,8.422064766172811,8.422064766172811,10.388017285345136,8.422064766172813,False,False
20169,184653018691614288,18,5073,3715,3329,2000,1218,1174,4.441674748464118,4.427569883383603,12.30862344513114,11.700873155140263,True,False
20170,231861160620564130,23,3091,2348,2090,2000,721,695,4.528123582341751,4.512265979718813,11.593857938858223,11.029287226968245,True,False
20171,67075077454466543,7,3903,2585,2378,2000,1190,1147,4.546594120795325,4.5298632634415,11.930367747438952,11.215532999745657,True,False
20172,121257563559779316,12,364,358,340,2000,86,85,4.274746606664379,4.2736643401620205,8.507794640198696,8.409390936137703,True,False
20173,1151894466868963518,115,2305,2244,1821,2000,168,167,4.6724368697597995,4.670103002514967,11.1705510353167,10.830515206976838,True,False
20174,2977622451729365317,298,2899,2837,2294,2000,168,167,4.3450308637831245,4.3432184461302965,11.501339618061397,11.163649676015824,True,False
20175,78305246250000000000,7831,1031,923,816,2000,178,178,6.3337808306956065,6.333780830695608,10.00982861736811,9.672425341971495,True,False
20176,46607795976176127,5,2816,1729,1663,2000,959,945,5.137857682971181,5.125238182091251,11.459431618637296,10.699572453287269,True,False
20177,991322546939352855,99,7100,5582,4776,2000,1235,1195,4.436838155374272,4.428491036128175,12.793603309279407,12.221587121264806,True,False
20178,357079892265243366,36,4742,3612,3226,2000,968,951,4.401793503364699,4.395432469556923,12.211279947482009,11.655530723155643,True,False
20179,19461461236438273,2,2789,1164,1123,2000,1015,986,6.486974230409624,6.45271934290746,11.445532219028312,10.133142212400601,True,False
20180,726180000000000000,73,6878,5283,4541,2000,1219,1177,4.583754688142069,4.57491800552122,12.74777340052679,12.148794321424335,True,False
20181,11799653671661716215,1180,4518,4450,3598,2000,198,197,4.724189999969863,4.723483993027462,12.141468555393084,11.812979471251483,True,False
20182,7147453778436770110,715,4025,3957,3180,2000,198,197,4.533968000823458,4.533044639789294,11.974773067889341,11.634811050171718,True,False
20183,28470695182873094,3,2023,1211,1145,2000,769,741,6.343460808236626,6.3078991256287935,10.982280604558284,10.161131882984307,True,False
20184,5920086683613793883,592,1014,1010,896,2000,56,56,4.38920897688895,4.38920897688895,9.985841937003341,9.807354922057604,True,False
20185,13965000000000000,1,2697,1194,1151,1194,1194,1151,10.221587121264806,10.141838979766586,11.397139806235604,10.16867211813223,False,False
20186,136044037500000000000,13604,10100,8639,6964,0,0,0,0.0,0.0,13.302067672526519,12.7657004876511,False,True
20187,20448750000000000,2,1504,860,831,2000,634,616,6.537735603319958,6.506188626037112,10.554588851677638,9.698704666770345,True,False
20188,386223045079410000,39,1860,1502,1324,2000,398,388,4.418077504794133,4.406295797433897,10.861086905995395,10.370687406807217,True,False
20189,980782126332750000,98,5261,4399,3833,2000,884,874,4.514256602449358,4.512233091661156,12.36112133473479,11.904258282800518,True,False
20190,21156975000000000000,2116,4837,4791,3841,2000,224,223,5.232540540336691,5.195291593881336,12.239896822445862,11.907266248531066,True,False
20191,120147045876243666,12,3002,2237,2107,2000,786,780,4.4701853349113705,4.46785050683931,11.55170826162069,11.040974598817305,True,False
20192,1701499773266534559,170,2903,2852,2338,2000,213,213,4.44734338338074,4.4473433833807405,11.503328856626661,11.191059214531656,True,False
20193,42494843906494679317,4249,5199,5144,4139,2000,239,239,5.118954117897214,5.118954117897212,12.344018439881326,12.015066533230291,True,False
20194,4987500000000000000,499,4502,4341,3631,2000,502,500,5.0529626790719355,5.052618992170704,12.136350341454156,11.826151214800207,True,False
20195,756754089743114933,76,6857,5360,4597,2000,1244,1202,4.401215046449486,4.389851219025928,12.743361806865865,12.166476950816804,True,False
20196,64449828947395133,6,1440,1006,936,2000,444,433,4.755521532872979,4.741346436407268,10.491853096329674,9.870364719583405,True,False
20197,3165091851518463,0,838,0,0,0,0,0,0.0,0.0,9.710806433699352,0,False,True
20198,874707750000000000,87,4242,3439,2976,2000,772,743,4.719785675179207,4.707640914774105,12.050528905530555,11.539158811108031,True,False
20199,11970000000000000,1,1341,617,594,617,617,594,9.269126679149418,9.186275114354014,10.389093521904474,9.214319120800766,False,False
20200,89376000000000000,9,2320,1618,1482,2000,682,659,4.859351246387078,4.843497472127561,11.179909090014934,10.533329732305834,True,False
20201,5985000000000000,1,798,142,142,142,142,142,7.149747119504683,7.149747119504683,9.640244936222345,7.149747119504682,False,False
20202,100250626566416040,10,2926,2154,2045,2000,795,787,4.437315848081651,4.433744618667294,11.514714054138487,10.997885127829111,True,False
20203,249375000000000000,25,3527,2752,2510,2000,810,801,4.555866002796799,4.553986901563203,11.784225860426252,11.293471648838134,True,False
20204,1057375788089583214,106,5890,4811,4040,2000,1006,966,4.563505771548169,4.5552423582350725,12.524051918717824,11.980139577639157,True,False
20205,498750000000000000,50,692,684,640,2000,90,89,4.270760586150287,4.269826055204163,9.434628227636725,9.321928094887362,True,False
20206,99750000000000000,10,257,250,238,2000,78,77,4.574827554641743,4.573460507740335,8.005624549193879,7.894817763307944,True,False
20207,2084775000000000000,208,1245,1232,1051,2000,81,80,4.618104772566917,4.6174460244485305,10.281930026955443,10.037546953962178,True,False
20208,2364127969992525453,236,7003,5881,4989,2000,968,952,4.449702383802165,4.445138571457358,12.7737573721398,12.284534954008425,True,False
20209,15911982366669122423,1591,2225,2217,1862,2000,92,90,4.423209388490863,4.422010589257665,11.119589620741122,10.862637357558794,True,False
20210,260691292171471382355,26069,3342,3327,2773,0,0,0,0.0,0.0,11.706496018061188,11.437231901039478,False,True
20211,3604445576685627557,360,3523,3456,2801,2000,193,191,4.518510983470802,4.502132176572254,11.782588759494963,11.451726268074506,True,False
20212,4781153922452903664,478,8970,7425,6171,2000,1230,1188,4.436709054941596,4.427149712031702,13.130892269806624,12.59128857924609,True,False
20213,13093496519492420166,1309,9310,7666,6329,2000,1060,1031,5.269998883218994,5.2675777100587435,13.184565452446156,12.627761852402616,True,False
20214,11190834658387570225,1119,9208,7564,6242,2000,1071,1040,5.200977296264017,5.197397198752144,13.16867211813223,12.607792641919211,True,False
20215,5338417862573956244,534,8511,7093,5901,2000,1068,1037,4.381595120578313,4.3704243984605275,13.055112935995515,12.526743742999686,True,False
20216,201734797498097940,20,5428,3914,3488,2000,1233,1193,4.393723400003788,4.3843260568091615,12.406205005418855,11.768184324776927,True,False
20217,1371800234467796742,137,998,986,861,2000,75,74,4.557317716580266,4.556250542537001,9.96289600533726,9.749869427396844,True,False
20218,4615628723683968114,462,1812,1805,1516,2000,89,88,4.432487009628537,4.431861288195104,10.823367240046235,10.566054038171092,True,False
20219,343558866629243864242,34356,5845,5765,4686,0,0,0,0.0,0.0,12.51298730941902,12.194141238863136,False,True
20220,20000000000000000000,2000,4879,4812,3863,2000,201,199,5.036776420975723,5.034030890665683,12.252369767926027,11.915505962231931,True,False
20221,75691839414461807814,7569,7382,6375,5141,2000,970,930,5.961149138518353,5.958288901579426,12.84979602224561,12.327833296750327,True,False
20222,29625750000000000,3,2131,1278,1201,2000,808,776,6.412137571146927,6.373595013238907,11.057314877782703,10.230020435705635,True,False
20223,21629748715830376315,2163,7194,6429,5283,2000,804,798,5.0792232809345395,5.0785759286283,12.81257844413538,12.367141694552364,True,False
20224,90927525310696740,9,852,784,724,2000,183,182,4.6739765511685265,4.6712474650046065,9.734709620225837,9.499845887083206,True,False
20225,3522288721424551588,352,3403,3336,2677,2000,192,191,4.598750421503091,4.597830674232377,11.73259143596501,11.386401423640777,True,False
20226,997500000000000000,100,6233,5023,4327,2000,1009,986,4.639769965114414,4.63469906372055,12.605710997410885,12.079151405421891,True,False
20227,157649382095846466386,15765,10075,8437,6937,0,0,0,0.0,0.0,13.298492218302693,12.760096169244092,False,True
20228,389322112201086,0,63,0,0,0,0,0,0.0,0.0,5.977279923499917,0,False,True
20229,1578401759211101,0,548,0,0,0,0,0,0.0,0.0,9.098032082960527,0,False,True
20230,301425557777900123845,30143,1786,1781,1545,0,0,0,0.0,0.0,10.802516365121223,10.593391122791736,False,True
20231,5549556925777577305,555,8447,6889,5713,2000,966,937,5.01076142246837,5.007468038066527,13.044223335689608,12.480032814583948,True,False
20232,12165645884245559785,1217,9036,7459,6152,2000,992,963,5.539932125826629,5.538056715294743,13.141468555393084,12.586839787961827,True,False
20233,1385228724275719224,139,6811,5589,4667,2000,1108,1067,4.44889155531252,4.437939972575005,12.733650916838716,12.188279751964144,True,False
20234,104226443228081770073,10423,10219,8692,7031,0,0,0,0.0,0.0,13.31896640501995,12.7795141791435,False,True
20235,22887637500000000000,2289,9751,8248,6663,2000,1253,1210,4.789684918632199,4.785223590291574,13.251334464658857,12.701956178268137,True,False
20236,913180686436322336,91,2251,2184,1796,2000,186,185,4.371171673997772,4.369838044302284,11.136350341454156,10.810571634741146,True,False
20237,720174144226945044,72,2329,2251,1917,2000,295,295,4.542228931189629,4.542228931189631,11.185494924210866,10.904634621668151,True,False
20238,352117500000000000,35,2736,2162,1892,2000,580,562,4.430182289146862,4.416476339984371,11.417852514885897,10.885696373339394,True,False
20239,498750000000000,0,94,0,0,0,0,0,0.0,0.0,6.554588851677638,0,False,True
20240,3281060309302626756,328,2712,2667,2155,2000,136,135,4.381321531537014,4.380617548030636,11.405141463136344,11.07347215397646,True,False
20241,4611528822055137844,461,7610,6481,5458,2000,981,964,5.04710197024341,5.044148575717835,12.893680738390907,12.414156679274141,True,False
20242,7245043105438212136,725,4209,4153,3322,2000,214,213,4.863119464500146,4.8625693269657635,12.039261794341055,11.697836357962377,True,False
20243,7678755000000000000,768,9152,7682,6261,2000,1254,1210,4.835070464599106,4.828490156549481,13.159871336778389,12.612177385880992,True,False
20244,820123487597869244,82,6651,5334,4558,2000,1197,1154,4.396725645747664,4.384830839813672,12.699355555588463,12.154185209265297,True,False
20245,11970000000000000,1,2301,870,850,870,870,850,9.764871590736089,9.714860355098931,11.16804526822409,9.731319031025064,False,False
20246,3730421433029371,0,1305,0,0,0,0,0,0.0,0.0,10.349834091457247,0,False,True
20247,38335429858567939,4,481,414,398,2000,183,182,4.822338086692705,4.819198369267273,8.909893083770042,8.63662462054365,True,False
20248,95431736362626811643,9543,9353,8158,6763,2000,1047,1026,6.019864105462894,6.018471843985326,13.191213472221285,12.723447638422918,True,False
20249,271859214061788733,27,4667,3462,3110,2000,1003,983,4.547492125809388,4.543184839385061,12.188279751964144,11.602698865017965,True,False
20250,356080087935968865,36,1664,1619,1384,2000,199,199,4.445117829455248,4.445117829455247,10.700439718141093,10.434628227636725,True,False
20251,996303044904552381,100,5988,4858,4211,2000,967,951,4.391516802954802,4.385960800786087,12.547858506058416,12.039947160169094,True,False
20252,203915399748267614,20,3779,2822,2524,2000,895,860,4.565139649158305,4.5501199321532475,11.88378880325996,11.30149619498255,True,False
20253,320050479237097106,32,2618,2391,2139,2000,622,619,4.986742692369577,4.984031930645533,11.354249381945241,11.062720767165045,True,False
20254,806152129279513687,81,3361,3132,2712,2000,638,635,4.836716540930699,4.836181481137765,11.714674827308002,11.405141463136344,True,False
20255,3263803069169057,0,116,0,0,0,0,0,0.0,0.0,6.857980995127572,0,False,True
20256,119700000000000000,12,1035,972,871,2000,178,176,4.705210287159417,4.701304772315529,10.015415052386688,9.766528908598865,True,False
20257,511441633036698998,51,727,719,669,2000,85,84,4.382727009284318,4.381952881525914,9.505811553919594,9.38586240064146,True,False
20258,8937750125313283208,894,4249,4189,3351,2000,205,204,4.443944831306912,4.442944376554754,12.052907628313287,11.71037597120447,True,False
20259,858363659663223810,86,2257,2200,1820,2000,203,202,4.474142554466965,4.473107016693371,11.140190703191836,10.829722735086058,True,False
20260,308417025000000000,31,3886,2976,2619,2000,845,811,4.787855599482281,4.764413674884327,11.924070185585345,11.354800344350597,True,False
20261,1046144096022373721,105,916,903,791,2000,70,69,4.343989841849949,4.341864402932555,9.839203788096944,9.627533884472792,True,False
20262,1665416486199418064,167,5442,4502,3792,2000,885,850,4.455124661926988,4.442939744360179,12.409921241249679,11.888743248898258,True,False
20263,68646662142699932,7,3041,2071,1980,2000,953,942,5.325076348598355,5.317727929041954,11.570330101030798,10.951284714966972,True,False
20264,2151965903989044105,215,2089,2061,1686,2000,118,118,4.339857301045219,4.339857301045221,11.028596777067108,10.719388820942083,True,False
20265,29925000000000000,3,401,342,336,2000,192,191,5.199817433613115,5.196147096609445,8.64745842645492,8.39231742277876,True,False
20266,973267123277101433,97,1304,1279,1060,2000,116,115,4.295333485142577,4.294706400422663,10.348728154231077,10.049848549450562,True,False
20267,91879766251143491367,9188,4097,4069,3330,2000,118,118,5.014718060858731,5.0147180608587325,12.0003521774803,11.701306461958625,True,False
20268,2374417806147291616,237,2195,2167,1769,2000,103,103,4.323408865074548,4.323408865074549,11.10000522442272,10.788718332690458,True,False
20269,77863693147724187,8,188,177,174,2000,67,66,4.21981640779602,4.2170979942583315,7.554588851677638,7.442943495848728,True,False
20270,50125313283208020,5,251,232,229,2000,110,109,4.63010817392139,4.629152639152628,7.971543553950772,7.839203788096944,True,False
20271,9061080118264474,1,1564,437,429,437,437,429,8.771489469500601,8.730299538150486,10.611024797307353,8.744833837499545,False,False
20272,636636638736698245,64,4504,3585,3097,2000,851,817,4.436603920416745,4.426982536761656,12.13699111208023,11.596655667674662,True,False
20273,89844787925361329,9,515,372,356,2000,164,161,4.469850259947843,4.462483131373908,9.00842862207058,8.475733430966399,True,False
20274,4987500000000000,0,1570,0,0,0,0,0,0.0,0.0,10.61654884377899,0,False,True
20275,8474320509166584,1,1996,401,393,401,401,393,8.647458426454921,8.605675664604139,10.96289600533726,8.618385502258606,False,False
20276,2044985023503147985,204,7566,6215,5248,2000,1088,1056,4.479283110663475,4.468324770877021,12.885315061049376,12.357552004618084,True,False
20277,3753196604308910838,375,8126,6760,5673,2000,1104,1071,4.588342026608594,4.5822829166605,12.988329649231089,12.469896148670918,True,False
20278,2500935128767040432,250,8240,6744,5667,2000,1187,1146,4.560319987337874,4.552019703504381,13.00842862207058,12.468369487109525,True,False
20279,1886959793496602103,189,7925,6309,5302,2000,1221,1179,4.649298146591368,4.643570081322055,12.952195219914133,12.37232095486726,True,False
20280,1833344639667716378,183,7894,6382,5358,2000,1245,1205,5.04939118362312,5.0462590621950145,12.946540803893104,12.387478865842379,True,False
20281,916036631907136844,92,6669,5372,4578,2000,1180,1136,4.404506260122269,4.394012216520476,12.703254733748146,12.160501747555687,True,False
20282,1294300371351565174,129,6309,5179,4341,2000,1041,1000,4.439607285870367,4.428431226769748,12.623195635452936,12.083811707252881,True,False
20283,1320747392681120127,132,4824,3990,3371,2000,793,762,4.494830829063582,4.485641899238061,12.236014191900084,11.71896091198421,True,False
20284,928698999703685968,93,3413,2809,2420,2000,607,589,4.457321358698652,4.449224789760473,11.736824699098866,11.240791332161956,True,False
20285,1260283215922157333,126,3366,2837,2404,2000,562,543,4.563508867060147,4.556518569043945,11.71681946132995,11.231221180711186,True,False
20286,1983204094202918432,198,2213,1917,1641,2000,360,353,4.487753934941366,4.481180499125774,11.11178773580101,10.680359523513713,True,False
20287,1922643225601818036,192,1099,941,843,2000,186,182,4.404815058226785,4.399325265809562,10.101975670949232,9.719388820942083,True,False
20288,398550429493444985512,39855,2626,2618,2138,0,0,0,0.0,0.0,11.358651200892886,11.06204613772049,False,True
20289,9768689960188912788,977,7542,6645,5589,2000,921,909,4.774512063968173,4.771828342299208,12.880731435141664,12.448374459662794,True,False
20290,69360113548824976951,6936,9673,8241,6799,2000,1039,1010,5.04229878183486,5.039153311132496,13.23974768355692,12.731106854388033,True,False
20291,1828988489026142555,183,7137,5799,4926,2000,1018,992,4.456526460682541,4.451196291994592,12.801102057146291,12.266200912498961,True,False
20292,5622775351819734541,562,3252,3194,2590,2000,150,149,4.387493055840187,4.38316493535728,11.667111542075027,11.338736382573916,True,False
20293,575293009524184207,58,5799,4458,3902,2000,1014,988,4.498731978998112,4.493844583992853,12.501588422932391,11.929998062609027,True,False
20294,323958985878652085,32,5403,3816,3358,2000,1000,971,4.749356134871265,4.731789969244643,12.399544966627433,11.71338651493703,True,False
20295,8266358133030767039,827,8742,7357,6088,2000,1087,1055,5.162968453301315,5.159990608654391,13.093747662785669,12.571752643503546,True,False
20296,8258067072554174574,826,6757,5936,4975,2000,850,840,5.167388159971757,5.1663935026521415,12.722167139781853,12.280480810318373,True,False
20297,441829397137125487,44,1801,1732,1445,2000,198,197,4.532276962510141,4.531353317189945,10.814582465906277,10.496853777388042,True,False
20298,62079412500000000000,6208,7629,6864,5650,2000,814,807,5.446559130316184,5.4456680319601505,12.897278247411263,12.464035152189913,True,False
20299,4485757500000000000,449,8777,7278,5992,2000,1272,1227,5.314207520338028,5.310888331410903,13.099512191995222,12.54882190845875,True,False
20300,6716167500000000000,672,6271,5345,4375,2000,876,840,4.8794425118868086,4.872416252467119,12.61447980424533,12.095067301607054,True,False
20301,3013447500000000000,301,4689,3976,3300,2000,703,678,4.636124667179641,4.624997823353533,12.19506456372082,11.688250309133178,True,False
20302,22514356619903738,2,60,54,53,549,54,53,5.170295570755905,5.164292779726352,5.906890595608519,5.727920454563199,False,False
20303,119700000000000000,12,1084,1016,910,2000,187,186,4.439071507355545,4.436927509896983,10.08214904135387,9.829722735086058,True,False
20304,42194250000000000000,4219,5232,5165,4188,2000,197,196,4.8621036230566235,4.861503548047248,12.353146825498083,12.032045726930809,True,False
20305,29729303664773953844,2973,8478,7291,5869,2000,1118,1076,5.981744635520917,5.979024501151166,13.049508251055096,12.518898992777315,True,False
20306,5391009906482809008,539,8875,7468,6105,2000,1239,1195,4.791578783058593,4.784347793017924,13.115531404166768,12.575775579874765,True,False
20307,100000000000000000,10,1450,1074,985,2000,408,398,5.029544069775717,5.014253549898041,10.501837184902296,9.943979914343739,True,False
20308,106400615838176567,11,1460,1093,1001,2000,404,395,5.2434060077924105,5.226722657775727,10.51175265376738,9.967226258835993,True,False
20309,49537858707645000,5,1181,803,754,2000,407,397,4.872655559907869,4.858172347267974,10.205793249397157,9.558420713268664,True,False
20310,3389800516955749429,339,3485,3417,2740,2000,199,198,4.709204906199117,4.708415588301334,11.766942940755785,11.419960177847889,True,False
20311,5849238538762044731,585,4177,4083,3381,2000,368,367,4.9139571442729535,4.913671429987238,12.028251428162793,11.723234300893377,True,False
20312,479653104595634919,48,6290,4749,4151,2000,1210,1170,4.773607227694588,4.762525967643823,12.618844301766652,12.019243216603607,True,False
20313,7281750000000000000,728,9303,7758,6407,2000,1232,1192,5.159405556172844,5.156429376031786,13.183480311333778,12.64543327516426,True,False
20314,2875491379033935300,288,8365,6783,5658,2000,1217,1176,4.685753818588787,4.671998089514772,13.030149824925715,12.466076461396252,True,False
20315,100713923025532474430,10071,8180,7077,5707,0,0,0,0.0,0.0,12.997885127829111,12.47851684767645,False,True
20316,498750000000000000,50,5618,4396,3813,2000,1111,1069,4.450409941071088,4.437822949635934,12.455840909126398,11.896710815726115,True,False
20317,49836013388426269109,4984,3537,3516,2888,2000,126,125,4.836455849258611,4.836267253601508,11.788310503700918,11.49585502688717,True,False
20318,995326031356831455,100,6845,5204,4491,2000,1043,1014,4.500904451659072,4.49516313243122,12.740834826145262,12.132821006779572,True,False
20319,1394184165366617143,139,2733,2673,2200,2000,208,207,4.54489387407819,4.544034968792018,11.416269744523207,11.103287808412022,True,False
20320,2888271545738731062,289,5826,5037,4249,2000,829,820,4.9222605811758955,4.921097261979488,12.508289986140348,12.052907628313287,True,False
20321,7446337500000000000,745,4242,3677,3005,2000,582,563,5.125397097891859,5.119773661174001,12.050528905530555,11.553149275598548,True,False
20322,1670812500000000000,167,3451,2922,2469,2000,554,537,4.420585572537647,4.411748305606764,11.752798758435516,11.269711121142782,True,False
20323,1995000000000000,0,264,0,0,0,0,0,0.0,0.0,8.044394119358454,0,False,True
20324,41869471922208092274,4187,3416,3397,2803,2000,126,125,4.87924071212108,4.879056183194272,11.73809225962049,11.452756029032495,True,False
20325,12560239920340035000,1256,47,44,44,2000,42,42,5.222000528730179,5.222000528730178,5.554588851677638,5.459431618637297,True,False
20326,290726817042606516,29,4685,3544,3138,2000,1045,1004,4.418802244666501,4.404441828545313,12.19383333254655,11.615629636968098,True,False
20327,3302636539736531015,330,4719,4488,3769,2000,653,650,5.341684172041153,5.341365492648558,12.204265456136843,11.879966079664356,True,False
20328,18490000000000000000,1849,5218,4522,3659,2000,700,677,5.506365833907161,5.5023953056510155,12.349281228817452,11.837233700339088,True,False
20329,14962500000000000,1,136,71,71,71,71,71,6.1497471195046804,6.1497471195046804,7.087462841250339,6.149747119504682,False,False
20330,1942850248647648900,194,1212,1201,1036,2000,83,82,4.473868965847932,4.4733100162931105,10.243173983472952,10.016808287686555,True,False
20331,59850000000000000000,5985,6884,6594,5445,2000,754,750,5.912078692946882,5.911847912620907,12.749031382040204,12.410716333604269,True,False
20332,95236661185116659649,9524,2860,2847,2354,2000,97,97,5.554766023212388,5.554766023212388,11.481799431665753,11.200898605038445,True,False
20333,4406487224959674165,441,2415,2390,1950,2000,139,138,4.63760577460857,4.6373737598286855,11.237807473723135,10.929258408636972,True,False
20334,809425521026001702,81,6898,5295,4544,2000,1222,1178,4.649345551124697,4.64217402914149,12.751962413460854,12.149747119504681,True,False
20335,49567499204715059181,4957,9255,8032,6644,2000,1016,996,5.281552523520983,5.280086671039841,13.176017274757937,12.697836357962377,True,False
20336,533662500000000000,53,1156,962,864,2000,243,239,4.419352772710999,4.4157097854614555,10.174925682500678,9.754887502163468,True,False
20337,498338010857805428,50,6283,4827,4197,2000,1241,1198,4.785284033490883,4.778545935087265,12.617237864746105,12.03514274788591,True,False
20338,66334774851450000,7,197,186,181,2000,69,68,5.003091561301219,4.999738890735357,7.622051819456376,7.499845887083206,True,False
20339,131557098130689202,13,3941,2789,2595,2000,986,969,4.398026819729081,4.393758496550978,11.944346034137833,11.341518823245243,True,False
20340,339864976675614913,34,855,833,703,2000,120,119,4.459757663740556,4.459425882173119,9.73978060977326,9.457380879072534,True,False
20341,291007124567934669,29,949,921,787,2000,109,109,4.310794442077397,4.310794442077396,9.89026427702111,9.620219825507487,True,False
20342,721601183966723988,72,1542,1504,1229,2000,123,123,4.34389064077988,4.34389064077988,10.590587049915035,10.263269200372662,True,False
20343,650975447941995671,65,1724,1665,1365,2000,158,157,4.670537067074717,4.668139822319498,10.751544059089099,10.414685235807214,True,False
20344,847875000000000000,85,2136,2068,1673,2000,191,190,4.590362095614011,4.589453624758703,11.060695931687555,10.708221730038353,True,False
20345,498750000000000000,50,5175,4021,3549,2000,984,967,4.492320557232019,4.488667156808088,12.33734314727405,11.793196859060945,True,False
20346,201495000000000000,20,4165,3098,2765,2000,990,951,4.553868786202279,4.538584720792107,12.02410078025291,11.43306376512207,True,False
20347,350000000000000,0,1,0,0,0,0,0,0.0,0.0,0.0,0,False,True
20348,5937301152897392,1,1055,177,174,177,177,174,7.4676055500829985,7.422407809970004,10.043027283594547,7.442943495848728,False,False
20349,14404262268492715527,1440,9052,7512,6192,2000,988,958,5.173423082912538,5.170275200871382,13.144020869266893,12.59618975614441,True,False
20350,9776497500000000000,978,4417,4363,3504,2000,214,213,4.9114081302741095,4.910904318164616,12.108851117040153,11.774787059601174,True,False
20351,46000000000000000,5,387,264,256,2000,140,139,4.715715222604254,4.711390623265663,8.59618975614441,8.0,True,False
20352,10050907381503846476,1005,9149,7506,6209,2000,1045,1016,4.59245237542026,4.587531859794874,13.159398347853037,12.600145216358667,True,False
20353,13928961512305632718,1393,3537,3086,2517,2000,478,465,5.1248211953867635,5.118944048812811,11.788310503700918,11.29748950116098,True,False
20354,119405808429629998,12,360,353,336,2000,86,85,4.2847222049696425,4.2837756655989265,8.491853096329674,8.39231742277876,True,False
20355,30965691750000000000,3097,10108,8563,6987,2000,1248,1207,5.765582346802828,5.763664071267176,13.303209948944776,12.770457424932022,True,False
20356,317332300813391,0,44,0,0,0,0,0,0.0,0.0,5.459431618637297,0,False,True
20357,7843047263317834,1,256,76,76,76,76,76,6.247927513443587,6.247927513443587,8.0,6.247927513443585,False,False
20358,30929042378317276023,3093,4335,4276,3484,2000,165,164,5.034838788888066,5.033222758865282,12.081816278109198,11.766528908598865,True,False
20359,22196498825334208405,2220,9270,7730,6350,2000,988,959,5.57017900453041,5.5679880469291065,13.178353623512892,12.63254087654689,True,False
20360,75166099559141664232,7517,2314,2065,1739,2000,355,349,6.150691979617351,6.149612533143916,11.17617314910749,10.764042217306587,True,False
20361,3908852652011886111,391,3693,3635,2931,2000,206,204,4.581591821968846,4.5806655668135345,11.850577547205614,11.51717725268954,True,False
20362,4190265795613997495,419,3714,3672,2968,2000,207,207,4.407888480784151,4.407888480784152,11.858758099935422,11.535275376620802,True,False
20363,4350988462025046860,435,3714,3668,2975,2000,221,221,4.819364619678319,4.819364619678319,11.858758099935422,11.538673953082668,True,False
20364,3867380510551911677,387,3620,3560,2906,2000,253,253,4.633162165499402,4.633162165499401,11.821773981970567,11.504818987632841,True,False
20365,4117770219874563757,412,3840,3760,3106,2000,316,316,5.1232905143965395,5.12329051439654,11.906890595608518,11.600842114387302,True,False
20366,3691240454787952075,369,3830,3738,3113,2000,361,360,4.9128393923739955,4.9125536780882815,11.903128676812319,11.604089861469179,True,False
20367,3982258485650404230,398,4108,3989,3317,2000,429,427,4.684824175227962,4.684199116628716,12.004220466318195,11.695663296788021,True,False
20368,3046189897321501311,305,4103,3948,3303,2000,467,465,4.642526662205496,4.641895921955513,12.002463438892535,11.689561254285525,True,False
20369,2848148939428486908,285,4086,3912,3298,2000,505,503,4.64093220596023,4.6403988192882295,11.996473488733228,11.687375683437468,True,False
20370,658364547470552157,66,3093,2879,2520,2000,617,615,4.386169975819523,4.385419694464014,11.594791118089265,11.29920801838728,True,False
20371,1475268237627825380,148,3992,3764,3196,2000,633,630,4.467172084186759,4.466262703929404,11.96289600533726,11.642051692927977,True,False
20372,1359817369964351,0,19,0,0,0,0,0,0.0,0.0,4.247927513443585,0,False,True
20373,4863087059662593,0,456,0,0,0,0,0,0.0,0.0,8.832890014164741,0,False,True
20374,29426250000000000,3,482,316,304,2000,203,199,5.446842993833213,5.4317017576332125,8.912889336229961,8.247927513443585,True,False
20375,6168788918125673,1,1754,256,250,256,256,250,8.0,7.9453125,10.776433032444734,7.965784284662087,False,False
20376,1965075000000000000,197,8033,6490,5480,2000,1208,1168,4.391528303268524,4.381846832364744,12.97172316117676,12.419960177847889,True,False
20377,116018984064869270767,11602,7800,7036,5796,0,0,0,0.0,0.0,12.929258408636972,12.50084187955693,False,True
20378,2871535012861054,0,563,0,0,0,0,0,0.0,0.0,9.13699111208023,0,False,True
20379,79316712611430950,8,2373,1642,1506,2000,712,688,4.51973900873654,4.5066257583092515,11.212496385193948,10.556506054671928,True,False
20380,2044875000000000000,204,4769,4468,3764,2000,724,719,4.8275541323299525,4.826113646161802,12.219471067394357,11.878050912728536,True,False
20381,13965000000000000000,1397,6953,6196,5097,2000,789,782,4.600267948606684,4.597230050997985,12.763419874192088,12.315432637905376,True,False
20382,5985000000000000000,599,6437,5672,4724,2000,797,791,4.7407435247671135,4.739836005340887,12.65217275350971,12.205793249397157,True,False
20383,997500000000000000,100,6608,5172,4451,2000,1022,993,4.547045008956267,4.534928941753028,12.689997971419446,12.119913785452269,True,False
20384,1002506265664160401,100,2490,2423,1949,2000,190,188,4.353141936979378,4.351189912666214,11.281930026955443,10.92851837525789,True,False
20385,4987500000000000000,499,3723,3655,2915,2000,195,193,4.666213589906262,4.665284454359679,11.862249900851513,11.509280168087859,True,False
20386,5985000000000000000,599,1921,1909,1594,2000,89,87,4.614466788709357,4.613259328473036,10.907641803665527,10.638435913990472,True,False
20387,7117033411386162405,712,2724,2699,2207,2000,146,145,4.820528023607191,4.8203343028233485,11.411510988012072,11.107870914279614,True,False
20388,886936455289827,0,297,0,0,0,0,0,0.0,0.0,8.214319120800766,0,False,True
20389,2988656334233208140,299,6711,5787,4908,2000,934,922,4.471654765236021,4.469438331744993,12.712312041780274,12.260919533662905,True,False
20390,1064463364930183904,106,910,898,787,2000,74,73,4.449587491643077,4.448370019615123,9.829722735086058,9.620219825507487,True,False
20391,1372900752920209097,137,998,986,861,2000,73,72,4.399300797592481,4.397977701081286,9.96289600533726,9.749869427396844,True,False
20392,994934881869915706,99,787,775,692,2000,65,65,4.219846973699615,4.219846973699616,9.620219825507487,9.434628227636725,True,False
20393,633188222723719687,63,665,653,588,2000,63,63,4.358654379472757,4.358654379472757,9.377210530388552,9.199672344836364,True,False
20394,7500651497754324485,750,4003,3935,3119,2000,188,186,4.379114215160808,4.377324391586275,11.966865900387539,11.606867837374152,True,False
20395,49875000000000000,5,3073,1874,1790,2000,999,980,5.248175742121097,5.234497999537351,11.585432051592962,10.805743872151618,True,False
20396,137973102750000000000,13797,10375,8777,7106,0,0,0,0.0,0.0,13.340823716009012,12.794821973331223,False,True
20397,77615475000000000000,7762,5518,5473,4393,2000,228,228,5.6503364497068524,5.650336449706852,12.429929741353273,12.100990784092762,True,False
20398,99610350000000000000,9961,8438,7541,6323,2000,931,920,5.351483617923845,5.35060707493392,13.042685372219351,12.626393504173995,True,False
20399,385733250000000000,39,6152,4522,3955,2000,1224,1178,4.557341029143479,4.548202762723461,12.586839787961827,11.949461979360153,True,False
20400,1995000000000000,0,341,0,0,0,0,0,0.0,0.0,8.413627929024173,0,False,True
20401,230000000000000000,23,4888,3420,3052,2000,981,951,4.533434910868305,4.518956334853346,12.25502856981873,11.57553924683453,True,False
20402,104737500000000000,10,3417,2420,2207,2000,916,880,5.5440048523351155,5.516479061655563,11.738514532429267,11.107870914279614,True,False
20403,357083309044316244,36,1002,813,737,2000,229,225,4.363587702962549,4.3582352585067765,9.968666793195208,9.52552080909507,True,False
20404,3393808996370850623,339,8585,7052,5852,2000,1248,1207,5.447590454693393,5.445364016152387,13.067602418889496,12.514714054138487,True,False
20405,343620098254126419,34,1561,1497,1248,2000,177,175,4.3860648568425,4.383463134502998,10.608254821977908,10.285402218862249,True,False
20406,11963998473096864205,1196,4526,4458,3576,2000,202,200,5.07644715885017,5.0350817464849,12.144020869266893,11.804131021183318,True,False
20407,997500000000000,0,532,0,0,0,0,0,0.0,0.0,9.055282435501189,0,False,True
20408,59850000000000000,6,3653,2208,2082,2000,1024,995,5.246441922493577,5.224465674156111,11.834866038362017,11.023754353299417,True,False
20409,16581389188765844,2,2505,1037,1003,2000,977,947,6.52651366891976,6.4903280878143725,11.290594888082572,9.970105890612182,True,False
20410,62957393483709273182,6296,9706,8120,6664,2000,1030,1001,6.00575894093424,6.004493788607359,13.244661144764198,12.702172685365548,True,False
20411,1131831783289861333,113,7575,5955,5036,2000,1223,1177,4.593172765273221,4.58501140060499,12.887030173247675,12.298062567719017,True,False
20412,462840000000000000,46,4100,3228,2816,2000,833,800,4.3924837851941065,4.380628348358035,12.001408194392809,11.459431618637296,True,False
20413,4770745830858933384,477,4526,4347,3636,2000,539,537,5.342386592826382,5.342136592826381,12.144020869266893,11.828136484194108,True,False
20414,47059897123420034914,4706,8334,7195,5790,2000,1072,1030,5.618864575257708,5.61507686894263,13.024793384702548,12.4993476328766,True,False
20415,8529971539436043725,853,2236,2221,1848,2000,90,89,4.566860395315368,4.566196285732543,11.12670447284319,10.851749041416058,True,False
20416,2592321062159233278,259,7725,6165,5179,2000,958,929,4.600983328287587,4.59579523921969,12.9153192176791,12.338457843130849,True,False
20417,2991250773763621718,299,7973,6373,5368,2000,1011,982,4.48340930874087,4.476788699634827,12.960906953765717,12.390168956200183,True,False
20418,1987032753509626737,199,7600,5978,5069,2000,1028,999,4.877698049130358,4.874070687814186,12.89178370321831,12.307485448589476,True,False
20419,3487705600008862855,349,8071,6653,5585,2000,1075,1044,4.829088708516726,4.823189015904034,12.978531719709377,12.447341565370678,True,False
20420,2484620484956223572,248,8279,6647,5546,2000,1232,1186,4.834293912143048,4.827965628297489,13.01524080333268,12.437231901039478,True,False
20421,9591227509913757,1,1074,331,326,331,331,326,8.370687406807216,8.33443363037217,10.068778277985412,8.348728154231077,False,False
20422,283948691955193890,28,1510,1471,1287,2000,207,207,4.359609686593569,4.359609686593569,10.560332834212442,10.329796338220701,True,False
20423,1160602457646355960,116,1004,993,865,2000,76,75,4.307004242536883,4.305621104455067,9.971543553950772,9.756556322524087,True,False
20424,335658750000000000,34,6010,4413,3876,2000,1217,1173,4.593999497872233,4.5782732871414,12.553149275598548,11.92035285541508,True,False
20425,2510570625743250000,251,1163,1158,1035,2000,65,64,4.292158939093208,4.290344908652374,10.183635381473218,10.015415052386688,True,False
20426,340716747705346847,34,1274,1031,923,2000,294,288,4.4495174465169836,4.438929912222864,10.3151495622563,9.850186837645774,True,False
20427,141468908812183421,14,1145,1078,958,2000,189,188,4.4883722387895375,4.485967670109044,10.161131882984307,9.90388184573618,True,False
20428,994198622409281159,99,5626,4544,3876,2000,1005,964,4.459305150980071,4.447062219524986,12.4578938373147,11.92035285541508,True,False
20429,10000000000000000,1,168,101,101,101,101,101,6.658211482751794,6.658211482751794,7.392317422778761,6.658211482751795,False,False
20430,1380000000000000000,138,7127,5695,4852,2000,1035,1006,4.829652596636408,4.825579104921577,12.799079209029006,12.24436383512051,True,False
20431,4987500000000000,0,1543,0,0,0,0,0,0.0,0.0,10.591522346570734,0,False,True
20432,14962500000000000,1,2800,1205,1164,1205,1205,1164,10.234817431117321,10.15555620704734,11.451211111832329,10.184875342908283,False,False
20433,11870250000000000000,1187,9595,7958,6476,2000,1236,1187,5.049144855340125,5.043367597785961,13.228067091082742,12.660887270302567,True,False
20434,112817250000000000000,11282,10277,8743,7075,0,0,0,0.0,0.0,13.327131562682846,12.788514432606608,False,True
20435,121628111574727024,12,1132,873,800,2000,321,315,4.960227180935297,4.949655938569091,10.144658242831882,9.643856189774725,True,False
20436,118507615132061799,12,801,611,569,2000,228,224,4.873200317335278,4.863673987618421,9.64565843240871,9.152284842306582,True,False
20437,9807951018862786818,981,4267,4201,3383,2000,202,201,4.629508834137605,4.628775378561675,12.059006395201111,11.724087461793989,True,False
20438,498640982289905749,50,3999,3159,2754,2000,792,761,4.444512627524439,4.431783197648702,11.965423565810129,11.427312844134963,True,False
20439,9974953599801657574,997,5629,4843,3960,2000,773,744,5.311098054931266,5.306030493858497,12.458662932867817,11.951284714966972,True,False
20440,34912295992354347986,3491,5651,4916,3970,2000,731,704,5.201870333382707,5.1963602252482435,12.464290473850767,11.95492329203032,True,False
20441,79800000000000000000,7980,5576,4863,3922,2000,748,723,6.224712632049953,6.222431437460827,12.445014845868423,11.93737382019215,True,False
20442,59850000000000000000,5985,5447,4746,3830,2000,722,698,5.911145250782386,5.908258689568191,12.411246151840444,11.903128676812319,True,False
20443,65834338839440663309,6583,5271,4607,3722,2000,680,659,5.621829390227772,5.618295926931873,12.363860976729532,11.861862340059151,True,False
20444,2241382500000000000,224,7598,6138,5164,2000,1017,987,4.685153113127627,4.6803239310443345,12.891403996665023,12.33427328530719,True,False
20445,94567016927522165,9,875,807,743,2000,185,184,4.764297199430528,4.761227360597067,9.77313920671969,9.537218400538595,True,False
20446,1935565692831330000,194,230,202,194,2000,51,51,4.347866295084973,4.347866295084972,7.845490050944375,7.599912842187128,True,False
20447,95760000000000000,10,3845,2463,2303,2000,1010,984,4.7148656399393865,4.703124538410782,11.908767882849189,11.169298695792845,True,False
20448,16112599818423455704,1611,1042,1039,898,2000,67,67,4.877478895104126,4.877478895104127,10.025139562278508,9.810571634741146,True,False
20449,23548731963332061,2,69,57,56,491,57,56,5.1274272118343855,5.120760509163112,6.108524456778169,5.807354922057604,False,False
20450,32241583042500607,3,91,79,79,2000,60,60,4.972260709392736,4.972260709392736,6.507794640198696,6.303780748177103,True,False
20451,95904094735304469,10,862,806,742,2000,194,193,4.355148602176075,4.353772914332153,9.751544059089099,9.535275376620802,True,False
20452,9913370310305175000,991,2490,2474,2058,2000,112,111,4.775281068437892,4.774916808438537,11.281930026955443,11.007027266893969,True,False
20453,4986911614025173249,499,2299,2280,1862,2000,127,126,5.121893100694616,5.121749588318081,11.16679075071818,10.862637357558794,True,False
20454,9953949859072717139,995,2751,2730,2244,2000,130,129,4.920205984200131,4.92003296912935,11.42574042431621,11.131856960608793,True,False
20455,21476189107132016047,2148,3297,3272,2690,2000,150,149,5.320172909390631,5.320057021768049,11.686938171670388,11.393390457443987,True,False
20456,52011208327149991,5,3712,2096,1951,2000,1057,1027,5.64295302854671,5.619839452063277,11.857980995127573,10.929998062609027,True,False
20457,1035475683391365,0,2,0,0,0,0,0,0.0,0.0,1.0,0,False,True
20458,7918168871226029,1,1309,314,308,314,314,308,8.294620748891628,8.250034761630483,10.354249381945241,8.266786540694902,False,False
20459,2004975000000000000,200,3027,2961,2424,2000,194,193,4.391402504379974,4.389568406839333,11.563672959827514,11.243173983472952,True,False
20460,10208154210514488,1,197,138,137,138,138,137,7.108524456778168,7.09403170315498,7.622051819456376,7.098032082960526,False,False
20461,23518339402515757,2,2009,1172,1148,2000,848,838,6.575080641133881,6.5624364153482295,10.972261848733291,10.164906926675688,True,False
20462,7322204058072329,1,1348,351,351,351,351,351,8.455327220304563,8.455327220304563,10.396604781181859,8.45532722030456,False,False
20463,30713568355651037,3,3119,1664,1594,2000,1014,985,5.918893170860542,5.892456440509935,11.606867837374152,10.638435913990472,True,False
20464,11198750484121711,1,56,23,23,23,23,23,4.523561956057012,4.523561956057012,5.807354922057604,4.523561956057013,False,False
20465,11471250000000000,1,728,352,344,352,352,344,8.459431618637298,8.408295255000933,9.507794640198696,8.426264754702098,False,False
20466,418981405101745262,42,1463,1205,1065,2000,321,314,4.450913434816614,4.442306113754887,10.514714054138487,10.056637715113201,True,False
20467,5000000000000000,1,183,18,18,18,18,18,4.169925001442312,4.169925001442312,7.515699838284043,4.169925001442312,False,False
20468,116208750000000000,12,510,386,367,2000,144,142,4.76517255827725,4.756894198427295,8.994353436858859,8.519636252843213,True,False
20469,93233082706766917,9,332,247,239,2000,110,110,4.38375441082936,4.383754410829359,8.375039431346925,7.900866807980749,True,False
20470,51184539893796025,5,147,110,108,2000,71,71,4.55876521336324,4.55876521336324,7.199672344836364,6.754887502163468,True,False
20471,1930162500000000000,193,1757,1731,1429,2000,124,123,4.500834892134753,4.500445552471819,10.778898476008376,10.480790201095816,True,False
20472,85213032581453634,9,2562,1772,1624,2000,756,728,4.9306733843900155,4.912432130847678,11.323054760341646,10.665335917185176,True,False
20473,48662679549511125404,4866,9384,8055,6661,2000,1038,1011,5.709279875725308,5.7075569119940655,13.19598729802851,12.701523066574435,True,False
20474,399000000000000000,40,427,423,416,2000,67,66,4.248153837276576,4.186097144080362,8.73809225962049,8.700439718141093,True,False
20475,997500000000000000,100,4407,3596,3097,2000,778,748,4.509252873544178,4.496650254468726,12.105581181277437,11.596655667674662,True,False
20476,2005012531328320802,201,4604,3866,3241,2000,722,695,4.394928070824717,4.384518653523189,12.16867211813223,11.662223305317841,True,False
20477,1002506265664160401,100,3002,2510,2131,2000,512,495,4.499164502178788,4.48598914912042,11.55170826162069,11.057314877782703,True,False
20478,1907692131095080717,191,2901,2838,2335,2000,200,199,4.5342513802750215,4.533405063675675,11.502334580197997,11.189206834597025,True,False
20479,1837023033975565838,184,6649,5496,4583,2000,1052,1011,4.4723332845464885,4.457855535414534,12.698921662339812,12.162076570374312,True,False
20480,2446409890623411,0,776,0,0,0,0,0,0.0,0.0,9.599912842187127,0,False,True
20481,33708437657620415583,3371,10160,8613,7034,2000,1236,1194,5.381788447000565,5.378945935452888,13.310612781659529,12.780129619625306,True,False
20482,16437503344877050,2,1916,985,971,2000,930,919,6.56377144367196,6.552557755428889,10.90388184573618,9.923327485419192,True,False
20483,3754516039914514663,375,6995,5883,4840,2000,1027,986,4.544659778154064,4.534230289875431,12.772108342052116,12.240791332161956,True,False
20484,2992370044119885213,299,4462,3782,3144,2000,670,647,4.606873430823886,4.59644389584002,12.12347479824414,11.618385502258606,True,False
20485,29912534080604741015,2991,8713,7494,6030,2000,1149,1106,6.1853355383850905,6.182828645235373,13.088953827817909,12.557942286787448,True,False
20486,28398825000000000000,2840,6309,6043,4994,2000,741,735,6.491917310057261,6.479579765450328,12.623195635452936,12.285980105928212,True,False
20487,93765000000000000,9,3940,2494,2326,2000,1023,994,5.092784455608017,5.073897288746271,11.943979914343739,11.183635381473218,True,False
20488,198261406163733408659,19826,5449,5381,4348,0,0,0,0.0,0.0,12.411775775576528,12.086136225027309,False,True
20489,5937304620769508900,594,6431,5666,4719,2000,795,789,4.669285144422047,4.668044652604725,12.650827374138768,12.204265456136843,True,False
20490,16492077185000509,2,696,397,389,2000,357,351,6.488977762818814,6.471501858703633,9.442943495848729,8.603626344986193,True,False
20491,14526788636465236,1,1436,700,674,700,700,674,9.451211111832329,9.3678332147229,10.487840033823051,9.396604781181859,False,False
20492,46802700000000000000,4680,5400,5341,4323,2000,219,218,5.158388841171139,5.157978531200607,12.398743691938193,12.077817120895904,True,False
20493,51870000000000000,5,3207,2031,1941,2000,1000,981,4.74845241360896,4.737978600957402,11.647008638441648,10.922584402713664,True,False
20494,1265370935174185896,127,957,945,832,2000,73,73,4.637535599719616,4.637535599719616,9.902375114486025,9.700439718141093,True,False
20495,1543713607254322334,154,3760,3567,3030,2000,581,579,5.085778044364406,5.085480100507607,11.876516946565,11.565102078360313,True,False
20496,643956765603688658,64,6767,5156,4447,2000,1222,1176,4.6028935240390245,4.596005336580272,12.724300673209568,12.118616689351509,True,False
20497,179276379982321824,18,5268,3734,3339,2000,1230,1189,4.399891958957587,4.388759925283875,12.363039630256514,11.705200378063116,True,False
20498,991174729336395713,99,7100,5573,4773,2000,1234,1192,4.738239300643051,4.732115054691618,12.793603309279407,12.220680621052203,True,False
20499,6619931496448397968,662,4367,4266,3509,2000,389,387,4.872005634477918,4.870340773305125,12.092426815780255,11.776844232402167,True,False
20500,387564476066958015,39,3508,2748,2411,2000,736,709,4.426579623216891,4.411187181143855,11.776433032444734,11.235415935602527,True,False
20501,19351500000000000000,1935,4896,4847,3879,2000,210,210,5.117348576083378,5.117348576083376,12.257387842692651,11.921469060531411,True,False
20502,1992818087660384,0,1013,0,0,0,0,0,0.0,0.0,9.984418458801137,0,False,True
20503,1601848300967374913,160,7358,5774,4892,2000,1000,971,4.873914754783176,4.870401521657849,12.845097960972975,12.256208688527387,True,False
20504,22175685835293440,2,3168,1668,1600,2000,1239,1197,6.580954515667949,6.541472656880566,11.62935662007961,10.643856189774725,True,False
20505,223545907193813306,22,1414,1359,1215,2000,218,218,4.398020602581864,4.398020602581864,10.4655664048094,10.246740598493144,True,False
20506,75803617809346007440,7580,5636,5581,4480,2000,228,226,5.503437673119226,5.501854843497289,12.460455896309636,12.129283016944967,True,False
20507,3989209281616335000,399,1853,1623,1397,2000,291,285,4.6422970193444035,4.637657033926258,10.855647166027266,10.448116305409464,True,False
20508,19067055471649306,2,2964,1430,1374,2000,1230,1189,6.575550614654848,6.536899774921316,11.533329732305834,10.4241662888181,True,False
20509,301085268595091,0,107,0,0,0,0,0,0.0,0.0,6.741466986401147,0,False,True
20510,58553250000000000000,5855,6835,5910,4774,2000,910,874,6.288503275370749,6.286310111870939,12.738725622493423,12.220982851081777,True,False
20511,498750000000000000,50,5590,4197,3685,2000,1013,987,4.498436720100472,4.49191801980215,12.448632567730552,11.847448903982432,True,False
20512,357931998274528834,36,1136,922,828,2000,261,257,4.367681198738447,4.363106829501079,10.149747119504681,9.693486957499326,True,False
20513,1415815200742772717,142,7044,5648,4803,2000,1014,987,4.543676506023482,4.535993214348814,12.782179193831208,12.229720093237413,True,False
20514,57384933499283883745,5738,5393,5322,4296,2000,196,195,4.442666890043405,4.441575137325397,12.39687231851056,12.068778277985412,True,False
20515,43625860170307606,4,482,418,404,2000,173,171,4.698128656649156,4.6942236306668095,8.912889336229961,8.658211482751796,True,False
20516,3314996644396351,0,47,0,0,0,0,0,0.0,0.0,5.554588851677638,0,False,True
20517,1503951946875000000,150,2787,2721,2227,2000,204,203,4.725180910740611,4.724533718671655,11.44449728710381,11.12088584278779,True,False
20518,748218789340606,0,449,0,0,0,0,0,0.0,0.0,8.810571634741146,0,False,True
20519,815045284554863,0,505,0,0,0,0,0,0.0,0.0,8.980139577639157,0,False,True
20520,1295746494172389525,130,3514,2947,2493,2000,574,556,4.398855165907017,4.3895212687447955,11.778898476008376,11.283667167491501,True,False
20521,5707631728814700,1,1123,239,239,239,239,239,7.900866807980751,7.900866807980751,10.133142212400601,7.900866807980749,False,False
20522,11165806522500000000,1117,4654,4596,3680,2000,208,206,4.724983134734597,4.721676313374674,12.184255495405349,11.845490050944376,True,False
20523,76338903659779679192,7634,9929,8332,6837,2000,1106,1075,5.809027762683017,5.807179825655755,13.277432708590055,12.739147709986453,True,False
20524,4980604142306477,0,1406,0,0,0,0,0,0.0,0.0,10.457380879072534,0,False,True
20525,18451742679052470607,1845,9240,7900,6504,2000,1092,1060,5.1244506089736515,5.121704359502164,13.17367713630342,12.667111542075027,True,False
20526,22168726467193964932,2217,7524,6687,5569,2000,860,850,4.6036781240701,4.601841402802405,12.877284133523196,12.443202577297011,True,False
20527,44887500000000000,4,3094,1937,1793,2000,1057,1017,5.256857601676456,5.228808446798576,11.595257481449035,10.808159772868375,True,False
20528,14463750000000000,1,2159,1018,979,1018,1018,979,9.991521846075694,9.908649028809878,11.076147528022505,9.935165049603695,False,False
20529,110789053662840000,11,1960,1456,1323,2000,528,512,5.250816081679339,5.227657139444307,10.936637939002571,10.369597346278677,True,False
20530,178603903019811006,18,1791,1362,1226,2000,448,436,4.582046726501799,4.5723998282211245,10.806549621985962,10.259743263690781,True,False
20531,591547389379541374,59,2065,1709,1491,2000,403,392,4.4749255631064155,4.461665134532163,11.011926066306808,10.542064542283443,True,False
20532,38554780753095805592,3855,5649,5526,4541,2000,460,458,5.5962839377674,5.5960339127649,12.463779785335385,12.148794321424335,True,False
20533,77306250000000000,8,3624,2422,2212,2000,1084,1044,4.564060926269625,4.547085067748437,11.823367240046235,11.111135670234708,True,False
20534,2160625690966882211,216,2080,2052,1678,2000,119,119,4.590695092880391,4.59069509288039,11.022367813028454,10.712527000439824,True,False
20535,200501253132832080,20,5252,3752,3342,2000,1182,1141,4.3895997096901676,4.378398113179975,12.358651200892886,11.706496018061188,True,False
20536,409691218069025,0,193,0,0,0,0,0,0.0,0.0,7.592457037268081,0,False,True
20537,3600975000000000000,360,3502,3439,2796,2000,208,207,4.863953296025578,4.863403130976063,11.773963368433558,11.449148645375436,True,False
20538,334497139459605785,33,3730,2962,2663,2000,790,784,4.388491756892357,4.386563334831589,11.8649599151426,11.378836713210614,True,False
20539,6016107659006895159,602,3297,3239,2621,2000,152,151,4.446404506394098,4.442889365475395,11.686938171670388,11.355901638328417,True,False
20540,883920091767884066,88,1357,1331,1097,2000,123,122,4.338018229527975,4.337273136101796,10.406205005418855,10.099347810403193,True,False
20541,18989340162039685,2,265,220,219,2000,188,188,6.4177943028309805,6.4177943028309805,8.049848549450562,7.774787059601174,True,False
20542,9938433446839292,1,1037,333,327,333,333,327,8.379378367071261,8.3410754015993,10.018200178813226,8.353146825498083,False,False
20543,106533000000000000000,10653,9815,8233,6749,0,0,0,0.0,0.0,13.260772552353533,12.720458038393296,False,True
20544,997500000000000000,100,2416,2373,1952,2000,202,202,4.3982529228308,4.3982529228308,11.238404739325079,10.930737337562887,True,False
20545,1629182504609521,0,872,0,0,0,0,0,0.0,0.0,9.768184324776927,0,False,True
20546,4492269523382128,0,1196,0,0,0,0,0,0.0,0.0,10.224001674198105,0,False,True
20547,1082502762275053166,108,7408,5817,4928,2000,1212,1171,4.550631509078093,4.535436025096109,12.854868383260236,12.266786540694902,True,False
20548,6152580000000000000,615,5147,4419,3611,2000,721,695,4.735155427650141,4.726433890276658,12.329516067206534,11.81818270494864,True,False
20549,6352850808109918176,635,4115,4060,3255,2000,202,201,4.352650808764054,4.351274948851608,12.006676715308988,11.668441828052998,True,False
20550,16957500000000000,2,2304,1163,1114,2000,1039,1000,6.4996711102656,6.457978423105511,11.169925001442312,10.121533517340032,True,False
20551,16449135386775000,2,205,107,107,2000,98,98,6.257632308861357,6.257632308861358,7.679480099505446,6.741466986401147,True,False
20552,14378767264715164,1,163,81,81,81,81,81,6.339850002884626,6.339850002884626,7.348728154231077,6.339850002884624,False,False
20553,3604830924895497,0,154,0,0,0,0,0,0.0,0.0,7.266786540694901,0,False,True
20554,1918356473523221868,192,2033,2005,1647,2000,104,104,4.355550366468341,4.355550366468341,10.989394499844732,10.685624839726355,True,False
20555,199500000000000000,20,3097,2316,2080,2000,750,723,4.53313230543665,4.51886959032923,11.596655667674662,11.022367813028454,True,False
20556,3000653654238081642,300,8501,6871,5717,2000,1230,1184,4.878892169774725,4.872873907174068,13.0534168447575,12.481042574933754,True,False
20557,2992500000000000,0,909,0,0,0,0,0,0.0,0.0,9.828136484194108,0,False,True
20558,178522575000000000000,17852,5952,5853,4804,0,0,0,0.0,0.0,12.539158811108031,12.230020435705635,False,True
20559,1175344710012157441,118,6961,5451,4654,2000,977,948,4.831851401423027,4.828006023934487,12.765078859616684,12.184255495405349,True,False
20560,83001331352457595,8,3867,2409,2254,2000,1007,978,4.741454247137343,4.724817756761503,11.916999049082808,11.138271800172221,True,False
20561,852832525117020000,85,2672,2198,1897,2000,479,466,4.643018775930497,4.633108563591733,11.383704292474052,10.889503963411476,True,False
20562,347130000000000000000,34713,1835,1645,1403,0,0,0,0.0,0.0,10.841564347730575,10.454299293619899,False,True
20563,265759229569239809037,26576,1777,1593,1364,0,0,0,0.0,0.0,10.795227966028678,10.413627929024173,False,True
20564,498253470459208420,50,5445,4168,3655,2000,1009,983,4.388037895921211,4.381522093466987,12.410716333604269,11.8356556908398,True,False
20565,10980121285360491710,1098,8670,7383,6132,2000,1023,997,4.732583394354828,4.729134618444057,13.081816278109198,12.582141981658777,True,False
20566,42397259645715913377,4240,9914,8411,6774,2000,1300,1253,6.1504778254752335,6.148602744815879,13.275251543470327,12.725792271494157,True,False
20567,161685719068333520078,16169,2585,2577,2117,0,0,0,0.0,0.0,11.335948565202298,11.047805554007589,False,True
20568,6851012311725036902,685,3635,3572,2877,2000,183,181,4.632054888101504,4.631003342578616,11.827739648806956,11.490349505739287,True,False
20569,278801250000000000,28,3421,2780,2512,2000,772,766,4.553112256043669,4.551020684867211,11.7402023887679,11.294620748891626,True,False
20570,40815776172296257532,4082,1846,1842,1608,2000,79,77,4.8068736676927735,4.805672150575355,10.850186837645774,10.651051691178928,True,False
20571,33081575573025000000,3308,6988,6036,4878,2000,902,865,4.697056035074221,4.688545582952951,12.77066389291676,12.252074042796185,True,False
20572,1236856110000000000,124,2751,2693,2223,2000,204,203,4.445335122138126,4.4444259072451855,11.42574042431621,11.11829223302699,True,False
20573,62753430696810577038,6275,9680,8344,6839,2000,1104,1072,5.654696865634233,5.652996916973899,13.240791332161956,12.73956967402599,True,False
20574,5636655171325899384,564,2342,2324,1919,2000,106,105,4.3433091997085125,4.34260803716267,11.193525360501216,10.90613899619538,True,False
20575,24951465000000000000,2495,5149,5091,4084,2000,215,213,5.03653162679151,5.034146909646174,12.330076554797458,11.995767150877802,True,False
20576,1002506265664160401,100,6001,5005,4313,2000,984,973,4.785115942741687,4.783869977381347,12.55098721452152,12.074476000734501,True,False
20577,854482361659298200,85,6473,5107,4412,2000,1102,1069,4.381465447441014,4.372442514750224,12.660218788535618,12.107217075591382,True,False
20578,249375000000000000,25,1421,1355,1199,2000,195,194,4.418979194004381,4.417115892573028,10.47269083924278,10.227615943414223,True,False
20579,244283820716466561,24,1415,1349,1193,2000,198,197,4.433160214964771,4.431698615177368,10.466586337719244,10.220378327695228,True,False
20580,4987500000000000,0,955,0,0,0,0,0,0.0,0.0,9.899356922923111,0,False,True
20581,3353646020256163086,335,8610,7012,5815,2000,1223,1180,4.6960486202126,4.690833668608106,13.071797522284207,12.50556347636058,True,False
20582,3607308848997207165,361,3757,3677,3039,2000,326,326,5.272330885915021,5.272330885915019,11.87536540064177,11.569380959522295,True,False
20583,143018547749657710,14,4707,3066,2770,2000,1043,1014,4.374475795791551,4.36586327860015,12.200592137689254,11.43567026093655,True,False
20584,47357176444327567,5,1583,1062,988,2000,544,527,4.942275767046597,4.923336154683126,10.62844554013718,9.948367231584678,True,False
20585,1302212696835166509,130,1658,1633,1338,2000,136,135,4.739384809616952,4.739178307667556,10.69522829149575,10.38586240064146,True,False
20586,18271133829101384,2,832,464,451,2000,400,391,6.487894460480378,6.462875696407323,9.700439718141093,8.81698362325538,True,False
20587,50186169958676,0,10,0,0,0,0,0,0.0,0.0,3.321928094887362,0,False,True
20588,820499550438734,0,68,0,0,0,0,0,0.0,0.0,6.087462841250339,0,False,True
20589,498062580054542484,50,5347,4121,3619,2000,988,968,4.423951393011053,4.416614801342943,12.384513961398618,11.82137539237254,True,False
20590,26053602687698174,3,2636,1520,1439,2000,1023,985,6.493233073510023,6.452050809521724,11.364134655008051,10.490850876740298,True,False
20591,6480430940015921300,648,2543,2520,2057,2000,120,119,4.543419829846916,4.543150033375875,11.312315746690107,11.006326078524934,True,False
20592,4100000000000000000,410,8771,7151,5910,2000,1218,1175,4.435717346739407,4.426100902308903,13.098525621379464,12.528942415064895,True,False
20593,4057722690928670265,406,1537,1530,1337,2000,71,70,4.453461015634494,4.452473520124419,10.585901449690772,10.384783750093353,True,False
20594,1000003132832080,0,119,0,0,0,0,0,0.0,0.0,6.894817763307944,0,False,True
20595,839625185516988986,84,6010,4806,4178,2000,1005,984,4.707421091322198,4.701881196249291,12.553149275598548,12.028596777067108,True,False
20596,2379037500000000000,238,8298,6755,5667,2000,1213,1173,4.533875903929699,4.527081419875238,13.01854794187165,12.468369487109525,True,False
20597,23424582900353975676,2342,9846,8250,6677,2000,1214,1170,4.398327836941204,4.386211914873863,13.26532202423487,12.70498432489298,True,False
20598,27340046089786738,3,2534,1483,1402,2000,978,939,6.54280659790812,6.501231222154197,11.30720080914081,10.453270634010623,True,False
20599,31077694235588972,3,2620,1584,1487,2000,967,928,6.551962299861517,6.510270941871942,11.355351096424812,10.53818893205242,True,False
20600,2493750000000000,0,127,0,0,0,0,0,0.0,0.0,6.9886846867721655,0,False,True
20601,501253132832080,0,222,0,0,0,0,0,0.0,0.0,7.794415866350106,0,False,True
20602,31322497500000000000,3132,5100,5033,4044,2000,203,201,4.951075601907146,4.950213534876015,12.31628153174622,11.981567281903015,True,False
20603,6084471645126170008,608,3920,3853,3074,2000,190,189,4.442914029659412,4.441778358456945,11.936637939002571,11.585901449690772,True,False
20604,5040476167492688,1,1777,169,165,169,169,165,7.4008794362821835,7.3417078386490475,10.795227966028678,7.366322214245816,False,False
20605,35598108102117837088,3560,9750,8107,6659,2000,1074,1042,5.4435298662505645,5.4403682831843145,13.251186503524336,12.701089824817158,True,False
20606,24367758214520565769,2437,7635,6782,5653,2000,903,893,5.851652133520673,5.851137411125435,12.898412441684213,12.464800981655417,True,False
20607,219314028977740154971,21931,4812,4754,3866,0,0,0,0.0,0.0,12.232420927176076,11.916625922211235,False,True
20608,8444933777560512029,844,8818,7525,6099,2000,1194,1149,5.127875414456151,5.122354121919164,13.106235761615748,12.574357000565888,True,False
20609,9588967522500000000,959,8809,7520,6094,2000,1187,1142,5.006402486099832,5.000392325764842,13.10476253798197,12.573173784686485,True,False
20610,3029635740000000000,303,8019,6736,5545,2000,1174,1131,4.554539392514789,4.547322165785597,12.969206622964235,12.436971745049073,True,False
20611,4668016400000000000,467,8080,6831,5592,2000,1148,1105,4.758906863945033,4.748845487437476,12.980139577639157,12.449148645375436,True,False
20612,137594442484732072838,13759,9936,8571,7033,0,0,0,0.0,0.0,13.278449458220482,12.779924501967907,False,True
20613,1192622074596301729,119,1624,1599,1307,2000,131,130,4.4484589322313175,4.448149407939004,10.665335917185176,10.352043425795433,True,False
20614,425325093287148947,43,303,300,296,2000,47,47,4.300634167371653,4.300634167371654,8.243173983472952,8.20945336562895,True,False
20615,5662798201569950664,566,3601,3537,2844,2000,185,183,4.677381633663157,4.676401512627249,11.81418188419028,11.473705749619416,True,False
20616,485407344927457050,49,544,539,519,2000,67,66,4.388109388843531,4.386009685064619,9.087462841250339,9.019590728357882,True,False
20617,981953261595364963,98,858,849,753,2000,76,75,4.253403810201936,4.25248417919055,9.744833837499545,9.556506054671928,True,False
20618,12125376399886016521,1213,6887,6090,5080,2000,830,821,4.7422806882189334,4.740877426183444,12.74965996169181,12.310612781659529,True,False
20619,189324061076712148164,18932,10151,8688,7002,0,0,0,0.0,0.0,13.309334237400968,12.773551346428505,False,True
20620,1843718082240225085,184,2979,2931,2387,2000,207,207,4.956884851306992,4.956884851306993,11.54061240824953,11.220982851081777,True,False
20621,19412656606369367791,1941,4819,4780,3813,2000,220,220,4.909575751974143,4.909575751974144,12.234518085739989,11.896710815726115,True,False
20622,3032400000000000000,303,7883,6446,5424,2000,1031,1002,4.4999820442348994,4.494437471769444,12.94452905919877,12.405141463136344,True,False
20623,1017067044098756693,102,681,676,644,2000,70,70,4.77187586589204,4.771875865892039,9.411510988012072,9.330916878114618,True,False
20624,60415192919272800,6,3837,2208,2048,2000,1041,1012,4.418249197337178,4.406762250737977,11.905763049602793,11.0,True,False
20625,991915479308141323,99,2330,2263,1820,2000,184,183,4.352723637325073,4.351008248861059,11.186114239541643,10.829722735086058,True,False
20626,194113500000000000000,19411,2819,2808,2274,0,0,0,0.0,0.0,11.460967762570421,11.151016538892248,False,True
20627,37838570552459621,4,141,126,124,2000,79,78,4.5457645196526695,4.543208997831173,7.139551352398794,6.954196310386875,True,False
20628,33869565531781961200,3387,9087,7904,6550,2000,1026,1006,5.411096526950125,5.409026470645158,13.149588363516528,12.677279191312175,True,False
20629,44135158885702503,4,1644,1077,1004,2000,566,549,5.272436019172087,5.250550058827761,10.682994583681683,9.971543553950772,True,False
20630,984302690056516925,98,3463,3236,2792,2000,628,625,4.394316561277783,4.392887683661151,11.757806672197228,11.447083226209653,True,False
20631,9835350000000000000,984,4324,4257,3434,2000,199,198,4.59576838763927,4.594966842843844,12.07815080773465,11.745674324002135,True,False
20632,1044015505654647972,104,6967,5381,4601,2000,980,949,4.552082881521224,4.5447216089621385,12.76632184795396,12.167731741103244,True,False
20633,1657346664570905175,166,1364,1349,1161,2000,95,94,4.3883825133946415,4.3876091693488615,10.413627929024173,10.181152256865566,True,False
20634,11612292966362621,1,1580,743,737,743,743,737,9.537218400538595,9.521067660296335,10.625708843064466,9.52552080909507,False,False
20635,4144841750316657915,414,2598,2570,2089,2000,116,116,4.883579221942823,4.883579221942821,11.34318571544788,11.028596777067108,True,False
20636,1482475226000548355,148,1969,1939,1581,2000,115,113,4.553405636153146,4.552841975912413,10.943247395901553,10.62662165235837,True,False
20637,5087250000000000000,509,3886,3847,3084,2000,215,215,4.6788846524022185,4.678884652402219,11.924070185585345,11.590587049915035,True,False
20638,10977506265664160401,1098,5508,5293,4400,2000,624,622,4.741031532696586,4.740678581139187,12.427312844134963,12.103287808412022,True,False
20639,9975000000000000000,998,5389,5167,4297,2000,639,636,5.276442140168827,5.275572720464119,12.395801871389747,12.069114061773938,True,False
20640,19950000000000000000,1995,6313,6029,4977,2000,728,724,5.163035345183214,5.162590884277253,12.624110035762989,12.28106067167702,True,False
20641,19950000000000000000,1995,7143,6378,5245,2000,802,796,4.929496990173893,4.92873386312175,12.80231440599149,12.35672705746463,True,False
20642,62107073214080244245,6211,7823,6987,5836,2000,889,877,5.80368572944581,5.8024573717512515,12.933506249629444,12.510764167917891,True,False
20643,19849624060150375939,1985,7119,6314,5261,2000,839,830,4.922556472344403,4.921420450582264,12.797458885915104,12.36112133473479,True,False
20644,849537402208892618,85,2220,2152,1780,2000,187,186,4.442644463165722,4.4405824303450325,11.116343961237469,10.79766152585376,True,False
20645,11424138343833703320,1142,8940,7473,6169,2000,1012,982,5.409801773723367,5.4076100033388705,13.12605911607068,12.590820930930525,True,False
20646,9308283182850805,1,1094,329,324,329,329,324,8.36194377373524,8.325469609601502,10.095397022792557,8.339850002884624,False,False
20647,4140950697241622,0,9,0,0,0,0,0,0.0,0.0,3.169925001442312,0,False,True
20648,2012060537719466443,201,3051,2586,2179,2000,473,461,4.396887115650275,4.388717138626368,11.575066464578656,11.089450481115907,True,False
20649,408237086961531800,41,6155,4653,4056,2000,1260,1215,4.651043752334139,4.644750293736119,12.58754314137182,11.985841937003341,True,False
20650,64837500000000000000,6484,610,559,507,2000,117,117,5.522240489575334,5.522240489575332,9.252665432450248,8.985841937003341,True,False
20651,877242557100000000,88,2303,2248,1873,2000,218,218,4.361232497430991,4.36123249743099,11.169298695792845,10.871135184243045,True,False
20652,2175043956862875000,218,1284,1277,1094,2000,83,82,4.466338471419001,4.465566191246608,10.326429487122303,10.095397022792557,True,False
20653,23543839354261833,2,59,48,48,323,48,48,4.867394130820641,4.867394130820641,5.882643049361842,5.584962500721156,False,False
20654,25464059765326785369,2546,9758,8286,6669,2000,1255,1211,5.008507496340181,5.00304960968867,13.252369767926027,12.703254733748146,True,False
20655,798000000000000000,80,6309,4837,4205,2000,968,940,4.3860178724990515,4.3775647815241046,12.623195635452936,12.037890085142507,True,False
20656,17706848854130974,2,276,217,215,2000,189,188,6.413701061183023,6.408198309807337,8.108524456778168,7.7481928495894605,True,False
20657,516719090857523971,52,2205,2125,1843,2000,322,322,4.72094937202488,4.720949372024879,11.106562940444883,10.847840355630714,True,False
20658,134636586295027230,13,4929,3461,3128,2000,1241,1197,4.3943877271865714,4.381817473218664,12.26707926567123,11.611024797307353,True,False
20659,59909850000000000,6,3028,2033,1948,2000,971,960,4.767840280985429,4.762233436863895,11.564149489985732,10.927777962082342,True,False
20660,9968114869689432512,997,4634,4533,3724,2000,398,396,5.308959709842156,5.3078668581643,12.178042328864821,11.862637357558794,True,False
20661,19950364448371840156,1995,7328,6499,5422,2000,848,838,4.649747287824018,4.64795691127998,12.839203788096944,12.404609397837712,True,False
20662,24288125215020765000,2429,5225,4544,3676,2000,694,671,5.62634248801494,5.622715953211686,12.351215321855607,11.843921051289035,True,False
20663,4010025062656641,0,916,0,0,0,0,0,0.0,0.0,9.839203788096944,0,False,True
20664,1904966127409136841,190,283,250,237,2000,52,52,4.200954528790977,4.200954528790977,8.144658242831882,7.888743248898259,True,False
20665,99750000000000000000,9975,7644,6863,5696,2000,845,835,5.54077325849665,5.539714655033389,12.900112062977456,12.475733430966399,True,False
20666,203642667944719133,20,460,451,428,2000,78,77,4.277295428989502,4.276178303908694,8.845490050944376,8.741466986401146,True,False
20667,668325000000000000,67,4404,3638,3176,2000,798,792,4.603987711803378,4.602637571647938,12.10459875356437,11.632995197142957,True,False
20668,44886776171011160114,4489,9989,8475,6839,2000,1240,1199,4.603773452676878,4.596985168485827,13.286124541533368,12.73956967402599,True,False
20669,4208071933051450065,421,8230,6881,5747,2000,1087,1055,4.462469113562637,4.45597788765485,13.006676715308988,12.488593333835409,True,False
20670,14962500000000000,1,2516,964,935,964,964,935,9.91288933622996,9.840000682177584,11.296916206879288,9.868822554774999,False,False
20671,11970000000000000,1,2634,1066,1029,1066,1066,1029,10.05799172275918,9.980112219936801,11.363039630256514,10.007027266893969,False,False
20672,1002506265664160,0,580,0,0,0,0,0,0.0,0.0,9.179909090014934,0,False,True
20673,9022556390977443,1,1741,480,472,480,480,472,8.906890595608516,8.869390595608516,10.7657004876511,8.88264304936184,False,False
20674,39900000000000000,4,2224,1409,1369,2000,828,818,5.072373449252817,5.064886760384049,11.118941072723507,10.4189067312579,True,False
20675,292094547630090042,29,4850,3660,3239,2000,1076,1035,4.423571697424118,4.40931509258339,12.243769031961852,11.661332752795186,True,False
20676,14825553807947242,1,47,34,34,34,34,34,5.087462841250339,5.087462841250339,5.554588851677638,5.087462841250339,False,False
20677,37288684864160132,4,459,420,409,2000,208,208,4.718965917415612,4.718965917415612,8.842350343413807,8.67595703294175,True,False
20678,1358763001758127070,136,3343,3201,2719,2000,459,457,4.3959205753445065,4.394869189707466,11.706927639617403,11.40886043602476,True,False
20679,798000000000000000,80,2862,2704,2338,2000,483,481,4.5618093793051075,4.561146590032994,11.482807956726667,11.191059214531656,True,False
20680,5916271195164920446,592,2904,2872,2327,2000,118,116,4.563410137911266,4.562962747456966,11.50382573799575,11.184255495405349,True,False
20681,138260000000000000000,13826,9885,8536,6996,0,0,0,0.0,0.0,13.271025250616571,12.772314573921653,False,True
20682,4883971424947274744,488,1618,1611,1407,2000,74,73,4.426837887844454,4.425978536396366,10.659995892429977,10.458406613236532,True,False
20683,3007518796992481,0,38,0,0,0,0,0,0.0,0.0,5.247927513443585,0,False,True
20684,3164704354223351726,316,8264,6928,5707,2000,1210,1167,4.512905570457429,4.505936471250504,13.01262453886506,12.47851684767645,True,False
20685,464110123883846546,46,6310,4775,4164,2000,1234,1193,4.393721124974261,4.384058415040878,12.623424289869911,12.023754353299417,True,False
20686,2845498257921897059,285,490,439,402,2000,96,96,4.493743291586014,4.493743291586014,8.936637939002571,8.651051691178928,True,False
20687,15037593984962406015,1504,4691,4624,3715,2000,196,195,4.770841866269202,4.770147992244531,12.195679785495981,11.859146495425959,True,False
20688,7994495618021772548,799,4166,4106,3286,2000,203,202,4.373340580957828,4.372117679345821,12.024447124040647,11.682116764950074,True,False
20689,3016985167280461555,302,3515,3460,2800,2000,201,200,4.374620549064606,4.3733976474526,11.779308973959898,11.451211111832329,True,False
20690,16651948099730219692,1665,6133,5856,4836,2000,709,704,4.8451958481928274,4.843680311441978,12.582377235640692,12.239598529249124,True,False
20691,27393282952318477,3,2947,1511,1447,2000,1019,990,5.244818021801783,5.222634185518695,11.525031345124,10.498849206531725,True,False
20692,1995000000000000,0,832,0,0,0,0,0,0.0,0.0,9.700439718141093,0,False,True
20693,709538810975622197,71,2183,2127,1759,2000,207,205,4.908555078454362,4.907912913227566,11.092096414990792,10.78053976747196,True,False
20694,1477378751213603219,148,3116,3023,2555,2000,361,360,4.77770975239737,4.777376372761309,11.605479518061669,11.319107575824983,True,False
20695,3953630514888851658,395,3917,3819,3172,2000,372,371,4.472422483613843,4.471867878077029,11.935533412950747,11.63117705570398,True,False
20696,5359907842583162322,536,4927,4720,3956,2000,625,621,5.167237118885471,5.165590428073308,12.266493756312183,11.94982671075911,True,False
20697,1131217253025016651,113,7502,5988,5064,2000,1248,1206,4.789495092695624,4.781897001638951,12.87305954766147,12.306061689428342,True,False
20698,4267723853403567,0,1400,0,0,0,0,0,0.0,0.0,10.451211111832329,0,False,True
20699,230090695668533315,23,3899,3002,2749,2000,913,902,4.393342641584427,4.390235020557636,11.928888439397635,11.424691191512954,True,False
20700,1156715319941541547,116,2760,2696,2246,2000,274,274,4.680737956352199,4.680737956352199,11.430452551665532,11.133142212400601,True,False
20701,891671362871171275,89,2221,2154,1773,2000,194,193,4.536829842886495,4.5359001508469845,11.116993677546981,10.79197682089869,True,False
20702,9635743621517748719,964,4057,3994,3203,2000,192,190,4.816720670634141,4.815899474198948,11.986197587206274,11.645208082774683,True,False
20703,3487754241794796578,349,3593,3538,2861,2000,205,204,4.534317042814651,4.533470563399493,11.810973220002165,11.482303782323182,True,False
20704,98681931622556902,10,886,818,752,2000,189,188,4.489887448379066,4.487485767202242,9.791162888555018,9.554588851677638,True,False
20705,389025000000000000,39,1470,1411,1174,2000,161,160,4.4415741905274215,4.438189950831943,10.521600439723727,10.197216693110052,True,False
20706,239978086013594759,24,4199,3157,2875,2000,970,956,4.537852842122037,4.528384579348512,12.035830072835017,11.4893462407191,True,False
20707,44880841042534339,4,3300,1810,1712,2000,957,928,5.1040791192997625,5.083222773947472,11.688250309133178,10.741466986401146,True,False
20708,98475802745685363,10,3629,2428,2277,2000,999,979,4.380244696530372,4.374087165130873,11.825356341479335,11.152918576136623,True,False
20709,8779862017953293,1,379,129,129,129,129,129,7.011227255423254,7.011227255423254,8.566054038171092,7.011227255423254,False,False
20710,498700121055055821975,49870,2332,2086,1752,0,0,0,0.0,0.0,11.187352073200497,10.774787059601174,False,True
20711,1220558464563532360,122,7012,5525,4702,2000,966,937,4.9729551406313615,4.9604443365021424,12.775610280759539,12.199058823653022,True,False
20712,8693577488884448999,869,5343,5116,4262,2000,634,631,4.692868053362257,4.692242916613591,12.383434301822776,12.057314877782703,True,False
20713,31011331141382584650,3101,4757,4166,3374,2000,594,576,4.429807836749289,4.421483062586828,12.215836309962455,11.720244258287567,True,False
20714,997500000000000000,100,7053,5562,4772,2000,1180,1139,4.4329636512284765,4.424775109532927,12.784021324374178,12.220378327695228,True,False
20715,7492851523500000,1,16,3,3,3,3,3,1.584962500721156,1.584962500721156,4.0,1.584962500721156,False,False
20716,997500000000000,0,81,0,0,0,0,0,0.0,0.0,6.339850002884624,0,False,True
20717,70629542219468511,7,2339,1608,1480,2000,710,686,4.524852559720511,4.510045880634463,11.191676146352428,10.531381460516313,True,False
20718,49505526618031279,5,3114,1972,1819,2000,1042,1002,5.1041461336964336,5.079794992395376,11.604553229079038,10.828929827651486,True,False
20719,247460375260576543,25,4827,3435,3083,2000,1014,988,4.544933855695849,4.534263332357404,12.236911111444602,11.590119174107175,True,False
20720,396632377872476962,40,5686,4401,3843,2000,1169,1125,4.493498509893,4.478873492137504,12.473198383677527,11.908017261062803,True,False
20721,372288593668676305,37,5565,4293,3754,2000,1160,1117,4.457309475761729,4.443518644394874,12.442165972229322,11.874212934830874,True,False
20722,867959696573932754,87,3746,3466,2995,2000,710,706,4.42250848150206,4.421308361490057,11.871135184243045,11.548340287676147,True,False
20723,190476190476190476,19,3773,2848,2623,2000,930,919,4.547972448826356,4.543486973529129,11.88149638481011,11.357002092264985,True,False
20724,14685704599140672,1,1735,873,863,873,873,863,9.769837843629443,9.746928336183851,10.760719947465624,9.753216749178955,False,False
20725,13491707877168488,1,2715,1163,1122,1163,1163,1122,10.183635381473218,10.101511757221862,11.406736482691723,10.131856960608793,False,False
20726,15734499753156346289,1573,4535,4468,3602,2000,188,186,4.486404812057227,4.485104384688616,12.146886835415884,11.814582465906277,True,False
20727,139870799821658749,14,1872,1391,1259,2000,474,462,4.630784392428808,4.618468488720518,10.870364719583405,10.298062567719017,True,False
20728,72681704260651629,7,1534,1071,989,2000,464,453,4.530549379486572,4.51940909873064,10.583082767502933,9.94982671075911,True,False
20729,85213032581453634,9,1442,1035,952,2000,434,422,4.695338789389395,4.68376102506595,10.493855449240822,9.894817763307943,True,False
20730,24060150375939849,2,1005,615,593,2000,419,409,6.488318892163749,6.46281770872775,9.972979786066292,9.211888294546004,True,False
20731,32080200501253132,3,1025,674,641,2000,394,385,5.761315471476116,5.742154712710069,10.001408194392809,9.324180546618742,True,False
20732,22055137844611528,2,848,525,511,2000,377,370,6.508439437483302,6.488947906906958,9.727920454563199,8.997179480937621,True,False
20733,13533834586466165,1,614,323,317,323,323,317,8.335390354693924,8.298238651907544,9.262094845370179,8.308339030139408,False,False
20734,109725000000000000,11,1073,818,750,2000,312,307,5.240126448334454,5.228624203276547,10.067434360756522,9.550746785383243,True,False
20735,4188098795699513,0,746,0,0,0,0,0,0.0,0.0,9.543031820255237,0,False,True
20736,177002649532005361,18,3507,2652,2452,2000,870,860,4.9055431859900205,4.902493759117931,11.776021715252812,11.259743263690781,True,False
20737,1047375000000000000,105,979,968,850,2000,81,80,4.396847517687559,4.396163365975413,9.935165049603695,9.731319031025064,True,False
20738,199500000000000000,20,1262,1207,1073,2000,202,201,4.355640023091038,4.354263818912382,10.30149619498255,10.067434360756522,True,False
20739,1097250000000000000,110,4737,4176,3541,2000,761,755,4.7009563711915145,4.6991011243226035,12.209757956581393,11.789941128390916,True,False
20740,99368560720145414069,9937,9352,8087,6501,2000,1200,1155,5.956901582455387,5.953998602114101,13.191059214531656,12.66644593881483,True,False
20741,99750000000000000,10,4015,2544,2361,2000,1014,984,4.746953356471176,4.735134469530287,11.971184272404678,11.205182326228643,True,False
20742,1199632209237157450,120,1066,1054,916,2000,83,81,4.313109041037485,4.311333985330434,10.057991722759176,9.839203788096944,True,False
20743,891418865838178566,89,4718,3798,3267,2000,856,821,4.5579087588883045,4.547308908721398,12.203959703239462,11.673750739438063,True,False
20744,28971589148757122822,2897,7124,6518,5345,2000,793,787,5.7547987931256595,5.754132067208944,12.798471801101618,12.383974232607853,True,False
20745,3219359301802450200,322,1499,1488,1245,2000,61,61,4.274410264139312,4.274410264139312,10.54978466794786,10.281930026955443,True,False
20746,53753313834170642,5,2833,1863,1730,2000,897,862,5.099014142678482,5.075530112247913,11.468114886378098,10.756556322524087,True,False
20747,4234617284178980,0,1175,0,0,0,0,0,0.0,0.0,10.198445041452363,0,False,True
20748,1249824844968312942,125,6283,5155,4322,2000,1046,1005,4.56279818460626,4.554439313087016,12.617237864746105,12.077483356859508,True,False
20749,13965000000000000000,1397,3030,3003,2464,2000,132,131,4.64126799923221,4.641035211677252,11.565102078360313,11.266786540694902,True,False
20750,937500238322468248,94,1412,1384,1137,2000,125,124,4.490589524202148,4.490296536196691,10.46352437327118,10.151016538892248,True,False
20751,2323533093077232839,232,2123,2095,1714,2000,117,117,4.301165537064711,4.30116553706471,11.051888655905378,10.7431513941125,True,False
20752,816055911154897512,82,2215,2155,1778,2000,202,201,4.410083299266642,4.408821252456177,11.113090983442381,10.79603960882977,True,False
20753,109668711649934004040,10967,5467,5403,4396,0,0,0,0.0,0.0,12.416533660199583,12.101975670949232,False,True
20754,1957382397319895129,196,7467,5889,4985,2000,984,953,5.047016516239317,5.043133772400197,12.866313015702191,12.283377789285558,True,False
20755,2159624011711809376,216,7733,6128,5180,2000,1019,990,4.8254389306732275,4.821756186591161,12.916812497709833,12.338736382573916,True,False
20756,2638557577189614532,264,2168,2140,1754,2000,119,119,4.278601915569336,4.278601915569339,11.08214904135387,10.776433032444734,True,False
20757,61974937343358395989,6197,9871,8253,6775,2000,1098,1067,5.935554166381524,5.934034978712987,13.268980531649836,12.726005231128596,True,False
20758,8511099815019358,1,1964,492,484,492,492,484,8.942514505339242,8.905929139485583,10.939579214314692,8.918863237274595,False,False
20759,8061639418776191,1,1552,389,381,389,389,381,8.603626344986193,8.557353851412927,10.599912842187127,8.573647187493322,False,False
20760,802005012531328320,80,4245,3434,2974,2000,779,749,4.570071643223513,4.558077587718394,12.0515488384404,11.53818893205242,True,False
20761,43257363200899821,4,2067,1329,1240,2000,717,691,5.261971270430276,5.235534880200308,11.013322673425447,10.276124405274238,True,False
20762,147665961033247983,15,4460,2963,2694,2000,959,930,4.771755499500095,4.755672645624561,12.122827994807666,11.395534135462302,True,False
20763,29800312500000000000,2980,5718,5543,4579,2000,526,524,5.160824570728114,5.160528268944747,12.481294904631097,12.160816849673546,True,False
20764,22942500000000000,2,1190,703,678,2000,491,478,6.51280062110299,6.482931190062876,10.216745858195306,9.405141463136344,True,False
20765,101951526160529978,10,3843,2715,2465,2000,1034,995,5.61240798665722,5.584334395824891,11.908017261062803,11.267371931265274,True,False
20766,2185887585764902718,219,8090,6500,5440,2000,1213,1171,4.4071716270094345,4.3985815970653235,12.981923987317339,12.409390936137703,True,False
20767,36887151715246330730,3689,3526,3501,2882,2000,146,145,5.376320058321914,5.37620596659213,11.783816759320182,11.492854620174748,True,False
20768,7980000000000000,1,1094,280,276,280,280,276,8.129283016944967,8.093568731230683,10.095397022792557,8.108524456778168,False,False
20769,700724551054678386,70,4408,3640,3187,2000,796,790,4.647365034100901,4.646336473764469,12.105908508571158,11.637983303777853,True,False
20770,1296750000000000,0,446,0,0,0,0,0,0.0,0.0,8.800899899920305,0,False,True
20771,123731804918739077,12,4873,3412,3089,2000,1239,1196,4.437292552353613,4.428927960386909,12.250594507192316,11.592924155627637,True,False
20772,5462206799793842,1,870,142,140,142,142,140,7.149747119504683,7.11626199625001,9.76487159073609,7.129283016944966,False,False
20773,9975000000000000,1,1361,424,412,424,424,412,8.7279204545632,8.664819304793946,10.410451351503994,8.686500527183219,False,False
20774,9975000000000000,1,1323,413,401,413,413,401,8.689997971419443,8.625216161486843,10.369597346278677,8.64745842645492,False,False
20775,59850000000000000,6,2358,1592,1474,2000,735,709,4.763098227385065,4.743383604045485,11.203348002979762,10.52552080909507,True,False
20776,3990000000000000000,399,2040,1788,1532,2000,316,310,4.642309247452853,4.638153374350369,10.994353436858859,10.581200581924957,True,False
20777,4987500000000000000,499,1862,1635,1401,2000,281,275,4.587202106720569,4.582174699188214,10.862637357558794,10.452241240430817,True,False
20778,798000000000000000,80,314,275,262,2000,83,83,4.472256368663815,4.472256368663816,8.294620748891626,8.03342300153745,True,False
20779,997500000000000000,100,118,102,98,2000,39,39,4.457342007793065,4.457342007793065,6.882643049361842,6.614709844115208,True,False
20780,7114170000000000000,711,4100,4055,3253,2000,203,202,4.75019265520265,4.727076402861271,12.001408194392809,11.667555107041132,True,False
20781,18866691885308934153,1887,5695,4935,3994,2000,766,738,5.59770853558895,5.593687500305396,12.475480126595475,11.963618617443972,True,False
20782,49529933420094567,5,1204,819,769,2000,412,402,4.875539945849645,4.861468617012931,10.233619676759702,9.586839787961827,True,False
20783,1003260651782612215,100,7129,5809,4881,2000,1197,1154,4.396725645747664,4.3841999370659135,12.799484005620014,12.252961036393684,True,False
20784,12670891100284836857,1267,2208,2196,1828,2000,82,81,4.853584243375662,4.852834696539947,11.108524456778168,10.83605035505807,True,False
20785,67470900000000000000,6747,5360,5297,4310,2000,213,212,5.040783512305184,5.040317913693516,12.388017285345136,12.07347215397646,True,False
20786,4987500000000000000,499,5050,4320,3547,2000,720,695,4.594069648448703,4.587706424848093,12.302067672526519,11.792383614935188,True,False
20787,249128111174520871,25,3966,2975,2655,2000,912,876,4.4427008729918285,4.42853072351805,11.953468962228849,11.374496145691516,True,False
20788,997500000000000000,100,5341,4477,3882,2000,884,874,4.514256602449358,4.512233091661156,12.382894168892134,11.922584402713664,True,False
20789,19556919337365559,2,2971,1436,1379,2000,1228,1187,6.574884499897048,6.536233660163516,11.536732889835415,10.429406741513981,True,False
20790,286477154639777724,29,5707,4193,3719,2000,1235,1196,4.40884744157631,4.40064742996805,12.47851684767645,11.860699032611988,True,False
20791,17456427793502250000,1746,5095,4993,4083,2000,408,406,4.433925865282368,4.43260998923789,12.314866431053176,11.99541385222515,True,False
20792,12318451139666991199,1232,5013,4883,4017,2000,456,454,5.273295757723626,5.272962413278812,12.291458518782344,11.971902746045467,True,False
20793,11724411821220000,1,486,245,240,245,245,240,7.936637939002567,7.895821612471956,8.92481250360578,7.906890595608519,False,False
20794,3966634899883916756,397,3345,3281,2638,2000,181,179,4.392384612407445,4.390618363606395,11.707790495528823,11.365228849251544,True,False
20795,3990000000000000000,399,2662,2629,2133,2000,124,122,4.849129524774342,4.848820857928102,11.378294855911891,11.058668250340572,True,False
20796,20000062656641604010,2000,3804,3766,3062,2000,127,127,4.336462951605264,4.336462951605263,11.893301530860564,11.580258567499788,True,False
20797,17855250000000000000,1786,4021,3964,3216,2000,168,167,5.035033346652192,5.033420393312529,11.97333862080036,11.651051691178928,True,False
20798,9975000000000000000,998,3749,3688,2983,2000,169,168,4.720334124621222,4.718136419297599,11.872290110288091,11.542548262335213,True,False
20799,19950000000000000000,1995,4381,4318,3499,2000,181,179,4.577762194576005,4.573109538046343,12.097044499322951,11.77272694923985,True,False
20800,45386250000000000000,4539,4903,4839,3928,2000,191,188,5.07586052929663,5.073075804936484,12.259449046285685,11.939579214314692,True,False
20801,4987500000000000000,499,3485,3421,2753,2000,183,181,4.543894878223345,4.5426715525009325,11.766942940755785,11.42678889459556,True,False
20802,12884695789056196868,1288,4389,4322,3481,2000,192,190,4.7236090043181305,4.722691168114158,12.099676554859643,11.765286098723683,True,False
20803,10902675000000000000,1090,4481,4413,3572,2000,194,193,4.580133431061516,4.579276104491537,12.129605011152504,11.802516365121223,True,False
20804,12468750000000000000,1247,4606,4537,3674,2000,200,199,4.677395224324057,4.676677252795326,12.169298695792845,11.84313591111135,True,False
20805,14782950000000000000,1478,4624,4561,3692,2000,209,208,4.908289485411502,4.907765613521992,12.174925682500678,11.850186837645774,True,False
20806,3301725000000000000,330,3454,3393,2761,2000,208,207,4.821402363562807,4.820817537149921,11.754052367528924,11.430975172588068,True,False
20807,15620850000000000000,1562,4777,4717,3806,2000,207,206,4.581337962655604,4.5805519676573905,12.221889161471266,11.894059846274022,True,False
20808,7190000000000000000,719,4195,4140,3315,2000,200,199,4.418422467936319,4.416558850824927,12.034455095327186,11.69479315499995,True,False
20809,15884318972692694803,1588,4885,4827,3876,2000,222,220,5.339477387714263,5.337644116286851,12.254142846855748,11.92035285541508,True,False
20810,5311612797218455494,531,3965,3913,3140,2000,202,199,4.580963846386978,4.57967995687154,11.953105150591341,11.61654884377899,True,False
20811,6000000000000000000,600,4042,3993,3207,2000,205,205,4.817567947258091,4.817567947258091,11.980853606379736,11.647008638441648,True,False
20812,5785500000000000000,579,3926,3871,3130,2000,227,227,4.632077572779687,4.6320775727796875,11.938844457466171,11.61194694181998,True,False
20813,7828610417603472235,783,4367,4278,3525,2000,354,353,4.878275324845889,4.877967522044884,12.092426815780255,11.783407542173519,True,False
20814,4599125821786544425,460,4171,4066,3370,2000,429,427,5.3037433091204145,5.303414394210704,12.026177596889225,11.71853287606922,True,False
20815,2194500000000000000,219,4921,4609,3871,2000,738,734,5.047114500069798,5.046631088060569,12.26473580113014,11.918490592292311,True,False
20816,1596000000000000000,160,6103,5206,4463,2000,915,904,4.454957844951055,4.452098166130387,12.57530287507339,12.123798091251855,True,False
20817,798000000000000000,80,5375,4407,3869,2000,955,944,4.388385957450331,4.385582360164733,12.392049039364185,11.917745013443216,True,False
20818,399000000000000000,40,4618,3622,3242,2000,981,970,4.645350274677819,4.6438549168643695,12.173052457774116,11.662668375517542,True,False
20819,1017450000000000000,102,6143,5062,4357,2000,971,958,4.50930593709563,4.505948389665477,12.584727667963922,12.089119397915168,True,False
20820,184238250000000000,18,5123,3617,3238,2000,1199,1160,4.406062980351621,4.397549527089337,12.322773176454564,11.660887270302567,True,False
20821,575708782648147363,58,5906,4510,3937,2000,1010,984,4.454148219177274,4.447974450896003,12.527965641133955,11.94288099715904,True,False
20822,9915146809863610186,992,2946,2920,2398,2000,145,144,4.848029841647335,4.847844958217012,11.524541715035848,11.227615943414223,True,False
20823,13876537788717238174,1388,2273,2261,1866,2000,85,84,4.5096902391386156,4.508847131532763,11.150381968817848,10.86573327085176,True,False
20824,18294134498600622772,1829,2360,2349,1982,2000,60,60,4.259811307128274,4.259811307128274,11.204571144249204,10.952741247186488,True,False
20825,1236117173941032999,124,7037,5509,4694,2000,978,949,4.746641623227772,4.742304708451273,12.78074479767779,12.196602126523171,True,False
20826,54762750000000000000,5476,3111,2767,2282,2000,434,423,5.888442115886258,5.885405512745377,11.603162679534382,11.156083076288681,True,False
20827,98165356661628813,10,1234,909,836,2000,379,372,5.027158009998957,5.016420466610583,10.269126679149418,9.707359132080883,True,False
20828,189574903702019789790,18957,1760,1755,1526,0,0,0,0.0,0.0,10.78135971352466,10.57553924683453,False,True
20829,21210063557686053089,2121,7382,6559,5468,2000,858,847,5.20731050506106,5.205748929793106,12.84979602224561,12.41679752760606,True,False
20830,20491266293809034687,2049,7517,6680,5564,2000,883,873,5.572326123985295,5.571647638640057,12.875941288497554,12.44190670454224,True,False
20831,56867350960698885,6,189,181,171,2000,83,81,4.3595653067165525,4.35662601410339,7.562242424221073,7.417852514885898,True,False
20832,60847500000000000,6,2826,1886,1748,2000,878,844,4.788853022924676,4.768345422169778,11.46454575033394,10.7714894695006,True,False
20833,3788104453887901139,379,7124,6131,5194,2000,976,966,4.791642277711275,4.790500725199858,12.798471801101618,12.342630298678408,True,False
20834,99750000000000000,10,4283,2794,2558,2000,1176,1136,4.544081880048911,4.5279819231163705,12.064405961891042,11.320800548881637,True,False
20835,3231900000000000000,323,8532,7033,5879,2000,1196,1153,4.7874804644254585,4.780544303635223,13.058668250340572,12.521355062558259,True,False
20836,2443875000000000000,244,8319,6776,5684,2000,1214,1174,4.614035547195446,4.608254847326457,13.022194401760634,12.47269083924278,True,False
20837,2293485234106890023,229,8172,6607,5527,2000,1225,1185,4.92794645982731,4.923858416269407,12.996473488733228,12.432280897214161,True,False
20838,41633592010308900000,4163,2782,2770,2331,2000,83,82,4.760858504557509,4.756864637041902,11.44190670454224,11.186733289128867,True,False
20839,19286461232773215,2,1748,920,880,2000,778,750,6.55326048615682,6.513813565401076,10.7714894695006,9.78135971352466,True,False
20840,5012531328320802005,501,9006,7460,6140,2000,1237,1195,5.089461601323937,5.086289470702642,13.136670762341845,12.584022940257542,True,False
20841,41115706093680068,4,1685,1090,1018,2000,589,572,5.280095275775837,5.258542871135314,10.71853287606922,9.991521846075695,True,False
20842,2078796234787626589,208,8149,6514,5442,2000,1232,1187,4.92277379837539,4.918729787150822,12.992407315348498,12.409921241249679,True,False
20843,14293526717357073279,1429,4664,4597,3724,2000,200,199,5.009953953045812,5.009409401960114,12.187352073200497,11.862637357558794,True,False
20844,7262306469956024086,726,2263,2248,1865,2000,104,103,4.576226521749216,4.575760620395233,11.144020869266893,10.8649599151426,True,False
20845,153911087344113988359,15391,2747,2467,2063,0,0,0,0.0,0.0,11.423641195075856,11.010528105886484,False,True
20846,59572330731384414324,5957,1879,1875,1637,2000,85,83,5.031546924485315,5.030574415609407,10.875749351420055,10.676838606474153,True,False
20847,7777523933394594680,778,4120,4077,3264,2000,220,220,4.7364392564776105,4.736439256477611,12.00842862207058,11.672425341971495,True,False
20848,140685200841827558,14,2916,2276,2132,2000,766,760,4.385454768633849,4.38200780661074,11.509775004326936,11.057991722759176,True,False
20849,251832130025080232,25,224,187,177,2000,69,69,4.301758163507247,4.301758163507247,7.807354922057604,7.467605550082998,True,False
20850,9975000000000000,1,1809,553,539,553,553,539,9.111135670234708,9.055521045456835,10.82097669262124,9.074141462752506,False,False
20851,902255639097744,0,352,0,0,0,0,0,0.0,0.0,8.459431618637296,0,False,True
20852,7635287355636524171,764,7482,6561,5522,2000,934,922,4.616933054132542,4.614456155369441,12.869208250550827,12.430975172588068,True,False
20853,5775379690726643,1,1021,170,167,170,170,167,7.4093909361377035,7.362332112608291,9.995767150877802,7.383704292474052,False,False
20854,219450000000000000,22,1396,1340,1180,2000,194,193,4.391402504379974,4.389568406839332,10.447083226209653,10.204571144249204,True,False
20855,96522952883137995,10,684,631,587,2000,146,146,4.46573952349145,4.46573952349145,9.417852514885897,9.197216693110052,True,False
20856,3626817610725783703,363,6603,5742,4854,2000,891,881,4.8402396228423585,4.838931565123804,12.688905930612714,12.244958393151133,True,False
20857,370429423588845225038,37043,8406,7536,6323,0,0,0,0.0,0.0,13.037203741151973,12.626393504173995,False,True
20858,149625000000000000,15,3482,2611,2425,2000,893,883,4.737552668813196,4.7325670473105514,11.7657004876511,11.243769031961852,True,False
20859,4746205192988750717,475,8502,6881,5749,2000,1061,1031,4.502321879455272,4.496545663185143,13.053586543639176,12.489095315413504,True,False
20860,14962500000000000,1,2088,961,945,961,961,945,9.908392620773752,9.872737404846083,11.027905996569885,9.884170519108435,False,False
20861,40199250000000000,4,3697,2197,2039,2000,1246,1203,5.215593379644926,5.191525386907489,11.852139328187244,10.993646060016596,True,False
20862,158203500000000000,16,5103,3632,3260,2000,1243,1199,4.790104754584597,4.768870922962213,12.317129926384542,11.67065624911844,True,False
20863,107959425000000000,11,4751,3289,2984,2000,1239,1196,4.56269781062038,4.548139599535573,12.214015491410844,11.543031820255237,True,False
20864,53466000000000000,5,3914,2514,2318,2000,1229,1186,5.208231691409999,5.183835709572653,11.934428040626804,11.178664851006472,True,False
20865,11970000000000000,1,2592,1049,1013,1049,1049,1013,10.034798962577268,9.957563929203909,11.339850002884624,9.984418458801137,False,False
20866,52548300000000000000,5255,3944,3916,3217,2000,152,151,5.797054754703704,5.792723618948703,11.945443836377912,11.65150022065274,True,False
20867,46624931423277005503,4662,4140,4105,3345,2000,131,129,4.895311952242008,4.895024173409048,12.015415052386688,11.707790495528823,True,False
20868,7001638754814616020,700,3275,3224,2594,2000,153,153,4.524482764405778,4.524482764405779,11.677279191312175,11.3409627642517,True,False
20869,4689238270099643185,469,3198,3138,2544,2000,179,177,5.123437475794132,5.119706090098944,11.642954223480332,11.312882955284355,True,False
20870,1443137629330304636,144,2428,2365,1917,2000,170,169,4.486184108162532,4.485009611518237,11.245552706255681,10.904634621668151,True,False
20871,6164197925703405958,616,3659,3595,2887,2000,187,185,4.8149852812295695,4.814164041559859,11.837233700339088,11.495355392235982,True,False
20872,545558477506265664,55,6518,4933,4266,2000,1207,1166,4.784107634464804,4.765121829084464,12.670213636738564,12.058668250340572,True,False
20873,10143147772012500000,1014,1914,1907,1645,2000,77,76,4.579602662698999,4.578907534983781,10.902375114486025,10.683871868622603,True,False
20874,29848473774659152234,2985,4297,4239,3452,2000,160,159,4.717790466236069,4.715541772275513,12.069114061773938,11.753216749178955,True,False
20875,104119658006633254,10,4233,2751,2534,2000,964,935,4.758598378641981,4.7362985952749,12.04746477331842,11.30720080914081,True,False
20876,220161414335839598,22,5463,3976,3532,2000,1254,1210,4.395574393518544,4.383986454729457,12.415477707697994,11.786269627648466,True,False
20877,218540901155760765,22,3662,2825,2586,2000,852,842,4.399832047164052,4.396220314384279,11.838416075797337,11.336506559810255,True,False
20878,32834482315895257577,3283,8895,7762,6475,2000,986,968,5.165510336137597,5.162946058239482,13.118778890154521,12.660664477461278,True,False
20879,2650604276606141776,265,4726,4455,3764,2000,683,679,4.915349907049845,4.914757130931934,12.206403913973848,11.878050912728536,True,False
20880,239400000000000000,24,3961,2966,2648,2000,917,881,4.566022891831089,4.550689683277206,11.951648985904619,11.370687406807217,True,False
20881,49667080476001537,5,2374,1530,1422,2000,790,760,5.051661494283155,5.028684679366146,11.213104219641906,10.473705749619416,True,False
20882,2827654657610676,0,882,0,0,0,0,0,0.0,0.0,9.784634845557521,0,False,True
20883,2890756682013357531,289,2744,2685,2180,2000,153,152,4.434869164370244,4.431395689665155,11.422064766172813,11.090112419664289,True,False
20884,5748910696265625000,575,5841,4993,4098,2000,816,783,4.695149506842664,4.685538235161759,12.511999669441451,12.000704269011246,True,False
20885,2539902286588800000,254,1326,1319,1161,2000,85,83,4.377269269516091,4.375676674303124,10.372865060112588,10.181152256865566,True,False
20886,9180783842112222542,918,1971,1964,1686,2000,90,88,4.434531913023782,4.433572371385772,10.944712061043486,10.719388820942083,True,False
20887,7334009249142390566,733,1927,1920,1652,2000,86,84,4.293794157863305,4.292247209780468,10.912140856295721,10.689997971419446,True,False
20888,1007475000000000000,101,7245,5875,4942,2000,1225,1181,4.603039485452551,4.596349514328592,12.822769974444292,12.270879295328784,True,False
20889,779096120536344526,78,5599,4479,3838,2000,1034,993,4.45794959080918,4.445706961565365,12.450953464712992,11.90613899619538,True,False
20890,4111462218013500000,411,1767,1760,1478,2000,79,78,4.283350158658586,4.282225938381298,10.787086324551616,10.52943055414615,True,False
20891,8287456460340225000,829,1791,1784,1552,2000,69,68,4.352070143523276,4.350898395857425,10.806549621985962,10.599912842187127,True,False
20892,2910000000000000000,291,8420,6823,5671,2000,1221,1176,4.55717095174429,4.549834760723929,13.039604517953759,12.469387440964345,True,False
20893,451496572928012502,45,5655,4095,3587,2000,954,925,4.404337193329363,4.396266672421974,12.465311308877183,11.808562029957525,True,False
20894,1896378127748019919,190,1782,1535,1330,2000,301,295,4.385915596910293,4.377805246868624,10.799281621521923,10.377210530388552,True,False
20895,518700000000000000,52,5313,4184,3687,2000,967,950,4.385852064662685,4.378734213325386,12.37531099747307,11.848231701093818,True,False
20896,59850000000000000,6,2390,1614,1495,2000,747,720,4.766948756392883,4.746877155065023,11.222794902868111,10.545929769085467,True,False
20897,488212299885191946,49,6357,4763,4148,2000,1222,1178,4.61429657732226,4.604997366628465,12.634130373093326,12.018200178813226,True,False
20898,342473161634100000,34,557,550,522,2000,73,72,4.260684791223118,4.259503433177394,9.121533517340032,9.027905996569885,True,False
20899,2819511253755000,0,160,0,0,0,0,0,0.0,0.0,7.321928094887363,0,False,True
20900,5596822752975128466,560,1945,1938,1636,2000,89,88,4.45237075326606,4.4516977466328225,10.925554439873554,10.67595703294175,True,False
20901,5847124929156000000,585,1858,1851,1594,2000,86,84,4.321045656835555,4.319556420669249,10.859534786382653,10.638435913990472,True,False
20902,33416250000000000000,3342,6516,6241,5159,2000,729,724,6.151211070535005,6.150767022617136,12.669770888525518,12.332875731152674,True,False
20903,33915000000000000000,3392,7442,6679,5487,2000,801,794,4.964193332902653,4.9627884149014205,12.861474675125773,12.421801860469873,True,False
20904,10972500000000000000,1097,7545,6662,5593,2000,917,907,4.5576781223786185,4.555964112420278,12.881305185414046,12.44940661498558,True,False
20905,6917662500000000000,692,7331,6435,5425,2000,928,917,4.845657902364899,4.844283610641018,12.839794290202557,12.405407422219204,True,False
20906,4205018179795755156,421,7843,6599,5523,2000,1004,983,4.782437030046862,4.778455480634344,12.937189885081185,12.431236412071062,True,False
20907,81367334451776721,8,775,730,690,2000,194,194,4.355321343968314,4.355321343968315,9.5980525001616,9.430452551665532,True,False
20908,1995000000000000,0,85,0,0,0,0,0,0.0,0.0,6.409390936137702,0,False,True
20909,101420006660774873578,10142,7092,6151,4968,0,0,0,0.0,0.0,12.79197682089869,12.278449458220482,False,True
20910,7980000000000000,1,1211,342,342,342,342,342,8.417852514885897,8.417852514885897,10.24198314969433,8.417852514885897,False,False
20911,2064825000000000000,206,7409,6016,5076,2000,1017,991,4.5905232500825335,4.586335151612424,12.855063118367624,12.309476353841106,True,False
20912,128677500000000000,13,4660,3343,3026,2000,1189,1146,4.780788061110885,4.759875535358675,12.186114239541643,11.563196272216738,True,False
20913,1496250000000000,0,651,0,0,0,0,0,0.0,0.0,9.346513733165635,0,False,True
20914,30922500000000000,3,415,365,358,2000,191,191,5.671097498614964,5.671097498614962,8.696967526234287,8.483815777264256,True,False
20915,9675750000000000,1,408,149,148,149,149,148,7.219168520462162,7.2057457016702156,8.672425341971495,7.20945336562895,False,False
20916,72418500000000000000,7242,7679,6925,5703,2000,805,799,5.312240223189293,5.311742549829308,12.906702732460797,12.477505317369708,True,False
20917,1995000000000000000,200,8015,6422,5398,2000,1225,1181,4.742892877863321,4.736596976092345,12.96848680504191,12.398209261466851,True,False
20918,5985000000000000000,599,9092,7530,6185,2000,1226,1184,4.8340716975142515,4.829376864058973,13.150381968817848,12.594557879863732,True,False
20919,1197000000000000000,120,1313,1297,1097,2000,97,96,4.26184346793189,4.26085415661467,10.358651200892886,10.099347810403193,True,False
20920,1582033243600430,0,573,0,0,0,0,0,0.0,0.0,9.162391328756906,0,False,True
20921,997500000000000000,100,2871,2765,2346,2000,417,415,4.467173168002776,4.465980562159007,11.487337615207181,11.19598729802851,True,False
20922,4871631619134525000,487,1850,1843,1565,2000,85,84,4.3133108087462215,4.312492051580575,10.853309555403674,10.61194694181998,True,False
20923,679301353781400000,68,755,744,675,2000,80,78,4.357064816549801,4.354887528797851,9.560332834212442,9.398743691938193,True,False
20924,829999949925107214,83,5543,4547,3980,2000,969,958,4.391111990319754,4.38790716372842,12.436451292286975,11.958552715431011,True,False
20925,497503125000000,0,118,0,0,0,0,0,0.0,0.0,6.882643049361842,0,False,True
20926,37746391512870604690,3775,5361,5306,4280,2000,204,202,4.499526655110216,4.494862571109042,12.388286419762647,12.06339508128851,True,False
20927,15799311520020000,2,38,18,18,122,18,18,4.044260993695898,4.044260993695898,5.247927513443585,4.169925001442312,False,False
20928,2094750000000000000,209,1103,1096,969,2000,71,70,4.5580455873845205,4.557167185812065,10.107217075591382,9.92035285541508,True,False
20929,6961360933642976018,696,1872,1860,1550,2000,66,66,4.233592098827773,4.233592098827772,10.870364719583405,10.5980525001616,True,False
20930,116504376448429617,12,1039,985,909,2000,199,198,4.419446648319754,4.417670501494571,10.020979938904212,9.828136484194108,True,False
20931,11947664019552064781,1195,4518,4452,3592,2000,205,204,4.676877119851662,4.676189512412998,12.141468555393084,11.810571634741146,True,False
20932,85070400054484384409,8507,8696,7726,6477,2000,984,973,5.712041064733043,5.711531351631082,13.086136225027309,12.66111002874366,True,False
20933,116086961360382638563,11609,6644,6419,5326,0,0,0,0.0,0.0,12.697836357962377,12.378836713210614,False,True
20934,20800071759553113935,2080,7228,6463,5314,2000,805,799,5.127543775092135,5.126950368811415,12.8193807908646,12.375582512490507,True,False
20935,310891000000000000,31,4304,3285,2893,2000,942,903,4.781674408374371,4.758067944056538,12.071462362556623,11.4983506079296,True,False
20936,119709585023201519,12,4832,3364,3047,2000,1240,1196,4.394825307497399,4.382256689522638,12.238404739325079,11.573173784686485,True,False
20937,470047666976636783,47,1455,1402,1165,2000,149,149,4.338401623818804,4.338401623818804,10.506803437795647,10.186114239541643,True,False
20938,90174000000000000000,9017,4700,4133,3342,2000,604,585,5.6833564714426785,5.679919541559773,12.198445041452363,11.706496018061188,True,False
20939,2992500000000000000,299,3761,3217,2683,2000,563,544,4.607051566392621,4.596370132466183,11.876900591040306,11.389631339260522,True,False
20940,61545750000000000,6,1504,1040,970,2000,466,455,4.761130524493573,4.747205521813031,10.554588851677638,9.92184093707449,True,False
20941,1985025000000000000,199,1119,1107,970,2000,71,71,4.291466741316245,4.2914667413162455,10.127994320976393,9.92184093707449,True,False
20942,119201847238506498,12,4689,3191,2899,2000,1181,1141,4.3953855215132105,4.384017216061583,12.19506456372082,11.501339618061397,True,False
20943,106761839971702685,11,4711,3168,2884,2000,1205,1165,4.548456882870672,4.532965948478275,12.20181761666792,11.493855449240822,True,False
20944,80096192117579454,8,4296,2795,2552,2000,1245,1202,4.600009471989817,4.583479273065564,12.068778277985412,11.31741261376487,True,False
20945,109554112800526833,11,4681,3281,2978,2000,1227,1184,4.551497304082503,4.534894316936954,12.192601049711953,11.5401280385821,True,False
20946,1537006172051567,0,532,0,0,0,0,0,0.0,0.0,9.055282435501189,0,False,True
20947,1981671135027993446,198,2969,2901,2374,2000,199,198,4.5956488824942126,4.594847396101264,11.535761377986656,11.213104219641906,True,False
20948,45179808431024458,5,3748,2249,2080,2000,1247,1204,4.790487765136588,4.770159804274714,11.871905237659186,11.022367813028454,True,False
20949,2785860998211934,0,831,0,0,0,0,0,0.0,0.0,9.698704666770345,0,False,True
20950,3509018863134553002,351,3517,3448,2769,2000,194,193,4.505595456326265,4.504572612821322,11.780129619625306,11.43514933836693,True,False
20951,120000000000000000,12,1075,1008,904,2000,189,188,4.386915411153254,4.384913075094518,10.070120944476823,9.820178962415188,True,False
20952,19950000000000000,2,2016,1063,1016,2000,887,853,6.577932664271326,6.536887354439653,10.977279923499916,9.988684686772165,True,False
20953,19451250000000000,2,1912,996,951,2000,843,810,6.575486606610688,6.534655091919653,10.900866807980748,9.893301530860564,True,False
20954,8967525000000000000,897,6013,5160,4202,2000,829,795,5.24153205353374,5.236070610297542,12.553869243196068,12.036860446673046,True,False
20955,611533295987073,0,58,0,0,0,0,0,0.0,0.0,5.857980995127572,0,False,True
20956,1230468138150441047,123,4346,4040,3433,2000,727,722,4.695237558352632,4.693292253365258,12.085472459181283,11.745254141957256,True,False
20957,85981638721741598,9,4378,2782,2546,2000,1216,1172,4.441788019803925,4.42764924269775,12.096056239180946,11.314016703901357,True,False
20958,76329857578680604,8,3319,2191,2085,2000,964,948,4.771820045177507,4.762097909616122,11.6965329140783,11.025831668332026,True,False
20959,710706646514930873,71,3409,2775,2396,2000,630,610,4.5269894153720545,4.51520142662452,11.735132884139947,11.226412192788786,True,False
20960,1411741090328906326,141,2767,2718,2239,2000,209,209,4.396838427377355,4.3968384273773555,11.434106928609955,11.128638812852598,True,False
20961,13259066539143171853,1326,6973,6210,5116,2000,800,793,4.829852424066457,4.828132833076512,12.767563766286798,12.320800548881637,True,False
20962,30727059015939737022,3073,7349,6584,5402,2000,806,800,5.166173093802675,5.165601698906985,12.843332236217577,12.399277924508967,True,False
20963,760746625327635909,76,6164,4771,4156,2000,1013,985,4.456120095063723,4.446159962872598,12.589651146514786,12.020979938904212,True,False
20964,1950008511942741390,195,1275,1262,1105,2000,92,90,4.571184100128026,4.570187424795855,10.31628153174622,10.109830654278793,True,False
20965,102830957115806644989,10283,10005,8389,6890,0,0,0,0.0,0.0,13.288433546793103,12.750288267591653,False,True
20966,604345471095780176,60,2920,2395,2076,2000,554,535,4.603718210982384,4.587199571402718,11.51175265376738,11.019590728357882,True,False
20967,867825000000000000,87,4067,3694,3197,2000,743,738,4.4614575653067945,4.459282310653777,11.989749275462133,11.64250302878052,True,False
20968,4987500000000000,0,407,0,0,0,0,0,0.0,0.0,8.668884984266247,0,False,True
20969,31911887160485644190,3191,3590,3564,2931,2000,155,153,5.315796516184281,5.279779407552557,11.809768128710413,11.51717725268954,True,False
20970,3050049888738803987,305,3452,3393,2753,2000,200,199,4.409908373855327,4.408646471824811,11.753216749178955,11.42678889459556,True,False
20971,2789718488740065107,279,3202,2731,2286,2000,475,463,4.447986386807213,4.440445259336709,11.644757592516257,11.158609688214478,True,False
20972,49451557944285000,5,1849,1218,1133,2000,621,603,4.985683663628305,4.967661524063333,10.852529509404196,10.145932145820515,True,False
20973,1707494657496969407,171,7820,6341,5291,2000,1250,1206,4.697494849088233,4.692225994121541,12.932952892194715,12.36932470240734,True,False
20974,490905285102288649,49,2838,2282,1979,2000,562,544,4.385512920999387,4.373609902861183,11.470658874060552,10.950555897047511,True,False
20975,93515625000000000,9,3317,2276,2084,2000,976,936,5.027952476168579,5.005218818465082,11.695663296788021,11.025139562278508,True,False
20976,11970000000000000,1,959,459,444,459,459,444,8.842350343413807,8.767482090741474,9.905387005018131,8.794415866350105,False,False
20977,10025062656641604,1,657,313,310,313,313,310,8.290018846932618,8.270849517859137,9.35974956032233,8.276124405274238,False,False
20978,30835266155017758,3,37,35,35,643,35,35,4.392129440771476,4.392129440771475,5.20945336562895,5.129283016944966,False,False
20979,85727326709602677763,8573,10028,8528,6865,2000,1265,1222,5.123229321741447,5.1199454005269835,13.291746280833939,12.745044005034464,True,False
20980,8928379866804979,1,1864,494,486,494,494,486,8.948367231584676,8.911929984621114,10.86418614465428,8.92481250360578,False,False
20981,5146632082975312813,515,1932,1925,1622,2000,94,93,4.685490785861372,4.6850502942221155,10.915879378835774,10.663558104217273,True,False
20982,9965025000000000000,997,4324,4258,3436,2000,197,196,4.3692620220864695,4.367870409713771,12.07815080773465,11.746514321138463,True,False
20983,11668755000000000000,1167,5328,4604,3733,2000,730,704,5.411322182157944,5.406817974299624,12.379378367071261,11.86611979330307,True,False
20984,3474706206718073673,347,8580,7066,5862,2000,1251,1210,5.1292408304739014,5.125559386334656,13.066761932386909,12.51717725268954,True,False
20985,254289665173992952599,25429,9861,8298,6799,0,0,0,0.0,0.0,13.267518241801467,12.731106854388033,False,True
20986,968143019145230261,97,2719,2618,2229,2000,384,382,4.392755328497354,4.391481198923674,11.40886043602476,11.122180901259753,True,False
20987,36309000000000000,4,664,446,426,2000,261,257,5.223330529539958,5.2126478388372375,9.375039431346925,8.734709620225837,True,False
20988,304255041418620451,30,830,807,682,2000,116,115,4.487656046664395,4.4869814848683,9.696967526234287,9.413627929024173,True,False
20989,9107835889952366929,911,1998,1985,1664,2000,67,67,4.374340765381929,4.374340765381929,10.964340867792417,10.700439718141093,True,False
20990,10032307037465685000,1003,289,259,247,2000,72,72,5.3004140563367805,5.30041405633678,8.174925682500678,7.948367231584678,True,False
20991,240534745792899231,24,1420,1367,1210,2000,191,190,4.5671310946227415,4.5648451428355425,10.471675214392045,10.240791332161956,True,False
20992,1007813723483896464,101,3217,3062,2607,2000,458,456,5.5567037679812445,5.553291126469963,11.65150022065274,11.348174867535556,True,False
20993,2199448788470193357,220,4257,4039,3418,2000,620,618,4.510894011588634,4.5103939699184945,12.055621374781708,11.73893668167614,True,False
20994,1680550539355822456,168,4160,3923,3330,2000,650,647,4.610169816298911,4.609438822146864,12.022367813028454,11.701306461958625,True,False
20995,2579620987333382583,258,1332,1320,1136,2000,69,68,4.326176403427276,4.267424610126679,10.379378367071261,10.149747119504681,True,False
20996,13982129103535445734,1398,9570,8043,6534,2000,1244,1202,5.167619107902408,5.164510710169963,13.224303209373389,12.673750739438063,True,False
20997,84740651047872396,8,4144,2647,2432,2000,1179,1139,4.437006904936364,4.423748618703404,12.016808287686555,11.247927513443585,True,False
20998,54878010909941848066,5488,10128,8531,6888,2000,1262,1214,6.049935469638865,6.047125776172415,13.306061689428342,12.749869427396844,True,False
20999,2415722173763039,0,27,0,0,0,0,0,0.0,0.0,4.754887502163468,0,False,True
21000,1193891427117165,0,334,0,0,0,0,0,0.0,0.0,8.383704292474052,0,False,True
21001,33524958810314724364,3352,1894,1890,1639,2000,75,73,4.89189310858095,4.890609645226814,10.887220615468385,10.678600139099458,True,False
21002,2250509128222920844,225,8262,6728,5645,2000,1209,1169,4.8781248577599055,4.873258403722196,13.01227534485612,12.462757865660363,True,False
21003,630133828420176927,63,6136,4623,4030,2000,976,947,4.529838390628956,4.5236188323320015,12.583082767502933,11.97656412341533,True,False
21004,370670545935351923,37,6053,4535,3978,2000,1227,1186,4.561443903738606,4.550666529352217,12.563434635710198,11.957827560833744,True,False
21005,124687500000000000,12,3312,2384,2163,2000,860,826,5.3265479800973905,5.300326565080818,11.693486957499326,11.078817949961978,True,False
21006,164130151657736117,16,2708,2012,1815,2000,672,651,4.41407297898794,4.402478948486163,11.403012023574997,10.825753832883112,True,False
21007,6845920649347709736,685,9197,7589,6226,2000,1224,1178,4.833998170274631,4.828911779917148,13.166947625077155,12.604089861469179,True,False
21008,62842500000000000,6,4157,2543,2349,2000,1213,1172,6.132672204069498,6.1011220716974375,12.021327032624372,11.197830998012197,True,False
21009,939733846815764528,94,858,851,777,2000,89,87,4.356316265027855,4.355148912662964,9.744833837499545,9.60177078840771,True,False
21010,333435931615769302,33,601,594,564,2000,87,85,4.2516693629392135,4.2499268495313425,9.231221180711186,9.139551352398794,True,False
21011,739706768432247491,74,4435,3666,3206,2000,795,789,4.694072228159843,4.693108017129458,12.114718389188425,11.646558710154547,True,False
21012,73962627547018847,7,387,275,265,2000,122,122,4.4397082018883856,4.4397082018883856,8.59618975614441,8.049848549450562,True,False
21013,12954532500000000000,1295,5011,4892,4014,2000,432,430,4.692222318238132,4.691588905728234,12.290882822429577,11.970824901362617,True,False
21014,1097250000000000000,110,1049,1036,898,2000,89,87,4.380372343318516,4.378988175592964,10.034798962577268,9.810571634741146,True,False
21015,136751154421140607,14,4478,2915,2635,2000,960,929,4.530474739448457,4.517525085373517,12.128638812852598,11.363587246524578,True,False
21016,221587928109536197,22,5491,3996,3557,2000,1240,1200,4.789092308751658,4.770299971698204,12.422853195944265,11.79644525906185,True,False
21017,980322550708688370,98,6519,5081,4397,2000,1029,1000,4.7795539517700405,4.775857262043254,12.670434959902439,12.102303817212647,True,False
21018,5536125000000000000,554,9035,7466,6165,2000,1230,1190,5.171237713064249,5.167042891406897,13.141308885751961,12.589885179290201,True,False
21019,19950000000000000,2,301,237,235,2000,190,189,6.41313954912157,6.407638173777734,8.233619676759702,7.876516946564999,True,False
21020,199500000000000000,20,3384,2582,2383,2000,830,821,4.435993773409352,4.433606985378708,11.72451385311995,11.21856323619027,True,False
21021,232243706392959023,23,479,468,446,2000,74,73,4.299285208393407,4.298057368286607,8.90388184573618,8.800899899920305,True,False
21022,180088697642220309,18,1878,1704,1573,2000,503,501,4.560395844904778,4.559482915542686,10.874981347653774,10.619302955415687,True,False
21023,7919231763656535,1,1892,406,397,406,406,397,8.66533591718518,8.616074833441338,10.885696373339394,8.632995197142957,False,False
21024,402990000000000000,40,4426,3431,3002,2000,918,881,4.485088717421757,4.470624371300873,12.11178773580101,11.55170826162069,True,False
21025,29925000000000000,3,2386,1413,1331,2000,897,862,6.530748724398444,6.491125348428557,11.220378327695228,10.378294855911891,True,False
21026,4783012500000000000,478,7484,6327,5179,2000,1069,1027,4.6964332692765405,4.687017927865906,12.869593843240784,12.338457843130849,True,False
21027,1568271554783114791,157,4761,3952,3343,2000,773,743,4.5088028135771925,4.496133397340774,12.217048913556338,11.706927639617403,True,False
21028,23925223465928376020,2393,276,248,239,2000,94,94,6.215674464280688,6.2156744642806885,8.108524456778168,7.900866807980749,True,False
21029,4996908501524793049,500,93,87,87,2000,34,34,4.615613339976234,4.615613339976233,6.539158811108031,6.442943495848728,True,False
21030,913974673121177666,91,5351,4454,3896,2000,914,902,4.4726934871456985,4.4686858450883715,12.385592813601363,11.927777962082342,True,False
21031,29601810000000,0,44,0,0,0,0,0,0.0,0.0,5.459431618637297,0,False,True
21032,991419224264892261,99,7100,5586,4785,2000,1247,1205,4.7894581630488124,4.781841419836434,12.793603309279407,12.224303209373389,True,False
21033,475173617349850178,48,652,641,593,2000,81,80,4.308010526082076,4.30708251322714,9.348728154231077,9.211888294546004,True,False
21034,237049147250973152,24,2248,2046,1871,2000,589,587,4.55211438785402,4.551575864178211,11.134426320220927,10.869593843240784,True,False
21035,235790000000000000000,23579,8071,7234,6047,0,0,0,0.0,0.0,12.978531719709377,12.562003863651553,False,True
21036,232033283936314665822,23203,8197,7342,6144,0,0,0,0.0,0.0,13.00088028255882,12.584962500721156,False,True
21037,541073925000000000,54,2712,2212,1922,2000,525,507,4.443196568721834,4.433871443925344,11.405141463136344,10.90839262077375,True,False
21038,1995000000000000,0,852,0,0,0,0,0,0.0,0.0,9.734709620225837,0,False,True
21039,19805980954728485511,1981,2382,2371,1942,2000,92,91,4.996296168100293,4.995871036732025,11.217957697864113,10.923327485419192,True,False
21040,11078994122757641361,1108,4791,4692,3845,2000,404,402,5.597169501122643,5.596299750746824,12.226111098132389,11.908767882849189,True,False
21041,48510412417338993,5,62,59,58,2000,46,46,4.4133242787704825,4.413324278770482,5.954196310386875,5.857980995127572,True,False
21042,178497637500000000000,17850,5491,5423,4371,0,0,0,0.0,0.0,12.422853195944265,12.093747662785669,False,True
21043,491878148879602283,49,6293,4764,4167,2000,1200,1160,4.3908147352930555,4.379983948251928,12.619532227572051,12.024793384702548,True,False
21044,6982170076737403558,698,7144,6077,4953,2000,1008,967,5.132125195386646,5.125091928376263,12.802516365121223,12.274086905634414,True,False
21045,9975000000000000,1,721,362,362,362,362,362,8.499845887083207,8.499845887083207,9.493855449240822,8.499845887083206,False,False
21046,90824367083896815655,9082,6917,6640,5496,2000,759,754,6.322511852022586,6.32212286652401,12.755930741084399,12.4241662888181,True,False
21047,3963608313177829960,396,815,812,719,2000,51,51,4.315405679775264,4.315405679775264,9.67065624911844,9.489847960439297,True,False
21048,2971210498230428485,297,921,916,830,2000,57,57,4.196839273753545,4.196839273753544,9.847057346091336,9.696967526234287,True,False
21049,2981962048244364739,298,1164,1160,1050,2000,68,65,4.456196753262587,4.426205181860243,10.184875342908283,10.036173612553485,True,False
21050,3917200931528895886,392,1670,1663,1429,2000,92,90,4.4677754699307135,4.46670719944494,10.705632387361415,10.480790201095816,True,False
21051,2959330381321617819,296,1451,1444,1232,2000,78,77,4.367493355713909,4.366828619585671,10.502831804066744,10.266786540694902,True,False
21052,990517500000000000,99,4711,3957,3411,2000,780,774,4.435104749416585,4.432533091392559,12.20181761666792,11.735979039613404,True,False
21053,388771751685074989,39,4503,3481,3059,2000,954,915,4.436739497053484,4.421186118157469,12.136670762341845,11.578844391558203,True,False
21054,148029438306063311,15,4387,3165,2851,2000,1100,1059,4.5319611165506934,4.515109082000837,12.09901899101923,11.477252323937952,True,False
21055,32746390910961499,3,2309,1417,1328,2000,836,803,6.456178982688042,6.418504301004508,11.173052457774116,10.375039431346925,True,False
21056,114712500000000000,11,174,139,134,2000,64,64,4.611945218568923,4.611945218568923,7.442943495848728,7.066089190457772,True,False
21057,9006422910177910064,901,8728,7191,5949,2000,972,943,4.467542184833247,4.459870929574823,13.091435386323607,12.538431462950005,True,False
21058,53725509468858736,5,3924,2386,2210,2000,1201,1161,4.548482230962209,4.5326779073010695,11.938109326219239,11.109830654278793,True,False
21059,4461152882205513784,446,3758,3718,2998,2000,209,209,4.358517119096877,4.358517119096877,11.875749351420055,11.54978466794786,True,False
21060,8521303258145363408,852,4175,4131,3320,2000,224,224,5.081115085535672,5.081115085535673,12.027560482248777,11.696967526234287,True,False
21061,2338130307042068737,234,6667,5552,4612,2000,1033,992,4.638796647894636,4.629092280884952,12.702822011777029,12.171176797651771,True,False
21062,2353404499550724848,235,4328,3654,3056,2000,667,645,4.689690669767309,4.680886129603785,12.079484783826816,11.57742882803575,True,False
21063,6509734162212103830,651,3683,3619,2901,2000,187,185,4.771682879512105,4.770812177514534,11.846665681899738,11.502334580197997,True,False
21064,19930050000000000000,1993,9249,7778,6406,2000,1028,997,5.441547020416222,5.406904569014533,13.17508167482833,12.645208082774683,True,False
21065,6982085744526304198,698,9159,7545,6197,2000,1231,1189,5.089289348034615,5.086212255522273,13.160974374927935,12.59735425297161,True,False
21066,3412486682692371778,341,6222,5390,4553,2000,854,844,4.603478961486199,4.601642502616629,12.603162679534382,12.152601744019199,True,False
21067,59217688663861158,6,2277,1542,1428,2000,713,688,4.755360735017346,4.73635080994254,11.152918576136623,10.479780264029099,True,False
21068,2271907876158326126,227,7190,5973,4953,2000,1099,1056,4.587632817721749,4.576214759182134,12.81177605532666,12.274086905634414,True,False
21069,32619732365395593924,3262,4784,4720,3823,2000,199,196,5.336661408948635,5.334472834339621,12.224001674198105,11.90048948483465,True,False
21070,7692591861174938,1,1981,394,386,394,394,386,8.622051819456374,8.576366540268555,10.952013164889486,8.59245703726808,False,False
21071,1994542424864072420,199,6301,5218,4357,2000,1003,963,4.3747162769744925,4.362989969126216,12.621365094314863,12.089119397915168,True,False
21072,14885017966992128,1,1455,712,686,712,712,686,9.475733430966397,9.393760779313869,10.506803437795647,9.422064766172813,False,False
21073,696461649166485982,70,407,346,324,2000,106,106,4.432579192892751,4.432579192892751,8.668884984266247,8.339850002884624,True,False
21074,10673250000000000000,1067,9471,7903,6472,2000,1235,1194,5.205098150778506,5.200704594163488,13.209301046034142,12.659995892429977,True,False
21075,129675000000000000,13,4932,3343,3041,2000,1213,1173,4.441097568085356,4.428436897186527,12.26795708440284,11.570330101030798,True,False
21076,49875000000000000,5,3386,1941,1841,2000,1023,994,4.745394605198166,4.728913792804052,11.725366257895642,10.846273911349906,True,False
21077,75589022377676547268,7559,10238,8630,6988,2000,1248,1204,5.84187701049984,5.839642832086911,13.321646290991382,12.77066389291676,True,False
21078,3538621226337681,0,1460,0,0,0,0,0,0.0,0.0,10.51175265376738,0,False,True
21079,3267242189148773743,327,2278,2254,1835,2000,134,133,4.390401350916255,4.390063466033628,11.153552031708111,10.841564347730575,True,False
21080,48133209499107845,5,540,495,481,2000,193,193,4.491204982937781,4.49120498293778,9.076815597050832,8.909893083770042,True,False
21081,64234108102324529,6,701,658,633,2000,201,201,4.715715950751783,4.7157159507517825,9.453270634010623,9.306061689428342,True,False
21082,6202987237361775000,620,4610,4457,3701,2000,468,466,4.814001880631366,4.813441081374213,12.1705510353167,11.85369942030022,True,False
21083,871066373975521161,87,6425,4923,4261,2000,967,938,4.46791266215712,4.461233587971616,12.649480738968602,12.05697633617822,True,False
21084,2214450000000000000,221,1684,1668,1403,2000,112,111,4.600056497019759,4.599528271103342,10.717676423066395,10.454299293619899,True,False
21085,381045000000000000,38,4564,3528,3100,2000,975,934,4.615399403519607,4.5986110215682245,12.156083076288681,11.5980525001616,True,False
21086,548611187931287905,55,609,598,550,2000,57,57,4.242744565850832,4.242744565850832,9.250298417906333,9.103287808412022,True,False
21087,17952251349499375533,1795,9672,8154,6610,2000,1244,1203,5.313576338069287,5.309737374056411,13.239598529249124,12.690434556395054,True,False
21088,741854636591478696,74,2220,2166,1800,2000,201,199,4.353059581700077,4.3513728485917005,11.116343961237469,10.813781191217037,True,False
21089,24469721033337930,2,372,304,300,2000,186,185,6.425600582439515,6.4195900640323025,8.539158811108031,8.228818690495881,True,False
21090,1350453366146470512,135,3834,3616,3087,2000,623,621,4.601136178048046,4.600707499449825,11.904634621668151,11.591989767615125,True,False
21091,799448683198504163,80,4356,3715,3221,2000,766,760,5.281696282605553,5.276219577659351,12.088788238716907,11.653292945382814,True,False
21092,99749626557512940297,9975,9861,8500,6828,2000,1255,1210,5.765683567215563,5.763600921178039,13.267518241801467,12.737247343027738,True,False
21093,56303665996406535,6,1371,1167,1143,2000,590,588,5.2785223579191545,5.276522357919154,10.421012855779226,10.158609688214478,True,False
21094,279177273709157598383,27918,5910,5818,4762,0,0,0,0.0,0.0,12.528942415064895,12.217351905270334,False,True
21095,199499087387795299136,19950,9827,8395,6922,0,0,0,0.0,0.0,13.262535340526282,12.756973226165448,False,True
21096,7032443888188666,1,940,216,214,216,216,214,7.7548875021634665,7.732874134097894,9.876516946565,7.741466986401147,False,False
21097,88100261558047037,9,2295,1597,1465,2000,674,652,4.8511030155049,4.835609746687007,11.16427843830117,10.51668494930961,True,False
21098,1298781124944850124,130,4037,3356,2844,2000,666,644,4.393987918736585,4.3846077108649,11.97906787148051,11.473705749619416,True,False
21099,979534752995127676,98,2300,2233,1825,2000,194,193,4.556388600686647,4.555433186673908,11.167418145831737,10.833680748654741,True,False
21100,4375457550608350427,438,8798,7277,6008,2000,1234,1194,4.460105951774077,4.451166087891523,13.102959885910124,12.552669097514272,True,False
21101,61575196281797161,6,2301,1566,1448,2000,713,688,4.755360735017346,4.73635080994254,11.16804526822409,10.499845887083206,True,False
21102,19000000000000000,2,2355,1216,1165,2000,1036,997,6.498247610255991,6.456554923095901,11.201511344500146,10.186114239541643,True,False
21103,24617844626582365115,2462,2569,2557,2152,2000,89,87,4.5625066549195346,4.561525959694794,11.326991174900817,11.071462362556623,True,False
21104,15676710000000000000,1568,7217,6189,5012,2000,983,943,5.411516226047066,5.406975328927101,12.817183539425713,12.29117069932186,True,False
21105,12723780461824755539,1272,1591,1587,1403,2000,77,74,4.930069218532359,4.852547870974841,10.635718120331047,10.454299293619899,True,False
21106,130184474625790842152,13018,5531,5463,4389,0,0,0,0.0,0.0,12.433324626715926,12.099676554859643,False,True
21107,867800794716361432,87,302,265,252,2000,79,79,4.662861230997284,4.662861230997284,8.238404739325079,7.977279923499917,True,False
21108,6195161190945129460,620,1145,1002,890,2000,175,172,4.861510148711266,4.859401873731971,10.161131882984307,9.79766152585376,True,False
21109,13965000000000000,1,987,488,473,488,488,473,8.930737337562887,8.861865123475926,9.946906274456397,8.885696373339394,False,False
21110,61795709455200000,6,142,138,133,2000,65,63,4.480695626594526,4.476581275327442,7.149747119504682,7.05528243550119,True,False
21111,47135898792089072369,4714,8681,7688,6445,2000,1012,1002,6.091864109928505,6.091523653653736,13.083645526864412,12.653964643249013,True,False
21112,20402106065711755,2,2117,1171,1122,2000,880,846,6.578354982072409,6.5373096722407364,11.047805554007589,10.131856960608793,True,False
21113,409020583191798139,41,2819,2251,1956,2000,580,562,4.388995474563216,4.377170680301732,11.460967762570421,10.933690654952233,True,False
21114,209407465434059176651,20941,2920,2909,2409,0,0,0,0.0,0.0,11.51175265376738,11.23421867823847,False,True
21115,99750000000000000,10,596,434,406,2000,187,183,4.828309889457682,4.815882694066991,9.219168520462162,8.665335917185176,True,False
21116,1099851692949336737,110,4917,4239,3598,2000,783,777,4.693331027424694,4.692340105363927,12.263562639820615,11.812979471251483,True,False
21117,438900000000000000,44,4003,3238,2867,2000,790,784,4.469010332967054,4.467607652921036,11.966865900387539,11.485326189240524,True,False
21118,299250000000000000,30,27,26,26,1228,26,26,4.163106506236444,4.163106506236445,4.754887502163468,4.700439718141092,False,False
21119,5077171611120000000,508,1917,1910,1611,2000,91,90,4.586182989944904,4.585655098478696,10.904634621668151,10.653740778706569,True,False
21120,72219000000000000000,7222,4915,4852,3949,2000,187,186,4.992581101788775,4.991994624198895,12.262975701227942,11.947271652460348,True,False
21121,32688075000000000000,3269,4692,4629,3765,2000,198,196,5.265973603986902,5.265453563103871,12.19598729802851,11.87843414955929,True,False
21122,600000000000000000,60,1685,1415,1243,2000,335,328,4.551380563975498,4.545079687433328,10.71853287606922,10.279610581052484,True,False
21123,139650000000000000,14,1155,1085,966,2000,191,190,4.365856620871164,4.364339170188312,10.17367713630342,9.915879378835774,True,False
21124,108927000000000000000,10893,10209,8716,7024,0,0,0,0.0,0.0,13.317553936686165,12.778077129535358,False,True
21125,2004271336449243873,200,4837,4051,3415,2000,755,727,4.440317487877265,4.429463904763243,12.239896822445862,11.737669863177453,True,False
21126,45790352163275847365,4579,2825,2813,2359,2000,103,101,5.564275844056202,5.561619821923398,11.464035152189913,11.203959703239462,True,False
21127,72754197971738930778,7275,5373,5305,4307,2000,209,208,5.119549790620324,5.119085016616683,12.391512122707118,12.072467608241858,True,False
21128,3393237757063474642,339,3528,3468,2805,2000,205,204,4.487996503881739,4.487079455111418,11.784634845557521,11.453785055496155,True,False
21129,63272402627805000,6,1448,1009,939,2000,446,435,4.756324881204971,4.742284874830727,10.499845887083206,9.874981347653774,True,False
21130,487891418899666661,49,4077,3220,2805,2000,817,784,4.39754192323392,4.3834733478413845,11.993292241488547,11.453785055496155,True,False
21131,40711293480439776,4,2034,1299,1213,2000,713,688,5.260013124260173,5.234659159813338,10.9901039638575,10.24436383512051,True,False
21132,2570312095050000000,257,7981,6667,5517,2000,1197,1152,4.613745688025692,4.606201005025382,12.962353808635275,12.429668265133094,True,False
21133,15897235426610295500,1590,6604,5678,4601,2000,888,852,5.478263611589027,5.473901300375376,12.689124404913258,12.167731741103244,True,False
21134,6851918780360022763,685,6191,5272,4313,2000,863,828,4.87926045893731,4.872274397441442,12.595956743943162,12.074476000734501,True,False
21135,11111905678729018205,1111,6261,5389,4375,2000,855,821,5.3480454156689685,5.3435543151755045,12.612177385880992,12.095067301607054,True,False
21136,14136460859163965561,1414,8894,7628,6158,2000,1176,1132,5.3119671640603645,5.307191808348036,13.118616689351509,12.588246152044817,True,False
21137,9975000000000000,1,2152,589,574,589,589,574,9.202123823830458,9.141666030155694,11.071462362556623,9.164906926675688,False,False
21138,2367937560453993,0,198,0,0,0,0,0,0.0,0.0,7.6293566200796095,0,False,True
21139,12213345933963693750,1221,2084,2077,1767,2000,92,90,4.679473978216995,4.678433722937132,11.025139562278508,10.787086324551616,True,False
21140,997500000000000000,100,2429,2373,1934,2000,201,200,4.5344666453745335,4.533620231093216,11.246146774635864,10.917372079476841,True,False
21141,31920000000000000000,3192,5013,4965,3973,2000,229,229,5.340480634934729,5.3404806349347265,12.291458518782344,11.956013078088098,True,False
21142,8028140935803215,1,1948,433,424,433,433,424,8.758223214726726,8.712033838283308,10.927777962082342,8.727920454563199,False,False
21143,5164566469292926865,516,8346,6847,5682,2000,980,951,4.941733275596586,4.938248644542968,13.026869205263395,12.472183116189541,True,False
21144,105735000000000000000,10574,7775,7021,5786,0,0,0,0.0,0.0,12.924626959905327,12.4983506079296,False,True
21145,115304394352661092208,11530,7797,7041,5791,0,0,0,0.0,0.0,12.928703419193356,12.499596781489753,False,True
21146,800312521603440277,80,6357,4926,4294,2000,1031,1002,4.739396702192214,4.734833953056879,12.634130373093326,12.068106475858773,True,False
21147,333449495407403611,33,1686,1626,1418,2000,252,252,4.591836876759315,4.591836876759315,10.719388820942083,10.469641817239516,True,False
21148,991116745058377952,99,6960,5564,4745,2000,1231,1188,4.738670974017432,4.732551346014322,12.76487159073609,12.212192371908472,True,False
21149,32504609839857994847,3250,1386,1226,1075,2000,192,188,4.486226686872228,4.482224685871728,10.436711542137214,10.070120944476823,True,False
21150,3485096639063131755,349,5861,5091,4284,2000,798,791,4.658690140728991,4.656603301793495,12.516931121998697,12.064742764750257,True,False
21151,9928472023809523809,993,9413,7780,6348,2000,1230,1182,4.696374035833163,4.687569104967199,13.200438879597975,12.632086412835182,True,False
21152,297108503364610468,30,1822,1730,1534,2000,349,348,4.369930085688746,4.369072942831602,10.831307243802051,10.583082767502933,True,False
21153,301307332016249499965,30131,2415,2408,1989,0,0,0,0.0,0.0,11.237807473723135,10.957827560833744,False,True
21154,3551100000000000000,355,5422,5049,4221,2000,758,753,5.275097990316712,5.274617069751831,12.404609397837712,12.04336911395769,True,False
21155,2388263781856983,0,1161,0,0,0,0,0,0.0,0.0,10.181152256865566,0,False,True
21156,2696551335475235,0,552,0,0,0,0,0,0.0,0.0,9.108524456778168,0,False,True
21157,5749590000000000000,575,9025,7439,6137,2000,1216,1174,4.833704950842033,4.828805856884546,13.139711216661896,12.58331786813751,True,False
21158,47123537341307420700,4712,10117,8509,6877,2000,1257,1212,5.983778693220477,5.982032873087453,13.30449392978285,12.747563630255119,True,False
21159,8521557256243534,1,1555,403,402,403,403,402,8.654636028527968,8.64967324937164,10.602698865017965,8.651051691178928,False,False
21160,6358497445042509679,636,9170,7584,6220,2000,1220,1177,4.435836850197822,4.426732333313255,13.162706018482417,12.602698865017965,True,False
21161,7120435828591172344,712,9157,7658,6259,2000,1255,1213,4.9664413632794275,4.96280827833393,13.160659307217383,12.61171646094388,True,False
21162,7262544855932347697,726,9159,7656,6255,2000,1251,1207,4.409953458412669,4.400808827360773,13.160974374927935,12.610794169053182,True,False
21163,11010195204784661539,1101,3505,3463,2811,2000,135,134,4.392598374325981,4.392482780752985,11.775198728897985,11.456867738380343,True,False
21164,230842443137581898,23,2335,2117,1941,2000,620,618,4.469583874605056,4.469038345669292,11.189206834597025,10.922584402713664,True,False
21165,1425549291683337870,143,2779,2710,2226,2000,194,192,4.406024580820787,4.400276763293176,11.440350119200563,11.12023787734196,True,False
21166,34269013130870015,3,3609,2020,1890,2000,1212,1170,5.297695888073556,5.2708469574185886,11.817383427897232,10.884170519108435,True,False
21167,34910964369538920200,3491,9471,8032,6625,2000,1051,1021,5.735548690651192,5.733822079231716,13.209301046034142,12.693704739225286,True,False
21168,29923146217885562242,2992,9360,7909,6495,2000,1049,1020,5.4083346693032315,5.406366774383281,13.192292814470767,12.665113810335244,True,False
21169,60472587979555397529,6047,9545,8046,6591,2000,1016,986,6.324227655067593,6.306773684259622,13.2205294822913,12.686281655144432,True,False
21170,3621779806367245,0,1372,0,0,0,0,0,0.0,0.0,10.422064766172813,0,False,True
21171,2229271082953735646,223,5555,4784,4046,2000,800,792,4.694588558602519,4.691723364361809,12.439571196276454,11.982280604558284,True,False
21172,14962500000000000,1,2158,989,972,989,989,972,9.949826710759112,9.91239541651376,11.075479149488016,9.92481250360578,False,False
21173,97196857643249855653,9720,2750,2739,2220,2000,102,101,5.319784590509896,5.319565195630886,11.425215903299383,11.116343961237469,True,False
21174,1995000000000000,0,495,0,0,0,0,0,0.0,0.0,8.951284714966972,0,False,True
21175,2012265312808307,0,565,0,0,0,0,0,0.0,0.0,9.14210705730255,0,False,True
21176,11246622370044378671,1125,4642,4588,3677,2000,208,207,4.680726355936267,4.680067204267625,12.180530807344482,11.844313461203296,True,False
21177,243354536447300396,24,1864,1740,1573,2000,426,424,4.418713751406822,4.4177134513167955,10.86418614465428,10.619302955415687,True,False
21178,506295468742762551,51,3053,2822,2485,2000,639,636,4.430082789386654,4.429082339184063,11.57601187420678,11.279030136449649,True,False
21179,222897621533455087,22,3451,2694,2461,2000,782,776,4.393294271991747,4.391090046175753,11.752798758435516,11.26502894245816,True,False
21180,438968125265461384752,43897,5849,5769,4687,0,0,0,0.0,0.0,12.513974273740658,12.194449079479025,False,True
21181,7810425000000000000,781,5598,5323,4435,2000,708,703,4.780540883523358,4.779023020299024,12.450695771572915,12.114718389188425,True,False
21182,2593500000000000000,259,3725,3623,3037,2000,414,412,4.684584673878455,4.683959673878454,11.863024710236886,11.56843119316746,True,False
21183,8286777320599921091,829,3982,3915,3128,2000,194,192,4.676123096334068,4.675147724985843,11.959277505720502,11.611024797307353,True,False
21184,987967054285084409,99,2400,2355,1934,2000,202,202,4.5689605844226095,4.568960584422609,11.228818690495881,10.917372079476841,True,False
21185,941864109259666,0,245,0,0,0,0,0,0.0,0.0,7.936637939002571,0,False,True
21186,233022494325294472,23,1414,1359,1200,2000,197,195,4.712716132739437,4.701364054384412,10.4655664048094,10.228818690495881,True,False
21187,224437500000000000,22,3009,2285,2039,2000,708,684,4.625927000949139,4.613388746107502,11.555068391333338,10.993646060016596,True,False
21188,5845179675445808958,585,3533,3470,2808,2000,188,186,4.814947184947384,4.8141259236587075,11.786678033890652,11.45532722030456,True,False
21189,997500000000000000,100,7071,5576,4782,2000,1183,1143,4.469580555312579,4.4623484340890895,12.787698543971324,12.223398414711628,True,False
21190,775057500000000000,78,6908,5355,4601,2000,1224,1182,4.43626337911937,4.428331228134917,12.754052367528924,12.167731741103244,True,False
21191,1356600000000000000,136,7650,6130,5164,2000,1232,1192,4.742892354206703,4.738459776060163,12.901244032467376,12.33427328530719,True,False
21192,438900000000000000,44,6241,4727,4125,2000,1234,1194,4.47286427848274,4.465210229428335,12.607561496354206,12.010178404020541,True,False
21193,438900000000000000,44,6207,4710,4101,2000,1250,1207,4.590306195048037,4.58031274910531,12.599680430581166,12.001760028327217,True,False
21194,768075000000000000,77,6859,5371,4601,2000,1261,1215,4.835319606651415,4.8300340090421745,12.743782540330756,12.167731741103244,True,False
21195,438900000000000000,44,6019,4675,4075,2000,1215,1172,4.441423438712372,4.427484078685187,12.555308101401328,11.992584344005802,True,False
21196,389025000000000000,39,5194,4001,3503,2000,1080,1039,4.423631881323678,4.408011863867327,12.342630298678408,11.774375272802063,True,False
21197,598500000000000000,60,5404,4284,3695,2000,1032,993,4.439632739779477,4.427313004416954,12.399811959325685,11.851358649033513,True,False
21198,1226925000000000000,123,5936,4865,4084,2000,997,957,4.461949999516932,4.453350313513209,12.535275376620802,11.995767150877802,True,False
21199,997500000000000000,100,5288,4275,3656,2000,947,907,4.511909726873258,4.500438687387495,12.368506461507693,11.83605035505807,True,False
21200,652685197500000000,65,3945,3177,2749,2000,747,720,4.489166135110467,4.480374574182965,11.945809584900822,11.424691191512954,True,False
21201,658350000000000000,66,3176,2590,2235,2000,594,575,4.4881093873205975,4.480076331288576,11.632995197142957,11.12605911607068,True,False
21202,877800000000000000,88,3034,2510,2168,2000,554,535,4.503758747887427,4.490545113855784,11.567005370247033,11.08214904135387,True,False
21203,1007475000000000000,101,2610,2198,1872,2000,444,431,4.557938435448101,4.546057154764981,11.349834091457247,10.870364719583405,True,False
21204,548625000000000000,55,1865,1558,1364,2000,373,365,4.457352822863068,4.449373149114075,10.8649599151426,10.413627929024173,True,False
21205,3133676981109675000,313,3159,2702,2258,2000,470,457,4.689797798153171,4.680472686144306,11.625252221746873,11.140829770773001,True,False
21206,173835340551711466,17,1202,1133,1025,2000,188,187,4.528646471880955,4.526405004738825,10.231221180711186,10.001408194392809,True,False
21207,49875000000000000,5,2751,1756,1630,2000,915,879,5.102974954227495,5.0789874724669595,11.42574042431621,10.67065624911844,True,False
21208,13755018270000000000,1376,4782,4724,3794,2000,212,210,4.863870692303242,4.861033627809297,12.223398414711628,11.889503963411476,True,False
21209,1000000000000000000,100,3168,3010,2569,2000,486,484,4.8339804654689305,4.833500734118487,11.62935662007961,11.326991174900817,True,False
21210,5386500000000000000,539,4641,4478,3734,2000,493,490,4.382365689680068,4.378697064716484,12.180219982170192,11.866506212226202,True,False
21211,2094750000000000000,209,8225,6685,5614,2000,1214,1174,4.556793948017402,4.5507947165052185,13.005799963509967,12.454813348512525,True,False
21212,3499950890151213710,350,5682,4810,3984,2000,838,805,4.534340720525452,4.526105483629024,12.472183116189541,11.960001932068081,True,False
21213,4357080000000000000,436,3748,3708,2990,2000,219,219,4.865039645568658,4.865039645568659,11.871905237659186,11.545929769085467,True,False
21214,1127175000000000000,113,2667,2628,2165,2000,209,209,4.358265757356458,4.358265757356458,11.381002109550925,11.080151309614088,True,False
21215,20050125313283208,2,1833,1054,1035,2000,808,799,6.56367882444528,6.551465136202212,10.839991070539886,10.015415052386688,True,False
21216,221245371046469641,22,1244,1181,1020,2000,165,164,4.380683979398742,4.378348894751923,10.280770770130603,9.994353436858859,True,False
21217,131501208650957086,13,2491,2138,2011,2000,732,727,4.874894472904375,4.871517278034023,11.282509306240836,10.973697366305352,True,False
21218,299250000000000000,30,1558,1490,1298,2000,186,185,4.440152211998655,4.438090001996936,10.605479518061669,10.342074667999139,True,False
21219,73066875000000000000,7307,7683,6929,5704,2000,809,803,5.467318185604468,5.46688023135232,12.907454038318624,12.477758266443889,True,False
21220,28927500000000000,3,3130,1504,1430,2000,1019,989,5.243923689746397,5.220420431411623,11.61194694181998,10.481799431665753,True,False
21221,2574637076898352215,257,571,507,463,2000,105,105,4.535926019794728,4.535926019794728,9.157346935362844,8.854868383260236,True,False
21222,2402290149445114142,240,274,242,229,2000,56,56,4.5234363720621165,4.523436372062117,8.098032082960527,7.839203788096944,True,False
21223,1224018904040397,0,337,0,0,0,0,0,0.0,0.0,8.396604781181859,0,False,True
21224,986344296481152,0,246,0,0,0,0,0,0.0,0.0,7.94251450533924,0,False,True
21225,15330315865752231,2,1389,708,685,2000,657,636,6.509960239453345,6.474953942658635,10.439830883981392,9.419960177847889,True,False
21226,507922148304004159,51,5908,4467,3915,2000,1035,1006,4.733266913510614,4.729353308697943,12.52845411076479,11.934796592178403,True,False
21227,25215366839874049,3,2930,1392,1329,2000,961,932,5.281154329183206,5.25694411154786,11.51668494930961,10.376125389276174,True,False
21228,9975000000000000,1,345,213,213,213,213,213,7.734709620225836,7.734709620225836,8.430452551665532,7.734709620225838,False,False
21229,3723931422024962,0,1304,0,0,0,0,0,0.0,0.0,10.348728154231077,0,False,True
21230,887964676702496228,89,2172,2105,1700,2000,186,184,4.487769534692706,4.4846451228175965,11.084808387804362,10.731319031025064,True,False
21231,416043863066639430,42,611,605,564,2000,85,84,4.274978808912716,4.27404118291117,9.25502856981873,9.139551352398794,True,False
21232,593213834731764199,59,6115,4672,4066,2000,1064,1033,4.423221824151214,4.416219869150348,12.578136783414749,11.989394499844732,True,False
21233,89546081051700000,9,212,199,195,2000,69,68,4.342481769236544,4.33981642390547,7.727920454563199,7.60733031374961,True,False
21234,5000000000000000000,500,4931,4219,3462,2000,700,676,4.638944894875886,4.6330793357253865,12.267664537501119,11.757390009366638,True,False
21235,7169185781346225000,717,1991,1983,1702,2000,92,91,4.390274167481093,4.389571880361628,10.959277505720502,10.733015321685963,True,False
21236,3080513187676902,0,1164,0,0,0,0,0,0.0,0.0,10.184875342908283,0,False,True
21237,9598524679860382882,960,7373,6499,5457,2000,917,907,5.243749493890971,5.242928589251564,12.848036041631811,12.413892328372642,True,False
21238,28998260134264838,3,2070,1241,1212,2000,843,833,6.466367990883242,6.454462685977223,11.015415052386688,10.243173983472952,True,False
21239,2939000650226012,0,930,0,0,0,0,0,0.0,0.0,9.861086905995395,0,False,True
21240,1002445394906982634,100,4941,4021,3435,2000,855,820,4.513896228816962,4.50245122821309,12.270587340447511,11.746094383705463,True,False
21241,1157792772058434271,116,4967,4094,3462,2000,839,805,4.534865583311913,4.5264157188829115,12.278159031437237,11.757390009366638,True,False
21242,72923892457180371936,7292,8448,7301,5872,2000,1093,1051,5.935465679894138,5.93263208377261,13.044394119358454,12.519636252843213,True,False
21243,498750000000000000,50,2484,1999,1740,2000,491,477,4.415486879082064,4.405484181678391,11.278449458220482,10.76487159073609,True,False
21244,10373949152507767033,1037,3562,3099,2527,2000,489,476,5.346053224808507,5.341232862095309,11.798471801101618,11.303209948944776,True,False
21245,20049282880363067671,2005,3392,2991,2456,2000,454,441,5.475500315705954,5.4710457611456,11.727920454563199,11.262094845370179,True,False
21246,1746402340708065392,175,1512,1304,1141,2000,255,251,4.367870819844755,4.363159907425048,10.562242424221072,10.156083076288681,True,False
21247,34912500000000000,3,472,403,389,2000,188,187,5.197895122842787,5.193885767680742,8.88264304936184,8.603626344986193,True,False
21248,16781842145471007,2,2426,1209,1159,2000,1087,1047,6.521561443027714,6.4798025736954585,11.24436383512051,10.178664851006472,True,False
21249,3708423105183031,0,954,0,0,0,0,0,0.0,0.0,9.897845456005511,0,False,True
21250,2866971078865415862,287,3380,3334,2717,2000,211,211,5.077256931246984,5.077256931246985,11.722807531169547,11.407798850221974,True,False
21251,11790330300000000,1,1988,895,859,895,895,859,9.805743872151616,9.718185740334185,10.957102041562287,9.746514321138463,False,False
21252,4969031876399347,0,1537,0,0,0,0,0,0.0,0.0,10.585901449690772,0,False,True
21253,99750000000000000,10,4533,2912,2666,2000,1215,1172,5.853487384573399,5.824679607186111,12.146250445885986,11.380461065088973,True,False
21254,1421138250000000000,142,5241,4476,3792,2000,791,785,4.40556958430996,4.403855431367056,12.355626393637916,11.888743248898258,True,False
21255,3306780387723457930,331,3661,3583,2950,2000,301,301,4.959216516958912,4.959216516958912,11.838022058304546,11.526499239136566,True,False
21256,10562948908441222,1,1874,817,787,817,817,787,9.674192268145685,9.595856894828671,10.871905237659186,9.620219825507487,False,False
21257,9924812030075187969,992,9365,7743,6324,2000,1234,1191,5.313375142686542,5.3102369733000785,13.193063279130408,12.62662165235837,True,False
21258,9069699264530661,1,1117,331,326,331,331,326,8.370687406807216,8.33443363037217,10.125413470483315,8.348728154231077,False,False
21259,30814981948800000,3,104,91,90,2000,69,68,5.075812485823075,5.072279084854992,6.700439718141092,6.491853096329675,True,False
21260,4988683833331707,0,1071,0,0,0,0,0,0.0,0.0,10.064742764750257,0,False,True
21261,695257500000000000,70,3912,3159,2730,2000,739,711,4.524945335077049,4.51200988425842,11.933690654952233,11.414685235807214,True,False
21262,6435072000000000000,644,7460,6511,5489,2000,954,943,5.2779263640817335,5.27717878486553,12.8649599151426,12.422327623974558,True,False
21263,11760525000000000000,1176,7960,6992,5868,2000,969,958,5.311527697345835,5.310757341268271,12.958552715431011,12.51865315567339,True,False
21264,6233371353613176224,623,5031,4823,4038,2000,617,614,4.611373193420794,4.610803311325418,12.296629474285503,11.979425195331473,True,False
21265,997500000000000,0,552,0,0,0,0,0,0.0,0.0,9.108524456778168,0,False,True
21266,41396250000000000000,4140,10005,8472,6849,2000,1275,1232,6.006373821312697,6.003988371191979,13.288433546793103,12.741677644945858,True,False
21267,5982824904769762547,598,3968,3908,3133,2000,206,205,4.444860500278554,4.443859681426766,11.954196310386875,11.613329054371054,True,False
21268,19792735151210700000,1979,2409,2397,2022,2000,81,80,4.986348675808964,4.942331908784484,11.23421867823847,10.981567281903015,True,False
21269,11966387766647667,1,923,436,424,436,436,424,8.768184324776929,8.70485946130345,9.850186837645774,8.727920454563199,False,False
21270,24877930063932793034,2488,2415,2403,2003,2000,78,78,4.801843314628067,4.801843314628065,11.237807473723135,10.967946705812707,True,False
21271,8141549264192706575,814,1953,1941,1621,2000,76,75,4.557346230143609,4.556936301354651,10.93147623388679,10.662668375517542,True,False
21272,79747536660857069729,7975,3015,3003,2506,2000,102,100,5.231986215023687,5.231491628001974,11.557942286787448,11.29117069932186,True,False
21273,222130458812841572127,22213,4911,4852,3946,0,0,0,0.0,0.0,12.261801107195309,11.946175240723559,False,True
21274,200501253132832080,20,4677,3289,2965,2000,1009,983,4.370797142021448,4.363465285523844,12.191367713418941,11.533816389433365,True,False
21275,957735152460169451,96,1681,1644,1344,2000,126,126,4.326735018366781,4.326735018366783,10.715104009236168,10.39231742277876,True,False
21276,48850254339306058722,4885,4682,4620,3757,2000,176,175,4.948588951007436,4.947434969922989,12.192909219112012,11.87536540064177,True,False
21277,49875000000000000000,4988,4958,4894,3961,2000,204,202,5.409134268289487,5.408667648699116,12.275542556086723,11.951648985904619,True,False
21278,39900000000000000000,3990,5014,4948,4003,2000,186,184,4.54605639296182,4.544832587353277,12.291746280833939,11.966865900387539,True,False
21279,39900000000000000000,3990,5101,5034,4058,2000,211,210,5.304637040106133,5.304231999824552,12.316564385396942,11.98655314975666,True,False
21280,27638106379217444569,2764,4947,4879,3926,2000,190,189,4.579973736615231,4.579044833435523,12.272338184158624,11.938844457466171,True,False
21281,138999753630860758,14,4331,3111,2804,2000,1096,1055,4.750373589370726,4.731455491979459,12.080484457067568,11.453270634010623,True,False
21282,4322320833643491,0,717,0,0,0,0,0,0.0,0.0,9.485829308701904,0,False,True
21283,786030000000000000,79,5716,4574,3912,2000,1051,1009,4.501538450931408,4.490191316910775,12.480790201095816,11.933690654952233,True,False
21284,1341848826945811,0,535,0,0,0,0,0,0.0,0.0,9.06339508128851,0,False,True
21285,79793713302433096599,7979,9760,8375,6859,2000,1089,1057,5.344240462104923,5.341706515221279,13.252665432450248,12.743782540330756,True,False
21286,11757576712491938,1,1007,480,464,480,480,464,8.906890595608516,8.831131162323931,9.975847968006784,8.857980995127573,False,False
21287,17474765872007356,2,1020,539,522,2000,470,458,6.523069907151492,6.4937156684230555,9.994353436858859,9.027905996569885,True,False
21288,146550765185654268,15,1682,1271,1148,2000,435,424,4.522364926298386,4.511025699886833,10.715961990255144,10.164906926675688,True,False
21289,1055665406195951686,106,5402,4407,3722,2000,922,885,4.574923090354957,4.566592948038576,12.399277924508967,11.861862340059151,True,False
21290,3709895621297868545,371,8630,7110,5889,2000,1236,1197,4.537119131512593,4.5296318612937325,13.075144844066317,12.523806958187327,True,False
21291,25851730460971405,3,1821,1085,1029,2000,714,688,6.235508217541987,6.200875795471003,10.830515206976838,10.007027266893969,True,False
21292,9896730843513553,1,753,253,248,253,253,248,7.98299357469431,7.940484137926868,9.556506054671928,7.954196310386875,False,False
21293,5468250219377597737,547,3998,3943,3162,2000,217,216,4.994604202347542,4.994125827083892,11.965062756744627,11.62662165235837,True,False
21294,13026718421858342706,1303,4740,4685,3774,2000,218,217,5.076734835581929,5.076294773973302,12.210671343785622,11.881878707600446,True,False
21295,9785475000000000000,979,4724,4618,3798,2000,425,423,4.95640023637878,4.955945690924236,12.205793249397157,11.891024190149498,True,False
21296,41605725000000000000,4161,5926,5752,4766,2000,553,549,6.230601669677263,6.210967719405331,12.532842910961282,12.21856323619027,True,False
21297,3960075000000000000,396,5060,4785,4021,2000,703,699,4.501095952924009,4.500095577783332,12.304921669581672,11.97333862080036,True,False
21298,3659834133582480000,366,468,425,391,2000,92,92,4.481932684042109,4.481932684042107,8.870364719583405,8.611024797307353,True,False
21299,1503262127198669287,150,7771,6142,5163,2000,1224,1180,4.696091144326733,4.690401887424098,12.923884546385334,12.33399388276136,True,False
21300,4987500000000000,0,68,0,0,0,0,0,0.0,0.0,6.087462841250339,0,False,True
21301,6421537836953535944,642,861,858,754,2000,58,58,4.317610440806236,4.317610440806236,9.749869427396844,9.558420713268664,True,False
21302,4568801497248494667,457,839,836,738,2000,63,63,4.732023503358667,4.732023503358667,9.712527000439824,9.527477006060396,True,False
21303,9342030372938208840,934,2074,2063,1714,2000,90,89,4.868901220935355,4.868570947723048,11.018200178813226,10.7431513941125,True,False
21304,18183935401291136,2,2909,1363,1313,2000,1214,1173,6.572561899313046,6.534560886109961,11.506307581100307,10.358651200892886,True,False
21305,155862791553135035,16,5116,3532,3192,2000,1215,1174,4.39842721303497,4.387378431728676,12.320800548881637,11.640244936222345,True,False
21306,14680758399881084,1,2687,1222,1179,1222,1222,1179,10.255028569818727,10.178826102160166,11.391780606013166,10.203348002979762,False,False
21307,2850000000000000000,285,7766,6334,5337,2000,1042,1013,5.199316618221417,5.196618220633879,12.922955991908477,12.381813295988316,True,False
21308,358551841538551586905,35855,5578,5510,4483,0,0,0,0.0,0.0,12.445532219028312,12.13024878405069,False,True
21309,549258552075149321,55,2431,2326,2016,2000,417,415,4.496597588264864,4.495763942314299,11.247334178028728,10.977279923499916,True,False
21310,17369176912747267,2,597,466,464,2000,435,433,6.504905120073903,6.499905120073905,9.221587121264806,8.857980995127573,True,False
21311,419880147503250000,42,3930,3158,2818,2000,801,793,4.511139174401403,4.509353559694224,11.940313597145968,11.460455896309636,True,False
21312,934443062607192703,93,182,180,173,2000,38,38,4.192964686259945,4.192964686259945,7.507794640198696,7.434628227636725,True,False
21313,7070974883569514,1,99,32,32,32,32,32,5.0,5.0,6.6293566200796095,5.0,False,False
21314,3711465667912220,0,1410,0,0,0,0,0,0.0,0.0,10.461479447286155,0,False,True
21315,8028614163258269,1,1383,386,386,386,386,386,8.592457037268082,8.592457037268082,10.433585441150495,8.59245703726808,False,False
21316,33082706766917293,3,1108,723,687,2000,412,402,5.768456678637121,5.747850584508111,10.113742166049189,9.4241662888181,True,False
21317,282422407508878490228,28242,374,342,323,0,0,0,0.0,0.0,8.546894459887637,8.335390354693924,False,True
21318,130211517424547540,13,4783,3426,3101,2000,1218,1174,4.442481953800115,4.4283770887196,12.223700075986306,11.598517810612622,True,False
21319,137456915440249950,14,4471,2943,2673,2000,977,948,4.4290686622255055,4.417129225121408,12.126381830542641,11.384244122243079,True,False
21320,20935877750239947262,2094,9261,7820,6453,2000,1065,1035,6.171267056284017,6.169907519301303,13.176952268336281,12.655754310144218,True,False
21321,1494643959397561487,149,1495,1477,1242,2000,106,105,4.3433091997085125,4.34260803716267,10.545929769085467,10.278449458220482,True,False
21322,652439492715954962,65,2385,2296,1983,2000,349,348,4.384476263831194,4.383809597164527,11.219773550892874,10.953468962228849,True,False
21323,518869353412081464,52,5940,4483,3910,2000,1010,980,4.388456508477251,4.379931206479385,12.536247215688128,11.932952892194715,True,False
21324,32565178635969751607,3257,3501,3093,2530,2000,443,430,4.647866971671461,4.637457387469612,11.773551346428505,11.304921669581672,True,False
21325,6348207470625683509,635,1884,1877,1618,2000,91,89,4.45913075182736,4.4578641960683765,10.879583249612784,10.659995892429977,True,False
21326,6982500000000000000,698,1913,1906,1642,2000,90,88,4.50065363959505,4.499547445892256,10.901621158346112,10.681238411777805,True,False
21327,6982500000000000000,698,1917,1910,1646,2000,87,85,4.375892849799322,4.374436557867982,10.904634621668151,10.684748620421626,True,False
21328,1620785225928630322,162,1116,1109,974,2000,85,83,4.341161151918106,4.339433485369747,10.124121311829187,9.927777962082342,True,False
21329,5507279746910943504,551,1865,1858,1599,2000,94,92,4.626091247007569,4.625383454454699,10.8649599151426,10.642954223480332,True,False
21330,44887500000000000,4,537,470,450,2000,183,182,4.822338086692705,4.819198369267273,9.068778277985412,8.813781191217037,True,False
21331,85837621103326601,9,816,760,702,2000,192,191,4.392204356078798,4.390370258538156,9.672425341971495,9.45532722030456,True,False
21332,99421869142010155161,9942,3639,3620,2968,2000,139,137,5.386725323841835,5.352642853696752,11.829326335841666,11.535275376620802,True,False
21333,4051772494109585036,405,755,752,665,2000,59,59,4.546121110177931,4.546121110177931,9.560332834212442,9.377210530388552,True,False
21334,23401350000000000000,2340,4763,4697,3793,2000,196,194,4.9539599641763745,4.953245381452177,12.217654833364023,11.889123656294238,True,False
21335,993895035000000000,99,7098,5600,4792,2000,1236,1197,4.408862320870083,4.40073239329077,12.793196859060945,12.226412192788786,True,False
21336,54108497308077973265,5411,7185,6778,5576,2000,764,758,5.239202660906856,5.2381649781030495,12.8107724413447,12.445014845868423,True,False
21337,19950000000000000000,1995,4845,4780,3853,2000,212,211,4.994410597825092,4.993932284964997,12.242280950302444,11.91176647065955,True,False
21338,1415000822241639966,142,5630,4623,3895,2000,936,897,4.435143161616847,4.425311241906037,12.458919206967591,11.92740761294903,True,False
21339,40100250626566416,4,2739,1710,1594,2000,958,920,5.286335299843265,5.258553400018744,11.419433550705378,10.638435913990472,True,False
21340,124905323589706011,12,242,238,232,2000,57,55,4.448548185693744,4.441283533893142,7.918863237274595,7.857980995127572,True,False
21341,3921011058151984,0,4,0,0,0,0,0,0.0,0.0,2.0,0,False,True
21342,79797007500000000000,7980,8841,7844,6573,2000,997,986,5.445892117570195,5.445128458777731,13.109993845845157,12.682336269711378,True,False
21343,6015037593984962,1,31,5,5,5,5,5,2.321928094887362,2.321928094887362,4.954196310386875,2.321928094887362,False,False
21344,2049199606437375000,205,1238,1231,1079,2000,90,88,4.475419475677615,4.47435318560986,10.273795599214264,10.075479149488016,True,False
21345,878234948367211572,88,827,820,752,2000,84,82,4.369625217519434,4.366674953758544,9.691743519171276,9.554588851677638,True,False
21346,24074849124306658125,2407,3816,3342,2716,2000,505,492,5.599598406254476,5.595685905873664,11.897845456005511,11.407267764244732,True,False
21347,7016878038820779839,702,8083,6914,5769,2000,1009,990,5.163803305157802,5.161273927133952,12.980675132322368,12.494105548061054,True,False
21348,3962000102756564863,396,3669,3617,2925,2000,194,193,4.353485572969152,4.351988027460262,11.841171189248543,11.51422090935813,True,False
21349,15960000000000000000,1596,3231,3206,2627,2000,135,134,4.483619194919482,4.4833328664068235,11.657765035265363,11.359200485133632,True,False
21350,1760588109084230732,176,3012,2948,2444,2000,269,269,4.381268524157026,4.381268524157026,11.556506054671928,11.25502856981873,True,False
21351,9975000000000000,1,2118,580,564,580,580,564,9.179909090014936,9.115064882300388,11.048486873992337,9.139551352398794,False,False
21352,2978036250000000000,298,8509,6967,5824,2000,1224,1185,5.274122636250939,5.271504062040156,13.054773877229938,12.507794640198696,True,False
21353,89176500000000000000,8918,2310,2301,1917,2000,95,94,5.160421811168953,5.160159292250375,11.17367713630342,10.904634621668151,True,False
21354,1496250000000000000,150,1095,1088,947,2000,87,86,4.496869159000116,4.49622210301379,10.096715154488535,9.887220615468385,True,False
21355,139650000000000000,14,377,371,352,2000,80,79,4.524143233880028,4.522697540058747,8.558420713268664,8.459431618637296,True,False
21356,3484465851175690496,348,5249,4938,4129,2000,733,729,4.658303974293804,4.657483160008059,12.357826882210777,12.011576703176177,True,False
21357,1496250000000000000,150,4782,4374,3694,2000,752,747,4.689372502275431,4.688427250589252,12.223398414711628,11.850968150982439,True,False
21358,2762314398530072447,276,2163,2135,1752,2000,118,118,4.430688028605094,4.430688028605094,11.078817949961978,10.774787059601174,True,False
21359,124368300000000000000,12437,5593,5550,4445,0,0,0,0.0,0.0,12.44940661498558,12.117967703717133,False,True
21360,25375400891730644,3,684,436,424,2000,294,289,5.586075160780275,5.5731600316289835,9.417852514885897,8.727920454563199,True,False
21361,18187425478353273,2,2930,1427,1373,2000,1248,1205,6.581408367701545,6.540257527968012,11.51668494930961,10.4231159101471,True,False
21362,99750000000000000,10,884,817,750,2000,183,181,4.513125399548742,4.510419714259697,9.787902559391432,9.550746785383243,True,False
21363,9975000000000000,1,1952,593,579,593,593,579,9.211888294546004,9.160025077847582,10.930737337562887,9.177419537989236,False,False
21364,2062023461694952,0,806,0,0,0,0,0,0.0,0.0,9.654636028527968,0,False,True
21365,243917521980703,0,84,0,0,0,0,0,0.0,0.0,6.392317422778761,0,False,True
21366,1287669326049238218,129,2718,2649,2134,2000,196,195,4.404145961722063,4.402945061046555,11.40832974076739,11.059344460824425,True,False
21367,18472674748146418,2,268,147,147,2000,127,127,6.343521260295568,6.343521260295568,8.066089190457772,7.199672344836364,True,False
21368,146699144410244406,15,392,385,366,2000,82,81,4.797800169984394,4.796103118942765,8.614709844115207,8.515699838284043,True,False
21369,102008553286286458,10,4060,2722,2533,2000,1015,989,5.383362544613108,5.366527170461468,11.987264012072538,11.306631361712501,True,False
21370,35800000000000000,4,2842,1733,1617,2000,1018,979,5.244491797353211,5.216568499011204,11.47269083924278,10.659103963473662,True,False
21371,64764517237489230116,6476,10024,8527,6868,2000,1276,1233,5.739689448435678,5.737670305594543,13.29117069932186,12.745674324002135,True,False
21372,1164594220075946293,116,164,162,156,2000,38,38,4.37170368812051,4.371703688120508,7.357552004618084,7.285402218862249,True,False
21373,1002506265664160401,100,2600,2557,2107,2000,211,211,4.408114667743884,4.408114667743885,11.344295907915816,11.040974598817305,True,False
21374,1987369218793181376,199,3309,3215,2705,2000,366,365,5.092365113928276,5.092116512312365,11.692179576312538,11.401412878714178,True,False
21375,12959941168389063900,1296,6776,6004,4988,2000,811,803,5.048011453616027,5.046632615172696,12.726218159332198,12.28424574982967,True,False
21376,116063978343073985608,11606,10214,8722,7035,0,0,0,0.0,0.0,13.318260343712415,12.780334708123895,False,True
21377,21967326347649406,2,649,402,392,2000,296,291,6.461603051201049,6.444067981060769,9.342074667999139,8.614709844115207,True,False
21378,2063514529110608,0,83,0,0,0,0,0,0.0,0.0,6.3750394313469245,0,False,True
21379,654274707767012647,65,3964,3523,3064,2000,756,751,4.597674268535774,4.59668460797845,11.952741247186488,11.581200581924957,True,False
21380,4924265335589272298,492,5259,4982,4175,2000,707,702,4.639842194487866,4.638032964255963,12.360572781480695,12.027560482248777,True,False
21381,609165093229552294,61,748,741,684,2000,85,84,4.4388698916109846,4.437643328036504,9.546894459887637,9.417852514885897,True,False
21382,1835705474438661216,184,2921,2861,2346,2000,203,202,4.374281815800529,4.373058710224279,11.51224664282918,11.19598729802851,True,False
21383,109500210347687771,11,1024,964,883,2000,197,196,5.313010879777025,5.30922104342905,10.0,9.786269627648466,True,False
21384,13217227874482017767,1322,4559,4516,3616,2000,228,228,5.232648495727746,5.232648495727746,12.154501693864765,11.820178962415188,True,False
21385,1029596707423154860,103,5910,4824,4054,2000,1012,971,4.607598011762603,4.595917270641767,12.528942415064895,11.985130373466898,True,False
21386,49600000000000000000,4960,5280,5213,4191,2000,199,197,4.817210364913891,4.816214192633819,12.366322214245816,12.03307880613062,True,False
21387,9975000000000000,1,115,75,75,75,75,75,6.228818690495881,6.228818690495881,6.845490050944375,6.22881869049588,False,False
21388,165344850729183043,17,4015,2891,2669,2000,966,950,4.589085982002236,4.582091256120286,11.971184272404678,11.382083590141967,True,False
21389,50000000000000000,5,3202,2060,1897,2000,1042,1002,5.1041461336964336,5.079794992395376,11.644757592516257,10.889503963411476,True,False
21390,129323308270676691,13,3995,2867,2594,2000,1037,997,4.748766593179566,4.727575802549987,11.963979787815338,11.3409627642517,True,False
21391,2631351199837500000,263,1395,1388,1193,2000,93,92,4.630238590336106,4.62977399455105,10.44604940671655,10.220378327695228,True,False
21392,942927987784840082,94,1025,1010,875,2000,94,93,4.2716283338761,4.270743166116102,10.001408194392809,9.77313920671969,True,False
21393,7650208183623267860,765,1775,1768,1542,2000,71,70,4.4521026439377644,4.451111396023481,10.793603309279407,10.590587049915035,True,False
21394,584856279605466291,58,737,730,674,2000,88,87,4.297977685765739,4.296717576832345,9.52552080909507,9.396604781181859,True,False
21395,130724507854405951263,13072,10567,9027,7363,0,0,0,0.0,0.0,13.367278229359725,12.846077986172599,False,True
21396,6825030360750000000,683,7978,6839,5733,2000,986,969,4.597513372546669,4.59467079851249,12.961811408087163,12.485074563698612,True,False
21397,3108304372472027919,311,7358,6204,5237,2000,991,973,4.875224299231162,4.872726185228889,12.845097960972975,12.354524889449351,True,False
21398,55542510987995517497,5554,6068,5896,4883,2000,558,554,6.459199893445843,6.442442722089539,12.567005370247033,12.253552062637464,True,False
21399,1456350000000000000,146,1479,1272,1111,2000,260,256,4.511839649760557,4.509035706993134,10.530406337099068,10.117643101389092,True,False
21400,558660719249548127,56,2720,2546,2228,2000,504,502,4.640915644657392,4.640301016507422,11.409390936137703,11.121533517340032,True,False
21401,9974002500000000000,997,845,754,671,2000,134,134,5.291320298604292,5.291320298604291,9.722807531169547,9.390168956200183,True,False
21402,169575000000000000,17,4944,3613,3243,2000,1199,1157,4.590267001818317,4.5749709650757975,12.271463027904375,11.663113308455806,True,False
21403,17016177795583302154,1702,3229,2847,2344,2000,440,428,5.441667647461803,5.4371748497418615,11.65687172561398,11.194756854422248,True,False
21404,10477300501500000000,1048,3119,2741,2264,2000,435,423,5.376348755076424,5.371591080797788,11.606867837374152,11.144658242831882,True,False
21405,12075735215824675264,1208,3073,2707,2237,2000,431,420,5.377253532084191,5.372647112388319,11.585432051592962,11.127349541059118,True,False
21406,305469687991210739,31,1267,1021,914,2000,297,291,4.73251526228594,4.717727628036478,10.30720080914081,9.83605035505807,True,False
21407,49999996725000000,5,2749,1754,1628,2000,913,877,5.102610727436643,5.078630013198116,11.424691191512954,10.668884984266247,True,False
21408,11957531250000000000,1196,4971,4852,3981,2000,429,427,4.631519507431351,4.630747902493079,12.279320387942608,11.958915156091349,True,False
21409,24574497799829782864,2457,3879,3841,3127,2000,144,142,5.222134258906932,5.221926354942616,11.921469060531411,11.610563503925041,True,False
21410,2209462500000000000,221,2822,2759,2243,2000,175,173,4.431640175076631,4.430028163885964,11.462502272597265,11.131213905086272,True,False
21411,3750104942023696867,375,993,869,778,2000,154,152,4.524530504491836,4.522067734645374,9.955649907528374,9.603626344986193,True,False
21412,19950000000000000,2,411,329,328,2000,288,288,6.4648328256292285,6.4648328256292285,8.682994583681683,8.357552004618084,True,False
21413,44214162459646848,4,2958,1782,1712,2000,998,979,5.249716139177905,5.235610877601691,11.530406337099068,10.741466986401146,True,False
21414,13965000000000000,1,494,260,255,260,260,255,8.022367813028454,7.983906274566914,8.948367231584678,7.994353436858858,False,False
21415,60331084517824259,6,3684,2145,1999,2000,960,931,4.434173241032429,4.422068132214756,11.847057346091336,10.965062756744627,True,False
21416,554208390071709277,55,6025,4497,3921,2000,984,955,4.568671641212239,4.562947371191378,12.556745526004686,11.937005926516589,True,False
21417,22959403634309043,2,2715,1498,1429,2000,1088,1047,6.523160531962705,6.480702151281901,11.406736482691723,10.480790201095816,True,False
21418,3324667500000000000,332,2826,2448,2060,2000,411,400,4.367750001301416,4.3581451563856675,11.46454575033394,11.00842862207058,True,False
21419,81656795875920522,8,782,742,704,2000,205,205,4.495877994881399,4.495877994881399,9.611024797307353,9.459431618637296,True,False
21420,16040100250626566416,1604,6911,6143,5082,2000,817,811,5.336493305552438,5.335986268052688,12.754678763822529,12.311180660053354,True,False
21421,1884711779448621553,188,5507,4699,3998,2000,834,823,4.557119127089586,4.552357754302038,12.427050893150879,11.965062756744627,True,False
21422,14822850000000000000,1482,3197,3171,2597,2000,141,140,4.728561956299524,4.728355540653918,11.64250302878052,11.342630298678408,True,False
21423,86263398042301091,9,2428,1689,1545,2000,718,691,4.895256958688578,4.877343380886964,11.245552706255681,10.593391122791736,True,False
21424,8701716518419301,1,1815,478,470,478,478,470,8.90086680798075,8.863209904215061,10.825753832883112,8.876516946565,False,False
21425,29923531522878468077,2992,10051,8500,6933,2000,1233,1192,4.922739917388633,4.918849898415018,13.295051425557611,12.759264045188788,True,False
21426,2542803692057322435,254,7799,6338,5341,2000,1070,1038,4.381807880599635,4.368353077429809,12.929073435876813,12.382894168892134,True,False
21427,1595196731164857807,160,7504,5866,4971,2000,1049,1020,4.55072838736762,4.5444447771555065,12.873444112515376,12.279320387942608,True,False
21428,2034490940115517128,203,1468,1453,1241,2000,95,94,4.483896422666621,4.483099432291459,10.519636252843213,10.277287400130357,True,False
21429,1157100000000000000,116,2643,2585,2134,2000,208,207,4.641348567680311,4.640600954943709,11.36796070964157,11.059344460824425,True,False
21430,8694036706851793,1,13,5,5,5,5,5,2.321928094887362,2.321928094887362,3.700439718141092,2.321928094887362,False,False
21431,167479223703892425,17,589,568,501,2000,113,112,4.338741884297768,4.338228117049589,9.20212382383046,8.968666793195208,True,False
21432,8376831757190576,1,277,173,173,173,173,173,7.4346282276367255,7.4346282276367255,8.113742166049189,7.434628227636725,False,False
21433,287139181634244377,29,1386,1323,1112,2000,168,167,4.367423546493746,4.365867299272758,10.436711542137214,10.118941072723507,True,False
21434,1506135581681924502,151,7429,6123,5108,2000,1188,1143,4.619489981117262,4.607619511988096,12.858952310750938,12.318542809702723,True,False
21435,200501253132832080,20,1355,1288,1118,2000,184,183,4.353339180101486,4.351553997201866,10.404077136241234,10.12670447284319,True,False
21436,5467018392346138,1,1695,188,183,188,188,183,7.554588851677638,7.490759064443596,10.727069558023706,7.515699838284043,False,False
21437,412069756350487,0,339,0,0,0,0,0,0.0,0.0,8.405141463136344,0,False,True
21438,570415916311789522,57,3557,2859,2481,2000,680,656,4.41751850253363,4.403293240792403,11.79644525906185,11.276706019892432,True,False
21439,341753158792500000,34,460,447,425,2000,63,63,4.1707715562561045,4.1707715562561045,8.845490050944376,8.731319031025064,True,False
21440,1876297500000000000,188,7368,5900,4998,2000,994,963,4.6905349406586385,4.685060935449629,12.847057346091336,12.287135186086704,True,False
21441,3902538779184209888,390,3621,3566,2898,2000,220,220,4.447444615600587,4.4474446156005865,11.822172461476178,11.50084187955693,True,False
21442,498750000000000000,50,5747,4283,3748,2000,1015,985,4.374358889593766,4.3646579226274715,12.488593333835409,11.871905237659186,True,False
21443,429948845506325092,43,1823,1768,1519,2000,222,221,4.481272149581872,4.478388642953725,10.832098846039134,10.568906154502084,True,False
21444,1674185463659147869,167,7933,6390,5396,2000,1215,1175,4.788514199388994,4.783637269575651,12.953650833649307,12.397674632948268,True,False
21445,684294460215473681,68,6715,5138,4430,2000,1229,1188,4.7887878751182456,4.782020140921336,12.713171684314805,12.113090983442381,True,False
21446,3973122977776349347,397,8652,7125,5895,2000,1241,1198,5.049283284726562,5.004450362537185,13.078817949961978,12.525276097867126,True,False
21447,260651629072681704,26,5660,4138,3671,2000,1233,1193,4.465384958492086,4.455234796920161,12.466586337719244,11.841957399099547,True,False
21448,84867848767006852,8,884,814,779,2000,270,270,4.507482058299793,4.507482058299795,9.787902559391432,9.605479518061669,True,False
21449,869105394310188465,87,2281,2235,1865,2000,211,211,4.388076459272789,4.38807645927279,11.155450731312138,10.8649599151426,True,False
21450,3271544967810016496,327,8532,6944,5775,2000,1218,1178,4.922301533446399,4.918636492593379,13.058668250340572,12.495605231190781,True,False
21451,1276800000000000000,128,1844,1816,1484,2000,109,109,4.596177914658775,4.596177914658776,10.848622940429339,10.535275376620802,True,False
21452,5359055402685578,1,1146,166,162,166,166,162,7.3750394313469245,7.314798467491503,10.162391328756906,7.339850002884624,False,False
21453,9672692014842012,1,1590,463,452,463,463,452,8.854868383260236,8.801402103557937,10.634811050171718,8.820178962415188,False,False
21454,455316277226030910,46,6170,4664,4089,2000,1201,1162,4.470796802529579,4.463831390591467,12.591054774036781,11.997532347526366,True,False
21455,498750000000000000,50,1876,1833,1559,2000,206,206,5.198974708009524,5.198974708009526,10.873444112515376,10.606405212697785,True,False
21456,96350520000000000000,9635,9712,8399,6744,2000,1226,1180,5.779970358686113,5.776655390906461,13.245552706255681,12.719388820942083,True,False
21457,4031248586628590,0,1400,0,0,0,0,0,0.0,0.0,10.451211111832329,0,False,True
21458,16234420290996318,2,1520,784,751,2000,712,686,6.511757397952132,6.47211933948279,10.569855608330949,9.552669097514272,True,False
21459,191719500000000000,19,4650,3218,2916,2000,1023,995,4.414981918128416,4.4042243412320286,12.183015000882756,11.509775004326936,True,False
21460,9081304512179819,1,2056,443,434,443,443,434,8.791162888555016,8.746016161692715,11.005624549193879,8.761551232444479,False,False
21461,1754303225125824153,175,6517,5389,4501,2000,1039,999,4.3777301323990745,4.36562327166221,12.669992279616398,12.136029849385551,True,False
21462,6572427750000000000,657,9153,7668,6343,2000,1194,1153,5.006638865874741,5.002690755110529,13.160028965299812,12.63094962683287,True,False
21463,19132492503740516,2,57,50,50,952,50,50,5.481153151680557,5.481153151680557,5.832890014164741,5.643856189774724,False,False
21464,80598000000000000000,8060,8840,7835,6564,2000,1025,1014,6.376837786525743,6.376538754839263,13.109830654278793,12.680359523513713,True,False
21465,147630000000000000,15,4522,2978,2695,2000,969,940,4.390400425183753,4.3800246176257485,12.14274527675153,11.396069557639867,True,False
21466,20842226479347900421,2084,9225,7698,6320,2000,1007,976,5.5692893307353755,5.566761809506508,13.171333195835121,12.625708843064466,True,False
21467,49875000000000000,5,573,506,484,2000,186,185,4.705399972272822,4.702395465512682,9.162391328756906,8.918863237274595,True,False
21468,3171915199742229956,317,5249,4439,3692,2000,780,750,4.599589662850812,4.588703746266814,12.357826882210777,11.850186837645774,True,False
21469,4146604190543362003,415,3042,2984,2422,2000,156,155,4.524811369118581,4.52187787059708,11.570804437724497,11.24198314969433,True,False
21470,24438750000000000,2,3242,1685,1603,2000,1216,1174,6.572037221681683,6.53237646675942,11.662668375517542,10.646558710154547,True,False
21471,4062777564199433734,406,3638,3567,2853,2000,197,196,4.583063390477586,4.582200577707957,11.828929827651486,11.47826403158172,True,False
21472,1691750012516820956,169,7246,5826,4945,2000,1023,994,4.638150563626662,4.630655874177309,12.822969090453288,12.271754805646474,True,False
21473,2487776153581356,0,1097,0,0,0,0,0,0.0,0.0,10.099347810403193,0,False,True
21474,1455457652061000000,146,1089,1076,939,2000,80,79,4.435758577489921,4.434756168936635,10.088788238716907,9.874981347653774,True,False
21475,19950000000000000,2,2625,1170,1129,2000,1014,984,6.488736757042373,6.455077821316937,11.358101707440847,10.140829770773001,True,False
21476,7780500000000000,1,1094,271,267,271,271,267,8.082149041353873,8.045248672350183,10.095397022792557,8.060695931687555,False,False
21477,199500000000000,0,29,0,0,0,0,0,0.0,0.0,4.857980995127572,0,False,True
21478,1143908885017466,0,110,0,0,0,0,0,0.0,0.0,6.78135971352466,0,False,True
21479,502444658631075672,50,2367,2265,1971,2000,407,405,4.641985011857235,4.640469860342084,11.208843990734614,10.944712061043486,True,False
21480,3390078122278287571,339,7660,6403,5380,2000,996,975,4.39414218693812,4.385113808850948,12.903128676812319,12.393390457443987,True,False
21481,86430357665469217,9,4316,2728,2516,2000,1210,1170,4.398339152193008,4.387429331665099,12.075479149488016,11.296916206879288,True,False
21482,25480084716996538132,2548,9423,7841,6444,2000,1015,986,5.408151781173562,5.405991386926041,13.201970728373121,12.653740778706569,True,False
21483,500357138073331,0,467,0,0,0,0,0,0.0,0.0,8.867278739709661,0,False,True
21484,1970000000000000000,197,6497,5378,4494,2000,1034,994,4.456762477977367,4.445914089319238,12.665557989846414,12.133784409179908,True,False
21485,30154120244089680,3,3471,2003,1886,2000,1238,1194,6.5806133028848075,6.538298707643262,11.761135649828645,10.881113960675096,True,False
21486,79800000000000000,8,4283,2781,2542,2000,1248,1204,4.599984304483008,4.582960478910067,12.064405961891042,11.311748315004959,True,False
21487,6821162780063236088,682,9198,7604,6240,2000,1228,1183,4.922632288441253,4.91548161623134,13.167104482379933,12.60733031374961,True,False
21488,106924219500000000000,10692,9837,8517,6856,0,0,0,0.0,0.0,13.264002687114218,12.7431513941125,False,True
21489,1915200000000000000,192,3011,2956,2425,2000,221,221,4.447868335812638,4.447868335812636,11.556026992724677,11.243769031961852,True,False
21490,8587063537500000000,859,4325,4268,3416,2000,202,201,4.459331329174448,4.458313564555649,12.078484417411449,11.73809225962049,True,False
21491,191434119335307045,19,2965,2218,1992,2000,724,698,4.528981271302837,4.513123668679898,11.533816389433365,10.960001932068081,True,False
21492,34686471625121651890,3469,3415,3393,2790,2000,134,133,4.967461483152244,4.96729746057917,11.737669863177453,11.44604940671655,True,False
21493,37802024982327773782,3780,3637,3613,2976,2000,139,138,4.609156303311,4.608909675129752,11.828533210455618,11.539158811108031,True,False
21494,6582495395923631113,658,2505,2484,2039,2000,117,116,4.4812573679582055,4.480963630914906,11.290594888082572,10.993646060016596,True,False
21495,21945000000000000,2,2255,1274,1247,2000,955,944,6.548426797024297,6.537213108781229,11.138911718142744,10.28424574982967,True,False
21496,25822808791487335512,2582,4247,4188,3414,2000,159,158,4.670188043272296,4.667795409059043,12.052228393347402,11.737247343027738,True,False
21497,24634496842558159,2,1947,1146,1123,2000,822,813,6.568133847131561,6.5562064706454235,10.927037168720295,10.133142212400601,True,False
21498,713930584089277207,71,3732,3019,2609,2000,701,676,4.519982317480114,4.507699653662296,11.86573327085176,11.349281228817452,True,False
21499,801710928669707,0,216,0,0,0,0,0,0.0,0.0,7.754887502163468,0,False,True
21500,32887415399757536194,3289,6115,5900,4889,2000,644,641,5.579028716962152,5.57830066335824,12.578136783414749,12.255323690008137,True,False
21501,38902500000000000,4,226,154,152,2000,100,100,5.044084326829555,5.044084326829555,7.820178962415188,7.247927513443585,True,False
21502,5714285714285714285,571,7337,6224,5083,2000,1033,993,4.694227183306188,4.687539528335915,12.840974569821883,12.311464515448444,True,False
21503,13082778565952703,1,2619,1158,1116,1158,1158,1116,10.177419537989234,10.099384539736556,11.354800344350597,10.124121311829187,False,False
21504,1079394750000000000,108,3388,2831,2396,2000,567,548,4.578995002766458,4.568003369796632,11.726218159332198,11.226412192788786,True,False
21505,25946970000000000000,2595,3575,3146,2566,2000,480,467,5.7100605627052845,5.706415576141097,11.803727526553114,11.325305455089682,True,False
21506,29925000000000000000,2993,2941,2620,2172,2000,427,418,6.025839063551218,6.0239322729559746,11.522091068887065,11.084808387804362,True,False
21507,29925000000000000000,2993,2550,2281,1919,2000,379,372,6.025433854146767,6.024270411283215,11.31628153174622,10.90613899619538,True,False
21508,48519539853408306169,4852,5270,5203,4184,2000,194,193,4.628006041589512,4.627173337227772,12.363587246524578,12.030667136246942,True,False
21509,2832719489278918,0,1206,0,0,0,0,0,0.0,0.0,10.236014191900084,0,False,True
21510,1878608543648836897,188,5774,4921,4181,2000,870,860,4.603789543978174,4.602024579267848,12.495355392235982,12.029632328044137,True,False
21511,2564377260555986820,256,1408,1400,1216,2000,85,83,4.422883113489505,4.42013929212106,10.459431618637296,10.247927513443585,True,False
21512,8085793113396949,1,1855,385,380,385,385,380,8.58871463558226,8.562740609608234,10.857203471508166,8.569855608330949,False,False
21513,10025062656641604010,1003,8796,7286,6022,2000,987,958,5.345581294935412,5.343264138118772,13.102631888854969,12.556026992724677,True,False
21514,183939877606671116783,18394,5595,5527,4458,0,0,0,0.0,0.0,12.449922415863757,12.122180901259753,False,True
21515,9129434534885259943,913,9315,7752,6368,2000,1232,1192,5.201696460224026,5.198923797557982,13.185340053829,12.63662462054365,True,False
21516,1615950000000000000,162,7384,5903,5010,2000,1082,1051,5.043987961511889,5.041070480261528,12.850186837645774,12.290594888082572,True,False
21517,5355754425417466180,536,7733,6621,5566,2000,976,960,5.012593794774381,5.0096862526081285,12.916812497709833,12.442425193331607,True,False
21518,566519015647403010,57,4563,3624,3139,2000,882,846,4.437218330946168,4.423566026009196,12.155766938445653,11.616089313582115,True,False
21519,507116518356733782,51,1976,1907,1574,2000,196,195,4.442577381364534,4.441485727964489,10.948367231584678,10.620219825507487,True,False
21520,497198922237970721,50,5700,4203,3676,2000,961,932,4.5547034828531,4.546818419651082,12.476746203939467,11.843921051289035,True,False
21521,13342536091291575000,1334,3608,3145,2559,2000,487,474,5.274425067757902,5.2692547652926915,11.81698362325538,11.321364432039447,True,False
21522,1202929539273377961,120,7307,5971,5005,2000,1212,1169,4.55679756652745,4.550363066990396,12.835063492005094,12.289154353723356,True,False
21523,39887062346511460822,3989,5658,5535,4549,2000,456,454,5.474857547768181,5.47457976227414,12.466076461396252,12.151333719291655,True,False
21524,10084725000000000000,1008,4583,4525,3621,2000,203,202,4.4881383892635185,4.48726474824658,12.162076570374312,11.822172461476178,True,False
21525,907725000000000000,91,6472,5001,4331,2000,983,953,4.692213846209451,4.68769022448174,12.659995892429977,12.080484457067568,True,False
21984,287192307265693453,29,502,495,477,2000,72,71,4.2562047501970035,4.254934425642203,8.971543553950772,8.897845456005511,True,False
21985,29885008732641910279,2989,2285,2278,1902,2000,88,86,4.356042830740346,4.354875730885162,11.157978449945432,10.893301530860564,True,False
21986,8983403506959106436,898,2067,2058,1720,2000,79,78,4.400664560122671,4.399941276550992,11.013322673425447,10.74819284958946,True,False
21987,64888748415885470,6,95,92,91,2000,54,54,4.260999719181334,4.260999719181335,6.569855608330948,6.507794640198696,True,False
21988,5397337035948900000,540,1802,1795,1551,2000,82,80,4.269201037527195,4.26702180598018,10.815383295813538,10.59898297103609,True,False
21989,268244610742500000,27,475,468,453,2000,68,67,4.286098328786676,4.284742364262412,8.89178370321831,8.823367240046235,True,False
21990,47203244777958250,5,3524,1888,1758,2000,1039,1010,5.6189727270304815,5.595723581314852,11.782998208920414,10.779719355143405,True,False
21991,19950000000000000,2,164,94,94,2000,82,82,6.1442958856167404,6.144295885616742,7.357552004618084,6.554588851677638,True,False
21992,275522453010422628,28,1680,1602,1424,2000,292,292,4.367359575883736,4.367359575883736,10.714245517666123,10.475733430966399,True,False
21993,32041571414274786,3,2015,1247,1171,2000,734,708,6.276046857779156,6.241297498544724,10.97656412341533,10.193525360501216,True,False
21994,29072681704260651,3,1866,1131,1067,2000,710,685,6.227243941539015,6.194087481163176,10.86573327085176,10.059344460824425,True,False
21995,5376983994198301,1,1115,164,161,164,164,161,7.357552004618086,7.3087715168132075,10.122827994807666,7.330916878114617,False,False
21996,37792569217417667,4,3665,2043,1909,2000,1213,1170,5.298923163119609,5.272147011246629,11.839597483021175,10.898601387403938,True,False
21997,95486977347560560702,9549,2701,2695,2195,2000,94,93,4.833886871388754,4.833519736633965,11.399277924508967,11.10000522442272,True,False
21998,132595417981460995,13,374,368,349,2000,85,84,4.369812795110009,4.3687612884967635,8.546894459887637,8.447083226209653,True,False
21999,351441755628612898,35,2412,2227,1981,2000,537,535,4.4194674745649385,4.418133918972341,11.236014191900084,10.952013164889486,True,False
22000,2670601910847749541,267,2099,2073,1697,2000,127,126,4.287122779809136,4.286709890998097,11.035486451292154,10.728770849542663,True,False
22001,240307969090126497,24,5538,4042,3591,2000,1247,1205,4.650473757376044,4.645145474994981,12.43514933836693,11.810169937664659,True,False
22002,545346416231340465,55,6591,5058,4376,2000,1235,1194,4.513942438912812,4.507448752603147,12.686281655144432,12.095397022792557,True,False
22003,1995000000000000,0,639,0,0,0,0,0,0.0,0.0,9.319672120946995,0,False,True
22004,45593938361635791,5,423,289,278,2000,153,150,4.733644205463747,4.72217777661931,8.72451385311995,8.118941072723507,True,False
22005,46922400000000000000,4692,5250,5182,4153,2000,197,193,4.775058302728451,4.770933340928602,12.358101707440847,12.019938156424795,True,False
22006,99248120300751879,10,2433,1713,1563,2000,698,674,5.2940316338541695,5.27147149806304,11.24852060493843,10.610102062999664,True,False
22007,285242160304778,0,143,0,0,0,0,0,0.0,0.0,7.159871336778389,0,False,True
22008,94543658090074486,9,2914,2062,1962,2000,859,849,4.4001042686149825,4.396492535835209,11.508785162064513,10.938109326219239,True,False
22009,20406874231629021,2,1695,959,920,2000,713,687,6.51337946822102,6.473731495279827,10.727069558023706,9.845490050944376,True,False
22010,498750000000000,0,108,0,0,0,0,0,0.0,0.0,6.754887502163468,0,False,True
22011,6729576859412735119,673,3693,3629,2909,2000,183,181,4.577518644801933,4.576403979496338,11.850577547205614,11.506307581100307,True,False
22012,942355889724310776,94,7088,5491,4699,2000,1214,1170,4.398389487601163,4.3862727000489965,12.791162888555018,12.198138052401116,True,False
22013,29785202791931579,3,21,16,16,92,16,16,3.7062331754172706,3.7062331754172706,4.392317422778761,4.0,False,False
22014,3300029250000000000,330,5358,4535,3768,2000,783,754,4.393467996145726,4.3802171350171495,12.387478865842379,11.879583249612784,True,False
22015,997500000000000,0,13,0,0,0,0,0,0.0,0.0,3.700439718141092,0,False,True
22016,2943470859985480116,294,2227,2199,1799,2000,122,122,4.481422341005166,4.481422341005166,11.12088584278779,10.812979471251483,True,False
22017,461323591008220432,46,679,671,629,2000,85,84,4.396831402027272,4.3960191603365715,9.407267764244732,9.296916206879288,True,False
22018,1651496393404040316,165,7154,5764,4895,2000,1018,991,4.456617404582816,4.450339314549197,12.804534402995225,12.257093144491057,True,False
22019,3400028178351039,0,630,0,0,0,0,0,0.0,0.0,9.29920801838728,0,False,True
22020,8409254501152215,1,116,49,49,49,49,49,5.614709844115208,5.614709844115208,6.857980995127572,5.614709844115208,False,False
22021,6448164986864356,1,1047,208,205,208,208,205,7.700439718141091,7.6619781796795525,10.032045726930809,7.679480099505446,False,False
22022,1067325000000000000,107,6876,5365,4589,2000,978,949,4.701244360016774,4.6966283880547905,12.747353829478062,12.163964091412273,True,False
22023,50174250000000000000,5017,10184,8551,6920,2000,1249,1204,5.541201895663954,5.538967047355639,13.314016703901357,12.756556322524087,True,False
22024,1995000000000000,0,458,0,0,0,0,0,0.0,0.0,8.839203788096944,0,False,True
22025,1803471304923480728,180,7922,6417,5423,2000,1199,1160,4.521153942825444,4.512456864166424,12.951648985904619,12.404875455015208,True,False
22026,2284036711802613198,228,8200,6685,5617,2000,1206,1164,5.277367396212177,5.274280986163939,13.001408194392809,12.455584087578611,True,False
22027,151447428698045961336,15145,3394,3379,2807,0,0,0,0.0,0.0,11.728770849542663,11.454813348512525,False,True
22028,259350000000000000,26,1506,1439,1267,2000,193,192,4.37543217191778,4.37383935407822,10.556506054671928,10.30720080914081,True,False
22029,5510601883388732029,551,2945,2907,2354,2000,126,126,4.421955606352831,4.421955606352829,11.524051918717824,11.200898605038445,True,False
22030,6809643139489729408,681,3329,3272,2641,2000,156,155,4.478758761069562,4.475577284040622,11.700873155140263,11.366868586167094,True,False
22031,3984434935185186082,398,3208,3145,2547,2000,182,180,4.769377559488969,4.765485598284856,11.64745842645492,11.314583244274194,True,False
22032,8967184276012733145,897,3840,3776,3039,2000,189,187,4.8154495966913675,4.814628292161344,11.906890595608518,11.569380959522295,True,False
22033,754855851121383051560,75486,5630,5564,4527,0,0,0,0.0,0.0,12.458919206967591,12.144339591247839,False,True
22034,955441341292200000,96,864,852,753,2000,78,76,4.511807546926473,4.504195505398543,9.754887502163468,9.556506054671928,True,False
22035,3291750000000000000,329,1748,1733,1430,2000,91,90,4.517110291475933,4.51639652441362,10.7714894695006,10.481799431665753,True,False
22036,875464236924311411,88,5634,4522,3870,2000,1027,986,4.499618757294227,4.4883549273453145,12.45994384837493,11.918117851031772,True,False
22037,9975000000000000,1,348,125,123,125,125,123,6.965784284662088,6.933784284662088,8.442943495848729,6.94251450533924,False,False
22038,3424103560655769848,342,4979,4704,3952,2000,704,700,4.662203348999375,4.661274843892597,12.28164030006605,11.948367231584678,True,False
22039,399000000000000000,40,489,476,452,2000,76,76,4.37068357280388,4.3706835728038795,8.933690654952233,8.820178962415188,True,False
22040,133123929615312989,13,5009,3464,3122,2000,1232,1191,4.4744498081728645,4.466146746295829,12.290306896257901,11.608254821977908,True,False
22041,30008224204617935298,3001,7740,6885,5739,2000,906,896,5.739650224070554,5.7391106211937,12.918117851031772,12.486583659067268,True,False
22042,92535364957872818,9,1210,1086,1041,2000,433,431,4.54855463222603,4.5467599445016935,10.240791332161956,10.023754353299417,True,False
22043,1637640715422762154,164,7874,6266,5264,2000,1222,1176,4.685597874945645,4.6782977899277824,12.94288099715904,12.361943773735241,True,False
22044,47184503161949539164,4718,7531,6766,5568,2000,817,811,5.540149505063316,5.539743500102893,12.878625729805357,12.442943495848729,True,False
22045,776721464718518616,78,1840,1781,1452,2000,163,162,4.529165921507589,4.525902447474854,10.845490050944376,10.50382573799575,True,False
22046,11970000000000000,1,351,179,175,179,179,175,7.483815777264256,7.439123039834089,8.45532722030456,7.451211111832329,False,False
22047,99750000000000000,10,652,486,454,2000,207,203,4.855177310890042,4.844399716276923,9.348728154231077,8.826548487290914,True,False
22048,239599500000000000,24,789,624,573,2000,199,195,4.4172385904117935,4.409784121966219,9.623881490013458,9.162391328756906,True,False
22049,39900000000000000,4,1398,1133,1114,2000,693,690,5.259515918762379,5.256497810110469,10.449148645375436,10.121533517340032,True,False
22050,2800596220601414211,280,2984,2562,2146,2000,448,436,4.42354663695969,4.415629423780321,11.543031820255237,11.067434360756522,True,False
22051,64703759398496240601,6470,9781,8425,6773,2000,1235,1191,5.1290182414904795,5.125763272625745,13.255766257128808,12.7255792804196,True,False
22052,51222648753957891,5,2951,1931,1791,2000,940,902,5.105666532215363,5.081390827836986,11.526988205432007,10.806549621985962,True,False
22053,1752304609642834738,175,1709,1686,1393,2000,118,117,4.385625548022459,4.385282458300126,10.73893668167614,10.443979542601253,True,False
22054,19533574784618597,2,2179,1143,1092,2000,966,928,6.542449160438567,6.500685620950476,11.089450481115907,10.092757140919852,True,False
22055,7919870043206549251,792,2785,2760,2256,2000,135,134,4.431398900345757,4.4310894019150195,11.443461612227393,11.139551352398794,True,False
22056,20267957850779312,2,634,387,379,2000,294,289,6.460386150610279,6.442859861176126,9.308339030139408,8.566054038171092,True,False
22057,4039875000000000000,404,4297,3690,3042,2000,615,596,4.656411452735581,4.650843808230094,12.069114061773938,11.570804437724497,True,False
22058,97148200933783259,10,565,412,387,2000,176,172,4.816879491561558,4.803973252626324,9.14210705730255,8.59618975614441,True,False
22059,2155388471177944862,216,3110,3045,2485,2000,198,197,4.355008665479317,4.353632805566872,11.602698865017965,11.279030136449649,True,False
22060,1854890613402147019,185,2977,2922,2381,2000,209,208,4.581373895347276,4.5805877880078905,11.539643506238036,11.217351905270334,True,False
22061,30869848266174978,3,423,372,364,2000,191,190,5.1934214100087885,5.189926554678822,8.72451385311995,8.507794640198696,True,False
22062,49785225000000000000,4979,7695,6866,5733,2000,863,853,5.278307066367839,5.277411878095823,12.909705611215573,12.485074563698612,True,False
22063,15646798541940394534,1565,2319,2307,1917,2000,86,85,5.071315289740406,5.070706577500536,11.179287104646004,10.904634621668151,True,False
22064,16951736070317916813,1695,2297,2286,1906,2000,80,79,4.569094559654342,4.567787064085146,11.165535141377925,10.896332403909941,True,False
22065,17443383767761140641,1744,2295,2283,1910,2000,66,66,4.459297544740303,4.459297544740302,11.16427843830117,10.899356922923111,True,False
22066,3120399675649242195,312,1491,1479,1235,2000,71,71,4.70938295584399,4.70938295584399,10.542064542283443,10.27029532647204,True,False
22067,13850626566416040100,1385,9306,7670,6326,2000,1046,1017,4.4216025491675035,4.414713138350881,13.183945471757246,12.627077840517394,True,False
22068,2399937516347311248,240,8359,6809,5725,2000,1238,1197,4.834492503441063,4.830441232200479,13.02911464546904,12.483059977871669,True,False
22069,1964982744816000000,196,1018,1011,902,2000,64,63,4.260928198786479,4.2592643078267765,9.991521846075695,9.81698362325538,True,False
22070,1229166194900931417,123,882,875,792,2000,68,67,4.4021969799809115,4.401108053025249,9.784634845557521,9.62935662007961,True,False
22071,1963587726205810583,196,1099,1090,969,2000,82,81,4.6049246981355365,4.604415899249576,10.101975670949232,9.92035285541508,True,False
22072,3461470809084813,0,272,0,0,0,0,0,0.0,0.0,8.087462841250339,0,False,True
22073,541863498420112222125,54186,5348,5284,4282,0,0,0,0.0,0.0,12.384783750093353,12.06406908038551,False,True
22074,4761708143830662,0,1435,0,0,0,0,0,0.0,0.0,10.486835021563051,0,False,True
22075,1995000000000000,0,100,0,0,0,0,0,0.0,0.0,6.643856189774724,0,False,True
22076,9537669775051421,1,1415,444,443,444,444,443,8.794415866350107,8.7899113618456,10.466586337719244,8.791162888555018,False,False
22077,182434125535200000,18,425,418,398,2000,81,80,4.398532665027352,4.397045739206683,8.731319031025064,8.63662462054365,True,False
22078,2936104038262500000,294,5541,4669,3878,2000,837,804,4.57422216204784,4.566632451402938,12.435930651703595,11.921097088106793,True,False
22079,2992500000000000,0,618,0,0,0,0,0,0.0,0.0,9.271463027904375,0,False,True
22080,1017450000000000000,102,168,166,159,2000,37,37,4.278747403438427,4.278747403438428,7.392317422778761,7.312882955284356,True,False
22081,9122757328315728,1,2069,447,438,447,447,438,8.804131021183318,8.759388291876832,11.014717929860009,8.774787059601174,False,False
22082,538922656673515221689,53892,3670,3258,2656,0,0,0,0.0,0.0,11.841564347730575,11.375039431346925,False,True
22083,27337497457247590,3,1823,1096,1039,2000,703,679,6.212663050464746,6.180477277291617,10.832098846039134,10.020979938904212,True,False
22084,5002462500000000000,500,5702,4862,3996,2000,798,767,4.647427550805933,4.640894341513169,12.477252323937952,11.964340867792417,True,False
22085,5094235611777967726,509,3869,3812,3078,2000,255,255,5.534510123004413,5.534510123004413,11.917745013443216,11.58777751632821,True,False
22086,6982500000000000,1,1520,298,294,298,298,294,8.219168520462162,8.185611473482297,10.569855608330949,8.199672344836364,False,False
22087,3178781494982097540,318,4467,4263,3581,2000,604,602,4.508807727507148,4.508307539936809,12.125090539303256,11.806146803320525,True,False
22088,162093750000000000,16,5165,3670,3295,2000,1247,1204,4.409666221264325,4.400674639518106,12.334552633752422,11.686062749895415,True,False
22089,22533153994428072000,2253,3259,3233,2655,2000,125,124,4.534865648608738,4.534547798289058,11.670213636738564,11.374496145691516,True,False
22090,4093906080567975000,409,1586,1574,1297,2000,74,74,4.651268819289664,4.651268819289664,10.63117705570398,10.3409627642517,True,False
22091,4868766146210568,0,1575,0,0,0,0,0,0.0,0.0,10.621136113274641,0,False,True
22092,99750000000000000000,9975,2880,2869,2389,2000,88,88,5.521811667651323,5.521811667651323,11.491853096329674,11.222191138456333,True,False
22093,25935000000000000000,2594,2495,2484,2094,2000,67,67,4.6945057517647495,4.6945057517647495,11.284824100224624,11.032045726930809,True,False
22094,99750000000000000000,9975,2926,2915,2432,2000,88,87,5.464220861427995,5.431800642307384,11.514714054138487,11.247927513443585,True,False
22095,187530000000000000000,18753,2992,2980,2478,0,0,0,0.0,0.0,11.546894459887637,11.274960472140602,False,True
22096,99750000000000000000,9975,3020,3008,2507,2000,91,90,5.191906359875797,5.189202405541562,11.560332834212442,11.291746280833939,True,False
22097,10298453961939638850,1030,1821,1816,1582,2000,72,71,4.550307932996604,4.549080171894719,10.830515206976838,10.627533884472792,True,False
22098,701754385964912280,70,5672,4519,3963,2000,988,971,4.692816216561024,4.689186639284024,12.469641817239516,11.952377251967985,True,False
22099,3926160000000000000,393,3684,3630,2939,2000,206,204,4.580236099390807,4.5792727253704575,11.847057346091336,11.521109643651332,True,False
22100,65172595182130133,7,3596,2374,2180,2000,1101,1060,4.532401859515852,4.51554645354766,11.812177305514448,11.090112419664289,True,False
22101,473866562244684828,47,5676,4206,3688,2000,980,950,4.507524551223244,4.501493369739786,12.470658874060552,11.848622940429339,True,False
22102,447524684788650000,45,582,575,544,2000,70,69,4.436534100441396,4.434783425908285,9.184875342908283,9.087462841250339,True,False
22103,6626864074944669,1,81,38,38,38,38,38,5.247927513443588,5.247927513443588,6.339850002884624,5.247927513443585,False,False
22104,39167779051302041122,3917,8416,7485,6271,2000,962,950,5.739330283590124,5.738367531019881,13.038918989292302,12.61447980424533,True,False
22105,4987500000000000,0,1463,0,0,0,0,0,0.0,0.0,10.514714054138487,0,False,True
22106,20050125313283208,2,2859,1553,1491,2000,1175,1133,6.557330294756845,6.515694012320233,11.481294904631097,10.542064542283443,True,False
22107,3582547246667383,0,1073,0,0,0,0,0,0.0,0.0,10.067434360756522,0,False,True
22108,991277477286142873,99,2370,2313,1901,2000,201,200,4.390843437076714,4.3890088807058,11.210671343785622,10.892542816648552,True,False
22109,992908170225793826,99,2415,2360,1929,2000,203,202,4.470040000360604,4.468863403933179,11.237807473723135,10.913637428049103,True,False
22110,973619811963866874,97,2368,2312,1888,2000,202,201,4.637267823917947,4.636525258015223,11.20945336562895,10.88264304936184,True,False
22111,2000884878035722966,200,3154,3099,2538,2000,211,209,4.5333538307224375,4.528680999690213,11.62296694479051,11.309476353841106,True,False
22112,990845955265428389,99,2405,2366,1948,2000,210,210,4.37721361434042,4.3772136143404206,11.231821178657404,10.927777962082342,True,False
22113,36956318227710659,4,3652,2065,1927,2000,1214,1171,5.199486755769145,5.1733981738232035,11.834471049984222,10.912140856295721,True,False
22114,26842725000000000000,2684,5118,5070,4056,2000,214,214,5.233281981674793,5.233281981674793,12.321364432039447,11.985841937003341,True,False
22115,2315211100249169,0,1011,0,0,0,0,0,0.0,0.0,9.981567281903015,0,False,True
22116,193622375341535980,19,307,303,296,2000,66,64,4.248926636490874,4.245425997273301,8.262094845370179,8.20945336562895,True,False
22117,1469317500000000000,147,7789,6249,5280,2000,1219,1179,5.007428499089592,5.004037555388277,12.927222402724643,12.366322214245816,True,False
22118,19441275000000000000,1944,7072,6317,5191,2000,785,779,4.53030309291555,4.528974578255818,12.787902559391432,12.34179677239183,True,False
22119,33964875000000000000,3396,7302,6534,5388,2000,818,812,5.46719276596311,5.466744719016587,12.834075953434885,12.395534135462302,True,False
22120,19052250000000000,2,2945,1397,1344,2000,1217,1176,6.571166609983611,6.532684597287126,11.524051918717824,10.39231742277876,True,False
22121,1994129497732795295,199,7963,6431,5403,2000,1234,1192,4.47286427848274,4.4653185549129955,12.959096342281967,12.399544966627433,True,False
22122,2438601937959753877,244,1648,1633,1370,2000,97,96,4.267325156553456,4.266333974589129,10.686500527183219,10.419960177847889,True,False
22123,24471994301541194580,2447,4903,4848,3893,2000,232,232,4.996089911126413,4.996089911126412,12.259449046285685,11.926666629347283,True,False
22124,471828036316321178,47,445,373,351,2000,106,106,4.321870115337612,4.321870115337613,8.79766152585376,8.45532722030456,True,False
22125,494760075848130063,49,4678,3760,3331,2000,927,915,4.78384556365817,4.777749678749172,12.191676146352428,11.70173963867435,True,False
22126,701431939965911,0,7,0,0,0,0,0,0.0,0.0,2.807354922057604,0,False,True
22127,2633400000000000000,263,7720,6275,5279,2000,1030,1001,4.557963014957046,4.550181814394583,12.914385132155443,12.366048950670628,True,False
22128,2748112500000000000,275,7772,6314,5310,2000,1022,993,4.732525079763579,4.728611590056933,12.924070185585345,12.374496145691516,True,False
22129,455418786731993453,46,6217,4638,4054,2000,1215,1175,4.435488718218923,4.427891935840508,12.602002863537445,11.985130373466898,True,False
22130,44138226064812039324,4414,5254,5195,4214,2000,201,200,4.580979737824996,4.580193939346588,12.359200485133632,12.040974598817305,True,False
22131,94722959872476832,9,3141,2153,1976,2000,911,874,5.032050266329935,5.009591848682949,11.617008227651965,10.948367231584678,True,False
22132,4988995208901878306,499,3735,3667,2958,2000,194,193,4.487485846375847,4.486485596313331,11.8668925276766,11.530406337099068,True,False
22133,772618336065358099,77,2170,2102,1738,2000,192,191,4.355744619448272,4.354029353582063,11.083479327331842,10.7632123668144,True,False
22134,17093634666989074,2,2469,1243,1193,2000,1110,1070,6.531457816694998,6.4905104283574495,11.269711121142782,10.220378327695228,True,False
22135,99346697019266662934,9935,9829,8231,6759,2000,1047,1016,5.982696717562773,5.980686140090581,13.262828929261705,12.722594098956584,True,False
22136,79800000000000000000,7980,5484,5416,4363,2000,214,212,5.19348019809944,5.191242513522207,12.421012855779226,12.091104758376499,True,False
22137,57801175447090502,6,2422,1657,1608,2000,783,777,5.287394582385056,5.282251266337003,11.24198314969433,10.651051691178928,True,False
22138,137049055829720607,14,985,756,695,2000,278,273,4.567575164152389,4.559564495878924,9.943979914343739,9.44086916761087,True,False
22139,100250626566416040,10,2205,1907,1813,2000,713,709,4.526456274107514,4.5240543525702845,11.106562940444883,10.824163209744158,True,False
22140,34416604089244682025,3442,5124,5080,4069,2000,223,223,4.952955741917057,4.952955741917059,12.323054760341646,11.99045856507371,True,False
22141,13266750000000000000,1327,4553,4507,3624,2000,238,238,5.5935657855878995,5.593565785587898,12.152601744019199,11.823367240046235,True,False
22142,57661623685710645202,5766,5335,5263,4250,2000,293,293,5.312139428809903,5.312139428809903,12.381272555711787,12.053247125912426,True,False
22143,12387936043884697088,1239,9004,7533,6222,2000,1019,988,5.277509168879229,5.274342519274655,13.136350341454156,12.603162679534382,True,False
22144,9875250000000000000,988,7772,6802,5715,2000,961,950,4.92159435745556,4.920526387146696,12.924070185585345,12.480537783101841,True,False
22145,2584853656610082983,258,3365,3310,2695,2000,202,201,4.409659510764898,4.40839724672221,11.71639078949768,11.396069557639867,True,False
22146,4389000000000000000,439,3076,3017,2451,2000,154,153,4.394590970571379,4.390781740946576,11.586839787961827,11.25915476886684,True,False
22147,79877381087709495383,7988,8797,7588,6094,2000,1137,1094,6.132125465550053,6.129687703326708,13.102795896703823,12.573173784686485,True,False
22148,748125000000000000,75,2133,2066,1707,2000,188,187,4.439654797440196,4.438410758460307,11.058668250340572,10.737247343027738,True,False
22149,49875000000000000,5,333,300,293,2000,109,107,4.46290034265861,4.461646970100557,8.379378367071261,8.194756854422248,True,False
22150,511278195488721804,51,2494,2021,1755,2000,473,461,4.380373874238896,4.371220585355358,11.28424574982967,10.777255315191923,True,False
22151,1905451193077998143,191,1105,1093,956,2000,67,67,4.23028348014065,4.23028348014065,10.109830654278793,9.900866807980748,True,False
22152,1010796497954565775,101,6195,5096,4383,2000,971,956,4.61314955883656,4.610536935528373,12.596888567027964,12.097702963524654,True,False
22153,16572379428527241,2,1596,831,824,2000,783,777,6.553508164337049,6.545794476093979,10.640244936222345,9.686500527183219,True,False
22154,936525445716047670,94,5862,4740,4131,2000,972,956,4.646243862288355,4.6436516168765065,12.51717725268954,12.01227534485612,True,False
22155,1148568170607013812,115,3193,3065,2606,2000,446,444,5.0013246644370515,5.000889881828355,11.640696837570093,11.347621368568134,True,False
22156,1995000000000000000,200,3679,3522,2970,2000,467,464,4.462967775646431,4.460397146935119,11.845097960972975,11.536247215688128,True,False
22157,230576441102756892,23,4898,3427,3062,2000,997,967,4.402750672787371,4.394767562964397,12.257977058563979,11.580258567499788,True,False
22158,250626566416040100,25,5432,4066,3605,2000,1222,1178,4.527314171133945,4.5154196500705694,12.407267764244732,11.815783544128184,True,False
22159,10563297220506370,1,1551,715,710,715,715,710,9.481799431665753,9.46781341767974,10.59898297103609,9.471675214392045,False,False
22160,131086350413885070,13,3109,2330,2183,2000,812,802,4.390764001955018,4.387507556835317,11.602234901341063,11.092096414990792,True,False
22161,1138184857001730835,114,7142,5529,4727,2000,1013,984,4.517381547581173,4.510427440732658,12.802112418586066,12.20670914935865,True,False
22162,1016756911683815719,102,7185,5849,4917,2000,1213,1170,4.790742889093641,4.785915337777135,12.8107724413447,12.263562639820615,True,False
22163,154419801208345178,15,3209,2430,2263,2000,810,800,4.55123401952984,4.544386327494248,11.647908074281807,11.144020869266893,True,False
22164,1694821838227423158,169,6914,5695,4747,2000,1097,1056,4.426129513464385,4.4120852149592995,12.7553048882624,12.212800334429431,True,False
22165,1097250000000000000,110,1459,1440,1194,2000,117,116,4.433798780982486,4.433483656623909,10.510764167917891,10.221587121264806,True,False
22166,1660617567876739,0,372,0,0,0,0,0,0.0,0.0,8.539158811108031,0,False,True
22167,2493750000000000,0,1062,0,0,0,0,0,0.0,0.0,10.052568050804153,0,False,True
22168,1050102019621337,0,601,0,0,0,0,0,0.0,0.0,9.231221180711186,0,False,True
22169,15269426775816754267,1527,9036,7538,6200,2000,999,968,5.841286273420318,5.838074826385763,13.141468555393084,12.5980525001616,True,False
22170,1496250000000000000,150,7145,5645,4794,2000,974,945,4.629210480097927,4.624023412416846,12.802718295983178,12.227014193649133,True,False
22171,5912840661412761923,591,8407,6898,5734,2000,973,944,4.6462889816752595,4.641419383700907,13.037375357763239,12.485326189240524,True,False
22172,487324383135104221,49,5707,4198,3678,2000,974,945,4.7399673250423255,4.735670654648931,12.47851684767645,11.844705764411938,True,False
22173,76571251722952535,8,3829,2309,2146,2000,976,945,4.766330837269484,4.740750132160752,11.902751944850161,11.067434360756522,True,False
22174,69205721639127425,7,3738,2210,2053,2000,969,940,4.538242488818534,4.523913492438052,11.868050853745158,11.003517912108602,True,False
22175,6983269792934335099,698,8586,7054,5846,2000,982,953,4.920181070793857,4.916722138852433,13.067770457447823,12.513234113806053,True,False
22176,421148502712861221,42,5546,4014,3519,2000,976,945,4.384087204352553,4.373203066841223,12.437231901039478,11.780949798749665,True,False
22177,91766653288246203,9,4393,2873,2630,2000,1230,1191,4.44359483266778,4.4313958749795805,12.100990784092762,11.360847084179664,True,False
22178,1479122491084476103,148,2252,1940,1665,2000,379,370,4.501312834029723,4.49270281052869,11.13699111208023,10.701306461958625,True,False
22179,275409750000000000,28,5048,3611,3234,2000,1027,998,4.415397017415749,4.404306948235389,12.30149619498255,11.659103963473662,True,False
22180,29925000000000000,3,3452,1855,1753,2000,1214,1170,5.298655564507389,5.2703803671507,11.753216749178955,10.775610280759539,True,False
22181,1266825000000000000,127,7550,6086,5101,2000,1241,1198,4.409230271054857,4.400007311695505,12.882260929099804,12.316564385396942,True,False
22182,43906173234978989,4,2720,1713,1592,2000,931,893,5.297146939597647,5.268079264932476,11.409390936137703,10.63662462054365,True,False
22183,2094750000000000000,209,1370,1357,1168,2000,92,90,4.667871951824577,4.667004377981227,10.419960177847889,10.189824558880018,True,False
22184,2710008000000000000,271,2398,2363,1917,2000,125,123,4.611839779609823,4.611436457883545,11.227615943414223,10.904634621668151,True,False
22185,596505000000000000,60,1943,1877,1528,2000,181,179,4.412547143003637,4.409908228050755,10.924070185585345,10.57742882803575,True,False
22186,2862825000000000000,286,3322,3263,2658,2000,204,203,4.590175230379416,4.589378763794809,11.697836357962377,11.376125389276174,True,False
22187,2663325000000000000,266,3561,3475,2902,2000,339,338,4.914944198287033,4.913615244377755,11.798066720363062,11.502831804066744,True,False
22188,508725000000000000,51,2297,2199,1911,2000,367,366,4.468759090077679,4.467727896471078,11.165535141377925,10.900112062977456,True,False
22189,1546125000000000000,155,3807,3605,3063,2000,588,586,4.520482149676976,4.519791576007564,11.894438854562262,11.580729651598958,True,False
22190,726678750000000000,73,3119,2912,2545,2000,611,608,4.552348843827145,4.548927780203085,11.606867837374152,11.313449940963057,True,False
22191,1037400000000000000,104,3781,3552,3031,2000,638,635,4.9191827184763754,4.9185540841843745,11.884552133987235,11.565578136784328,True,False
22192,4488750000000000000,449,7050,6130,5181,2000,938,926,4.922678013076192,4.920826986501929,12.783407542173519,12.33901486825008,True,False
22193,810668250000000000,81,6250,4859,4228,2000,1016,990,4.54382396882259,4.539313857627306,12.609640474436812,12.045759661382682,True,False
22194,572565000000000000,57,6033,4573,3982,2000,1016,986,4.590416447331836,4.5849046179111905,12.558659867026508,11.959277505720502,True,False
22195,2314200000000000000,231,7608,6135,5172,2000,977,947,4.429543768279799,4.422304842327234,12.893301530860564,12.336506559810255,True,False
22196,737551500000000000,74,6298,4761,4141,2000,972,943,4.693249240046183,4.68797048823824,12.62067804213541,12.01576348736988,True,False
22197,478800000000000000,48,5700,4357,3808,2000,1082,1050,4.5486371867343784,4.543144899049487,12.476746203939467,11.894817763307943,True,False
22198,1007475000000000000,101,7408,5888,4988,2000,1237,1198,5.359587112095156,5.346217963874103,12.854868383260236,12.28424574982967,True,False
22199,3052350000000000000,305,7997,6719,5530,2000,1170,1126,4.612634661372121,4.605123755064309,12.965243172556892,12.43306376512207,True,False
22200,2014950000000000000,201,2702,2314,1965,2000,419,408,4.386505945084766,4.378218556213419,11.399811959325685,10.940313597145968,True,False
22201,33333441784162433,3,3166,1705,1608,2000,1069,1038,5.259592210064465,5.236459878811221,11.62844554013718,10.651051691178928,True,False
22202,45201561841181025000,4520,2210,2203,1844,2000,81,79,4.744050102897097,4.694740589509632,11.109830654278793,10.848622940429339,True,False
22203,130263209226985014,13,4390,2893,2639,2000,956,927,4.7751325119672074,4.756620422951753,12.10000522442272,11.365775635326269,True,False
22204,244651703117643553,24,5009,3440,3046,2000,961,932,4.540707424394384,4.526453066457293,12.290306896257901,11.572700226487292,True,False
22205,3527271416432269398,353,3657,3584,2944,2000,293,293,4.91318828428423,4.91318828428423,11.836444911341369,11.523561956057012,True,False
22206,12914447469302085000,1291,237,210,203,2000,63,63,5.236866476672803,5.236866476672804,7.888743248898259,7.6653359171851765,True,False
22207,6794970000000000000,679,4119,4068,3260,2000,202,201,4.675977953146512,4.675290453146511,12.008078410868256,11.67065624911844,True,False
22208,3403472981417669291,340,2407,2379,1937,2000,117,116,4.484364406375902,4.434315246575818,11.233020426474496,10.919608238603253,True,False
22209,1668640303182300000,167,966,959,864,2000,70,69,4.454864657890965,4.4538471451443815,9.915879378835774,9.754887502163468,True,False
22210,590286473174320854,59,677,670,629,2000,76,75,4.495229494456669,4.494466264637289,9.403012023574997,9.296916206879288,True,False
22211,586568176829459041,59,733,726,678,2000,82,80,4.267201355596616,4.2647021630679856,9.517669388133811,9.405141463136344,True,False
22212,14063858555492235,1,1824,908,898,908,908,898,9.826548487290916,9.804522055572853,10.832890014164741,9.810571634741146,False,False
22213,12658275000000000000,1266,8264,7182,6004,2000,982,968,5.203655829550711,5.201497626180993,13.01262453886506,12.55170826162069,True,False
22214,157439642113606396,16,3190,2417,2249,2000,804,795,4.854033920167053,4.846733576456831,11.639340708652231,11.135067945777816,True,False
22215,462648843628358330,46,4768,3785,3365,2000,962,951,4.387437212334787,4.384632913930769,12.219168520462162,11.71639078949768,True,False
22216,34243780667819441701,3424,10124,8617,7045,2000,1243,1201,6.228577481839404,6.2271802860428895,13.305491792110685,12.782383991197,True,False
22217,5243219346305101546,524,9126,7583,6276,2000,1224,1185,5.381523536093862,5.37919047014867,13.155766938445653,12.615629636968098,True,False
22218,8308277628849219895,831,9384,7837,6462,2000,1234,1192,5.309406953155504,5.306323342966228,13.19598729802851,12.657765035265363,True,False
22219,21085010898864524,2,644,396,386,2000,295,290,6.4610094751752465,6.443478796487542,9.330916878114618,8.59245703726808,True,False
22220,12881574122505643798,1288,9754,8214,6736,2000,1200,1160,4.78226478461489,4.762672921262525,13.251778257035868,12.717676423066395,True,False
22221,89051233488303040,9,3452,2339,2138,2000,1022,983,5.003442412414392,4.982151161433813,11.753216749178955,11.06204613772049,True,False
22222,9975000000000000,1,2193,596,579,596,596,579,9.219168520462162,9.151442802380618,11.098690096673593,9.177419537989236,False,False
22223,7655812500000000000,766,4135,3596,2937,2000,574,555,5.163564826238488,5.157802741291672,12.013671614058637,11.520127550324851,True,False
22224,5745600000000000000,575,3923,3405,2799,2000,551,532,4.68827968909755,4.678171665039635,11.937741620077096,11.450695771572915,True,False
22225,20789417433738332760,2079,3032,2689,2220,2000,423,413,5.5675906981924355,5.564270599409932,11.566054038171092,11.116343961237469,True,False
22226,1157299500000000000,116,776,662,602,2000,135,135,4.473351051776677,4.473351051776678,9.599912842187127,9.233619676759702,True,False
22227,76320861232252779,8,3097,2127,2029,2000,951,940,4.776945490478171,4.771337945413503,11.596655667674662,10.98655314975666,True,False
22228,17786411090806918332,1779,5208,5077,4173,2000,452,450,4.966057442684452,4.96559378208401,12.346513733165635,12.026869205263395,True,False
22229,63598828532117736856,6360,10240,8605,6957,2000,1279,1230,6.269946588669294,6.26777020534401,13.321928094887362,12.76424960536716,True,False
22230,9514217746116174,1,978,300,297,300,300,297,8.228818690495883,8.208818690495884,9.933690654952233,8.214319120800766,False,False
22231,10204238443853259369,1020,8833,7309,6032,2000,990,958,4.830316994410648,4.823906560948096,13.108687796154612,12.558420713268664,True,False
22232,90079602986427758,9,2181,1780,1712,2000,744,739,5.0569879437697605,5.053518990539144,11.09077405464075,10.741466986401146,True,False
22233,30012741233160000,3,1859,1139,1073,2000,696,672,6.197936369947552,6.1656000122950605,10.860311054919482,10.067434360756522,True,False
22234,79800000000000000,8,1403,1008,928,2000,428,417,4.476241996021289,4.466352732117232,10.454299293619899,9.857980995127573,True,False
22235,17732824063902821,2,2038,1045,1031,2000,968,957,6.536718471694373,6.523432507202588,10.992938336165814,10.00982861736811,True,False
22236,757195773683476035,76,6311,4848,4215,2000,1015,986,4.4185339003598685,4.41188096785857,12.623652908052925,12.041316915829444,True,False
22237,100817169202643892398,10082,4092,3604,2924,0,0,0,0.0,0.0,11.99859042974533,11.513727595952437,False,True
22238,17284406732011670,2,1853,970,957,2000,908,898,6.573042256744515,6.561898406052638,10.855647166027266,9.902375114486025,True,False
22239,26525192921905270839,2653,5019,4951,3963,2000,199,198,4.775578985351101,4.7748784737119765,12.29318423075951,11.952377251967985,True,False
22240,2373909387838757685,237,1347,1335,1137,2000,82,81,4.41722406981466,4.416381053151616,10.395534135462302,10.151016538892248,True,False
22241,488292082789935078,49,655,643,602,2000,75,74,4.3626898432657,4.3606263659942694,9.355351096424812,9.233619676759702,True,False
22242,612127039782074709,61,5045,4011,3461,2000,970,930,4.385959471381874,4.374094418470987,12.30063855399372,11.756973226165448,True,False
22243,376297132628612217,38,4281,3304,2905,2000,907,869,4.6369326782837295,4.620230841570585,12.063732120196919,11.50432244829189,True,False
22244,505037955459870026,51,3882,3099,2695,2000,754,726,4.383675137177153,4.3719797222765955,11.922584402713664,11.396069557639867,True,False
22245,14700157500000000000,1470,9719,8204,6737,2000,1207,1164,5.3315594345962145,5.327716538350218,13.246592165441838,12.71789058398728,True,False
22246,29642707500000000000,2964,7338,6573,5400,2000,813,806,5.402817138511681,5.401869357413677,12.841171189248543,12.398743691938193,True,False
22247,1684112607648506033,168,2924,2869,2357,2000,230,229,4.730720485105502,4.730577381566559,11.513727595952437,11.202736043250168,True,False
22248,6849867947705019,1,1150,295,295,295,295,295,8.204571144249204,8.204571144249204,10.167418145831737,8.204571144249204,False,False
22249,790492749201100767,79,6395,4952,4288,2000,1068,1037,4.502859799747392,4.49702386459081,12.642728643768999,12.066089190457772,True,False
22250,48880733110684131,5,3553,1908,1774,2000,1044,1015,4.521719025340879,4.508066092839581,11.794821973331223,10.792790294301064,True,False
22251,2892750000000000000,289,3419,3363,2729,2000,202,200,4.629508834137605,4.625757327710341,11.739358707433395,11.414156679274141,True,False
22252,16458750000000000,2,1015,531,515,2000,473,461,6.520906342689325,6.492099737159598,9.987264012072538,9.00842862207058,True,False
22253,6907589604999591,1,191,46,46,46,46,46,5.523561956057012,5.523561956057012,7.577428828035749,5.523561956057013,False,False
22254,2885568213445292618,289,3307,3241,2641,2000,204,203,4.870405231091604,4.869847563157511,11.691307330191115,11.366868586167094,True,False
22255,1099732434531542444,110,2678,2629,2155,2000,197,197,4.636383108124236,4.636383108124236,11.386940245324311,11.07347215397646,True,False
22256,259364803205356370969,25936,8859,7666,6166,0,0,0,0.0,0.0,13.112928141855111,12.590119174107175,False,True
22257,40012836734382960,4,503,447,429,2000,193,191,4.711141289972823,4.707767190597993,8.974414589805527,8.744833837499545,True,False
22258,26268665435381582042,2627,8260,7328,6142,2000,940,929,4.769040349769378,4.767603572391109,13.011926066306808,12.584492796975875,True,False
22259,1009365639341311612,101,2585,2518,2075,2000,191,190,4.392062425296025,4.390228480647808,11.335948565202298,11.018895621121649,True,False
22260,795825703712924358,80,2197,2130,1768,2000,193,192,4.3923442817345935,4.3905100312760315,11.101319154423276,10.787902559391432,True,False
22261,99750000000000000,10,2257,1604,1467,2000,645,626,5.265123228570761,5.245728642071901,11.140190703191836,10.51865315567339,True,False
22262,6961677918548269596,696,8769,7465,6065,2000,1195,1150,5.12771915982631,5.1221978282158975,13.09819661452721,12.566291930007873,True,False
22263,290289116254598640,29,1518,1452,1270,2000,199,198,4.386672318483377,4.38543629398762,10.567956075415466,10.310612781659529,True,False
22264,45321691874359328,5,135,123,121,2000,68,67,4.418572801274364,4.415716842229308,7.076815597050831,6.918863237274595,True,False
22265,270322500000000000,27,4877,3528,3169,2000,1012,986,4.608573511211571,4.602051547756087,12.251778257035868,11.629811944382233,True,False
22266,20710010220430839,2,544,452,450,2000,351,350,6.480236721471311,6.477236721471311,9.087462841250339,8.813781191217037,True,False
22267,9962706074586250342,996,6217,5822,4827,2000,760,755,4.954483235746667,4.953804715477366,12.602002863537445,12.236911111444602,True,False
22268,1995000000000000000,200,4855,4502,3794,2000,737,732,4.54978864818756,4.547805802356315,12.245255580306555,11.889503963411476,True,False
22269,384762994657229451,38,620,613,579,2000,83,82,4.339441749821294,4.338470820161847,9.276124405274238,9.177419537989236,True,False
22270,398602177397130000,40,2381,1894,1659,2000,496,482,4.430882123538935,4.419525478431625,11.217351905270334,10.696098170955864,True,False
22271,3789488609480721934,379,1515,1508,1317,2000,73,72,4.35980198118862,4.358889841121276,10.565102078360313,10.363039630256514,True,False
22272,21913588480822785,2,649,402,392,2000,296,291,6.461603051201049,6.444067981060769,9.342074667999139,8.614709844115207,True,False
22273,4663678228108200000,466,1827,1821,1546,2000,85,84,4.40010410175374,4.399375685225009,10.835260918627489,10.594324603924848,True,False
22274,3169989032902978028,317,1591,1585,1335,2000,96,95,4.726327586337698,4.725763526447201,10.635718120331047,10.382624026574916,True,False
22275,4425494246524661044,443,1727,1716,1421,2000,81,80,4.260142311774471,4.259131596361114,10.754052367528924,10.47269083924278,True,False
22276,3590311638865833579,359,7954,6693,5503,2000,1155,1112,4.4956699296792655,4.486661279868787,12.95746484680521,12.426002613329361,True,False
22277,4074288750000000000,407,3620,3554,2875,2000,201,200,4.629630214365815,4.628896734336475,11.821773981970567,11.4893462407191,True,False
22278,4188471177944862,0,53,0,0,0,0,0,0.0,0.0,5.727920454563199,0,False,True
22279,98462553568785000,10,1015,757,696,2000,316,310,4.9666246005139705,4.9556550305346905,9.987264012072538,9.442943495848729,True,False
22280,150832405843368260,15,4520,3084,2811,2000,1022,993,4.5184164012197385,4.508889074137827,12.14210705730255,11.456867738380343,True,False
22281,5985000000000000000,599,5195,4959,4158,2000,669,665,5.627756380661009,5.627017836876059,12.342908033791574,12.02167404285837,True,False
22282,3655045318272635,0,1350,0,0,0,0,0,0.0,0.0,10.398743691938193,0,False,True
22283,1729878961755000,0,137,0,0,0,0,0,0.0,0.0,7.098032082960526,0,False,True
22284,145744010384982320,15,4523,3274,2949,2000,1142,1100,4.538949484246102,4.522221973398398,12.14306428063141,11.526010107061737,True,False
22285,4984391843918760253,498,8849,7262,6010,2000,1219,1178,4.788403056352981,4.784185043257647,13.111298714258261,12.553149275598548,True,False
22286,47349688578226395,5,1552,1041,969,2000,535,519,4.934632082173422,4.916371062747342,10.599912842187127,9.92035285541508,True,False
22287,386278369268239488,39,633,625,593,2000,91,90,4.283380336455052,4.282434661004071,9.306061689428342,9.211888294546004,True,False
22288,5789163303536450,1,1434,217,213,217,217,213,7.761551232444482,7.715468283135726,10.485829308701904,7.734709620225838,False,False
22289,5977483789951790479,598,3910,3843,3097,2000,192,191,4.579149590532842,4.578292263962862,11.932952892194715,11.596655667674662,True,False
22290,63639629489356339266,6364,8647,7676,6437,2000,972,961,5.478798163866626,5.4781751811864545,13.077983973962752,12.65217275350971,True,False
22291,218415102687544312,22,2725,2081,1858,2000,640,622,4.611832460826742,4.601483876558948,11.41204051455165,10.859534786382653,True,False
22292,7401976681591125,1,804,192,191,192,192,191,7.584962500721157,7.574545834054491,9.651051691178928,7.577428828035749,False,False
22293,79800000000000000,8,807,737,679,2000,185,184,4.7620338387423695,4.75896360719574,9.656424863277781,9.407267764244732,True,False
22294,3611947500000000000,361,644,572,521,2000,107,107,4.443838289283954,4.443838289283952,9.330916878114618,9.025139562278508,True,False
22295,11044763749485900000,1104,1632,1628,1444,2000,76,75,4.803447906106259,4.800588147205301,10.672425341971495,10.49585502688717,True,False
22296,3567257247876240,0,1365,0,0,0,0,0,0.0,0.0,10.414685235807214,0,False,True
22297,99491860785450000,10,2290,1620,1483,2000,653,634,5.267088117246926,5.247780983547629,11.161131882984307,10.53430288245463,True,False
22298,997375106205543786,100,3685,3037,2612,2000,648,627,4.507186809486922,4.49573472332909,11.847448903982432,11.350939181546432,True,False
22299,997415798104216789,100,1298,1099,977,2000,253,249,4.493333649059423,4.490332523637392,10.342074667999139,9.932214751968385,True,False
22300,39172435159501965066,3917,5261,5190,4176,2000,218,217,5.470235926508893,5.4699025283481415,12.36112133473479,12.027905996569885,True,False
22301,2736819069292383511,274,7638,6238,5251,2000,1008,982,4.370158143326694,4.362829036447126,12.898979204622513,12.35837648032824,True,False
22302,3273956778682489168,327,3597,3543,2870,2000,215,213,4.953737153912507,4.951136396752977,11.81257844413538,11.486835021563051,True,False
22303,13877212672547598656,1388,4694,4642,3724,2000,204,201,4.836944950253206,4.8358842952909,12.196602126523171,11.862637357558794,True,False
22304,7759088701772837506,776,4207,4158,3334,2000,196,195,4.403492819921782,4.402392819921784,12.03857610276879,11.703038388986418,True,False
22305,10025062656641604,1,2581,952,916,952,952,916,9.894817763307941,9.810916184546464,11.33371442609397,9.839203788096944,False,False
22306,10025062656641604,1,2485,988,957,988,988,957,9.94836723158468,9.882061791296898,11.279030136449649,9.902375114486025,False,False
22307,529433932299651448,53,1669,1610,1327,2000,156,154,4.342681873535767,4.331173331825599,10.704768239362599,10.373952655370193,True,False
22308,16311198923760692,2,671,512,510,2000,482,480,6.513963389416647,6.509963389416647,9.390168956200183,8.994353436858859,True,False
22309,24937500000000000,2,1257,759,725,2000,513,498,6.485342732838472,6.45224341974655,10.295768934420508,9.501837184902296,True,False
22310,997500000000000000,100,2819,2333,2006,2000,495,480,4.504100043265525,4.491520346969589,11.460967762570421,10.970105890612182,True,False
22311,5559496186238400000,556,3549,3065,2517,2000,488,474,4.690061254890717,4.680582208059408,11.793196859060945,11.29748950116098,True,False
22312,9306176701093404324,931,3497,3035,2480,2000,480,467,5.163628120305619,5.157979021937919,11.771902080697716,11.276124405274238,True,False
22313,7980000000000000000,798,3301,2885,2369,2000,455,443,4.781795269925667,4.777329540066296,11.688687423222536,11.21006248324023,True,False
22314,3080116903742794950,308,2859,2470,2080,2000,425,413,4.589466651302042,4.579261137298861,11.481294904631097,11.022367813028454,True,False
22315,4987500000000000000,499,2958,2578,2147,2000,420,409,4.588524355106166,4.5829711550331,11.530406337099068,11.068106475858773,True,False
22316,6084750000000000000,608,2900,2542,2113,2000,409,398,4.785955612724258,4.777626427118735,11.501837184902296,11.04507705193494,True,False
22317,1496250000000000000,150,2184,1884,1616,2000,372,364,4.555111688713231,4.5487909410073755,11.092757140919852,10.658211482751796,True,False
22318,997500000000000000,100,1897,1618,1415,2000,353,346,4.495313425881822,4.490083060300709,10.889503963411476,10.466586337719244,True,False
22319,997500000000000000,100,1855,1579,1382,2000,346,339,4.498342116934241,4.493111899910857,10.857203471508166,10.432541900388259,True,False
22320,1795500000000000000,180,1937,1678,1450,2000,325,318,4.509548696515838,4.50110000830528,10.919608238603253,10.501837184902296,True,False
22321,498750000000000000,50,1499,1243,1098,2000,317,310,4.394445418935985,4.386070279048068,10.54978466794786,10.100662339005199,True,False
22322,1296750000000000000,130,1740,1490,1296,2000,301,295,4.381123301204381,4.373967524122552,10.76487159073609,10.339850002884624,True,False
22323,299250000000000000,30,947,760,692,2000,227,223,4.485643716261976,4.479776301767175,9.887220615468385,9.434628227636725,True,False
22324,798000000000000000,80,792,664,609,2000,158,156,4.528698864209574,4.526302397654734,9.62935662007961,9.250298417906333,True,False
22325,3990000000000000000,399,441,401,372,2000,88,88,4.629131608903596,4.629131608903596,8.784634845557521,8.539158811108031,True,False
22326,586710539424159265,59,2007,1940,1580,2000,191,189,4.40425240896214,4.402435798046357,10.970824901362617,10.625708843064466,True,False
22327,598500000000000000,60,551,547,529,2000,67,65,4.230672944710825,4.228396727690216,9.105908508571158,9.047123912114026,True,False
22328,78254058592010401,8,793,726,677,2000,183,182,4.388868826954024,4.386785815742822,9.63117705570398,9.403012023574997,True,False
22329,216314975041717538,22,1400,1329,1150,2000,189,188,4.425488026621058,4.423683651010202,10.451211111832329,10.167418145831737,True,False
22330,379577877377590818910,37958,405,403,366,0,0,0,0.0,0.0,8.661778097771988,8.515699838284043,False,True
22331,98667726435936840,10,3038,2167,2051,2000,899,889,4.393615172698024,4.390776484454955,11.568906154502084,11.002111776479852,True,False
22332,229425000000000000,23,4118,3121,2846,2000,969,958,4.401923773761505,4.3994315661288645,12.007728114632254,11.474719946526482,True,False
22333,7199955000000000000,720,8181,7001,5833,2000,1030,1009,5.46803951839744,5.465638885710795,12.99806148563642,12.510022358813766,True,False
22334,3511200000000000000,351,7859,6468,5431,2000,1018,992,4.593590946949722,4.589404044822814,12.940130036481444,12.407002147924201,True,False
22335,8977680082894809,1,1983,475,461,475,475,461,8.89178370321831,8.82441528216568,10.953468962228849,8.848622940429339,False,False
22336,2680862502495660000,268,2762,2382,2011,2000,419,407,4.496602027139479,4.484159628738296,11.43149760425805,10.973697366305352,True,False
22337,19551000000000000000,1955,4818,4750,3841,2000,210,209,5.195771808587456,5.195358978507192,12.23421867823847,11.907266248531066,True,False
22338,170015004240357656,17,4604,3257,2911,2000,1079,1046,4.424118634431217,4.41062201887524,12.16867211813223,11.507299124122765,True,False
22339,2493750000000000000,249,1313,1300,1110,2000,82,81,4.630002642237114,4.629318564129525,10.358651200892886,10.116343961237469,True,False
22340,179550000000000000,18,345,332,317,2000,77,76,4.44923414582454,4.447520059785426,8.430452551665532,8.308339030139408,True,False
22341,2775361553462623,0,845,0,0,0,0,0,0.0,0.0,9.722807531169547,0,False,True
22342,4499630312246592,0,1095,0,0,0,0,0,0.0,0.0,10.096715154488535,0,False,True
22343,326302408058166,0,117,0,0,0,0,0,0.0,0.0,6.870364719583405,0,False,True
22344,118094544444035066424,11809,7719,6954,5726,0,0,0,0.0,0.0,12.914198242454956,12.483311954999353,False,True
22345,1787868744440004024,179,2902,2842,2333,2000,201,200,4.374620549064606,4.3733976474526,11.502831804066744,11.187970591984199,True,False
22346,64147554586500000,6,185,177,167,2000,72,71,4.534210136078542,4.5324238175291685,7.531381460516312,7.383704292474052,True,False
22347,1203454503472562804,120,2683,2615,2117,2000,192,191,4.3536870538955394,4.351971052179538,11.389631339260522,11.047805554007589,True,False
22348,60133617316104317550,6013,5509,5427,4421,2000,346,346,5.625561589622133,5.625561589622134,12.42757474756509,12.110157018954066,True,False
22349,11968646452559690506,1197,8944,7488,6178,2000,1026,996,4.591474951209463,4.586008055250152,13.12670447284319,12.592924155627637,True,False
22350,1460788237928170213,146,2942,2868,2395,2000,284,284,4.386149684014041,4.386149684014041,11.522581531254831,11.225809940623543,True,False
22351,498750000000000,0,191,0,0,0,0,0,0.0,0.0,7.577428828035749,0,False,True
22352,7114847991173226503,711,5559,5283,4399,2000,704,700,4.546030741481502,4.545107664558424,12.440609666748422,12.102959885910124,True,False
22353,34912500000000000,3,3582,2080,1944,2000,1247,1204,5.305981782068125,5.278543315834732,11.806549621985962,10.92481250360578,True,False
22354,7674434085481465,1,1763,402,396,402,402,396,8.651051691178928,8.616225820532161,10.783816759320182,8.62935662007961,False,False
22355,1400000000000000000,140,3462,3304,2809,2000,487,485,5.00361802635038,5.003226713495751,11.757390009366638,11.455840909126398,True,False
22356,2441600952918650891,244,4068,3881,3273,2000,556,554,5.125754304345209,5.125443419489185,11.9901039638575,11.676397887044763,True,False
22357,109725000000000000,11,4460,2865,2609,2000,1069,1038,5.328961644060243,5.311020332333321,12.122827994807666,11.349281228817452,True,False
22358,8802058902379610,1,2037,483,471,483,483,471,8.915879378835774,8.85790836434302,10.992230264965889,8.879583249612784,False,False
22359,2234400000000000000,223,7072,5914,5009,2000,993,976,4.797899996002569,4.795709914061671,12.787902559391432,12.290306896257901,True,False
22360,5486250000000000,1,1788,163,162,163,163,162,7.348728154231078,7.336458215580771,10.804131021183318,7.339850002884624,False,False
22361,14461478851993537973,1446,8971,7456,6152,2000,985,955,5.006861025758843,4.9606116265740035,13.131053096409643,12.586839787961827,True,False
22362,28487519492570362,3,1865,1129,1067,2000,714,688,6.235508217541987,6.200875795471003,10.8649599151426,10.059344460824425,True,False
22363,9972645649588809732,997,2704,2397,2000,2000,393,385,5.308479251782466,5.30578188283331,11.400879436282183,10.965784284662087,True,False
22364,4987500000000000000,499,2400,2118,1792,2000,357,350,4.588164630856609,4.583653945670238,11.228818690495881,10.807354922057604,True,False
22365,1128964642902119899,113,497,494,470,2000,51,51,4.344468051296745,4.3444680512967455,8.957102041562287,8.876516946565,True,False
22366,9934136790825263826,993,1837,1830,1583,2000,72,71,4.715881998402699,4.7151567482470265,10.84313591111135,10.62844554013718,True,False
22367,349610953131271152,35,4571,3500,3132,2000,966,953,4.431396756830447,4.427395949629862,12.158294103604035,11.612868497291041,True,False
22368,9426437343750000,1,1665,454,449,454,454,449,8.826548487290912,8.804522055572852,10.701306461958625,8.810571634741146,False,False
22369,73116109332490656332,7312,10257,8625,6980,2000,1251,1206,5.620856183650839,5.618721818984326,13.32432120815455,12.769011321097015,True,False
22370,6659379868020590,1,1927,302,296,302,302,296,8.23840473932508,8.192047123431038,10.912140856295721,8.20945336562895,False,False
22371,586466534765352935820,58647,1629,1624,1399,0,0,0,0.0,0.0,10.669770888525518,10.450180247164754,False,True
22372,205056466020000000,21,5088,3450,3067,2000,1039,1009,4.439879509057059,4.431642462825059,12.312882955284355,11.58261245126702,True,False
22373,95959500000000000,10,4418,2904,2659,2000,1231,1192,4.399987877885888,4.389446177248353,12.109177703355275,11.376668061857668,True,False
22374,1809692993443090,0,15,0,0,0,0,0,0.0,0.0,3.9068905956085187,0,False,True
22375,19312351219207334,2,1580,844,807,2000,713,687,6.51337946822102,6.473731495279827,10.625708843064466,9.656424863277781,True,False
22376,30056972397443136,3,386,246,237,2000,155,152,5.339500202177393,5.323909678081413,8.59245703726808,7.888743248898259,True,False
22377,795638321188911387,80,798,787,709,2000,79,78,4.413591970573819,4.412452083629367,9.640244936222345,9.469641817239516,True,False
22378,17560000000000000000,1756,9696,8182,6624,2000,1242,1201,4.879124040903961,4.8742027239552135,13.243173983472952,12.693486957499326,True,False
22379,19950000000000000000,1995,9736,8241,6673,2000,1250,1211,5.044943100785783,5.041729902348533,13.249113452713729,12.704119788513017,True,False
22380,22761553500000000000,2276,9313,7842,6449,2000,1019,988,5.344311083420696,5.341420296230098,13.18503026318128,12.654859754207394,True,False
22381,9242447174047018,1,161,101,101,101,101,101,6.658211482751794,6.658211482751794,7.330916878114617,6.658211482751795,False,False
22382,281405884389868906,28,1792,1700,1512,2000,349,348,4.384478020786194,4.383811168882887,10.807354922057604,10.562242424221072,True,False
22383,598500000000000000,60,2284,2202,1900,2000,315,315,4.412656797503206,4.412656797503206,11.157346935362844,10.89178370321831,True,False
22384,110169493845591561,11,4710,3187,2897,2000,1197,1158,4.39660558357881,4.385660931306338,12.201511344500146,11.500343969270403,True,False
22385,124400199769921875,12,4834,3296,2987,2000,1201,1161,4.548036816623734,4.53236019061664,12.239001757765582,11.544481522310791,True,False
22386,131275473116085268,13,4888,3346,3025,2000,1207,1167,4.3917822817066225,4.382029873346188,12.25502856981873,11.56271942704932,True,False
22387,129548224806467035,13,5027,3392,3065,2000,1221,1176,4.550531449778304,4.533622091385324,12.295481973695367,11.581671358578143,True,False
22388,179679022909252236,18,4369,3202,2875,2000,1064,1024,4.74160788397989,4.724372667393016,12.093087390444218,11.4893462407191,True,False
22389,250615900775975286,25,4544,3416,3038,2000,1034,995,4.416450868865219,4.402492710397402,12.149747119504681,11.568906154502084,True,False
22390,87159563430989477,9,3469,2347,2145,2000,1029,990,5.008639170132291,4.987310425124827,11.760304125286382,11.066761932386909,True,False
22391,162728805031147782,16,3912,2861,2575,2000,981,942,4.428200156856361,4.4141684242209,11.933690654952233,11.330356716957944,True,False
22392,29081165548340496796,2908,9851,8333,6739,2000,1237,1197,5.0079814409853585,5.004705283933093,13.26605446829837,12.71831881047926,True,False
22393,99317909177445063163,9932,10119,8629,6955,2000,1308,1267,6.6125855618095075,6.611507701886529,13.304779103739282,12.7638347994296,True,False
22394,10907662500000000000,1091,4511,4452,3593,2000,207,206,4.6835836673633215,4.682887795150764,12.139231570719353,11.810973220002165,True,False
22395,99386577874518690,10,791,588,548,2000,249,245,4.900930198470666,4.891766729888331,9.627533884472792,9.098032082960527,True,False
22396,1674853731010712400,167,1136,1127,975,2000,89,88,4.48109576450041,4.480519239959154,10.149747119504681,9.929258408636972,True,False
22397,49875000000000000,5,3384,1916,1810,2000,976,946,5.100818495061901,5.080217537985108,11.72451385311995,10.821773981970567,True,False
22398,4738431335532554388,474,1496,1492,1329,2000,75,74,4.326162967544447,4.324535474374937,10.546894459887637,10.376125389276174,True,False
22399,940644014471807717,94,4747,3958,3436,2000,827,818,4.878319659412039,4.877098260052749,12.212800334429431,11.746514321138463,True,False
22400,15745564613049183,2,563,316,310,2000,290,285,6.457637622507111,6.440128868129923,9.13699111208023,8.276124405274238,True,False
22401,3980025000000000000,398,3554,3495,2838,2000,202,200,4.628935265128174,4.580193939346588,11.795227966028678,11.470658874060552,True,False
22402,149325750000000000,15,3623,2622,2373,2000,922,885,4.550060101763311,4.532654951894658,11.822969090453288,11.212496385193948,True,False
22403,4977525000000000000,498,8280,6752,5623,2000,979,950,4.645699501126268,4.640923328237051,13.015415052386688,12.457124331540804,True,False
22404,2989613207097131781,299,7835,6303,5293,2000,977,948,4.552658134141846,4.547176026175656,12.935717559359942,12.369869938634876,True,False
22405,996514206301761752,100,2455,2401,1973,2000,204,202,4.53283814648675,4.531800800758585,11.261507309202056,10.946175240723559,True,False
22406,498025303374248092,50,1902,1848,1565,2000,202,198,4.355452500465345,4.347980942455736,10.893301530860564,10.61194694181998,True,False
22407,959007414867597464,96,6007,4835,4204,2000,996,978,4.69071873199584,4.6882316994757485,12.55242894852647,12.037546953962178,True,False
22408,909496800677435519,91,6066,4866,4223,2000,1007,987,4.693037310403248,4.688793098590185,12.56652978262417,12.044052531801302,True,False
22409,833925462368510641,83,6208,4863,4235,2000,1020,994,4.732387566021407,4.728938587229532,12.599912842187127,12.04814625421956,True,False
22410,85420189781688539,9,3866,2311,2132,2000,948,919,4.7782947887272424,4.760132584949789,11.916625922211235,11.057991722759176,True,False
22411,22203635412982900,2,2900,1312,1259,2000,999,970,6.501028813752351,6.465852512122067,11.501837184902296,10.298062567719017,True,False
22412,58054500000000000,6,2568,1718,1592,2000,805,774,4.781572605510927,4.760776240163168,11.326429487122303,10.63662462054365,True,False
22413,30282689758357285305,3028,10076,8590,7031,2000,1201,1159,5.088436250697107,5.084363728434351,13.298635406734242,12.7795141791435,True,False
22414,586363967062302947,59,3382,3107,2716,2000,696,692,4.377280881669922,4.375566595955635,11.723660944409984,11.407267764244732,True,False
22415,803152960531090955,80,3697,3417,2962,2000,711,707,4.502016550651976,4.501016508983574,11.852139328187244,11.532355925288847,True,False
22416,868822500000000000,87,842,834,759,2000,87,85,4.261539291984141,4.259735113519532,9.717676423066395,9.567956075415466,True,False
22417,5018796562500000000,502,1873,1865,1604,2000,90,88,4.329218642865654,4.327778101500336,10.871135184243045,10.64745842645492,True,False
22418,1995000000000000,0,161,0,0,0,0,0,0.0,0.0,7.330916878114617,0,False,True
22419,8345746839792473669,835,4046,3978,3166,2000,194,193,4.785634316281663,4.78489101315693,11.982280604558284,11.62844554013718,True,False
22420,44887500000000000,4,542,474,454,2000,189,188,4.710844734782031,4.707841731779027,9.08214904135387,8.826548487290914,True,False
22421,2493750000000000000,249,3185,3121,2547,2000,200,199,4.451934397419954,4.450780087120357,11.637077657143664,11.314583244274194,True,False
22422,35651525926380369921,3565,5161,5093,4075,2000,193,192,4.443187720388816,4.442051790879655,12.33343491528405,11.992584344005802,True,False
22423,490694521572007917,49,2398,2256,1974,2000,456,454,4.694505965014039,4.692832101036464,11.227615943414223,10.946906274456397,True,False
22424,2291823331111455,0,1078,0,0,0,0,0,0.0,0.0,10.074141462752506,0,False,True
22425,18952500000000000000,1895,4704,4653,3734,2000,216,216,4.583518359261828,4.583518359261827,12.199672344836364,11.866506212226202,True,False
22426,83208020050125313,8,2620,1802,1653,2000,773,745,4.5411216181821406,4.526972331978419,11.355351096424812,10.690871009292314,True,False
22427,14697233636939677,1,1517,735,708,735,735,708,9.521600439723725,9.439471830231753,10.567005370247033,9.467605550082997,False,False
22428,99750000000000,0,5,0,0,0,0,0,0.0,0.0,2.321928094887362,0,False,True
22429,30671839578650445,3,3166,1893,1779,2000,1155,1114,6.550915877500371,6.509790004134366,11.62844554013718,10.79685079526716,True,False
22430,597303000000000000,60,5505,4364,3758,2000,1045,1005,4.441720444130257,4.429256769511202,12.426526848451731,11.875749351420055,True,False
22431,2642176446656994,0,833,0,0,0,0,0,0.0,0.0,9.702172685365548,0,False,True
22432,1545318656885868417,155,7875,6332,5346,2000,1211,1171,4.6196729178078595,4.612707658393875,12.943064208162003,12.384244122243079,True,False
22433,50125313283208020,5,252,233,230,2000,111,110,4.630653456923879,4.629697800010826,7.977279923499917,7.845490050944375,True,False
22434,222000000000000000,22,5470,3918,3490,2000,1219,1178,4.442596734385554,4.429769396820059,12.417325117679919,11.769011321097015,True,False
22435,20000000000000000000,2000,9816,8248,6725,2000,1239,1199,5.447405886853704,5.445235424114971,13.260919533662905,12.715318552331349,True,False
22436,30000000000000000000,3000,9968,8397,6833,2000,1246,1205,5.6851952852181356,5.682316796984013,13.283088353024002,12.738303411474638,True,False
22437,67500000000000000000,6750,10240,8619,6975,2000,1257,1213,5.983783525380568,5.963277596549606,13.321928094887362,12.767977501603912,True,False
22438,121900000000000000000,12190,10252,8737,7071,0,0,0,0.0,0.0,13.323617763291578,12.787698543971324,False,True
22439,176304025239155820,18,3806,2795,2522,2000,942,903,4.765866991659401,4.747494325278462,11.894059846274022,11.30035256032822,True,False
22440,1980134298224339,0,863,0,0,0,0,0,0.0,0.0,9.753216749178955,0,False,True
22441,10625370000000000000,1063,4624,4566,3657,2000,214,212,5.268114590899128,5.267663094594168,12.174925682500678,11.836444911341369,True,False
22442,7059015866617580419,706,1488,1315,1142,2000,229,225,4.867108671199955,4.865098014720616,10.539158811108031,10.157346935362844,True,False
22443,13347591878515650000,1335,1984,1760,1497,2000,293,287,5.270199607164186,5.26780546828576,10.954196310386875,10.547858506058416,True,False
22444,128160618353475766,13,4896,3432,3104,2000,1238,1195,4.553185648338423,4.536581000562034,12.257387842692651,11.599912842187127,True,False
22445,1023737242500000,0,674,0,0,0,0,0,0.0,0.0,9.396604781181859,0,False,True
22446,19950000000000000,2,2674,1131,1089,2000,968,939,6.538601580002682,6.502960338439047,11.384783750093353,10.088788238716907,True,False
22447,178065465966575528,18,2336,1768,1588,2000,578,560,4.64678704073664,4.6352237765521105,11.189824558880018,10.632995197142957,True,False
22448,99707063530993855660,9971,9676,8133,6653,2000,1034,1002,6.540022074026,6.507807400528752,13.240195053979924,12.699789318382136,True,False
22449,968028351650711879,97,6494,4983,4317,2000,979,950,4.645970402650301,4.641192477563186,12.664891669286089,12.075813377461454,True,False
22450,4488750000000000000,449,6100,5165,4255,2000,879,844,4.558302426462659,4.550843186006112,12.57459352733761,12.054943416573325,True,False
22451,100070639827990018560,10007,7001,6721,5560,0,0,0,0.0,0.0,12.773345291291271,12.44086916761087,False,True
22452,1812592452865542,0,381,0,0,0,0,0,0.0,0.0,8.573647187493322,0,False,True
22453,982456140350877192,98,1062,896,809,2000,210,206,4.502056358079519,4.498372778210637,10.052568050804153,9.659995892429977,True,False
22454,11357303894107433,1,494,246,242,246,246,242,7.942514505339242,7.909994180135989,8.948367231584678,7.918863237274595,False,False
22455,5618523799395431,1,887,151,148,151,151,148,7.2384047393250786,7.185424606874747,9.792790294301064,7.20945336562895,False,False
22456,9975000000000000,1,125,64,64,64,64,64,6.0,6.0,6.965784284662087,6.0,False,False
22457,4438875000000000000,444,3810,3754,3017,2000,198,197,4.507520261850527,4.506574594725355,11.895575282380685,11.558898981146703,True,False
22458,248325630000000000000,24833,9152,8065,6744,0,0,0,0.0,0.0,13.159871336778389,12.719388820942083,False,True
22459,3124262266120379,0,1410,0,0,0,0,0,0.0,0.0,10.461479447286155,0,False,True
22460,9376500000000000000,938,4739,4103,3347,2000,648,628,5.234826970298548,5.229507012084003,12.2103669456326,11.70865283568653,True,False
22461,5985000000000000,1,1463,228,224,228,228,224,7.83289001416474,7.789030365041933,10.514714054138487,7.807354922057604,False,False
22462,94904040426625862806,9490,2377,2370,1968,2000,113,111,5.63059745252992,5.630177682719004,11.214926187942435,10.94251450533924,True,False
22463,1984019979282233207,198,6890,5718,4867,2000,990,972,4.5053996015376745,4.500029787492585,12.750288267591653,12.248817059278503,True,False
22464,38727584941715474,4,123,112,111,2000,73,72,5.045431907005845,5.043087974482379,6.94251450533924,6.794415866350106,True,False
22465,24937500000000000000,2494,1993,1987,1691,2000,71,70,4.607531988992874,4.606539740920431,10.960725994839057,10.723660944409984,True,False
22466,1233462841127946,0,494,0,0,0,0,0,0.0,0.0,8.948367231584678,0,False,True
22467,4989708239469841,0,1234,0,0,0,0,0,0.0,0.0,10.269126679149418,0,False,True
22468,5087250000000000,1,957,141,138,141,141,138,7.139551352398794,7.082813763746311,9.902375114486025,7.108524456778169,False,False
22469,8617168587766300,1,317,187,187,187,187,187,7.546894459887637,7.546894459887637,8.308339030139408,7.546894459887636,False,False
22470,993510000000000000,99,699,590,544,2000,128,128,4.4212177589139845,4.4212177589139845,9.449148645375436,9.087462841250339,True,False
22471,940674458054382314,94,2275,2208,1797,2000,191,190,4.414811249662264,4.413423164063651,11.151650829973422,10.811374693509942,True,False
22472,79800000000000000,8,2560,1757,1613,2000,763,736,4.537965697913886,4.523941233085163,11.321928094887362,10.655530723155643,True,False
22473,97012322760671827,10,3379,2321,2123,2000,982,943,5.579206664848585,5.551354464910194,11.722380635163802,11.051888655905378,True,False
22474,3909774436090225563,391,3950,3851,3196,2000,398,396,5.475125313468759,5.474165343782319,11.947636937951827,11.642051692927977,True,False
22475,648555246825520243,65,6165,4815,4172,2000,1084,1052,4.3840244455409,4.373820501885086,12.589885179290201,12.026523442519766,True,False
22476,11440490699468473,1,2682,1048,1008,1048,1048,1008,10.03342300153745,9.94684947486455,11.389093521904474,9.977279923499916,False,False
22477,34462651810478183,3,3191,1934,1800,2000,1141,1100,6.545400949386033,6.504275076020027,11.639792893279312,10.813781191217037,True,False
22478,2214450000000000000,221,8192,6588,5506,2000,1221,1177,4.649620790164695,4.643966693199938,13.0,12.42678889459556,True,False
22479,455102810547925441,46,1805,1738,1453,2000,188,187,4.352694899594587,4.350979633728379,10.817783121774534,10.504818987632841,True,False
22480,189525000000000000,19,52,50,50,2000,34,34,4.245957393352753,4.245957393352752,5.700439718141092,5.643856189774724,True,False
22481,682441696178367543,68,6208,4668,4067,2000,963,934,4.468490435212711,4.461887348444581,12.599912842187127,11.989749275462133,True,False
22482,983010605278952091,98,2722,2623,2237,2000,382,380,4.841570163125326,4.839669658867867,11.410451351503994,11.127349541059118,True,False
22483,10060785000000000000,1006,9421,7835,6410,2000,1226,1184,5.241747727771211,5.238527450841639,13.201664488711414,12.646108641506103,True,False
22484,357240177647471689,36,507,495,467,2000,72,71,4.355644805866295,4.35417490659701,8.985841937003341,8.867278739709661,True,False
22485,2769991613643123,0,28,0,0,0,0,0,0.0,0.0,4.807354922057604,0,False,True
22486,13283208020050125313,1328,2959,2937,2408,2000,121,120,4.40121851904639,4.400878530547629,11.530893981193922,11.233619676759702,True,False
22487,46354769813914759,5,971,675,636,2000,354,348,4.858672340373612,4.849397453824678,9.923327485419192,9.312882955284355,True,False
22488,40014340114928574,4,3388,1762,1648,2000,1016,987,4.743682069753871,4.726550343071118,11.726218159332198,10.686500527183219,True,False
22489,249375000000000000,25,5377,4018,3569,2000,1219,1174,4.442038863812995,4.426336924379011,12.392585756275468,11.801304186049023,True,False
22490,10110003905962771379,1011,6565,5625,4573,2000,901,864,5.130274993593316,5.124510045411036,12.68057929578025,12.158925203806964,True,False
22491,967033214850872643,97,2191,1844,1604,2000,402,391,4.514335736680517,4.507918224116789,11.097373768990222,10.64745842645492,True,False
22492,10449419779263574657,1045,5581,5354,4442,2000,643,640,5.203220350180167,5.202863188189347,12.446307931050345,12.116993677546981,True,False
22493,347582405399287163,35,5782,4423,3883,2000,1218,1174,4.594203085920558,4.578509216568106,12.49735289347705,11.922955991908477,True,False
22494,6802493136299813335,680,8579,7302,5942,2000,1179,1135,5.047603494104064,5.041465808041949,13.066593776312251,12.536732889835415,True,False
22495,29000000000000000,3,3210,1871,1766,2000,1203,1160,5.297082898268698,5.269192556270003,11.648357582009666,10.786269627648466,True,False
22496,19950000000000000,2,300,232,230,2000,184,183,6.422640676223644,6.416894209579748,8.228818690495881,7.845490050944375,True,False
22497,4464237901500233739,446,1719,1707,1404,2000,82,81,4.468624058856798,4.467846988091994,10.747353829478062,10.45532722030456,True,False
22498,49109268716224963,5,3382,1922,1819,2000,1009,979,4.741514513681266,4.722651857767559,11.723660944409984,10.828929827651486,True,False
22499,828440617981330,0,233,0,0,0,0,0,0.0,0.0,7.864186144654281,0,False,True
22500,9975000000000000,1,19,7,7,7,7,7,2.807354922057604,2.807354922057604,4.247927513443585,2.807354922057604,False,False
22501,17940214881174043188,1794,368,366,330,2000,47,47,4.602394638913831,4.6023946389138315,8.523561956057012,8.366322214245816,True,False
22502,37485099592638014,4,2056,1291,1206,2000,734,708,5.2698709490182924,5.243577112652946,11.005624549193879,10.236014191900084,True,False
22503,252494995859568076,25,4987,3504,3121,2000,966,937,4.404119053913684,4.39047409525109,12.283956487665113,11.607792641919211,True,False
22504,421444126504391596,42,1802,1746,1486,2000,204,203,4.628900380146878,4.628166924570949,10.815383295813538,10.537218400538595,True,False
22505,4990455896020468,0,1259,0,0,0,0,0,0.0,0.0,10.298062567719017,0,False,True
22506,13414912146123553,1,2368,978,954,978,978,954,9.933690654952233,9.878604455585233,11.20945336562895,9.897845456005511,False,False
22507,29914786967418546365,2991,9489,8044,6611,2000,1094,1063,5.642994750178156,5.641097516394158,13.21204034123855,12.690652799348483,True,False
22508,119950000000000000,12,4319,2837,2599,2000,963,934,4.434211783048758,4.414503558788504,12.076481601207021,11.3437409184722,True,False
22509,5306979391444013010,531,564,504,455,2000,109,109,4.634276350207254,4.634276350207253,9.139551352398794,8.829722735086058,True,False
22510,5985000000000000,1,979,174,171,174,174,171,7.442943495848731,7.396966484354477,9.935165049603695,7.417852514885898,False,False
22511,642876585246600,0,214,0,0,0,0,0,0.0,0.0,7.741466986401147,0,False,True
22512,664335000000000000,66,773,765,710,2000,86,84,4.2691540740436995,4.266733990328384,9.594324603924848,9.471675214392045,True,False
22513,1995000000000000000,200,1206,1198,1041,2000,87,85,4.3311057102542,4.3292531450582965,10.236014191900084,10.023754353299417,True,False
22514,5053308090186495,1,1714,130,130,130,130,130,7.022367813028455,7.022367813028455,10.7431513941125,7.022367813028454,False,False
22515,29679615000000000000,2968,10043,8538,6975,2000,1206,1167,5.007025635854157,5.003643251945654,13.29390266862152,12.767977501603912,True,False
22516,14713125000000000000,1471,9752,8241,6754,2000,1214,1173,5.083893200373417,5.079656439851836,13.251482410620213,12.721526464007477,True,False
22517,8976502500000000000,898,9443,7904,6510,2000,1207,1166,4.648636959463334,4.641812373949267,13.205029555005872,12.668441828052998,True,False
22518,8845830000000000000,885,9408,7863,6482,2000,1236,1194,4.74310889392648,4.737432738601541,13.199672344836364,12.662223305317841,True,False
22519,17589480824388288606,1759,4713,4649,3754,2000,278,278,4.775546280936293,4.775546280936293,12.202429966015352,11.874212934830874,True,False
22520,791017500000000000,79,6633,5203,4490,2000,1155,1118,4.655584124837993,4.648948407336739,12.695445810537382,12.13249972962851,True,False
22521,4987500000000000,0,1488,0,0,0,0,0,0.0,0.0,10.539158811108031,0,False,True
22522,43840125000000000000,4384,5273,5206,4209,2000,211,210,5.267102332278915,5.266702272269915,12.364408281379832,12.039261794341055,True,False
22523,23956695075703062,2,2545,1369,1327,2000,998,979,6.498280220278561,6.4773273541384935,11.313449940963057,10.373952655370193,True,False
22524,199500000000000,0,77,0,0,0,0,0,0.0,0.0,6.266786540694901,0,False,True
22525,486529902752932186,49,4606,3709,3295,2000,911,900,4.4002330055032095,4.396619465953661,12.169298695792845,11.686062749895415,True,False
22526,3319697220955045,0,508,0,0,0,0,0,0.0,0.0,8.988684686772165,0,False,True
22527,12611987155635000,1,125,61,61,61,61,61,5.930737337562885,5.930737337562885,6.965784284662087,5.930737337562887,False,False
22528,80215002761987032993,8022,3891,3866,3168,2000,149,148,5.141135346031742,5.14099826395165,11.925925264972856,11.62935662007961,True,False
22529,12569605080117970616,1257,6500,6089,5015,2000,759,754,4.906225245881302,4.905430042415164,12.66622400280318,12.292033985499543,True,False
22530,568404583351884,0,371,0,0,0,0,0,0.0,0.0,8.535275376620802,0,False,True
22531,63471159889281968,6,3689,2208,2070,2000,964,936,5.2851663290292725,5.262623813707183,11.84901407369482,11.015415052386688,True,False
22532,12844670465961946,1,2606,963,938,963,963,938,9.911391987843462,9.852181655539564,11.347621368568134,9.873444112515376,False,False
22533,9975000000000000,1,1792,547,533,547,547,533,9.095397022792557,9.039172365567396,10.807354922057604,9.057991722759176,False,False
22534,39900000000000000,4,118,81,79,2000,67,67,4.972961839971527,4.972961839971527,6.882643049361842,6.303780748177103,True,False
22535,12911505932065592451,1291,8855,7589,6126,2000,1173,1129,5.047187423503461,5.0414483194826785,13.112276591639276,12.580729651598958,True,False
22536,1096802918228820869,110,2676,2621,2164,2000,236,235,5.039567862727633,5.039466689388103,11.38586240064146,11.079484783826816,True,False
22537,324187500000000000,32,5853,4308,3801,2000,1229,1188,4.630298461629645,4.623615759049657,12.514960563330183,11.892163309861965,True,False
22538,2746355141339850,0,566,0,0,0,0,0,0.0,0.0,9.144658242831882,0,False,True
22539,8621553884711779448,862,4214,4155,3328,2000,200,199,4.397897932714759,4.396649493264073,12.040974598817305,11.700439718141093,True,False
22540,8841548296514657425,884,4236,4177,3348,2000,202,201,4.374137716173758,4.372914814561752,12.048486873992337,11.709083812550343,True,False
22541,53199553904731028,5,662,595,568,2000,182,181,4.762611937715273,4.759542884006834,9.370687406807217,9.149747119504681,True,False
22542,7704164474905355,1,1987,399,391,399,399,391,8.640244936222345,8.595132154267457,10.95637615724967,8.611024797307353,False,False
22543,119650125000000000000,11965,5532,5474,4452,0,0,0,0.0,0.0,12.433585441150495,12.12023787734196,False,True
22544,23739821038319380797,2374,10039,8490,6950,2000,1247,1205,5.415280647191115,5.412691022034604,13.293327946956358,12.762797262498232,True,False
22545,4869537952283677018,487,3853,3799,3065,2000,201,199,4.404696788852439,4.403399957519769,11.91176647065955,11.581671358578143,True,False
22546,127041475591800000,13,368,360,344,2000,79,77,4.266975019469691,4.264134589475104,8.523561956057012,8.426264754702098,True,False
22547,534453404279760000,53,3809,3052,2649,2000,738,711,4.457367292945849,4.4476395167147835,11.89519657256334,11.371232128369622,True,False
22548,58852500000000000000,5885,9313,8085,6689,2000,1002,980,4.644786762288908,4.641048396119564,13.18503026318128,12.707574829926973,True,False
22549,249375000000000000,25,4833,3443,3089,2000,1016,990,4.4841692131824145,4.478582022018066,12.238703279427725,11.592924155627637,True,False
22550,1910212500000000000,191,2997,2947,2411,2000,206,203,5.009942539900796,5.009063106076449,11.549303368513575,11.235415935602527,True,False
22551,1159095000000000000,116,5949,4867,4084,2000,1006,965,4.523482942602777,4.514299953942533,12.538431462950005,11.995767150877802,True,False
22552,321195000000000000,32,4529,3465,3048,2000,985,945,4.781666478323894,4.758572538387419,12.144976824050111,11.573647187493322,True,False
22553,793156850108280000,79,442,379,355,2000,103,103,4.429117788384838,4.429117788384837,8.787902559391432,8.471675214392045,True,False
22554,2808018309528168,0,1170,0,0,0,0,0,0.0,0.0,10.192292814470767,0,False,True
22555,17050956712004506,2,1962,1005,991,2000,940,929,6.558586992351423,6.547373304108355,10.938109326219239,9.952741247186488,True,False
22556,99750000000000000,10,232,219,213,2000,72,71,4.258146176144832,4.2559390412204525,7.857980995127572,7.734709620225838,True,False
22557,100250626566416040,10,453,434,406,2000,111,110,4.406506820323571,4.405747225157629,8.823367240046235,8.665335917185176,True,False
22558,134445433807024861,13,756,723,650,2000,113,111,4.426682102310022,4.425451700926541,9.562242424221072,9.344295907915816,True,False
22559,7880250000000000000,788,4067,3999,3214,2000,193,192,4.493059369502148,4.492051601288837,11.989749275462133,11.650154213675094,True,False
22560,21614744927656981544,2161,4944,4878,3939,2000,211,210,5.0365706648890605,5.0361122838076975,12.271463027904375,11.943613701614042,True,False
22561,4089750000000000000,409,2426,2402,1955,2000,136,134,4.342886256241819,4.34174197270576,11.24436383512051,10.932952892194715,True,False
22562,39770493621806115704,3977,4363,4310,3504,2000,156,156,4.620496459571843,4.620496459571843,12.091104758376499,11.774787059601174,True,False
22563,3394500000000000000,339,8507,7041,5808,2000,1244,1201,4.5144898030016325,4.5076144917898775,13.054434738760843,12.50382573799575,True,False
22564,1148439667796041129,115,7540,5996,5071,2000,1229,1186,4.472708725259641,4.461823152763121,12.880348808156027,12.308054559066635,True,False
22565,46303323336116307,5,3600,2102,1955,2000,1178,1138,4.778253236318671,4.75836580696923,11.813781191217037,10.932952892194715,True,False
22566,75623231491935223,8,4226,2645,2448,2000,1215,1174,5.105585537618824,5.085370408179267,12.04507705193494,11.257387842692651,True,False
22567,126399411039933971,13,4939,3337,3021,2000,1214,1172,5.140199741706519,5.119905786894231,12.270003253378444,11.56081046872794,True,False
22568,19949566638329182246,1995,1935,1721,1467,2000,295,291,5.734504166310941,5.733792984081607,10.918117851031772,10.51865315567339,True,False
22569,2663702124958930,0,741,0,0,0,0,0,0.0,0.0,9.533329732305834,0,False,True
22570,2024925000000000000,202,7761,6145,5193,2000,1067,1036,4.781497920598389,4.777047036573036,12.922026839405897,12.342352510087794,True,False
22571,298143909581158998,30,5173,3729,3292,2000,1066,1036,4.393908015632006,4.386349867956172,12.336785476203755,11.684748620421626,True,False
22572,4940617500000000000,494,8955,7404,6146,2000,1233,1192,5.083298332984734,5.079978342242219,13.128477716873324,12.585432051592962,True,False
22573,12059775000000000000,1206,9362,7949,6428,2000,1248,1203,5.129360312947449,5.124055400139595,13.192601049711953,12.650154213675094,True,False
22574,196068005003302066,20,1271,1223,1088,2000,193,193,4.564690723522248,4.564690723522248,10.311748315004959,10.087462841250339,True,False
22575,1402946274607116557,140,2803,2754,2255,2000,204,204,4.67757264124977,4.67757264124977,11.452756029032495,11.138911718142744,True,False
22576,11449314313278473176,1145,2570,2555,2136,2000,96,95,4.260245327213104,4.259374949456664,11.32755264408124,11.060695931687555,True,False
22577,65835000000000000,7,2519,1708,1578,2000,771,743,4.540613346002212,4.5247231753300925,11.298635406734242,10.623881490013458,True,False
22578,10478185037567257991,1048,4536,4487,3595,2000,211,211,5.117014235405559,5.117014235405558,12.147204924942228,11.81177605532666,True,False
22579,739862759735085000,74,1446,1213,1071,2000,291,285,4.454795249254941,4.448741545890185,10.497851836951117,10.064742764750257,True,False
22580,2866815000000000000,287,8464,6920,5787,2000,1212,1172,4.695566196153722,4.69008442368653,13.047123912114026,12.49859992877026,True,False
22581,7922428971192354232,792,4239,4183,3335,2000,207,206,4.818219573332071,4.81764054977634,12.049508251055096,11.703471046071947,True,False
22582,1604010025062656640,160,6218,5128,4290,2000,1013,972,4.996154357604736,4.979698769549607,12.602234901341063,12.066761932386909,True,False
22583,1396500000000000000,140,6070,4986,4174,2000,1005,965,4.3913727491296015,4.380932757743526,12.567480801143045,12.027214885159834,True,False
22584,103740000000000000,10,3493,2474,2257,2000,940,902,5.561276395958759,5.5333007066114845,11.770250927394864,11.140190703191836,True,False
22585,527169924812030074,53,4757,3756,3255,2000,926,888,4.471347332462833,4.460229880049987,12.215836309962455,11.668441828052998,True,False
22586,902255639097744360,90,5034,4045,3476,2000,919,881,4.6175628708198975,4.606797983891141,12.29748950116098,11.7632123668144,True,False
22587,241501237566106955606,24150,2965,2658,2201,0,0,0,0.0,0.0,11.533816389433365,11.103943429891558,False,True
22588,1822585286580240000,182,2456,2110,1797,2000,393,383,4.524703962522542,4.512122741261939,11.262094845370179,10.811374693509942,True,False
22589,3064541790434250000,306,8484,6999,5854,2000,1198,1157,5.006783658564782,5.002835300674598,13.050528905530555,12.515207030408751,True,False
22590,5738196754500000000,574,1938,1929,1611,2000,82,81,4.517835457479322,4.517118557524176,10.92035285541508,10.653740778706569,True,False
22591,77742926757820325,8,3043,2055,1889,2000,911,875,4.566632157173767,4.549783373716574,11.571278618514595,10.88340698638837,True,False
22592,2493750000000000000,249,4756,4479,3778,2000,713,709,4.871681964848062,4.871081949847687,12.215532999745657,11.88340698638837,True,False
22593,1496250000000000000,150,4409,4119,3491,2000,716,712,4.432747815481372,4.4313596495955485,12.106235761615748,11.769424641552753,True,False
22594,3491250000000000000,349,5241,4930,4124,2000,724,720,4.424709689961579,4.423566723719718,12.355626393637916,12.00982861736811,True,False
22595,5386500000000000000,539,5940,5499,4578,2000,770,765,5.345601340179492,5.345150477619574,12.536247215688128,12.160501747555687,True,False
22596,565881750000000000,57,318,277,262,2000,85,85,4.335707760933876,4.335707760933877,8.312882955284355,8.03342300153745,True,False
22597,377340654338431521,38,4894,3723,3307,2000,991,974,4.586109745547927,4.579954183524539,12.25679838607939,11.691307330191115,True,False
22598,8933125957332788630,893,2015,2004,1655,2000,79,78,4.3794770100295715,4.378501536558991,10.97656412341533,10.69261550169458,True,False
22599,2980970150573334694,298,6459,5588,4740,2000,899,889,4.473037892871059,4.470973392330645,12.65709510488839,12.210671343785622,True,False
22600,1206975000000000000,121,2667,2607,2148,2000,198,197,4.490475636996577,4.488273434794376,11.381002109550925,11.068778277985412,True,False
22601,3032400000000000000,303,4883,4612,3884,2000,680,676,4.622991007218999,4.62086711341369,12.253552062637464,11.923327485419192,True,False
22602,2912700000000000000,291,7840,6482,5455,2000,1093,1061,4.463003238239163,4.456568028427304,12.936637939002571,12.41336348121097,True,False
22603,605083500000000000,61,6648,5185,4461,2000,1239,1196,4.798128426434745,4.779187950853644,12.698704666770345,12.123151432773575,True,False
22604,310764704185345425,31,4732,3557,3176,2000,999,980,4.4234826432105,4.4176136305073825,12.208234358339789,11.632995197142957,True,False
22605,310776942355889724,31,5227,3756,3329,2000,1002,972,4.422106422079853,4.414911683770473,12.351767443959893,11.700873155140263,True,False
22606,546515131728542091,55,2477,2012,1746,2000,474,461,4.472109927868677,4.457874607363363,11.274378153246364,10.76983784362944,True,False
22607,3272339154693896297,327,2405,2377,1933,2000,132,132,4.965651026558326,4.965651026558325,11.231821178657404,10.916625922211235,True,False
22608,25436250000000000000,2544,4948,4901,3930,2000,221,221,4.909538871560766,4.909538871560766,12.27262978497637,11.940313597145968,True,False
22609,394051466097131595,39,626,619,587,2000,81,79,4.343383727097971,4.3406283914501795,9.290018846932618,9.197216693110052,True,False
22610,99749376632793655351,9975,9365,8169,6770,2000,1046,1024,5.935537942037297,5.933533982812721,13.193063279130408,12.724940118462358,True,False
22611,1745625000000000000,175,6914,5697,4750,2000,1093,1052,4.384787365601445,4.372661599049417,12.7553048882624,12.213711798105672,True,False
22612,10061736587317395994,1006,8736,7362,6114,2000,1014,988,4.704038700862344,4.700129957872038,13.092757140919852,12.57790083688697,True,False
22613,9975000000000000,1,15,8,8,8,8,8,3.0,3.0,3.9068905956085187,3.0,False,False
22614,20050125313283208,2,2836,1545,1483,2000,1168,1126,6.554693858982266,6.513057576545652,11.469641817239516,10.53430288245463,True,False
22615,638400000000000000,64,6682,5210,4478,2000,1248,1204,4.650520663458649,4.642236697761044,12.70606426733497,12.128638812852598,True,False
22616,1218945000000000000,122,6643,5444,4644,2000,1010,990,4.545644252351155,4.542329095809093,12.697619199078714,12.181152256865566,True,False
22617,151757319275974677,15,4762,3471,3119,2000,1171,1128,4.543472312694676,4.5266202781448195,12.217351905270334,11.606867837374152,True,False
22618,40278307990590872977,4028,5236,5168,4142,2000,194,193,4.588793012320001,4.587889962327237,12.354249381945241,12.016111838220512,True,False
22619,104666725005959538,10,2736,1970,1792,2000,734,708,5.342481454590416,5.3183747507912384,11.417852514885897,10.807354922057604,True,False
22620,9975000000000000,1,2117,614,598,614,614,598,9.26209484537018,9.204261335591147,11.047805554007589,9.224001674198105,False,False
22621,2704222500000000000,270,4661,3937,3275,2000,708,682,4.605571732066186,4.594791782553153,12.186423797538945,11.677279191312175,True,False
22622,1995000000000000,0,264,0,0,0,0,0,0.0,0.0,8.044394119358454,0,False,True
22623,11030454830152661258,1103,4485,4418,3573,2000,182,181,4.761531663125209,4.758461824291748,12.130892269806624,11.80292019858527,True,False
22624,14900000000000000000,1490,4678,4610,3725,2000,204,203,4.863871054722677,4.863296767257352,12.191676146352428,11.863024710236886,True,False
22625,89775000000000000,9,2567,1851,1778,2000,777,771,4.775196055190451,4.771338246616773,11.325867580575418,10.79603960882977,True,False
22626,1852943939499300130,185,773,768,720,2000,61,61,4.289746835461155,4.289746835461156,9.594324603924848,9.491853096329674,True,False
22627,2092630201897200000,209,990,986,893,2000,67,64,4.335139208492936,4.283786765097016,9.951284714966972,9.802516365121223,True,False
22628,8776989837819330056,878,4170,4104,3292,2000,204,203,4.628900380146878,4.62816692457095,12.025831668332026,11.684748620421626,True,False
22629,47758086132716210091,4776,5252,5189,4215,2000,231,230,5.733262566720432,5.733017099495884,12.358651200892886,12.041316915829444,True,False
22630,97805370012192938,10,2463,1735,1586,2000,707,683,5.306326884042891,5.283878844791566,11.266200912498961,10.63117705570398,True,False
22631,7499232358594468285,750,4087,4046,3241,2000,225,225,5.049614931650007,5.049614931650007,11.996826528020659,11.662223305317841,True,False
22632,638218496931090958,64,1462,1427,1168,2000,122,120,4.521311002678098,4.520835390883687,10.513727595952437,10.189824558880018,True,False
22633,20199375000000000000,2020,4928,4859,3893,2000,200,199,4.820741251156278,4.820103733226087,12.266786540694902,11.926666629347283,True,False
22634,35910000000000000000,3591,5179,5114,4137,2000,212,211,4.994410597825092,4.9939322849649965,12.338457843130849,12.014369242235137,True,False
22635,18823822500000000000,1882,4780,4717,3814,2000,207,206,4.863707718738731,4.863157663733229,12.222794902868111,11.897089128312755,True,False
22636,2982525000000000000,298,3370,3310,2682,2000,203,202,4.459052590241606,4.457734277681683,11.71853287606922,11.389093521904474,True,False
22637,61795125000000000000,6180,5487,5428,4390,2000,203,202,4.405659277335038,4.404558727059899,12.421801860469873,12.10000522442272,True,False
22638,13943455924379993,1,1188,578,560,578,578,560,9.174925682500682,9.105090859011753,10.214319120800766,9.129283016944967,False,False
22639,81543305140747340002,8154,2900,2597,2155,2000,428,420,6.322270367203873,6.321029734680834,11.501837184902296,11.07347215397646,True,False
22640,2049592845055766205,205,3073,3005,2454,2000,194,193,4.5132201562021805,4.5120929169415,11.585432051592962,11.260919533662905,True,False
22641,180704125821333952186,18070,1892,1888,1638,0,0,0,0.0,0.0,10.885696373339394,10.677719641641009,False,True
22642,1201237792152045618,120,4315,4014,3415,2000,725,720,4.652220991707624,4.6503721856234055,12.075144844066317,11.737669863177453,True,False
22643,10075376568379950,1,2457,945,913,945,945,913,9.884170519108437,9.80891187839017,11.262682142362165,9.834471049984222,False,False
22644,1979130031887822535,198,3007,2963,2430,2000,208,208,4.358430738079711,4.358430738079711,11.554109152574004,11.246740598493144,True,False
22645,3333844634800723,0,620,0,0,0,0,0,0.0,0.0,9.276124405274238,0,False,True
22646,7301044165934400000,730,2003,1992,1658,2000,87,86,4.68535035658414,4.684925589240178,10.967946705812707,10.69522829149575,True,False
22647,266332500000000000,27,5043,3585,3206,2000,1010,981,4.370750484745358,4.362431719504596,12.300066509957324,11.646558710154547,True,False
22648,21537767114346826134,2154,4920,4853,3896,2000,194,193,4.770836422114844,4.770142548090172,12.264442600226602,11.927777962082342,True,False
22649,897750000000000000,90,830,819,731,2000,75,73,4.32728186670733,4.324103279655774,9.696967526234287,9.513727595952437,True,False
22650,3600975000000000000,360,2000,1984,1628,2000,107,105,4.471642981014781,4.453463597378711,10.965784284662087,10.668884984266247,True,False
22651,5009974751612610008,501,8652,7321,5985,2000,1210,1168,4.742271397986892,4.7374108573702385,13.078817949961978,12.547135531830865,True,False
22652,70512129032867694,7,1292,920,853,2000,403,394,4.517100979550719,4.507096977950078,10.335390354693924,9.73640193131829,True,False
22653,33725475000000000000,3373,5838,5663,4682,2000,529,527,5.272233280721377,5.271966609610191,12.511258495502268,12.192909219112012,True,False
22654,696769701319961685,70,850,835,728,2000,83,82,4.288610497900602,4.287287972862931,9.731319031025064,9.507794640198696,True,False
22655,770826678800023358,77,2218,2166,1793,2000,192,191,4.387570375778524,4.38573704244519,11.11504365016171,10.808159772868375,True,False
22656,9975000000000000,1,2142,500,489,500,500,489,8.965784284662087,8.914565003713214,11.064742764750257,8.933690654952233,False,False
22657,39900000000000000,4,3483,1991,1856,2000,1176,1136,5.17965435808734,5.156346500660513,11.766114757586722,10.857980995127573,True,False
22658,45665550000000000000,4567,10033,8493,6870,2000,1252,1211,5.479447582244933,5.477282990077931,13.29246543494927,12.746094383705463,True,False
22659,501253132832080200,50,3203,2938,2590,2000,666,663,4.379026562013122,4.377901562013122,11.645208082774683,11.338736382573916,True,False
22660,997500000000000000,100,4348,3907,3346,2000,762,757,4.777223386300799,4.776329848332189,12.086136225027309,11.708221730038353,True,False
22661,301355693412900000,30,542,533,500,2000,74,73,4.265593696770873,4.264430354225928,9.08214904135387,8.965784284662087,True,False
22662,83322840825000000,8,822,766,709,2000,193,192,4.392412152936296,4.390577596565381,9.682994583681683,9.469641817239516,True,False
22663,26705822101581566,3,3299,1746,1660,2000,1214,1173,5.298157129897574,5.272502454766585,11.687813062564931,10.696967526234287,True,False
22664,4630395000000000000,463,8908,7357,6113,2000,1232,1191,5.044403923113049,5.040934261883541,13.12088584278779,12.577664851764846,True,False
22665,31369184780867722,3,440,373,364,2000,182,181,5.408119617495125,5.403867314164154,8.78135971352466,8.507794640198696,True,False
22666,3964551769659910085,396,6985,6054,5118,2000,946,934,5.167295944162037,5.165703528616508,12.770044400296825,12.321364432039447,True,False
22667,19950000000000000,2,2626,1366,1310,2000,1142,1101,6.544583732110121,6.503447574704765,11.358651200892886,10.355351096424812,True,False
22668,76322601082719295,8,3694,2303,2168,2000,1006,980,4.413972452578872,4.4042009208316895,11.850968150982439,11.08214904135387,True,False
22669,4578807413053388,0,1561,0,0,0,0,0,0.0,0.0,10.608254821977908,0,False,True
22670,249375000000000000,25,5497,3954,3510,2000,1206,1166,4.440372229783738,4.427463332959872,12.424428764037762,11.777255315191923,True,False
22671,6467459181519000000,647,1899,1886,1568,2000,75,74,4.345239230437454,4.344238857213269,10.891024190149498,10.614709844115207,True,False
22672,209475000000000000,21,1364,1309,1160,2000,202,201,4.354854301300109,4.353478355337261,10.413627929024173,10.179909090014934,True,False
22673,21437073968409908,2,53,48,48,372,48,48,4.933939413527817,4.933939413527817,5.727920454563199,5.584962500721156,False,False
22674,25367422500000000,3,3152,1793,1703,2000,1217,1173,6.135485465778285,6.100105369422478,11.622051819456376,10.733862719678543,True,False
22675,2491426975248092617,249,978,973,889,2000,62,62,4.23420474639873,4.234204746398728,9.933690654952233,9.79603960882977,True,False
22676,3092250000000000000,309,8519,6975,5793,2000,1230,1187,4.557652748709029,4.548383695988045,13.056468374771333,12.500094949671807,True,False
22677,28698308718240000,3,1778,1076,1017,2000,679,657,6.161597591781007,6.131051360470036,10.79603960882977,9.9901039638575,True,False
22678,376517214942906731,38,5487,4074,3565,2000,1066,1035,4.489037082917436,4.482350404790267,12.421801860469873,11.79968636133125,True,False
22679,1989387125139263208,199,7390,5947,5043,2000,1027,998,4.499618757294227,4.4940744158622525,12.851358649033513,12.300066509957324,True,False
22680,2693250000000000,0,1116,0,0,0,0,0,0.0,0.0,10.124121311829187,0,False,True
22681,9022556390977443,1,413,143,143,143,143,143,7.159871336778389,7.159871336778389,8.689997971419446,7.159871336778389,False,False
22682,39900000000000000,4,824,565,536,2000,320,314,5.24522261834538,5.232054235213253,9.686500527183219,9.066089190457772,True,False
22683,357732381462882,0,175,0,0,0,0,0,0.0,0.0,7.451211111832329,0,False,True
22684,9825222743912187,1,114,61,61,61,61,61,5.930737337562885,5.930737337562885,6.832890014164741,5.930737337562887,False,False
22685,27930000000000000,3,2879,1497,1435,2000,1007,981,5.239984255606474,5.220441192112112,11.491352073563435,10.486835021563051,True,False
22686,17607957906882052589,1761,4722,4662,3747,2000,256,256,4.775302400808664,4.775302400808664,12.205182326228643,11.871520262329113,True,False
22687,240000000000000000,24,3371,2553,2281,2000,773,745,4.540580790132251,4.526436543296779,11.71896091198421,11.155450731312138,True,False
22688,578083686885894311,58,44,43,42,2000,32,32,4.3164659164043115,4.3164659164043115,5.459431618637297,5.392317422778761,True,False
22689,1444923767826432436,144,1424,1224,1073,2000,254,250,4.501532043359877,4.498544986180829,10.475733430966399,10.067434360756522,True,False
22690,9245910382275000,1,18,5,5,5,5,5,2.321928094887362,2.321928094887362,4.169925001442312,2.321928094887362,False,False
22691,32109902797432515784,3211,2409,2401,1991,2000,106,105,5.086506898793905,5.086222901510055,11.23421867823847,10.959277505720502,True,False
22692,99382462140592192021,9938,4139,4111,3352,2000,138,136,5.694366100326894,5.661376618889238,12.015066533230291,11.710806433699352,True,False
22693,39689842761605234094,3969,6381,6142,5090,2000,672,668,5.539151253434116,5.5383555590523414,12.639566818681828,12.313449940963057,True,False
22694,76615481250000000,8,2795,1901,1746,2000,842,809,4.55859743634036,4.543967180404284,11.448632567730552,10.76983784362944,True,False
22695,19935774176875324609,1994,8293,7302,6121,2000,986,976,5.2572466777965605,5.256544368215108,13.017678376996377,12.579551652806565,True,False
22696,2394271465413375,0,916,0,0,0,0,0,0.0,0.0,9.839203788096944,0,False,True
22697,1253132832080200501,125,6197,5200,4463,2000,981,970,4.589879700397663,4.588015258092723,12.59735425297161,12.123798091251855,True,False
22698,41611948846990689,4,41,39,39,2000,37,37,4.475123222351452,4.475123222351452,5.357552004618084,5.285402218862249,True,False
22699,6022709681384854,1,3,1,1,1,1,1,-0.0,-0.0,1.584962500721156,0.0,False,False
22700,101306842949665496511,10131,9448,8206,6787,0,0,0,0.0,0.0,13.205793249397157,12.728558297786716,False,True
22701,9632295789441375132,963,4712,4607,3787,2000,427,425,5.040324578659983,5.039907894631482,12.20212382383046,11.88683970588442,True,False
22702,311214312577392,0,116,0,0,0,0,0,0.0,0.0,6.857980995127572,0,False,True
22703,45984750000000000000,4598,5448,5394,4335,2000,214,212,4.994008675118835,4.993422398301709,12.411510988012072,12.081816278109198,True,False
22704,1097250000000000000,110,969,960,835,2000,76,75,4.284842002596006,4.2840634760516005,9.92035285541508,9.705632387361415,True,False
22705,1840387500000000000,184,1129,1116,964,2000,76,75,4.4169440483107225,4.415791033888906,10.140829770773001,9.912889336229961,True,False
22706,2543625000000000000,254,1333,1320,1127,2000,74,73,4.294901702488021,4.293703659962442,10.380461065088973,10.138271800172221,True,False
22707,3139032750000000000,314,1504,1492,1230,2000,78,77,4.4580797762723545,4.457080076519343,10.554588851677638,10.264442600226602,True,False
22708,1775550000000000000,178,1097,1085,946,2000,73,72,4.300660151586279,4.29907014119078,10.099347810403193,9.885696373339394,True,False
22709,6034875000000000000,603,1846,1835,1520,2000,72,71,4.400827552578724,4.399459039275673,10.850186837645774,10.569855608330949,True,False
22710,1097250000000000000,110,905,894,783,2000,67,66,4.208030956639531,4.205329577813167,9.821773981970567,9.612868497291041,True,False
22711,3192000000000000000,319,1468,1456,1204,2000,72,72,4.4966407140402325,4.4966407140402325,10.519636252843213,10.233619676759702,True,False
22712,3142125000000000000,314,1469,1457,1204,2000,62,62,4.27578074336811,4.275780743368111,10.52061868055628,10.233619676759702,True,False
22713,3441375000000000000,344,1502,1489,1232,2000,70,70,4.541876964088789,4.541876964088789,10.552669097514272,10.266786540694902,True,False
22714,2693250000000000000,269,1291,1279,1102,2000,75,75,4.739417641161994,4.739417641161995,10.33427328530719,10.105908508571158,True,False
22715,3012450000000000000,301,1454,1443,1204,2000,64,64,4.402303031997885,4.402303031997886,10.505811553919594,10.233619676759702,True,False
22716,7231875000000000000,723,1907,1895,1597,2000,70,70,4.7002986185060065,4.700298618506006,10.897089128312755,10.641148597411233,True,False
22717,847875000000000000,85,826,814,714,2000,87,85,4.465270726585477,4.464124093255766,9.689997971419446,9.479780264029099,True,False
22718,1446375000000000000,145,1166,1152,1002,2000,84,83,4.363058171146078,4.36187277347668,10.187352073200497,9.968666793195208,True,False
22719,498750000000000000,50,715,700,624,2000,87,86,4.307841691849395,4.306673934516809,9.481799431665753,9.285402218862249,True,False
22720,2094750000000000000,209,1446,1431,1219,2000,89,88,4.466389267133543,4.465618707506934,10.497851836951117,10.251482410620213,True,False
22721,1047375000000000000,105,1159,1144,982,2000,94,93,4.417175923648549,4.416338983149305,10.178664851006472,9.939579214314692,True,False
22722,2044875000000000000,204,1500,1485,1268,2000,96,95,4.3776713550949005,4.377036533700688,10.550746785383243,10.308339030139408,True,False
22723,3972829455738587722,397,1896,1881,1557,2000,98,97,4.441069389462285,4.44046803066389,10.888743248898258,10.604553229079038,True,False
22724,2144625000000000000,214,1611,1596,1351,2000,104,103,4.677694149691184,4.6772864894461526,10.653740778706569,10.399811959325685,True,False
22725,2125313283208020050,213,1651,1635,1376,2000,107,106,4.403009624738528,4.402340786153358,10.689124404913258,10.426264754702098,True,False
22726,3690750000000000000,369,2058,2040,1675,2000,106,105,4.338168276855858,4.337462221736252,11.007027266893969,10.709945380232497,True,False
22727,897750000000000000,90,1244,1221,1013,2000,121,120,4.4839990002251735,4.483706871673178,10.280770770130603,9.984418458801137,True,False
22728,518700000000000000,52,1105,1079,902,2000,124,123,4.337318805187808,4.336893694220501,10.109830654278793,9.81698362325538,True,False
22729,169575000000000000,17,663,638,568,2000,130,129,4.622804229106906,4.621880480486393,9.372865060112588,9.149747119504681,True,False
22730,1047375000000000000,105,1630,1604,1310,2000,125,124,4.245059650463132,4.244528311157639,10.67065624911844,10.355351096424812,True,False
22731,2753070518961596466,275,2159,2131,1748,2000,122,122,4.535150157501439,4.535150157501439,11.076147528022505,10.7714894695006,True,False
22732,189525000000000000,19,743,715,636,2000,112,112,4.279540751297835,4.279540751297837,9.537218400538595,9.312882955284355,True,False
22733,997500000000000000,100,1580,1552,1270,2000,105,105,4.396432622978922,4.396432622978922,10.625708843064466,10.310612781659529,True,False
22734,1197000000000000000,120,2036,1992,1620,2000,140,140,4.769498179644488,4.769498179644489,10.991521846075695,10.661778097771988,True,False
22735,3940125000000000000,394,2882,2831,2295,2000,145,145,4.526030570066163,4.526030570066162,11.492854620174748,11.16427843830117,True,False
22736,200501253132832080,20,1346,1278,1101,2000,182,181,4.487098011344021,4.484494887595524,10.394462694610317,10.10459875356437,True,False
22737,2044875000000000000,204,3070,3003,2440,2000,193,192,4.682872833746445,4.682110372266635,11.584022940257542,11.252665432450248,True,False
22738,4788000000000000000,479,3696,3629,2933,2000,198,197,4.820788121211681,4.820150569410597,11.851749041416058,11.518161355756956,True,False
22739,1296750000000000000,130,2685,2619,2158,2000,196,195,4.355441919359029,4.354066317533231,11.390706372872774,11.075479149488016,True,False
22740,518700000000000000,52,1948,1884,1591,2000,197,196,4.3749045796067625,4.373681677994755,10.927777962082342,10.635718120331047,True,False
22741,9656483699551440824,966,4392,4337,3479,2000,218,217,5.157944236154059,5.157532574913836,12.100662339005199,11.76445696361989,True,False
22742,1049876757799605573,105,2662,2608,2149,2000,199,198,4.353528566442663,4.352153222606704,11.378294855911891,11.069449767427784,True,False
22743,1512693194893621247,151,7433,5807,4926,2000,1024,994,4.457064781682856,4.4498888929374685,12.85972889267839,12.266200912498961,True,False
22744,603487500000000000,60,2073,2005,1672,2000,190,189,4.529799906548975,4.527558211011989,11.017504401109415,10.707359132080883,True,False
22745,7756530572704260,1,433,130,130,130,130,130,7.022367813028455,7.022367813028455,8.758223214726724,7.022367813028454,False,False
22746,137429902284016351,14,2073,1842,1733,2000,636,633,4.3907386509007775,4.389309160514101,11.017504401109415,10.75905593916017,True,False
22747,57674697294728710,6,2266,1531,1418,2000,713,688,4.755360735017346,4.73635080994254,11.145932145820515,10.469641817239516,True,False
22748,11945145167294947125,1195,9573,7942,6466,2000,1228,1182,4.6031923370969965,4.59468957733572,13.224755394000468,12.658657792126085,True,False
22749,386654385888276051,39,3855,3089,2755,2000,789,783,4.446478520195846,4.444686618635229,11.912515144802397,11.42783660345852,True,False
22750,9342731838746875,1,2028,521,507,521,521,507,9.025139562278508,8.963719216789062,10.985841937003341,8.985841937003341,False,False
22751,4989707929072429275,499,732,729,644,2000,53,53,4.2960644740091265,4.296064474009126,9.515699838284043,9.330916878114618,True,False
22752,1383131207824626356,138,4235,3960,3372,2000,701,697,4.376016278824898,4.374516278824899,12.04814625421956,11.719388820942083,True,False
22753,79792433365256998793,7979,2811,2798,2297,2000,88,87,4.858565455015453,4.857950212639386,11.456867738380343,11.165535141377925,True,False
22754,23142000000000000000,2314,7090,6318,5232,2000,810,802,4.921545330267246,4.920524954711345,12.791569912126878,12.353146825498083,True,False
22755,7980000000000000,1,1470,355,348,355,355,348,8.471675214392043,8.426604791856832,10.521600439723727,8.442943495848729,False,False
22756,598500000000000000,60,2018,1959,1640,2000,200,199,4.487122634986623,4.4849204327844205,10.978710459106358,10.679480099505446,True,False
22757,199500000000000000,20,1277,1221,1083,2000,194,192,4.462898503710596,4.455029168081958,10.318542809702723,10.080817527608327,True,False
22758,141463642364421996,14,1397,1299,1208,2000,368,367,4.414789673137048,4.4139097142017985,10.448116305409464,10.238404739325079,True,False
22759,2989378258755608851,299,8332,6866,5675,2000,1250,1206,4.963895946675537,4.957876478823934,13.024447124040647,12.47040467706564,True,False
22760,1996039192246036699,200,987,982,886,2000,66,65,4.3915324158145514,4.3900209674939745,9.946906274456397,9.791162888555018,True,False
22761,80498250000000000,8,2708,1860,1706,2000,807,776,4.550723293500194,4.535865030864079,11.403012023574997,10.73640193131829,True,False
22762,67830000000000000,7,1970,1367,1262,2000,601,584,4.539322930613075,4.52650660419747,10.943979914343739,10.30149619498255,True,False
22763,1724485746379338,0,663,0,0,0,0,0,0.0,0.0,9.372865060112588,0,False,True
22764,326678323108533838997,32668,2900,2888,2370,0,0,0,0.0,0.0,11.501837184902296,11.210671343785622,False,True
22765,23057791385940578274,2306,2727,2432,2030,2000,398,391,5.911297175540497,5.910038447799325,11.413098984915264,10.987264012072538,True,False
22766,12007093824769284482,1201,7763,6853,5774,2000,927,916,4.649705678104977,4.648143540578396,12.922398572219315,12.495355392235982,True,False
22767,723900522320624607,72,6880,5263,4519,2000,1215,1170,5.298885667557833,5.270277081302995,12.74819284958946,12.141787841671004,True,False
22768,11608075861053233077,1161,1593,1589,1412,2000,69,67,4.348047298575329,4.315196711550695,10.63753055152531,10.46352437327118,True,False
22769,2596902049414006851,260,1793,1775,1480,2000,106,105,4.404350792577715,4.403561105043001,10.808159772868375,10.531381460516313,True,False
22770,17853138194854813273,1785,4951,4894,3928,2000,212,211,5.194443207615102,5.194050315392584,12.27350423396216,11.939579214314692,True,False
22771,49875000000000000,5,136,124,123,2000,66,65,4.492744349231844,4.475233660135098,7.087462841250339,6.94251450533924,True,False
22772,20897625000000000000,2090,4920,4879,3904,2000,233,233,5.622020596643075,5.622020596643075,12.264442600226602,11.930737337562887,True,False
22773,4216078583954615165,422,3728,3688,2975,2000,223,223,5.037555453984831,5.037555453984828,11.86418614465428,11.538673953082668,True,False
22774,4557322415660023503,456,2335,2312,1876,2000,123,122,4.486187370067746,4.485896040888545,11.189206834597025,10.873444112515376,True,False
22775,6746312246320464,1,798,166,166,166,166,166,7.3750394313469245,7.3750394313469245,9.640244936222345,7.3750394313469245,False,False
22776,2722903023657383889,272,3390,3318,2745,2000,277,277,4.587369600579811,4.58736960057981,11.727069558023706,11.42259043389256,True,False
22777,48378750000000000000,4838,5270,5215,4196,2000,255,254,5.885510205492229,5.8845678289183185,12.363587246524578,12.034798962577268,True,False
22778,49875000000000000000,4988,5266,5206,4209,2000,269,269,5.120086652779909,5.120086652779908,12.362491806046062,12.039261794341055,True,False
22779,12336156939021,0,45,0,0,0,0,0,0.0,0.0,5.491853096329675,0,False,True
22780,1135455809218841022,114,7245,5602,4780,2000,1049,1020,4.871636972204174,4.868192611266402,12.822769974444292,12.222794902868111,True,False
22781,70790573904566775000,7079,2860,2848,2384,2000,84,84,5.3312695177825695,5.331269517782569,11.481799431665753,11.219168520462162,True,False
22782,168122675726083188768,16812,3004,2992,2489,0,0,0,0.0,0.0,11.552669097514272,11.281350514981035,False,True
22783,199304198086497188,20,5108,3749,3353,2000,1215,1171,4.39842721303497,4.386337328680241,12.318542809702723,11.711236767793784,True,False
22784,71909372582111318,7,4222,2688,2465,2000,1228,1187,5.301329369010857,5.275562142521835,12.043710863347156,11.267371931265274,True,False
22785,1645875000000000000,165,1125,1113,980,2000,76,75,4.754510424431543,4.718764091939875,10.1357092861044,9.936637939002571,True,False
22786,5376525000000000000,538,3462,3399,2751,2000,183,181,4.769017537868645,4.765338112829001,11.757390009366638,11.42574042431621,True,False
22787,2094750000000000,0,108,0,0,0,0,0,0.0,0.0,6.754887502163468,0,False,True
22788,997500000000000,0,45,0,0,0,0,0,0.0,0.0,5.491853096329675,0,False,True
22789,5506200000000000000,551,1837,1830,1582,2000,91,89,4.573977370486365,4.573021304298259,10.84313591111135,10.627533884472792,True,False
22790,2134650000000000000,213,1667,1651,1389,2000,102,101,4.376538010741359,4.375649311721618,10.703038388986418,10.439830883981392,True,False
22791,75810000000000000,8,4249,2758,2523,2000,1243,1200,4.444465979178351,4.43097860655902,12.052907628313287,11.3009244909763,True,False
22792,561403508771929824,56,5718,4443,3876,2000,1008,982,4.546203465625503,4.537940616928914,12.481294904631097,11.92035285541508,True,False
22793,2302278148210230,0,899,0,0,0,0,0,0.0,0.0,9.812177305514448,0,False,True
22794,39891667442003372349,3989,5218,5150,4128,2000,196,195,4.72633014534048,4.725561346736145,12.349281228817452,12.011227255423254,True,False
22795,99151500000000000000,9915,5455,5388,4367,2000,219,218,5.532710002062863,5.532393442015379,12.41336348121097,12.092426815780255,True,False
22796,93784675726226360,9,4384,2912,2657,2000,1241,1197,4.400935119536237,4.383785850409572,12.098032082960527,11.375582512490507,True,False
22797,5174259206551169604,517,2610,2584,2112,2000,136,135,4.829051349789543,4.8288638263895205,11.349834091457247,11.044394119358454,True,False
22798,17436300000000000000,1744,6327,6024,4969,2000,724,720,4.641534234325719,4.640734207658163,12.627305880514848,12.27873982655011,True,False
22799,33915000000000000000,3392,7420,6665,5471,2000,809,803,5.446406456194738,5.445965661415283,12.857203471508166,12.41758884038258,True,False
22800,57855000000000000000,5786,7641,6878,5666,2000,830,824,5.955000709149771,5.954697468334317,12.89954574499535,12.468114886378098,True,False
22801,1995000000000000000,200,2425,2089,1776,2000,390,381,4.415966001662153,4.4084961997641,11.243769031961852,10.794415866350105,True,False
22802,502953248590834886,50,5908,4427,3866,2000,965,937,4.433356309004036,4.42208505134299,12.52845411076479,11.916625922211235,True,False
22803,991008897028288846,99,6618,5172,4463,2000,1064,1034,4.42106434388409,4.40972775221598,12.692179576312538,12.123798091251855,True,False
22804,22942500000000000,2,1825,1071,1054,2000,776,770,6.552277934180339,6.544560387163763,10.833680748654741,10.041659151637214,True,False
22805,17961178855674726,2,498,286,281,2000,248,244,6.463333866651368,6.447321857644614,8.960001932068081,8.134426320220927,True,False
22806,31438383975224173,3,3580,1946,1832,2000,1219,1173,6.138402455101851,6.10208726812365,11.805743872151618,10.839203788096944,True,False
22807,714477232722437890,71,4421,3653,3196,2000,795,789,4.647296607919516,4.6462681161537756,12.110157018954066,11.642051692927977,True,False
22808,111663570700211951354,11166,5529,5469,4429,0,0,0,0.0,0.0,12.43280285635187,12.112765281885316,False,True
22809,712609105718402767,71,2745,2590,2238,2000,463,461,4.446904476573952,4.445936470202064,11.42259043389256,11.127994320976393,True,False
22810,937886419994685000,94,995,830,751,2000,192,188,4.403592919623632,4.3988423505087475,9.958552715431011,9.552669097514272,True,False
22811,97725075000000000000,9773,5623,5543,4521,2000,360,360,6.247680551133595,6.247680551133595,12.457124331540804,12.14242620231898,True,False
22812,2882830527296133,0,1210,0,0,0,0,0,0.0,0.0,10.240791332161956,0,False,True
22813,18952500000000000,2,1015,551,534,2000,463,452,6.522943682564507,6.495090194211258,9.987264012072538,9.060695931687555,True,False
22814,26000000000000000,3,1991,1170,1110,2000,770,742,6.345313101875336,6.309735490182349,10.959277505720502,10.116343961237469,True,False
22815,90225563909774436,9,2206,1555,1425,2000,645,625,4.853751870479735,4.839386051011255,11.107217075591382,10.476746203939467,True,False
22816,56714770179645650527,5671,10200,8570,6931,2000,1256,1209,5.84199168909858,5.839280599087929,13.31628153174622,12.75884780310832,True,False
22817,64276326135388500000,6428,2957,2945,2467,2000,100,98,5.234564082885968,5.234071049304639,11.529918528120325,11.268542000300123,True,False
22818,51268375581290465673,5127,2943,2930,2451,2000,97,95,4.989671339175958,4.989044405709612,11.523071826940395,11.25915476886684,True,False
22819,39078421444955162742,3908,3021,3006,2531,2000,109,108,5.0792697777274025,5.0788690459994745,11.56081046872794,11.305491792110685,True,False
22820,906538872291356677,91,7099,5549,4788,2000,1243,1201,5.089665135423804,5.085788728744932,12.793400098483819,12.225207436943501,True,False
22821,19107238298247820,2,1927,1021,1006,2000,913,902,6.570181910199657,6.558468221956587,10.912140856295721,9.974414589805527,True,False
22822,25056871336128279618,2506,5037,4970,4011,2000,195,194,4.485412833831955,4.484412250158145,12.298349015658186,11.96974625081451,True,False
22823,12197526768744566459,1220,4543,4477,3612,2000,205,204,4.733963114209711,4.7333051604459175,12.149429590056743,11.818582177480858,True,False
22824,522505118677706342,52,828,813,724,2000,94,93,4.295177239887167,4.294399319841118,9.693486957499326,9.499845887083206,True,False
22825,99051750000000000000,9905,10354,8868,7233,2000,1246,1203,6.457779827817738,6.456336561851424,13.337900602860927,12.820378436323683,True,False
22826,3246485076352583,0,1280,0,0,0,0,0,0.0,0.0,10.321928094887362,0,False,True
22827,31115119971030966,3,2259,1400,1367,2000,874,864,5.3027252634864945,5.294629871101627,11.141468555393084,10.41679752760606,True,False
22828,7385161408906462,1,1530,335,333,335,335,333,8.388017285345136,8.376076986837672,10.579315937580015,8.379378367071261,False,False
22829,110652176325810000,11,285,222,214,2000,95,95,4.965079970913605,4.965079970913607,8.154818109052105,7.741466986401147,True,False
22830,457083195649502811,46,630,623,576,2000,76,75,4.237786297490354,4.2367394478911,9.29920801838728,9.169925001442312,True,False
22831,84787500000000000,8,195,184,180,2000,66,65,4.219007830208464,4.215390213772545,7.60733031374961,7.491853096329675,True,False
22832,901594281400596391,90,6825,5464,4667,2000,1221,1176,4.5571759510292615,4.549853504393529,12.736613330694578,12.188279751964144,True,False
22833,4077228322548672141,408,4685,4478,3767,2000,633,629,5.540543947948796,5.539303795859415,12.19383333254655,11.879200317947392,True,False
22834,1980640363263135770,198,6618,5557,4748,2000,973,960,4.43001767739761,4.42653863366531,12.692179576312538,12.213104219641906,True,False
22835,4761178161723745,0,1527,0,0,0,0,0,0.0,0.0,10.576484346796851,0,False,True
22836,12370584531690721163,1237,6106,5816,4810,2000,724,720,4.7794534783902805,4.778759576057034,12.57601187420678,12.231821178657404,True,False
22837,5034457135123795406,503,8316,6808,5659,2000,979,950,4.963584722093392,4.960264687546368,13.02167404285837,12.466331422082767,True,False
22838,2289156418148221148,229,3229,2744,2304,2000,493,478,4.549219021337593,4.537507542095851,11.65687172561398,11.169925001442312,True,False
22839,1454145597764335086,145,2878,2813,2339,2000,272,272,4.530885251838986,4.530885251838986,11.490850876740298,11.191676146352428,True,False
22840,126337265696447536,13,396,388,373,2000,89,88,4.306827044324583,4.305841881082887,8.62935662007961,8.543031820255237,True,False
22841,1197000000000000000,120,7010,5541,4721,2000,992,962,4.643637061982709,4.63881199616427,12.775198728897985,12.204876767603993,True,False
22842,799489738104021436,80,6898,5384,4623,2000,1232,1192,4.3935538363497475,4.3830766842332665,12.751962413460854,12.174613647235942,True,False
22843,81013708437273246,8,243,235,223,2000,85,83,4.373668554066032,4.3710993371879105,7.924812503605781,7.800899899920305,True,False
22844,2074619632590911429,207,1271,1263,1092,2000,86,84,4.2533045343608915,4.251231919297608,10.311748315004959,10.092757140919852,True,False
22845,2082766911248523034,208,1303,1295,1114,2000,90,89,4.270760586150287,4.269826055204162,10.347621368568134,10.121533517340032,True,False
22846,2431190793288847470,243,1364,1357,1166,2000,85,84,4.379899251991304,4.379132042361117,10.413627929024173,10.187352073200497,True,False
22847,7980201444972137350,798,2039,2033,1725,2000,83,82,4.344180284671939,4.343141968467659,10.993646060016596,10.752380646552893,True,False
22848,10324125000000000000,1032,2207,2200,1845,2000,93,92,4.630238590336106,4.6297739945510505,11.107870914279614,10.849405100947758,True,False
22849,59850000000000000,6,190,179,175,2000,76,75,4.518463871420542,4.516820789543206,7.569855608330948,7.451211111832329,True,False
22850,538650000000000000,54,2002,1933,1631,2000,193,192,4.356327115003138,4.354755125006712,10.967226258835993,10.671541066711884,True,False
22851,1995000000000000,0,80,0,0,0,0,0,0.0,0.0,6.321928094887363,0,False,True
22852,10664588707500000000,1066,4628,4572,3666,2000,212,211,5.077398220461981,5.076958176457582,12.17617314910749,11.839991070539886,True,False
22853,3080718950231797,0,727,0,0,0,0,0,0.0,0.0,9.505811553919594,0,False,True
22854,140062875917196341,14,362,350,336,2000,76,75,4.306063752264862,4.304377862369939,8.499845887083206,8.39231742277876,True,False
22855,185634750000000000,19,351,338,324,2000,75,74,4.252258822055176,4.250600972419726,8.45532722030456,8.339850002884624,True,False
22856,99750000000000000,10,902,834,764,2000,185,184,4.707775381660166,4.704648517347634,9.81698362325538,9.57742882803575,True,False
22857,648375000000000000,65,2031,1964,1627,2000,188,187,4.41384339983753,4.4118119117725225,10.987974524296153,10.667998535672528,True,False
22858,21413307136863915,2,346,292,290,2000,194,193,6.421505135990793,6.416258480053738,8.434628227636725,8.179909090014934,True,False
22859,4624908772397141923,462,5401,5095,4256,2000,726,722,4.854542377097327,4.853859705576109,12.39901083295199,12.055282435501189,True,False
22860,4256995990962420132,426,5437,5126,4282,2000,727,723,4.594892447328647,4.594076176998555,12.408595112798102,12.06406908038551,True,False
22861,192354690551664300798,19235,10225,8725,7033,0,0,0,0.0,0.0,13.319813222716473,12.779924501967907,False,True
22862,862471854831432,0,197,0,0,0,0,0,0.0,0.0,7.622051819456376,0,False,True
22863,164710299868078824,16,392,381,363,2000,72,71,4.493473625408871,4.491892093199219,8.614709844115207,8.50382573799575,True,False
22864,12740845171544175000,1274,4,3,3,0,0,0,0.0,0.0,2.0,1.584962500721156,False,False
22865,20049750000000000000,2005,4868,4800,3883,2000,205,204,4.961574740060969,4.961037286224023,12.249113452713729,11.922955991908477,True,False
22866,4976449457387351014,498,3882,3824,3073,2000,206,204,4.534413543299971,4.533415873273498,11.922584402713664,11.585432051592962,True,False
22867,6263517526408358926,626,1948,1940,1669,2000,93,91,4.473794353505955,4.47268835495655,10.927777962082342,10.704768239362599,True,False
22868,12688559122426612837,1269,8979,7534,6223,2000,1030,1001,4.638617704983826,4.6341824166496295,13.132339064219257,12.603394530887375,True,False
22869,1067020079218302332,107,7159,5538,4726,2000,1047,1018,4.592588535325055,4.587668019699668,12.805542364358724,12.206403913973848,True,False
22870,80887497841500000,8,242,234,223,2000,80,79,4.60516431477187,4.603290141894583,7.918863237274595,7.800899899920305,True,False
22871,28176890674732383892,2818,3904,3869,3162,2000,131,129,5.02356032139008,5.023303789728305,11.930737337562887,11.62662165235837,True,False
22872,39486303472626853,4,2611,1619,1566,2000,964,954,5.279358805504856,5.272692138838191,11.350386742312843,10.612868497291041,True,False
22873,5928951885886096418,593,1932,1920,1601,2000,88,86,4.568014844044951,4.566989035385787,10.915879378835774,10.644757592516257,True,False
22874,45712180143090829,5,2412,1559,1512,2000,865,855,4.552075552445891,4.547133651256981,11.236014191900084,10.562242424221072,True,False
22875,1107250000000000000,111,4081,3810,3248,2000,699,695,4.458503462510517,4.457412255817784,11.9947069952581,11.665335917185176,True,False
22876,2002506265664160401,200,5055,4647,3903,2000,759,754,4.9539540111604135,4.953275458978769,12.303495376790377,11.930367747438952,True,False
22877,207426552630202936,21,1318,1044,942,2000,334,328,4.414257313181388,4.408253811138528,10.364134655008051,9.879583249612784,True,False
22878,452361718548582707,45,854,692,628,2000,187,183,4.350785840641619,4.343924286785569,9.73809225962049,9.294620748891626,True,False
22879,3037681290577627,0,920,0,0,0,0,0,0.0,0.0,9.845490050944376,0,False,True
22880,124352563842071931181,12435,5872,5773,4750,0,0,0,0.0,0.0,12.519636252843213,12.213711798105672,False,True
22881,2046180867584652,0,982,0,0,0,0,0,0.0,0.0,9.939579214314692,0,False,True
22882,318904744576024506,32,2937,2657,2385,2000,710,706,4.635851820281177,4.633586173155717,11.520127550324851,11.219773550892874,True,False
22883,9133020014176656,1,169,51,51,51,51,51,5.672425341971495,5.672425341971495,7.400879436282184,5.672425341971495,False,False
22884,956602500000000000,96,2783,2678,2280,2000,419,417,4.588047018996934,4.587332554666567,11.442425193331607,11.154818109052105,True,False
22885,7160916159231452442,716,9178,7650,6265,2000,1241,1199,5.004779677781129,5.0009582045890095,13.163964091412273,12.613098794209224,True,False
22886,39340402500000000000,3934,5416,5360,4307,2000,213,212,5.19449185633432,5.194098964111803,12.403012023574997,12.072467608241858,True,False
22887,2047905972272553,0,522,0,0,0,0,0,0.0,0.0,9.027905996569885,0,False,True
22888,77175745572883824865,7718,8751,7546,6059,2000,1141,1099,6.340856305141315,6.338802204912844,13.095232171619333,12.564863990226941,True,False
22889,1055303380886065928,106,2431,2367,1910,2000,178,176,4.386293080647882,4.383691141317359,11.247334178028728,10.899356922923111,True,False
22890,15379608075054035607,1538,4797,4749,3799,2000,206,206,4.911142122120579,4.911142122120579,12.227916724201489,11.891403996665023,True,False
22891,3916687566004804863,392,8093,6552,5484,2000,977,948,5.166085181777331,5.163070958923038,12.982458880127355,12.421012855779226,True,False
22892,1134965048550184,0,643,0,0,0,0,0,0.0,0.0,9.328674927327947,0,False,True
22893,3989994987468671,0,17,0,0,0,0,0,0.0,0.0,4.087462841250339,0,False,True
22894,1255584776012531330,126,86,79,78,2000,34,34,4.499499579757761,4.49949957975776,6.426264754702098,6.285402218862249,True,False
22895,5357572500000000000,536,676,604,546,2000,112,112,4.694711267543422,4.694711267543422,9.400879436282183,9.092757140919852,True,False
22896,1002506265664160,0,676,0,0,0,0,0,0.0,0.0,9.400879436282183,0,False,True
22897,6377529716392695,1,273,71,71,71,71,71,6.1497471195046804,6.1497471195046804,8.092757140919852,6.149747119504682,False,False
22898,48597251591434849,5,545,478,458,2000,183,182,4.820591607778576,4.817327833317737,9.090112419664289,8.839203788096944,True,False
22899,437857690441552649,44,288,285,281,2000,47,47,4.219872967638822,4.219872967638822,8.169925001442312,8.134426320220927,True,False
22900,20154692738917444388,2015,2372,2361,1964,2000,69,68,4.22322994123806,4.220890459592721,11.211888294546004,10.939579214314692,True,False
22901,8722881414294929700,872,1974,1963,1635,2000,72,71,4.370544327462776,4.368756631756539,10.946906274456397,10.675074920385445,True,False
22902,839421793218001890,84,2222,2163,1787,2000,203,202,4.405659277335038,4.404558727059899,11.117643101389092,10.80332391904149,True,False
22903,1564156712076997455,156,6964,5692,4821,2000,1008,983,4.734845675794849,4.7293428450441315,12.7657004876511,12.23511671439625,True,False
22904,800093717056658403,80,4205,3398,2942,2000,773,743,4.569505621431014,4.557450579013096,12.037890085142507,11.522581531254831,True,False
22905,3183953501632950811,318,3554,3490,2855,2000,268,268,4.365935554809216,4.365935554809215,11.795227966028678,11.479275030250205,True,False
22906,10854259843863450000,1085,2219,2212,1862,2000,91,90,4.333142009945999,4.33211760217628,11.115693952197011,10.862637357558794,True,False
22907,42875399636135079041,4288,3539,3514,2884,2000,131,130,4.790410469251185,4.7901910291727905,11.789126046425231,11.493855449240822,True,False
22908,2349902187317521405,235,3101,3033,2427,2000,187,186,4.442860510054732,4.441678154438543,11.598517810612622,11.244958393151133,True,False
22909,38343240964717463133,3834,10232,8695,7094,2000,1250,1207,6.133599892551847,6.090227320126617,13.320800548881637,12.792383614935188,True,False
22910,11454288287326620741,1145,5442,5238,4341,2000,620,618,5.346279697511218,5.346092194581484,12.409921241249679,12.083811707252881,True,False
22911,8699199980343964,1,1018,290,286,290,290,286,8.179909090014934,8.149719822766095,9.991521846075695,8.159871336778389,False,False
22912,596007937950796875000,59601,1626,1621,1396,0,0,0,0.0,0.0,10.667111542075027,10.447083226209653,False,True
22913,5671438590298740,1,35,7,7,7,7,7,2.807354922057604,2.807354922057604,5.129283016944966,2.807354922057604,False,False
22914,9806303166520906,1,774,359,359,359,359,359,8.48784003382305,8.48784003382305,9.59618975614441,8.487840033823051,False,False
22915,986713718474785769,99,5891,4752,4054,2000,1043,1001,4.458735339298838,4.446402176056835,12.524296837662625,11.985130373466898,True,False
22916,19206182535033887225,1921,8777,7537,6073,2000,1161,1118,5.65588569564046,5.652354517118717,13.099512191995222,12.568193653850074,True,False
22917,1272324593074278083,127,1024,1018,890,2000,84,83,4.50150242976901,4.500702322832342,10.0,9.79766152585376,True,False
22918,49873303521333415003,4987,5503,5449,4378,2000,239,238,5.861840033215119,5.861617489540922,12.426002613329361,12.096056239180946,True,False
22919,3339630000000000000,334,8630,7079,5906,2000,1220,1179,4.435817372804742,4.428120970265445,13.075144844066317,12.527965641133955,True,False
22920,9936285551247360494,994,2480,2465,2061,2000,104,103,4.525665717578401,4.525148687306961,11.276124405274238,11.009128789539256,True,False
22921,44047792835654418265,4405,3208,3193,2664,2000,109,108,4.626839683014736,4.62640670767877,11.64745842645492,11.379378367071261,True,False
22922,4987500000000000,0,1514,0,0,0,0,0,0.0,0.0,10.564149489985732,0,False,True
22923,19950000000000000,2,2805,1446,1386,2000,1213,1169,6.5697919437646295,6.5274773485230835,11.453785055496155,10.436711542137214,True,False
22924,240601503759398496,24,5493,4020,3569,2000,1244,1201,4.5348592263489,4.527611852262115,12.423378576518493,11.801304186049023,True,False
22925,80930013089516066560,8093,10275,8651,6989,2000,1253,1207,5.86652623243744,5.863896410190462,13.326850773456407,12.770870331357534,True,False
22926,607715782435840283,61,6683,5183,4463,2000,1243,1201,4.394464508994364,4.3845211599987515,12.706280158849161,12.123798091251855,True,False
22927,12954532500000000000,1295,5019,4896,4017,2000,433,431,4.784497894997371,4.783935844637659,12.29318423075951,11.971902746045467,True,False
22928,191764918043010736309,19176,10143,8685,6994,0,0,0,0.0,0.0,13.308196801614534,12.771902080697716,False,True
22929,46198215000000000000,4620,9454,8058,6656,2000,1049,1021,5.863637091717132,5.861353835505684,13.20670914935865,12.700439718141093,True,False
22930,9023866995105032772,902,4202,4138,3333,2000,216,215,5.090231285996641,5.089770630190282,12.036860446673046,11.702605602110248,True,False
22931,22608538013127671,2,359,216,212,2000,157,154,6.3936833687882855,6.372370321129454,8.487840033823051,7.727920454563199,True,False
22932,35164047425148937,4,521,461,452,2000,250,250,5.2251461038906895,5.22514610389069,9.025139562278508,8.820178962415188,True,False
22933,4150403831320145120,415,8487,7165,5872,2000,1202,1160,4.6018769091003335,4.595974824065826,13.051038962117408,12.519636252843213,True,False
22934,9956979465686400000,996,2126,2119,1790,2000,91,90,4.333142009945999,4.33211760217628,11.053925881531105,10.805743872151618,True,False
22935,199500000000000000,20,1324,1264,1142,2000,248,248,4.7303759689068485,4.7303759689068485,10.370687406807217,10.157346935362844,True,False
22936,49875000000000000,5,2397,1566,1520,2000,846,836,5.846404468322429,5.837007719073691,11.227014193649133,10.569855608330949,True,False
22937,448875000000000000,45,4545,3643,3247,2000,913,902,4.61091666924607,4.606685977932374,12.15006457908147,11.664891669286089,True,False
22938,997500000000000000,100,5723,4732,4108,2000,970,960,4.693657401385351,4.692380490837694,12.48255589154897,12.004220466318195,True,False
22939,944333250000000000,94,6097,4903,4258,2000,1010,991,4.418036063331934,4.413934108331068,12.573883830656468,12.055960234452295,True,False
22940,997500000000000000,100,6849,5217,4487,2000,1051,1021,4.834941349430331,4.830021883408486,12.741677644945858,12.131535468676345,True,False
22941,499352490000000000,50,6349,4835,4213,2000,1233,1194,4.40873783475164,4.400537823143381,12.632313662586126,12.040632200562253,True,False
22942,1037429925000000000,104,6482,5275,4422,2000,1088,1047,4.462504390638782,4.453910064969668,12.662223305317841,12.110483309816226,True,False
22943,997500000000000000,100,2390,2001,1732,2000,423,411,4.497447916650233,4.485664777918767,11.222794902868111,10.758223214726724,True,False
22944,488827867500000000,49,291,251,238,2000,82,82,4.395902996154819,4.395902996154819,8.184875342908283,7.894817763307944,True,False
22945,523288500000000000,52,5234,4129,3569,2000,1022,982,4.389292176331075,4.378852524956463,12.353698209048035,11.801304186049023,True,False
22946,89740908172868802134,8974,6898,6621,5482,2000,739,734,5.838987754000384,5.8384183406307795,12.751962413460854,12.420486612825774,True,False
22947,1264869043315947420,126,5621,4610,3886,2000,949,909,4.574005968998833,4.565405503791183,12.456611099574918,11.924070185585345,True,False
22948,20343128061071938,2,2762,1266,1216,2000,959,930,6.545149500098773,6.508416261847051,11.43149760425805,10.247927513443585,True,False
22949,296207625000000000,30,1362,1103,988,2000,327,320,4.563422693416623,4.553864764021543,10.411510988012072,9.948367231584678,True,False
22950,981627480223094670,98,242,209,199,2000,56,56,4.448478699683742,4.448478699683743,7.918863237274595,7.636624620543649,True,False
22951,4987500000000000,0,1476,0,0,0,0,0,0.0,0.0,10.527477006060396,0,False,True
22952,1009470000000000000,101,6305,5164,4438,2000,984,967,4.656494648723275,4.651664533475524,12.622280655215583,12.115693952197011,True,False
22953,3281775000000000000,328,3591,3535,2851,2000,197,195,4.405945817582194,4.400516124033631,11.810169937664659,11.477252323937952,True,False
22954,102175458910057182,10,4752,3238,2944,2000,1229,1189,4.551766443368904,4.536731070188822,12.214319120800766,11.523561956057012,True,False
22955,25481830270570610188,2548,7579,6742,5616,2000,870,860,5.0752898512725775,5.074224578047179,12.887791791341588,12.45532722030456,True,False
22956,947625000000000000,95,805,793,702,2000,66,66,4.208728071379773,4.208728071379774,9.65284497300198,9.45532722030456,True,False
22957,511278195488721804,51,4123,3283,2850,2000,792,761,4.388742875659477,4.3766125834513065,12.009478745888066,11.476746203939467,True,False
22958,103181693973882424,10,4607,3241,2946,2000,1220,1176,4.808348390526991,4.790652793980605,12.169611882604212,11.524541715035848,True,False
22959,423229901878220367,42,1787,1736,1490,2000,214,214,4.587952116680721,4.587952116680721,10.80332391904149,10.541096615349524,True,False
22960,23749886005634605043,2375,4883,4828,3881,2000,233,233,4.820805603866994,4.820805603866994,12.253552062637464,11.922212717785449,True,False
22961,19730646362014641,2,1404,759,731,2000,635,617,6.537084467622292,6.505761751708191,10.45532722030456,9.513727595952437,True,False
22962,5206950000000000,1,1721,183,179,183,183,179,7.5156998382840445,7.461055029540875,10.749031382040204,7.483815777264256,False,False
22963,4488750000000000,0,420,0,0,0,0,0,0.0,0.0,8.714245517666123,0,False,True
22964,2542688528926627,0,163,0,0,0,0,0,0.0,0.0,7.348728154231077,0,False,True
22965,4987500000000000000,499,1973,1958,1626,2000,104,103,5.030835405856104,5.030411935898898,10.946175240723559,10.667111542075027,True,False
22966,1787780726110934,0,965,0,0,0,0,0,0.0,0.0,9.914385132155443,0,False,True
22967,11462722082405194007,1146,3047,3022,2482,2000,137,136,4.538301129812025,4.53803584069305,11.573173784686485,11.277287400130357,True,False
22968,9973719377533675384,997,4394,4345,3479,2000,200,200,4.774645654468253,4.774645654468253,12.101319154423276,11.76445696361989,True,False
22969,7977419430986640593,798,4116,4075,3266,2000,225,225,5.241607311601864,5.241607311601865,12.007027266893969,11.673309075561695,True,False
22970,1750368653680435005,175,7877,6264,5264,2000,1226,1184,4.834064141647181,4.8300151780071054,12.943430560383598,12.361943773735241,True,False
22971,15250856580409317995,1525,4722,4653,3729,2000,203,202,5.035592005917687,5.035091880886428,12.205182326228643,11.86457308177364,True,False
22972,2531872528841004790,253,2085,2059,1682,2000,125,124,4.309067374560037,4.308645832508898,11.025831668332026,10.715961990255144,True,False
22973,419524495550375669,42,1047,1019,861,2000,137,136,4.474981073313661,4.474694910698785,10.032045726930809,9.749869427396844,True,False
22974,19950000000000000,2,17,15,15,80,15,15,3.7641975196169732,3.7641975196169732,4.087462841250339,3.9068905956085187,False,False
22975,135834297524749193,14,112,110,109,2000,41,41,4.325006280273616,4.325006280273617,6.807354922057604,6.768184324776926,True,False
22976,3231900000000000000,323,1933,1917,1577,2000,113,112,4.539467551080473,4.538957351507948,10.916625922211235,10.62296694479051,True,False
22977,77276344251885005,8,4249,2664,2461,2000,1216,1174,4.550741996206236,4.533425821145881,12.052907628313287,11.26502894245816,True,False
22978,79201500000000000,8,796,730,678,2000,193,192,4.711628534827796,4.708876126470484,9.63662462054365,9.405141463136344,True,False
22979,6738284320572000000,674,1999,1992,1693,2000,89,88,4.403571194457399,4.402868051128237,10.965062756744627,10.725366257895642,True,False
22980,1490000000000000000,149,7184,5643,4803,2000,970,941,4.842309328791693,4.838284689503961,12.810571634741146,12.229720093237413,True,False
22981,2451764780092235,0,278,0,0,0,0,0,0.0,0.0,8.118941072723507,0,False,True
22982,13794951587576109829,1379,9728,8215,6736,2000,1205,1165,4.471450905476621,4.464357035214807,13.247927513443585,12.717676423066395,True,False
22983,337844611528822055,34,1188,961,859,2000,274,268,4.444109611884547,4.432771824468568,10.214319120800766,9.746514321138463,True,False
22984,19850250000000000000,1985,9881,8395,6884,2000,1220,1178,5.73882549584174,5.736554279828914,13.270441340848045,12.749031382040204,True,False
22985,20142694951004510870,2014,9948,8401,6871,2000,1255,1213,5.685340882294139,5.683078852323309,13.280190792216906,12.746304367701304,True,False
22986,7934436292935013619,793,7449,6540,5515,2000,929,918,4.834293260074945,4.833060240259885,12.862831046897997,12.429145170478744,True,False
22987,88412100939124315,9,4349,2832,2590,2000,1234,1195,5.119981068447361,5.102362636418992,12.086467993464069,11.338736382573916,True,False
22988,75471766293400959,8,4245,2754,2521,2000,1244,1200,4.401279432486802,4.388402954932047,12.0515488384404,11.29978040285854,True,False
22989,88543668720613034020,8854,7583,6815,5629,2000,831,825,5.983200985563653,5.982920480159213,12.888553007579214,12.458662932867817,True,False
22990,44419371371540645309,4442,9987,8492,6858,2000,1270,1231,5.812756493553207,5.811199242372208,13.285835655861419,12.743572188935634,True,False
22991,91342786411421148,9,2126,1768,1701,2000,732,727,5.014002187038503,5.010033170123473,11.053925881531105,10.732167425663386,True,False
22992,13622136089836568,1,1230,593,575,593,593,575,9.211888294546004,9.143819950571974,10.264442600226602,9.167418145831737,False,False
22993,194952305992520504,19,1337,1275,1152,2000,262,262,4.449632898408473,4.449632898408472,10.384783750093353,10.169925001442312,True,False
22994,284147083720500000,28,444,439,424,2000,62,61,4.214047291202913,4.211771323450352,8.794415866350105,8.727920454563199,True,False
22995,15312257582925453220,1531,3677,3636,2948,2000,127,127,4.358229749333281,4.3582297493332804,11.844313461203296,11.52552080909507,True,False
22996,410208832031254555,41,1962,1881,1643,2000,296,296,4.502122301270092,4.502122301270092,10.938109326219239,10.682116764950074,True,False
22997,19572429639702968,2,594,347,339,2000,291,286,6.45835952496242,6.4408463901112825,9.214319120800766,8.405141463136344,True,False
22998,99847481306070791435,9985,7557,6784,5631,2000,859,850,6.347746928395251,6.346938823451627,12.883597907455398,12.45917543555203,True,False
22999,275507093571721528,28,472,459,437,2000,79,78,4.350674234767877,4.349448873058982,8.88264304936184,8.7714894695006,True,False
23000,30795062866903286918,3080,7222,6454,5326,2000,800,794,4.694363357627698,4.693399086330357,12.81818270494864,12.378836713210614,True,False
23001,822658015680777502,82,6304,5055,4322,2000,1146,1102,4.552842783129464,4.542425002824688,12.622051819456376,12.077483356859508,True,False
23002,1989789081864881074,199,7445,6050,5127,2000,1076,1044,4.54821964303486,4.542068350025727,12.862056133469462,12.323899182397296,True,False
23003,6623400000000000000,662,7593,6604,5563,2000,968,958,4.646680835211758,4.645319010112683,12.89045429283184,12.441647390253612,True,False
23004,85853288598829480,9,4064,2426,2233,2000,1038,1008,4.469510567796235,4.458731325295208,11.988684686772165,11.124767535822473,True,False
23005,711193554637440000,71,1713,1443,1267,2000,336,329,4.5105552634029715,4.505222220754516,10.742309436084,10.30720080914081,True,False
23006,703256265664160,0,291,0,0,0,0,0,0.0,0.0,8.184875342908283,0,False,True
23007,3324631694765570,0,649,0,0,0,0,0,0.0,0.0,9.342074667999139,0,False,True
23008,132718175011528451,13,625,597,544,2000,115,115,4.276355416221356,4.276355416221357,9.287712379549449,9.087462841250339,True,False
23009,121000000000000000000,12100,10433,8928,7298,0,0,0,0.0,0.0,13.34886644275655,12.833285435584482,False,True
23010,118840062098442636870,11884,10447,8932,7299,0,0,0,0.0,0.0,13.350801091568734,12.833483105659585,False,True
23011,46514024273508215741,4651,9475,7976,6539,2000,1004,974,6.070922173949887,6.049870583599401,13.209910227945816,12.67485430794662,True,False
23012,382142250000000000000,38214,5592,5524,4451,0,0,0,0.0,0.0,12.449148645375436,12.119913785452269,False,True
23013,216936300000000000,22,1385,1317,1132,2000,183,182,4.388708991869082,4.386540156366912,10.43567026093655,10.144658242831882,True,False
23014,2317353114343356463,232,1618,1404,1219,2000,268,264,4.58726713847057,4.584980689254751,10.659995892429977,10.251482410620213,True,False
23015,69825000000000000,7,669,485,460,2000,222,218,4.49743868340591,4.489535368743356,9.38586240064146,8.845490050944376,True,False
23016,9562069639282267059,956,5314,4578,3728,2000,737,709,5.2741344671436785,5.26893469568076,12.375582512490507,11.86418614465428,True,False
23017,8977500000000000000,898,8662,7166,5933,2000,985,954,5.478338819643912,5.473990155399701,13.080484457067568,12.534546067459992,True,False
23018,7710675000000000000,771,5940,5092,4162,2000,822,789,4.921979909842874,4.914591061652299,12.536247215688128,12.023061249735335,True,False
23019,7576833913771772240,758,9045,7637,6218,2000,1241,1197,4.87914246085181,4.872639458268748,13.142904787508604,12.602234901341063,True,False
23020,4052864205707524,0,1432,0,0,0,0,0,0.0,0.0,10.483815777264256,0,False,True
23021,35910000000000000,4,2941,1791,1667,2000,1049,1009,5.254380797443057,5.226331642565176,11.522091068887065,10.703038388986418,True,False
23022,2418837750000000000,242,5755,4809,4019,2000,891,855,4.437228306559744,4.4278535104710155,12.490600213019592,11.972620862058745,True,False
23023,2238390000000000000,224,5660,4723,3954,2000,881,846,4.514339940945649,4.5062678858570475,12.466586337719244,11.949097155729207,True,False
23024,5112952051976748214,511,1764,1757,1521,2000,84,82,4.624740783624637,4.623346948345524,10.784634845557521,10.570804437724497,True,False
23025,45203943809623309,5,3296,1883,1752,2000,1060,1029,4.524827765525449,4.510822454992667,11.686500527183219,10.774787059601174,True,False
23026,176211740810867597,18,1220,1152,1005,2000,181,179,4.70697512112877,4.702505451887561,10.252665432450248,9.972979786066292,True,False
23027,481332223833348148,48,1824,1756,1439,2000,189,188,4.383329057639569,4.381927365896662,10.832890014164741,10.490850876740298,True,False
23028,5985000000000000,1,718,135,135,135,135,135,7.07681559705083,7.07681559705083,9.487840033823051,7.076815597050831,False,False
23029,91468439150324557300,9147,8122,7263,6077,2000,943,933,6.428365445199747,6.4280541318565225,12.987619311924325,12.56914357654506,True,False
23030,13003316619250761428,1300,4538,4492,3613,2000,237,237,5.5354720922100284,5.535472092210031,12.147840893672337,11.818981539432443,True,False
23031,7581796569586769448,758,4129,4067,3300,2000,277,277,5.039473001963324,5.039473001963325,12.011576703176177,11.688250309133178,True,False
23032,10972500000000000,1,17,14,14,14,14,14,3.8073549220576055,3.8073549220576055,4.087462841250339,3.807354922057604,False,False
23033,32202064778958921,3,449,382,372,2000,185,184,5.197994046036992,5.193984020974336,8.810571634741146,8.539158811108031,True,False
23034,13988599429784907323,1399,1901,1687,1438,2000,280,276,5.271814622154833,5.2707434565928075,10.892542816648552,10.489847960439297,True,False
23035,4580000000000000000,458,7243,6121,5018,2000,1040,999,4.686514199224221,4.677981344006454,12.822371659963327,12.292896755409172,True,False
23036,1559442415199550000,156,1090,1077,933,2000,73,72,4.29054351164687,4.28927583361752,10.090112419664289,9.86573327085176,True,False
23037,7281750000000000000,728,6447,5673,4736,2000,811,802,4.648190380398438,4.64579262184441,12.65441226814894,12.20945336562895,True,False
23038,9975000000000000000,998,7123,6270,5247,2000,890,880,5.205604643244658,5.204737424335428,12.798269274949691,12.357277074642809,True,False
23039,17955000000000000000,1796,8410,7338,6134,2000,976,962,4.831801063194316,4.828619426492519,13.037890085142507,12.58261245126702,True,False
23040,552615000000000000,55,4463,3540,3062,2000,859,823,4.511981232838951,4.497140887565579,12.123798091251855,11.580258567499788,True,False
23041,3158683500000000000,316,1198,1194,1067,2000,64,63,4.21763892963018,4.215319479315864,10.226412192788786,10.059344460824425,True,False
23042,110147127144812908,11,248,244,236,2000,63,61,4.268083457686283,4.263540507838963,7.954196310386875,7.882643049361842,True,False
23043,100581659280755349,10,1040,973,885,2000,187,185,4.414019914878028,4.41109554216331,10.022367813028454,9.78953364497036,True,False
23044,4179999984291211298,418,3837,3756,3099,2000,310,310,4.775287365885431,4.775287365885432,11.905763049602793,11.597587039586216,True,False
23045,27930000000000000,3,3105,1479,1408,2000,1015,986,5.919279540155297,5.891798683755648,11.600377553107844,10.459431618637296,True,False
23046,2090413421844201535,209,7530,6060,5113,2000,987,957,4.9675170347382664,4.964076195951086,12.87843414955929,12.319954310686944,True,False
23047,846354998165618676,85,4826,3884,3348,2000,891,854,4.650356901506887,4.640640745001772,12.23661220021575,11.709083812550343,True,False
23048,193084243201717490,19,3102,2462,2279,2000,765,759,4.401192216274795,4.398101082135302,11.59898297103609,11.154185209265297,True,False
23049,18407753647944274248,1841,3082,2724,2249,2000,425,414,5.5092249852369655,5.505048485236054,11.589651146514786,11.135067945777816,True,False
23050,93660445917045278,9,1262,1125,1078,2000,452,450,4.382863488427107,4.381511985852741,10.30149619498255,10.074141462752506,True,False
23051,14962500000000000,1,881,442,431,442,442,431,8.787902559391433,8.729962196327097,9.782998208920414,8.751544059089099,False,False
23052,467989845449175000,47,672,664,622,2000,85,83,4.253071629706722,4.25099931502243,9.39231742277876,9.280770770130603,True,False
23053,4471210196328187778,447,1639,1628,1360,2000,68,68,4.546249912403637,4.5462499124036375,10.678600139099458,10.409390936137703,True,False
23054,1125700645895778118,113,2657,2601,2133,2000,199,198,4.488473973626451,4.48755703952067,11.375582512490507,11.058668250340572,True,False
23055,12401858616392961,1,2679,1093,1055,1093,1093,1055,10.094077685671907,10.01629218703636,11.387478865842379,10.043027283594547,False,False
23056,39526324956042690,4,818,695,687,2000,424,422,5.033075899993028,5.030281823435332,9.67595703294175,9.4241662888181,True,False
23057,3510532924280017832,351,8706,7162,5976,2000,1236,1195,5.410737001888407,5.408098175249049,13.0877943047879,12.544964432789238,True,False
23058,8478240742613195629,848,7990,6891,5774,2000,979,964,5.00847502522897,5.0064572601624455,12.963979787815338,12.495355392235982,True,False
23059,5555615729384870627,556,3592,3528,2836,2000,185,183,4.73542241342863,4.734482369056646,11.810571634741146,11.469641817239516,True,False
23060,3298231493081861049,330,8660,7115,5937,2000,1232,1192,5.159405556172844,5.156429376031786,13.080151309614088,12.535518397768667,True,False
23061,2981359509035504126,298,7871,6594,5444,2000,1169,1125,4.554242960443387,4.543854877642168,12.942331224510577,12.410451351503994,True,False
23062,763100980922447,0,242,0,0,0,0,0,0.0,0.0,7.918863237274595,0,False,True
23063,187619775000000000,19,4516,3307,2959,2000,1085,1044,4.529472365680431,4.512369573275981,12.140829770773001,11.530893981193922,True,False
23064,8578500000000000,1,2000,485,475,485,485,475,8.921840937074489,8.87648011233222,10.965784284662087,8.89178370321831,False,False
23065,1436400000000000000,144,1231,1216,1047,2000,87,86,4.369496539971954,4.3685794010656025,10.265615046484458,10.032045726930809,True,False
23066,15829591671950198331,1583,2302,2290,1904,2000,74,73,4.358784919851651,4.357312834880222,11.16867211813223,10.894817763307943,True,False
23067,44030984250102866,4,3717,2131,1990,2000,1206,1165,4.783583626850197,4.76424584234112,11.859922972861758,10.958552715431011,True,False
23068,312782851778250000,31,1983,1576,1386,2000,433,421,4.750004991151464,4.7312272425017445,10.953468962228849,10.436711542137214,True,False
23069,99750000000000000,10,5,4,4,1,2,2,1.0,1.0,2.321928094887362,2.0,False,False
23070,4974253891259317133,497,359,357,328,2000,46,46,4.441120800608477,4.441120800608476,8.487840033823051,8.357552004618084,True,False
23071,60150375939849624,6,1105,796,746,2000,368,362,4.74863784176378,4.73989988970619,10.109830654278793,9.543031820255237,True,False
23072,52151406618592702656,5215,5320,5253,4230,2000,208,206,5.076545104337163,5.0759848578287,12.377210530388552,12.046441948007311,True,False
23073,197400000000000000,20,4729,3193,2853,2000,967,938,4.528656941313632,4.5168217720047545,12.207319426457804,11.47826403158172,True,False
23074,1795500000000000000,180,7914,6292,5285,2000,1215,1172,4.549706650722121,4.533646314828708,12.950191349972702,12.367687756270046,True,False
23075,197113762661436397,20,5391,3758,3349,2000,1220,1172,4.399096754463836,4.380937715946734,12.396337194231098,11.709514660706716,True,False
23076,1735650000000000000,174,7957,6323,5315,2000,1226,1180,4.557442001013192,4.5507639399745825,12.958008883656943,12.375853976418467,True,False
23077,2513700000000000000,251,8073,6709,5559,2000,1223,1178,4.513261158015261,4.502773755423771,12.978889176361573,12.440609666748422,True,False
23078,3700000000000000000,370,8367,7031,5780,2000,1213,1170,4.556757821365971,4.5503238168665785,13.030494719749468,12.496853777388042,True,False
23079,2992500000000000000,299,7653,6404,5285,2000,1144,1100,4.611075093001577,4.600315019410216,12.901809684323629,12.367687756270046,True,False
23080,2992500000000000000,299,7512,6289,5187,2000,1119,1076,4.609826649539056,4.59905829402086,12.874981347653774,12.340684654363438,True,False
23081,19950000000000000,2,2532,1310,1255,2000,1097,1057,6.525911550844311,6.4844640374755045,11.306061689428342,10.293471648838134,True,False
23082,1995000000000000000,200,7056,5835,4861,2000,1101,1059,4.446999661083399,4.43584341350806,12.784634845557521,12.247037418788581,True,False
23083,501253132832080200,50,4633,3653,3169,2000,910,873,4.455148183295211,4.442577761722215,12.177730967033272,11.629811944382233,True,False
23084,99750000000000000,10,2757,1929,1765,2000,781,753,5.402477094304987,5.378010946433211,11.428883552010191,10.785452468158542,True,False
23085,887775000000000000,89,1605,1354,1195,2000,313,307,4.540789764247063,4.536062780463112,10.648357582009666,10.222794902868111,True,False
23086,4987500000000000,0,165,0,0,0,0,0,0.0,0.0,7.366322214245816,0,False,True
23087,1249752660938418363,125,7655,6032,5086,2000,1226,1180,4.878729449306064,4.873828679834665,12.90218666238715,12.312315746690107,True,False
23088,959636843114415002,96,78,76,75,2000,38,38,4.349479239874008,4.349479239874008,6.285402218862249,6.22881869049588,True,False
23089,507344626700834890,51,5941,4414,3855,2000,973,944,4.646645230239508,4.640176282988894,12.536490073199161,11.912515144802397,True,False
23090,1328958417150000,0,8,0,0,0,0,0,0.0,0.0,3.0,0,False,True
23091,6925052812132481889,693,3639,3576,2879,2000,181,179,4.732431461782343,4.731491587333724,11.829326335841666,11.491352073563435,True,False
23092,4887112866974625000,489,1675,1663,1378,2000,74,74,4.599609343408924,4.599609343408924,10.709945380232497,10.428360172704291,True,False
23093,693633960900106271,69,2095,2036,1699,2000,197,196,4.354829346241957,4.353257243912388,11.032734528586714,10.73047013718422,True,False
23094,997157643590726318,100,7093,5505,4715,2000,1212,1172,4.522848409074851,4.514170283674823,12.792180232254807,12.20304205556246,True,False
23095,11264610333340073325,1126,9497,7911,6464,2000,1209,1168,4.39788891680927,4.386839346247937,13.213256138247942,12.658211482751796,True,False
23096,192080344538896289,19,455,447,429,2000,87,86,4.380891229236023,4.379377263994481,8.829722735086058,8.744833837499545,True,False
23097,20129880623142219,2,2841,1259,1208,2000,994,965,6.499601560365822,6.464469229112577,11.472183116189541,10.238404739325079,True,False
23098,2868306262978865408,287,1276,1269,1123,2000,69,68,4.5012134188445465,4.500109781443368,10.31741261376487,10.133142212400601,True,False
23099,746021497803447240,75,718,711,662,2000,72,71,4.242522976807834,4.241269568692292,9.487840033823051,9.370687406807217,True,False
23100,159062802858427212,16,1664,1527,1412,2000,453,451,4.39515324081173,4.394102088828921,10.700439718141093,10.46352437327118,True,False
23101,44180279109561020,4,2051,1323,1234,2000,709,685,5.25801776372095,5.23333091068172,11.002111776479852,10.269126679149418,True,False
23102,2809741958093082,0,552,0,0,0,0,0,0.0,0.0,9.108524456778168,0,False,True
23103,90016420539184140,9,820,769,720,2000,193,192,4.507773360225074,4.50590809001827,9.679480099505446,9.491853096329674,True,False
23104,330308981657186272,33,4117,3165,2789,2000,892,856,4.552807385012361,4.534275486551346,12.007377733321269,11.445532219028312,True,False
23105,2755359469773536,0,1203,0,0,0,0,0,0.0,0.0,10.232420927176076,0,False,True
23106,221712417408981676,22,5559,3965,3515,2000,1219,1175,4.459471405822965,4.448337507317882,12.440609666748422,11.779308973959898,True,False
23107,2282788725000000000,228,3129,3063,2497,2000,198,197,4.405611377839648,4.404511102770883,11.611485943240922,11.285980105928212,True,False
23108,997500000000000,0,296,0,0,0,0,0,0.0,0.0,8.20945336562895,0,False,True
23109,3766688743852047574,377,8634,7131,5887,2000,1251,1207,4.74371773240946,4.7383603773350185,13.075813377461454,12.523316912312747,True,False
23110,78275569456467922,8,765,717,673,2000,189,189,4.83240132957558,4.832401329575579,9.579315937580015,9.394462694610317,True,False
23111,827925000000000000,83,6899,5313,4568,2000,1216,1174,4.398588209175875,4.386134324905354,12.752171545162444,12.157346935362844,True,False
23112,91447972699965000,9,1403,1018,936,2000,415,404,4.672698668937644,4.661845146077596,10.454299293619899,9.870364719583405,True,False
23113,230333387929320457,23,1417,1350,1164,2000,187,186,4.487574861442534,4.4851712560344215,10.468624042918018,10.184875342908283,True,False
23114,5092416042768082616,509,8847,7439,6081,2000,1236,1192,4.658367863315736,4.649677420739867,13.110972607782893,12.570092874188056,True,False
23115,2817337806911470257,282,7030,5875,4854,2000,1060,1019,4.523731209627686,4.514702428464709,12.779308973959898,12.244958393151133,True,False
23116,794412107344802001,79,5573,4458,3818,2000,1031,990,4.4999389974050805,4.488674448606783,12.444238438078106,11.898601387403938,True,False
23117,836871715099763799,84,5529,4439,3801,2000,1017,976,4.590487674788254,4.580115385850219,12.43280285635187,11.892163309861965,True,False
23118,2380415688648739989,238,3306,2815,2360,2000,510,493,4.545266602830611,4.533042074443134,11.690871009292314,11.204571144249204,True,False
23119,341365974230433705,34,1522,1243,1106,2000,347,340,4.455048205185136,4.444794378776555,10.571752643503546,10.111135670234708,True,False
23120,1273743831812091076,127,607,530,486,2000,114,114,4.521569839024949,4.52156983902495,9.245552706255681,8.92481250360578,True,False
23121,4950002034556921064,495,5292,5015,4201,2000,716,712,4.826959531971915,4.826327803404624,12.369597346278677,12.036517070486518,True,False
23122,3978518846404810117,398,6095,5332,4453,2000,790,784,4.404035369269535,4.402321121090621,12.573410505507574,12.120561896442904,True,False
23123,18750968607944128393,1875,5457,5294,4377,2000,515,512,5.413842229011508,5.413003139727882,12.413892328372642,12.095726668639047,True,False
23124,2539376327497543032,254,3234,2753,2304,2000,482,469,4.5050923589690655,4.498619202551456,11.659103963473662,11.169925001442312,True,False
23125,497420595506693111,50,1939,1877,1608,2000,265,265,4.494078228283515,4.494078228283515,10.921097088106793,10.651051691178928,True,False
23126,41491715354694584263,4149,8949,7832,6541,2000,998,982,5.738449842864086,5.737209460549295,13.12751076305637,12.67529549909406,True,False
23127,231625802498137107,23,2014,1855,1691,2000,487,485,4.595972523349928,4.595368162564865,10.975847968006784,10.723660944409984,True,False
23128,8829603876876152219,883,4229,4189,3351,2000,226,226,5.078441355750025,5.078441355750025,12.046100845028802,11.71037597120447,True,False
23129,3100000000000000000,310,3415,3348,2713,2000,191,190,4.443025409400079,4.441934202707346,11.737669863177453,11.405673332281866,True,False
23130,575375389647388733,58,4260,3492,3063,2000,796,790,4.694112002256721,4.693147761093799,12.056637715113201,11.580729651598958,True,False
23131,4417573599169527,0,1448,0,0,0,0,0,0.0,0.0,10.499845887083206,0,False,True
23132,2125926184375870024,213,989,985,897,2000,72,69,4.706662513455623,4.684209580127833,9.94982671075911,9.80896417491926,True,False
23133,172200796205610067,17,337,332,321,2000,67,65,4.214863624366159,4.211910914090619,8.396604781181859,8.326429487122303,True,False
23134,40703787675148532,4,509,442,424,2000,179,178,5.187866664786087,5.183863996340457,8.991521846075695,8.727920454563199,True,False
23135,183321296631206425294,18332,5551,5482,4455,0,0,0,0.0,0.0,12.438531977761583,12.121209716409284,False,True
23136,95055408445148971,10,4470,2874,2627,2000,1216,1172,4.639385189894054,4.6247360052543804,12.12605911607068,11.359200485133632,True,False
23137,457353750000000000,46,4898,3819,3328,2000,997,957,4.37728263974211,4.365557374635051,12.257977058563979,11.700439718141093,True,False
23138,135028080978176762879,13503,7799,7045,5800,0,0,0,0.0,0.0,12.929073435876813,12.501837184902296,False,True
23139,88314084756789291,9,1242,1095,1054,2000,452,450,4.624509497344582,4.622734501140572,10.278449458220482,10.041659151637214,True,False
23140,124687500000000001,12,1064,1010,929,2000,200,198,4.524698303680321,4.518745460192007,10.055282435501189,9.859534786382653,True,False
23141,498750000000000000,50,1519,1462,1212,2000,148,147,4.468006219583639,4.4604918494162415,10.568906154502084,10.243173983472952,True,False
23142,27161925000000000000,2716,7073,6489,5324,2000,796,788,5.982505831387233,5.936084476574626,12.788106545965245,12.378294855911891,True,False
23143,8163735077694235588,816,4107,4040,3250,2000,194,193,4.73311368149119,4.732392830887478,12.003869231979056,11.66622400280318,True,False
23144,14961038954943586453,1496,9742,8191,6708,2000,1234,1193,5.0450205018955305,5.0416428127270505,13.250002267840449,12.711666973564347,True,False
23145,9846541560429907148,985,9321,7735,6339,2000,1229,1187,5.343872494987141,5.340897960729967,13.186269026842997,12.630039552656097,True,False
23146,432446089135617,0,316,0,0,0,0,0,0.0,0.0,8.303780748177102,0,False,True
23147,2376092097752940332,238,5678,4920,4129,2000,785,779,4.432061510138079,4.4305187724894655,12.471167133724391,12.011576703176177,True,False
23148,109413743711138634173,10941,5654,5573,4549,0,0,0,0.0,0.0,12.465056167831175,12.151333719291655,False,True
23149,236183655860456384,24,393,382,366,2000,67,66,4.346661906187105,4.344145527026828,8.618385502258606,8.515699838284043,True,False
23150,7980000000000000000,798,9266,7720,6318,2000,1237,1195,5.08945604996302,5.086283855896574,13.177730967033272,12.625252221746873,True,False
23151,1990018734375000000,199,7983,6441,5416,2000,1237,1196,4.7913168091187215,4.786834927445241,12.962715295743376,12.403012023574997,True,False
23152,997500000000000000,100,7159,5626,4807,2000,1235,1194,4.588611773527743,4.5791362060520076,12.805542364358724,12.230921088137896,True,False
23153,7980000000000000000,798,9247,7726,6316,2000,1239,1199,4.650121633830163,4.645123022692683,13.174769673304432,12.624795455860237,True,False
23154,1197000000000000000,120,7523,6009,5066,2000,1238,1198,4.834509532300694,4.830055941911564,12.877092375027413,12.306631361712501,True,False
23155,2493750000000000000,249,8215,6723,5605,2000,1252,1212,4.835248170089326,4.830827043361497,13.004044859837437,12.45249865769279,True,False
23156,498750000000000000,50,6327,4839,4207,2000,1256,1211,4.395645008571954,4.383369005552373,12.627305880514848,12.03857610276879,True,False
23157,206446328091510797,21,4099,3057,2728,2000,980,941,4.429252074188826,4.415216831865361,12.001056274634779,11.413627929024173,True,False
23158,645285928146069,0,208,0,0,0,0,0,0.0,0.0,7.700439718141092,0,False,True
23159,7980000000000000,1,1827,396,388,396,396,388,8.629356620079612,8.587046298104452,10.835260918627489,8.599912842187127,False,False
23160,1010847720447853083,101,885,874,766,2000,70,69,4.352888040198653,4.3508980737341565,9.78953364497036,9.581200581924957,True,False
23161,39954897315049209,4,3578,2034,1898,2000,1204,1164,4.783486380686125,4.762072058153013,11.804937672051908,10.89026427702111,True,False
23162,5914566581929320485,591,2672,2644,2160,2000,119,119,4.4307830506959,4.4307830506959025,11.383704292474052,11.076815597050832,True,False
23163,4189500000000000000,419,2655,2627,2134,2000,112,110,4.551653344147777,4.551092182618707,11.374496145691516,11.059344460824425,True,False
23164,38052921300122342597,3805,3987,3955,3229,2000,125,123,5.020358828036607,5.020029471128883,11.96108788999733,11.65687172561398,True,False
23165,5056890082366603320,506,1850,1842,1585,2000,90,88,4.471749056258002,4.470640666719076,10.853309555403674,10.63026712502677,True,False
23166,1163249365057500000,116,1019,1011,895,2000,89,88,4.293700753273036,4.292874226004756,9.992938336165814,9.805743872151618,True,False
23167,11144568750000000000,1114,9508,7920,6476,2000,1229,1189,5.38163221551451,5.379299936983228,13.214926187942435,12.660887270302567,True,False
23168,5010425952380324186,501,8390,6919,5759,2000,1019,988,4.696293006938923,4.690047540144113,13.034455095327186,12.49160260669611,True,False
23169,13692761057467967,1,2687,1170,1130,1170,1170,1130,10.192292814470765,10.114746612801364,11.391780606013166,10.14210705730255,False,False
23170,249375000000000000,25,4853,3445,3091,2000,1012,986,4.543826594845702,4.539316657116233,12.244661144764198,11.593857938858223,True,False
23171,29042204225185272996,2904,7970,6861,5532,2000,1067,1026,6.025356753560856,6.0227377025123525,12.960364008877834,12.433585441150495,True,False
23172,23142000000000000000,2314,4859,4810,3856,2000,225,225,5.157064003940501,5.157064003940502,12.246443717117286,11.912889336229961,True,False
23173,101829802113376560,10,4260,2724,2499,2000,964,935,4.51145992327565,4.503425559016133,12.056637715113201,11.287135186086704,True,False
23174,2532058539986622,0,1220,0,0,0,0,0,0.0,0.0,10.252665432450248,0,False,True
23175,10000000000000000,1,154,99,99,99,99,99,6.62935662007961,6.62935662007961,7.266786540694901,6.6293566200796095,False,False
23176,3000000000000000000,300,3495,3440,2786,2000,201,200,4.374620549064606,4.373397647452601,11.7710767402628,11.443979542601253,True,False
23177,349125000000000000,35,31,27,27,2000,25,25,4.245207554792335,4.245207554792335,4.954196310386875,4.754887502163468,True,False
23178,67360980175753076381,6736,8460,7545,6332,2000,944,932,5.313537173036752,5.312424975078473,13.046441948007311,12.62844554013718,True,False
23179,1543406960651873,0,109,0,0,0,0,0,0.0,0.0,6.768184324776926,0,False,True
23180,3704424944934909,0,195,0,0,0,0,0,0.0,0.0,7.60733031374961,0,False,True
23181,99741737398979754,10,421,305,293,2000,127,127,4.733887781030272,4.733887781030272,8.717676423066395,8.194756854422248,True,False
23182,29844188632596147035,2984,4329,3809,3094,2000,596,577,6.131730027933376,6.128955691644391,12.079818085212354,11.595257481449035,True,False
23183,19950000000000000,2,757,445,434,2000,366,360,6.499440930000191,6.482194412030152,9.564149489985732,8.761551232444479,True,False
23184,808163377727020,0,412,0,0,0,0,0,0.0,0.0,8.686500527183219,0,False,True
23185,11601524150865312774,1160,9571,8083,6648,2000,1189,1149,4.8326911123856,4.8279892648520555,13.224453953330569,12.698704666770345,True,False
23186,22842750000000000,2,366,300,296,2000,189,188,6.422677786126902,6.417172280621395,8.515699838284043,8.20945336562895,True,False
23187,24438750000000000000,2444,4880,4833,3872,2000,229,229,5.340486123443906,5.340486123443906,12.252665432450248,11.918863237274595,True,False
23188,600250626566416040,60,6713,5169,4481,2000,1225,1184,4.78862119431392,4.784379412447324,12.712741927075735,12.129605011152504,True,False
23189,11135366592900451,1,53,21,21,21,21,21,4.392317422778761,4.392317422778761,5.727920454563199,4.392317422778761,False,False
23190,7968423466414681051,797,6946,6094,5096,2000,877,867,5.206039457322025,5.2051225910340255,12.761966695382092,12.3151495622563,True,False
23191,67499386718364110737,6750,5326,4649,3752,2000,703,681,5.966652237738011,5.9638427594611825,12.378836713210614,11.873444112515376,True,False
23192,2302155777459440853,230,8132,6539,5462,2000,1222,1180,4.742502025134469,4.736647563358778,12.989394499844732,12.415213598765286,True,False
23193,1162087500000000000,116,7463,5871,4968,2000,1215,1174,4.471691148767777,4.464788631770095,12.865539970785697,12.278449458220482,True,False
23194,498750000000000,0,191,0,0,0,0,0,0.0,0.0,7.577428828035749,0,False,True
23195,441892500000000000,44,121,101,98,2000,40,40,4.281956641738583,4.281956641738583,6.918863237274595,6.614709844115208,True,False
23196,8523386104875806431,852,9239,7743,6303,2000,1280,1233,5.5370487280968,5.533794296814647,13.173520992026965,12.621822947394202,True,False
23197,5017425000000000000,502,9018,7507,6227,2000,1199,1157,4.741514575158483,4.736121069621323,13.13859179463752,12.604321563877273,True,False
23198,1271613000000000000,127,1026,1019,904,2000,91,89,4.675944218584563,4.674298958121201,10.002815015607053,9.820178962415188,True,False
23199,249375000000000000,25,518,510,491,2000,87,85,4.248079012860193,4.246008753330381,9.016808287686555,8.939579214314692,True,False
23200,13017375000000000000,1302,9708,8164,6694,2000,1236,1196,5.73907476752047,5.737115764470954,13.244958393151133,12.70865283568653,True,False
23201,2500000000000000,0,144,0,0,0,0,0,0.0,0.0,7.169925001442312,0,False,True
23202,701754385964912,0,306,0,0,0,0,0,0.0,0.0,8.257387842692651,0,False,True
23203,9975000000000000,1,609,334,334,334,334,334,8.38370429247405,8.38370429247405,9.250298417906333,8.383704292474052,False,False
23204,24500000000000000000,2450,3657,3629,2967,2000,121,120,5.1401448355029045,5.131870395378076,11.836444911341369,11.534789211480266,True,False
23205,60000000000000000000,6000,4053,4025,3288,2000,158,153,6.161226581867894,6.075082331661346,11.984774460046841,11.682994583681683,True,False
23206,2720124094984722,0,553,0,0,0,0,0,0.0,0.0,9.111135670234708,0,False,True
23207,2593500000000000000,259,8255,6778,5686,2000,1192,1150,4.694736427664486,4.68892741127809,13.01105249980062,12.473198383677527,True,False
23208,9908679471693717414,991,4275,4208,3397,2000,211,210,5.405156769109691,5.404803750061371,12.061708704660623,11.7300455028792,True,False
23209,9925735072260783398,993,4282,4214,3402,2000,190,189,4.372820617344401,4.371486839418427,12.06406908038551,11.732167425663386,True,False
23210,2336787684982695000,234,3021,2568,2163,2000,466,453,4.642490080692441,4.632548761249809,11.56081046872794,11.078817949961978,True,False
23211,9219843847655994,1,1993,428,419,428,428,419,8.741466986401146,8.694738014438528,10.960725994839057,8.710806433699352,False,False
23212,7017543859649122807,702,8125,6904,5611,2000,1112,1069,4.832536504277455,4.826759026718245,12.988152097690541,12.45404219747008,True,False
23213,1206925125000000000,121,6607,5398,4519,2000,1092,1049,4.5663428537560335,4.55463553124653,12.689779629377275,12.141787841671004,True,False
23214,29984631777482602500,2998,4338,3818,3100,2000,597,578,6.111244516385028,6.1084989413301525,12.082814337672273,11.5980525001616,True,False
23215,100647750000000000000,10065,5459,5392,4390,0,0,0,0.0,0.0,12.414420981746417,12.10000522442272,False,True
23216,2144245055342635451,214,6685,5692,4838,2000,972,961,4.430059947075666,4.427029616508988,12.706711844980715,12.240195053979924,True,False
23217,10997500000000000,1,206,139,138,139,139,138,7.1189410727235085,7.104552583514875,7.6865005271832185,7.108524456778169,False,False
23218,2000000000000000,0,31,0,0,0,0,0,0.0,0.0,4.954196310386875,0,False,True
23219,5000000000000000,1,76,9,9,9,9,9,3.169925001442312,3.169925001442312,6.247927513443585,3.169925001442312,False,False
23220,9426381024021749,1,655,204,203,204,204,203,7.672425341971495,7.662621420402868,9.355351096424812,7.6653359171851765,False,False
23221,808036595954524,0,321,0,0,0,0,0,0.0,0.0,8.326429487122303,0,False,True
23222,902255639097744360,90,4687,3924,3387,2000,787,781,4.4365351541592215,4.4339630673826065,12.194449079479025,11.725792271494157,True,False
23223,498750000000000000,50,4091,3326,2923,2000,783,777,5.287394582385056,5.282251266337003,11.998237821888047,11.513234113806053,True,False
23224,984458022907609681,98,6615,5037,4351,2000,978,948,4.399599942992944,4.390660795672376,12.69152544116604,12.087131301540529,True,False
23225,390663892500000000000,39066,9258,8146,6816,0,0,0,0.0,0.0,13.17648484729189,12.734709620225837,False,True
23226,19047619047619047619,1905,9109,7598,6256,2000,991,962,5.380411558309552,5.378240932463911,13.153076966106688,12.611024797307353,True,False
23227,106877862190768995000,10688,3972,3494,2838,0,0,0,0.0,0.0,11.955649907528374,11.470658874060552,False,True
23228,550000000000000000,55,2454,1991,1725,2000,470,457,4.471641700044762,4.457364884343968,11.260919533662905,10.752380646552893,True,False
23229,45833130000000000000,4583,7497,6742,5540,2000,811,805,5.598056932095667,5.597654123273459,12.87209768680786,12.43567026093655,True,False
23230,123690000000000000,12,4216,3007,2715,2000,1083,1043,5.2653500752152596,5.237310270055671,12.041659151637214,11.406736482691723,True,False
23231,4184741096168633147,418,3619,3556,2884,2000,205,204,4.7251545672253155,4.724507298991475,11.82137539237254,11.493855449240822,True,False
23232,1082858438034633832,108,2656,2601,2131,2000,200,199,4.353335657952742,4.351763330908717,11.375039431346925,11.057314877782703,True,False
23233,3990000000000000,0,527,0,0,0,0,0,0.0,0.0,9.041659151637214,0,False,True
23234,69825000000000000,7,3005,2008,1855,2000,916,880,4.550802942019395,4.533797912186753,11.553149275598548,10.857203471508166,True,False
23235,4595405844512183931,460,3808,3756,3031,2000,198,197,4.48626643824984,4.485349771583174,11.894817763307943,11.565578136784328,True,False
23236,29878172693220987113,2988,1842,1838,1601,2000,68,66,4.4895677127087295,4.487545910688734,10.847057346091336,10.644757592516257,True,False
23237,54906742573890693213,5491,2159,2152,1808,2000,75,74,4.8534957105649905,4.852739467591452,11.076147528022505,10.820178962415188,True,False
23238,37017543859649122807,3702,9853,8365,6742,2000,1287,1240,5.842417415102926,5.83992878427691,13.266347341835894,12.71896091198421,True,False
23239,50612254680184666995,5061,9282,8016,6446,2000,1193,1148,5.802617050007752,5.799235161309665,13.180219982170192,12.654188473059545,True,False
23240,4709461698552997753,471,5411,5105,4265,2000,727,722,4.78208679073628,4.780568978698529,12.401679525982452,12.058330026205653,True,False
23241,798000000000000000,80,2734,2603,2242,2000,442,440,4.501754742043149,4.500921339259584,11.41679752760606,11.130570562805426,True,False
23242,937650000000000000,94,2293,2225,1836,2000,193,192,4.355386525617589,4.353950268290447,11.163020639580793,10.842350343413807,True,False
23243,2484224516787071,0,515,0,0,0,0,0,0.0,0.0,9.00842862207058,0,False,True
23244,2005012531328320802,201,1906,1881,1546,2000,127,126,4.312812070088309,4.312397633752634,10.896332403909941,10.594324603924848,True,False
23245,37383307500000000000,3738,9506,8074,6667,2000,1055,1026,5.681433498529912,5.679673276226411,13.214622686302336,12.702822011777029,True,False
23246,2493750000000000,0,148,0,0,0,0,0,0.0,0.0,7.20945336562895,0,False,True
23247,47880000000000000,5,787,543,514,2000,292,287,4.832233234914198,4.823154116885663,9.620219825507487,9.005624549193879,True,False
23248,4987500000000000,0,9,0,0,0,0,0,0.0,0.0,3.169925001442312,0,False,True
23249,648375000000000000,65,6634,5137,4451,2000,1182,1142,4.600820031749301,4.595070047130534,12.695663296788021,12.119913785452269,True,False
23250,469997062500000000,47,5070,3955,3447,2000,1030,990,4.438366091285893,4.426266452911065,12.307770031890703,11.75112558336727,True,False
23251,1531323382803231,0,363,0,0,0,0,0,0.0,0.0,8.50382573799575,0,False,True
23252,1303858664733767078,130,2703,2635,2162,2000,190,189,4.403421726072034,4.402221245879957,11.400345796534694,11.07815080773465,True,False
23253,8921315808855174450,892,6470,5826,4827,2000,795,789,5.539189949179867,5.53840361562548,12.65954999687987,12.236911111444602,True,False
23254,3501327784516675,0,1442,0,0,0,0,0,0.0,0.0,10.493855449240822,0,False,True
23255,16496273219091025,2,2030,1023,977,2000,923,886,6.568309199212468,6.524987269796426,10.987264012072538,9.932214751968385,True,False
23256,6982500000000000,1,1377,278,274,278,278,274,8.118941072723509,8.082969849701925,10.427312844134963,8.098032082960527,False,False
23257,1995000000000000,0,849,0,0,0,0,0,0.0,0.0,9.729620743553038,0,False,True
23258,5000000000000000,1,1589,103,100,103,103,100,6.686500527183221,6.62091909512338,10.63390340934852,6.643856189774724,False,False
23259,3515478279772477,0,1364,0,0,0,0,0,0.0,0.0,10.413627929024173,0,False,True
23260,971341673645830,0,71,0,0,0,0,0,0.0,0.0,6.149747119504682,0,False,True
23261,28456663268663893,3,332,209,205,2000,138,138,5.302011833467221,5.302011833467221,8.375039431346925,7.679480099505446,True,False
23262,1191727567210161414,119,5676,4815,4139,2000,884,874,4.400733635510154,4.397264016383426,12.470658874060552,12.015066533230291,True,False
23263,26074423191221894066,2607,5083,5016,4060,2000,199,198,4.581697946057737,4.5809120914408386,12.311464515448444,11.987264012072538,True,False
23264,2284740679527813938,228,2752,2364,2003,2000,423,411,4.497606624838795,4.485824072158031,11.426264754702098,10.967946705812707,True,False
23265,408427787000000000,41,6127,4659,4068,2000,1246,1202,4.650432701114143,4.643642919896333,12.58096513597733,11.9901039638575,True,False
23266,1396500000000000000,140,7133,5788,4913,2000,1081,1048,4.395419458009305,4.38635352276236,12.800293258223418,12.262388523751019,True,False
23267,1097250000000000000,110,7354,5890,5011,2000,1175,1135,4.647052366728114,4.639377091809656,12.844313461203296,12.290882822429577,True,False
23268,299250000000000000,30,5550,4053,3585,2000,1178,1138,4.778253236318671,4.7583658069692305,12.43827205612483,11.807757403589267,True,False
23269,139792503454554012,14,1079,1015,903,2000,176,174,4.455766464075964,4.453054131214464,10.075479149488016,9.818582177480858,True,False
23270,1996896214861559,0,31,0,0,0,0,0,0.0,0.0,4.954196310386875,0,False,True
23271,2360368325207785935,236,1251,1244,1090,2000,85,83,4.5751703841175395,4.57372608015585,10.28886607416582,10.090112419664289,True,False
23272,2071950875404651765,207,1250,1243,1080,2000,84,82,4.348146491108645,4.345150536737259,10.287712379549449,10.076815597050832,True,False
23273,18952500000000000,2,1536,815,782,2000,696,672,6.500415324186412,6.463104764443805,10.584962500721156,9.611024797307353,True,False
23274,499591244190603777,50,4653,3747,3328,2000,919,908,4.472520744752473,4.470390692792103,12.183945471757246,11.700439718141093,True,False
23275,40231018163916957,4,3670,2201,2041,2000,1245,1201,4.790953858330926,4.7697147155950805,11.841564347730575,10.995060467032719,True,False
23276,3990000000000000,0,1089,0,0,0,0,0,0.0,0.0,10.088788238716907,0,False,True
23277,56325890775204057,6,91,63,63,2000,45,45,4.281627150229659,4.281627150229659,6.507794640198696,5.977279923499917,True,False
23278,10471053144368417,1,2512,1020,986,1020,1020,986,9.99435343685886,9.923025115778309,11.294620748891626,9.945443836377912,False,False
23279,1994423769512661255,199,7949,6458,5404,2000,1258,1213,5.2425390217738155,5.237387944480935,12.956557662570523,12.399811959325685,True,False
23280,4997475000000000000,500,8883,7384,6072,2000,1251,1209,4.6506549940747774,4.645326001161324,13.11683127589871,12.567956075415466,True,False
23281,9994950000000000000,999,9305,7805,6357,2000,1256,1213,5.205603093798503,5.2023552621166615,13.183790434946514,12.634130373093326,True,False
23282,15000000000000000000,1500,9515,8051,6504,2000,1243,1200,4.5374883114303035,4.528987452785809,13.215987941161384,12.667111542075027,True,False
23283,10025062656641604010,1003,9234,7834,6352,2000,1244,1201,5.0835827714029715,5.080000189377716,13.172740017049366,12.632995197142957,True,False
23284,24060150375939849624,2406,9574,8204,6615,2000,1243,1199,5.278244634800252,5.2751095333137386,13.224906090719767,12.69152544116604,True,False
23285,15037593984962406015,1504,9365,8006,6461,2000,1220,1176,4.407656544501119,4.398253301114108,13.193063279130408,12.657541759703378,True,False
23286,40100250626566416040,4010,9647,8311,6681,2000,1223,1180,5.125592380242888,5.122299957240069,13.23586465108203,12.705848343508945,True,False
23287,39251386956308101251,3925,9607,8288,6665,2000,1221,1176,5.377552083224449,5.373294676037125,13.229870272287243,12.702389159976336,True,False
23288,2503725000000000000,250,1725,1709,1431,2000,105,104,4.420568268570745,4.419988571213101,10.752380646552893,10.482807956726667,True,False
23289,19950000000000000,2,432,256,250,2000,209,205,6.424006429262769,6.40398640924275,8.754887502163468,7.965784284662087,True,False
23290,1288499140203976,0,341,0,0,0,0,0,0.0,0.0,8.413627929024173,0,False,True
23291,595762154568392470365,59576,1627,1622,1397,0,0,0,0.0,0.0,10.667998535672528,10.448116305409464,False,True
23292,8787034291381337414,879,9355,7850,6474,2000,1211,1172,5.30598635029893,5.303364615260303,13.191521938128146,12.660441650209172,True,False
23293,88179000000000000,9,2939,2070,1967,2000,882,871,4.788813626780005,4.782335025877835,11.521109643651332,10.94178124227853,True,False
23294,17955000000000000,2,2568,1097,1062,2000,998,968,6.49315994249285,6.457815589172991,11.326429487122303,10.052568050804153,True,False
23295,3154016863240014,0,603,0,0,0,0,0,0.0,0.0,9.236014191900084,0,False,True
23296,153334464428944210,15,2839,2108,1901,2000,711,687,4.525154323974018,4.510347644887971,11.471167133724391,10.892542816648552,True,False
23297,16989991044449137,2,447,253,248,2000,225,221,6.448491464962949,6.430477954830349,8.804131021183318,7.954196310386875,True,False
23298,43090020214275121860,4309,5951,5779,4789,2000,550,546,6.268343841435849,6.249213504682438,12.538916402464112,12.225508720236002,True,False
23299,60667264553798707303,6067,6128,5947,4924,2000,580,578,6.597403858425986,6.597311392118398,12.581200581924957,12.265615046484458,True,False
23300,18576448782960533006,1858,5639,5438,4497,2000,596,594,5.029206714996105,5.028856594025125,12.461223627613371,12.134747168669016,True,False
23301,112272461575518355857,11227,6603,6381,5298,0,0,0,0.0,0.0,12.688905930612714,12.371232128369622,False,True
23302,31471707124559177840,3147,6602,6311,5201,2000,721,717,4.595189191113088,4.594332048255945,12.688687423222536,12.3445733225962,True,False
23303,10353234353838396553,1035,7800,6869,5770,2000,954,942,5.447426672201004,5.446192870586647,12.929258408636972,12.494355603532846,True,False
23304,2744276858305771,0,1213,0,0,0,0,0,0.0,0.0,10.24436383512051,0,False,True
23305,2584128089816700000,258,3201,3134,2513,2000,189,188,4.442191420076162,4.441100064521615,11.644306961545581,11.295194955880655,True,False
23306,13637078878680716849,1364,8193,7008,5660,2000,1093,1051,5.2742661248233915,5.269317443546357,13.000176099486442,12.466586337719244,True,False
23307,8020050125313283,1,184,53,53,53,53,53,5.727920454563199,5.727920454563199,7.523561956057013,5.727920454563199,False,False
23308,3924953809489593,0,1266,0,0,0,0,0,0.0,0.0,10.306061689428342,0,False,True
23309,3332283453995372,0,620,0,0,0,0,0,0.0,0.0,9.276124405274238,0,False,True
23310,5873295112125000000,587,8549,7137,5934,2000,1068,1037,4.46096045829003,4.453825235245812,13.061539958530144,12.534789211480266,True,False
23311,7044330037500000000,704,8671,7258,6018,2000,1073,1042,4.836173840893775,4.832271943428817,13.081982669325678,12.555068391333338,True,False
23312,2493750000000000000,249,8337,6793,5696,2000,1224,1185,5.007850155173041,5.004501962794063,13.025312619921719,12.475733430966399,True,False
23313,997500000000000000,100,7078,5486,4690,2000,1216,1171,4.533570155843576,4.524908903952832,12.789126046425231,12.19537220740274,True,False
23314,4987500000000000000,499,8866,7264,6001,2000,1231,1186,5.2779774285549195,5.273974447459086,13.114067647165264,12.55098721452152,True,False
23315,8623012599600000000,862,8048,6846,5551,2000,1101,1059,5.044230825071392,5.037948397575086,12.974414589805527,12.438531977761583,True,False
23316,3042375000000000000,304,7305,6118,5040,2000,1081,1040,4.607734880137873,4.600023633956677,12.834668557690861,12.29920801838728,True,False
23317,4987500000000000000,499,7470,6323,5173,2000,1058,1017,4.593324640841738,4.5865566426968005,12.8668925276766,12.336785476203755,True,False
23318,4987500000000000000,499,7344,6217,5091,2000,1041,1001,4.592172532088488,4.585431414798093,12.842350343413807,12.313733350263819,True,False
23319,5112187500000000000,511,6085,5169,4240,2000,856,821,4.634002599362219,4.623624316760695,12.57104154760109,12.049848549450562,True,False
23320,11930100000000000000,1193,6285,5413,4395,2000,852,818,5.242032350633744,5.237085223892928,12.61769702930787,12.101647450030766,True,False
23321,10014900000000000000,1001,6203,5331,4341,2000,853,819,5.315107198515992,5.310295831284094,12.598750409571753,12.083811707252881,True,False
23322,442833972813767195,44,4162,3251,2839,2000,847,813,4.48063295660417,4.466157383906156,12.023061249735335,11.471167133724391,True,False
23323,5078508954247133265,508,3820,3752,3017,2000,193,192,4.499837724884605,4.498822453511028,11.899356922923111,11.558898981146703,True,False
23324,81948366185328218,8,820,752,695,2000,183,182,5.195439837474474,5.19143182144241,9.679480099505446,9.44086916761087,True,False
23325,64513105324212952,6,1319,934,872,2000,412,402,4.736370316380089,4.722750248287237,10.365228849251544,9.768184324776927,True,False
23326,13760872663023909855,1376,3535,3084,2515,2000,478,465,5.274610701152322,5.269495068183597,11.787494499696761,11.29634268469289,True,False
23327,7976010000000000000,798,4168,4127,3308,2000,212,212,4.583223856996333,4.583223856996332,12.025139562278508,11.691743519171276,True,False
23328,48877500000000000,5,3615,2130,1974,2000,1181,1140,5.291761993394066,5.262462172324706,11.81977993183848,10.946906274456397,True,False
23329,787353750930024096,79,555,550,532,2000,61,61,4.24948288893398,4.249482888933981,9.116343961237469,9.055282435501189,True,False
23330,4768050000000000000,477,1392,1388,1248,2000,77,75,4.851599396965287,4.845874778280061,10.442943495848729,10.285402218862249,True,False
23331,646269533442111166,65,575,571,547,2000,63,60,4.2370917620605795,4.196674232942986,9.167418145831737,9.095397022792557,True,False
23332,1807759278828174313,181,1193,1185,1036,2000,84,83,4.349240850104075,4.348502857061665,10.220378327695228,10.016808287686555,True,False
23333,2493750000000000000,249,1327,1314,1123,2000,75,74,4.311482083748516,4.310176408636084,10.373952655370193,10.133142212400601,True,False
23334,349125000000000000,35,501,489,463,2000,70,69,4.261783530981594,4.259571626142529,8.968666793195208,8.854868383260236,True,False
23335,498750000000000000,50,582,570,533,2000,77,76,4.470773619181206,4.469455731638053,9.184875342908283,9.057991722759176,True,False
23336,1002851741905814480,100,372,370,353,2000,52,52,4.347015540508039,4.347015540508037,8.539158811108031,8.46352437327118,True,False
23337,60993589796933682,6,2656,1785,1653,2000,826,794,4.785075441871573,4.764902380087314,11.375039431346925,10.690871009292314,True,False
23338,15412284270539930228,1541,3156,3131,2571,2000,136,135,4.547466852775103,4.547196914209372,11.623881490013458,11.328113894833656,True,False
23339,7154675620513523,1,360,105,105,105,105,105,6.714245517666122,6.714245517666122,8.491853096329674,6.714245517666122,False,False
23340,6537862512294954200,654,8498,7002,5806,2000,981,950,5.276954393279743,5.2717560404432104,13.052907628313287,12.503328856626661,True,False
23341,488775000000000000,49,3291,2621,2285,2000,655,635,4.385455485858664,4.374223471820097,11.68431031112435,11.157978449945432,True,False
23342,11917134757065050099,1192,9701,8159,6700,2000,1215,1175,4.742194604406942,4.737606821845197,13.243917755743324,12.709945380232497,True,False
23343,35621350591979062,4,207,182,180,2000,127,126,4.573949521779546,4.573008525471082,7.693486957499325,7.491853096329675,True,False
23344,10547954338287852347,1055,6868,6059,5066,2000,841,830,4.84577203959599,4.842374441906461,12.745674324002135,12.306631361712501,True,False
23345,319200000000000000,32,4197,3205,2826,2000,911,874,4.833273458207419,4.8104003962284345,12.03514274788591,11.46454575033394,True,False
23346,105666293284558204,11,3303,2351,2144,2000,889,854,5.304762773619004,5.276930574084527,11.689561254285525,11.066089190457772,True,False
23347,11830797522915860,1,1516,693,667,693,693,667,9.436711542137214,9.352491444046882,10.566054038171092,9.381542951184585,False,False
23348,3238665330012906,0,683,0,0,0,0,0,0.0,0.0,9.41574176829009,0,False,True
23349,12175485000000000000,1218,9603,8103,6663,2000,1194,1153,4.921549689750067,4.917242436854476,13.229269462266737,12.701956178268137,True,False
23350,9011814000000000000,901,9357,7845,6477,2000,1203,1162,5.166529154059887,5.163508738222638,13.191830338095308,12.66111002874366,True,False
23351,18453750000000000000,1845,9152,7678,6325,2000,983,955,4.882277962045758,4.877493678828561,13.159871336778389,12.626849764469036,True,False
23352,15960000000000000000,1596,9079,7592,6248,2000,982,953,5.312783315072888,5.308612502008899,13.148317686309303,12.60917873814198,True,False
23353,15960000000000000000,1596,9251,7807,6437,2000,1081,1051,5.084293632868105,5.081452737825352,13.175393608892442,12.65217275350971,True,False
23354,7980000000000000000,798,6087,5220,4257,2000,839,806,4.788618320221729,4.783285823012162,12.571515650477815,12.055621374781708,True,False
23355,2493750000000000000,249,4709,3971,3318,2000,725,697,4.503676512868422,4.491083947001951,12.201205007299528,11.696098170955864,True,False
23356,63840000000000000000,6384,5675,4947,3988,2000,744,718,5.681917481821618,5.6783485591863325,12.47040467706564,11.961449694398196,True,False
23357,1196751069796241389,120,7607,5973,5045,2000,1222,1176,4.43595544353314,4.427274298086,12.893111889711307,12.30063855399372,True,False
23358,540000000000000000,54,4458,3620,3190,2000,853,843,4.552252935742997,4.547194486471607,12.122180901259753,11.639340708652231,True,False
23359,410227277559750000,41,4057,3242,2894,2000,832,822,4.407473017024397,4.404489155583033,11.986197587206274,11.498849206531725,True,False
23360,8839402287555000000,884,2055,2043,1698,2000,84,83,4.568565056587971,4.567895700161626,11.004922678569045,10.729620743553038,True,False
23361,46175034052079048990,4618,10115,8500,6871,2000,1246,1201,5.629145196456835,5.626804880153052,13.304208699445645,12.746304367701304,True,False
23362,44870083356115212353,4487,3499,3478,2862,2000,125,124,4.685628827683005,4.68540581540037,11.77272694923985,11.482807956726667,True,False
23363,815127284346233249,82,2977,2801,2424,2000,518,516,4.589437917031399,4.588866488459971,11.539643506238036,11.243173983472952,True,False
23364,997500000000000000,100,871,859,754,2000,73,72,4.26060007482019,4.2514751014439565,9.766528908598865,9.558420713268664,True,False
23365,98985812677776712,10,3954,2536,2321,2000,1065,1034,4.421523086903109,4.408510324444784,11.949097155729207,11.180530807344482,True,False
23366,59739172757817635798,5974,10013,8516,6861,2000,1288,1244,6.193875377437043,6.191569907121433,13.289586665080801,12.74420315113283,True,False
23367,6428009491342820853,643,4180,4098,3367,2000,327,327,4.869953123507008,4.869953123507009,12.029287226968245,11.717248005827646,True,False
23368,3652970000000000,0,213,0,0,0,0,0,0.0,0.0,7.734709620225838,0,False,True
23369,2272052814022443,0,946,0,0,0,0,0,0.0,0.0,9.885696373339394,0,False,True
23370,2992500000000000,0,1233,0,0,0,0,0,0.0,0.0,10.26795708440284,0,False,True
23371,20487829259733118959,2049,9807,8262,6693,2000,1249,1206,5.4151785241905515,5.411557540905447,13.259596162488423,12.708437298965297,True,False
23372,15274348529674357,2,2872,1283,1234,2000,1212,1170,6.569446389586898,6.529172993604447,11.487840033823051,10.269126679149418,True,False
23373,5477371714274813146,548,3897,3837,3118,2000,262,262,4.867461895179214,4.867461895179212,11.928148216169037,11.606405212697785,True,False
23374,3500347051491161796,350,4140,3987,3334,2000,462,460,4.549091183238463,4.548363447084202,12.015415052386688,11.703038388986418,True,False
23375,1757388921571989,0,861,0,0,0,0,0,0.0,0.0,9.749869427396844,0,False,True
23376,10808797282500000000,1081,4610,4556,3655,2000,232,230,5.563705798485393,5.562207609387965,12.1705510353167,11.8356556908398,True,False
23377,2555422039350409570,256,7681,6173,5195,2000,976,947,4.760188985855645,4.754919507582498,12.907078434296485,12.342908033791574,True,False
23378,175973063253750000,18,408,397,377,2000,80,79,4.283582339093756,4.28280695341622,8.672425341971495,8.558420713268664,True,False
23379,237131526917194882,24,3589,2717,2422,2000,833,801,4.556180638803109,4.5419254785010095,11.809366207816078,11.24198314969433,True,False
23380,15880488161671951,2,1756,894,854,2000,817,785,6.567812878239304,6.526705190626782,10.778077129535358,9.73809225962049,True,False
23381,81774473857541341,8,2695,1850,1696,2000,799,768,4.548627570791565,4.533552663532463,11.396069557639867,10.727920454563199,True,False
23382,47241039304180755,5,2304,1481,1377,2000,779,751,5.045016782822561,5.0231825326243795,11.169925001442312,10.427312844134963,True,False
23383,99130833380148366,10,2672,1869,1711,2000,761,734,5.3774406033475035,5.353319779380094,11.383704292474052,10.740624044489413,True,False
23384,47868803873403242,5,2072,1347,1252,2000,705,681,4.993717446506505,4.973275125299031,11.016808287686555,10.290018846932618,True,False
23385,124840763297131663,12,2552,1864,1688,2000,664,643,5.191139905782156,5.170320629636398,11.31741261376487,10.721099188707186,True,False
23386,38235052367421812,4,1783,1135,1063,2000,641,622,5.275167099528634,5.253430671698025,10.800090987624994,10.053925881531105,True,False
23387,46168158680071709,5,1806,1185,1102,2000,615,597,4.984137786821702,4.965980914589833,10.818582177480858,10.105908508571158,True,False
23388,381948198861850276,38,2344,1859,1629,2000,492,477,4.537674970268766,4.526305649400747,11.194756854422248,10.669770888525518,True,False
23389,149446548865387811,15,1754,1315,1186,2000,447,436,4.526822554490887,4.515591392044669,10.776433032444734,10.211888294546004,True,False
23390,101049233396648927,10,1535,1144,1043,2000,424,413,5.054556897078512,5.038578320996726,10.584022940257542,10.026523442519766,True,False
23391,77460652751171886,8,1304,937,867,2000,405,396,4.471805479847294,4.463181072775281,10.348728154231077,9.759888183221834,True,False
23392,71017636272466246,7,1188,857,796,2000,383,376,4.523856326949712,4.516159815112352,10.214319120800766,9.63662462054365,True,False
23393,86519406382470599,9,991,733,674,2000,320,314,4.612829347742956,4.605398512122623,9.952741247186488,9.396604781181859,True,False
23394,90982902463155354,9,942,693,639,2000,299,294,4.586659829783534,4.580199285251924,9.879583249612784,9.319672120946995,True,False
23395,58420470285666984,6,460,321,309,2000,155,152,4.6863840649320085,4.675115753926625,8.845490050944376,8.271463027904375,True,False
23396,146875069163326930,15,340,267,257,2000,101,101,4.3942857701380715,4.394285770138072,8.409390936137703,8.005624549193879,True,False
23397,90016749826955336,9,189,148,145,2000,83,83,4.3678560244906715,4.367856024490673,7.562242424221073,7.1799090900149345,True,False
23398,35511862169426839698,3551,5687,5538,4553,2000,468,466,4.918252305471159,4.9177817835975315,12.473452088952232,12.152601744019199,True,False
23399,25336500000000000000,2534,5071,5024,4031,2000,206,206,4.590308927160246,4.590308927160247,12.308054559066635,11.97692206785108,True,False
23400,33795300000000000000,3380,5189,5144,4120,2000,210,210,4.994784639760442,4.994784639760442,12.341240820538749,12.00842862207058,True,False
23401,725391773145900000,73,571,567,544,2000,64,63,4.268375223516141,4.266258564489733,9.157346935362844,9.087462841250339,True,False
23402,19950000000000000,2,291,224,222,2000,178,177,6.408161562968903,6.402157059591369,8.184875342908283,7.794415866350106,True,False
23403,24529075439321442601,2453,4987,4920,3942,2000,198,196,4.67606602464844,4.674948849988419,12.283956487665113,11.944712061043486,True,False
23404,1451893265946520091,145,3103,3009,2547,2000,360,358,4.777593120632201,4.775943060496115,11.59944798152872,11.314583244274194,True,False
23405,37755375000000000000,3776,5222,5177,4151,2000,217,216,5.2783900660094165,5.278183293390193,12.350386742312843,12.019243216603607,True,False
23406,95760000000000000,10,4407,2821,2594,2000,1209,1168,4.4634210121745355,4.452405084349406,12.105581181277437,11.3409627642517,True,False
23407,10682246468510731544,1068,7272,6221,5046,2000,1004,963,5.379624378511533,5.375096528747655,12.828136484194108,12.3009244909763,True,False
23408,2005012531328320,0,319,0,0,0,0,0,0.0,0.0,8.31741261376487,0,False,True
23409,10025062656641604,1,764,350,345,350,350,345,8.451211111832329,8.420482861826148,9.57742882803575,8.430452551665532,False,False
23410,1832663378185153252,183,2887,2826,2327,2000,207,206,4.829163656118757,4.828569976112281,11.495355392235982,11.184255495405349,True,False
23411,21428544544316297425,2143,4912,4844,3873,2000,193,192,4.4498193342238475,4.4487191737837835,12.262094845370179,11.919235786028347,True,False
23412,22253619223147287566,2225,4941,4874,3917,2000,202,200,4.817343728534461,4.816606323672856,12.270587340447511,11.935533412950747,True,False
23413,299077936849417461506,29908,2435,2428,2008,0,0,0,0.0,0.0,11.249706056969705,10.971543553950772,False,True
23414,3594497263205926,0,919,0,0,0,0,0,0.0,0.0,9.843921051289035,0,False,True
23415,5885250000000000000,589,3889,3825,3079,2000,203,202,4.55990754319127,4.559029650134605,11.925183519434208,11.588246152044817,True,False
23416,7255673698434936940,726,3734,3670,2939,2000,187,185,4.771682879512105,4.770812177514534,11.866506212226202,11.521109643651332,True,False
23417,6647065697435533354,665,8646,7063,5857,2000,998,969,4.64285181952818,4.638165790483766,13.077817120895904,12.515946179109518,True,False
23418,1630354731623805312,163,7818,6298,5295,2000,1235,1196,4.408788223641657,4.4006582960623435,12.93258386928929,12.370414968879698,True,False
23419,3801107501378203694,380,3746,3666,3028,2000,313,313,4.911160326752133,4.911160326752132,11.871135184243045,11.564149489985732,True,False
23420,2663709099905497296,266,3546,3464,2894,2000,327,327,4.732621520963816,4.732621520963816,11.79197682089869,11.498849206531725,True,False
23421,1019531268719936969,102,2649,2593,2143,2000,236,236,4.86640384393909,4.866403843939091,11.371232128369622,11.065416134676548,True,False
23422,1441387500000000000,144,7677,6148,5174,2000,1234,1193,4.649894486160856,4.644741040863054,12.906326932760603,12.33706433868474,True,False
23423,1121910584902151067,112,2613,2554,2110,2000,199,198,4.353965614577087,4.352590012751289,11.35149140932002,11.043027283594547,True,False
23424,251895903821220402,25,5547,4004,3548,2000,1204,1164,4.462855870667729,4.4523188160628,12.437492010125352,11.792790294301064,True,False
23425,920250540881213142,92,1036,1021,877,2000,96,95,4.264925802491822,4.264046386602341,10.016808287686555,9.776433032444734,True,False
23426,9841954327954945,1,1312,402,392,402,402,392,8.651051691178928,8.594447493412353,10.357552004618084,8.614709844115207,False,False
23427,468825000000000000,47,1864,1815,1531,2000,193,193,4.523103878362568,4.523103878362567,10.86418614465428,10.580258567499788,True,False
23428,13732600704027419566,1373,4788,4694,3852,2000,378,376,5.535584391377794,5.534781782857851,12.225207436943501,11.911391987843459,True,False
23429,3884711779448621,0,17,0,0,0,0,0,0.0,0.0,4.087462841250339,0,False,True
23430,281942480390432,0,134,0,0,0,0,0,0.0,0.0,7.066089190457772,0,False,True
23431,13380506919343382,1,228,169,168,169,169,168,7.4008794362821835,7.389045116755557,7.832890014164741,7.392317422778761,False,False
23432,210921902778830864,21,495,488,467,2000,90,89,4.271045977307908,4.27011250867649,8.951284714966972,8.867278739709661,True,False
23433,19950000000000000000,1995,4821,4753,3798,2000,191,188,4.541439687147105,4.540240712935488,12.23511671439625,11.891024190149498,True,False
23434,187175482661607663,19,1288,1231,1114,2000,243,243,4.408107138832615,4.408107138832614,10.330916878114618,10.121533517340032,True,False
23435,144930778685700000,14,308,303,293,2000,66,65,4.330961632632454,4.328371760499325,8.266786540694902,8.194756854422248,True,False
23436,221609122245097373,22,5466,3917,3487,2000,1227,1186,4.552315187880422,4.536922382801828,12.416269744523207,11.767770648776704,True,False
23437,9575857567612790,1,297,103,103,103,103,103,6.686500527183221,6.686500527183221,8.214319120800766,6.6865005271832185,False,False
23438,91556244246819684,9,3281,2245,2058,2000,971,931,5.030393286521027,5.00766167105688,11.67991987851842,11.007027266893969,True,False
23439,8770388682809516,1,124,56,56,56,56,56,5.807354922057605,5.807354922057605,6.954196310386875,5.807354922057604,False,False
23440,35985424064258105,4,3184,1641,1550,2000,964,935,5.948435571054901,5.920036488784702,11.63662462054365,10.5980525001616,True,False
23441,929057636486679458,93,2602,2144,1855,2000,466,454,4.447272062740662,4.439678833662649,11.345405246717796,10.857203471508166,True,False
23442,4987500000000000,0,1182,0,0,0,0,0,0.0,0.0,10.207014320177532,0,False,True
23443,10025062656641604,1,327,246,246,246,246,246,7.942514505339242,7.942514505339242,8.353146825498083,7.94251450533924,False,False
23444,1326370122353223975,133,2842,2770,2313,2000,277,277,4.54073008129884,4.540730081298839,11.47269083924278,11.175549550636191,True,False
23445,10534423853197450537,1053,4616,4558,3652,2000,213,211,5.198087473804164,5.196528922316855,12.172427508645482,11.834471049984222,True,False
23446,199500000000000000,20,1606,1240,1120,2000,404,395,4.471194637728888,4.462573948073715,10.649256177517314,10.129283016944967,True,False
23447,130905347395186866522,13091,1138,1135,979,0,0,0,0.0,0.0,10.152284842306582,9.935165049603695,False,True
23448,12554232505683081425,1255,9727,8189,6712,2000,1211,1169,4.833516748065808,4.827538549996083,13.247779202465209,12.712527000439824,True,False
23449,15861206536181213,2,583,331,325,2000,303,298,6.473164314252478,6.455919577664908,9.187352073200497,8.344295907915816,True,False
23450,279798750000000000000,27980,2928,2917,2416,0,0,0,0.0,0.0,11.515699838284043,11.238404739325079,False,True
23451,596552080059161745,60,735,728,672,2000,88,87,4.2725815515269705,4.271505092342269,9.521600439723727,9.39231742277876,True,False
23452,3195816791120812,0,1329,0,0,0,0,0,0.0,0.0,10.376125389276174,0,False,True
23453,4981426345775198453,498,8228,6708,5596,2000,987,957,5.046873588674519,5.002416466876021,13.006326078524934,12.450180247164754,True,False
23454,777616341732910557,78,2684,2565,2204,2000,421,419,4.473429864611111,4.471703345274095,11.390168956200183,11.105908508571158,True,False
23455,1922631847300466915,192,7413,5952,5038,2000,1018,988,4.41379036864425,4.395290497969995,12.85584179604994,12.298635406734242,True,False
23456,4304406852900000,0,6,0,0,0,0,0,0.0,0.0,2.584962500721156,0,False,True
23457,6839611268400515,1,1897,266,264,266,266,264,8.055282435501187,8.040244841516225,10.889503963411476,8.044394119358454,False,False
23458,135316076957525067822,13532,10171,8668,6996,0,0,0,0.0,0.0,13.312173909690445,12.772314573921653,False,True
23459,14877836345045827,1,2437,967,937,967,967,937,9.917372079476845,9.844289313744621,11.250890535723341,9.871905237659186,False,False
23460,140141699238745179,14,4438,2951,2686,2000,961,932,4.999241988656753,4.970467680788997,12.115693952197011,11.391243589427443,True,False
23461,562821756212504136,56,2918,2714,2385,2000,600,598,4.645447162910781,4.644980402892111,11.510764167917891,11.219773550892874,True,False
23462,6015037593984962,1,980,184,181,184,184,181,7.523561956057014,7.480083695187448,9.936637939002571,7.499845887083206,False,False
23463,51670500000000000000,5167,5310,5243,4223,2000,199,198,4.862710557832721,4.862086092032984,12.374496145691516,12.044052531801302,True,False
23464,76572660839193212804,7657,4433,3911,3172,2000,600,581,6.230397965709337,6.22782820443547,12.114067647165264,11.63117705570398,True,False
23465,8646693927895003,1,98,49,49,49,49,49,5.614709844115208,5.614709844115208,6.614709844115208,5.614709844115208,False,False
23466,2840970803175553856,284,8402,6799,5658,2000,1226,1182,4.696174972924436,4.6908732629493555,13.036517070486518,12.466076461396252,True,False
23467,68249681832282986,7,2611,1810,1743,2000,826,817,5.759495318682884,5.752270984045612,11.350386742312843,10.767356854125685,True,False
23468,9088447740883752,1,812,248,246,248,248,246,7.954196310386872,7.938067278128808,9.665335917185176,7.94251450533924,False,False
23469,3676744004828399,0,1093,0,0,0,0,0,0.0,0.0,10.094077685671905,0,False,True
23470,17007834306636030753,1701,5513,5325,4402,2000,577,575,5.762875299133419,5.762700363094408,12.428621886091111,12.103943429891558,True,False
23471,199500000000000000,20,168,165,163,2000,47,47,4.274770412691843,4.274770412691842,7.392317422778761,7.348728154231077,True,False
23472,49712819329343001,5,3384,2144,1976,2000,1125,1084,5.151949683471588,5.127738036901278,11.72451385311995,10.948367231584678,True,False
23473,262641750000000000,26,4916,3695,3270,2000,1100,1059,4.38575876433022,4.373720220823468,12.263269200372662,11.675074920385445,True,False
23474,459515317902043323,46,1848,1792,1518,2000,199,198,4.354502176370987,4.35293018637456,10.851749041416058,10.567956075415466,True,False
23475,41294856813885851548,4129,5441,5344,4375,2000,373,372,4.59195208413387,4.591523497398629,12.409656113059851,12.095067301607054,True,False
23476,2989347264233400000,299,7778,6276,5271,2000,982,952,5.127186788034308,5.124252180365566,12.925183519434208,12.363860976729532,True,False
23477,13000000000000000,1,1999,920,882,920,920,882,9.845490050944374,9.755963390100245,10.965062756744627,9.784634845557521,False,False
23478,3500000000000000,0,1294,0,0,0,0,0,0.0,0.0,10.337621901992508,0,False,True
23479,20050125313283208,2,2772,1242,1193,2000,966,938,6.542449160438567,6.507616417614138,11.436711542137214,10.220378327695228,True,False
23480,40808618241151466,4,3607,2072,1932,2000,1196,1156,5.293933709253323,5.2653307077801506,11.81658370778757,10.915879378835774,True,False
23481,257615158728163233613,25762,5577,5510,4480,0,0,0,0.0,0.0,12.445273555640638,12.129283016944967,False,True
23482,964327415806147743,96,4298,3500,3023,2000,766,738,4.528226911674508,4.520127087153083,12.069449767427784,11.561765263627708,True,False
23483,9127125000000000000,913,4268,4205,3412,2000,274,274,4.774803186834137,4.774803186834138,12.059344460824425,11.73640193131829,True,False
23484,9312407988144858222,931,5349,5130,4266,2000,636,633,5.162511013594394,5.161528287635575,12.38505348834615,12.058668250340572,True,False
23485,73252756323527317338,7325,10033,8527,6870,2000,1269,1225,5.5414298334905565,5.538767743017522,13.29246543494927,12.746094383705463,True,False
23486,298193686722117673568,29819,10566,9080,7421,0,0,0,0.0,0.0,13.367141694552364,12.85739789170129,False,True
23487,2334150000000000000,233,1693,1677,1406,2000,100,99,4.245486317732801,4.2444886397293695,10.725366257895642,10.457380879072534,True,False
23488,997500000000000,0,458,0,0,0,0,0,0.0,0.0,8.839203788096944,0,False,True
23489,6284250000000000000,628,1972,1966,1658,2000,89,88,4.4240376494897395,4.423186962053583,10.945443836377912,10.69522829149575,True,False
23490,1975050000000000000,198,7927,6438,5380,2000,1264,1218,4.966719327852007,4.962149127856172,12.952559261056837,12.393390457443987,True,False
23491,26674659344163362737,2667,8656,7439,5985,2000,1130,1087,5.814924314689851,5.811783051147794,13.079484783826816,12.547135531830865,True,False
23492,2966673247630228,0,1211,0,0,0,0,0,0.0,0.0,10.24198314969433,0,False,True
23493,253939471479390014,25,4500,3334,3018,2000,989,971,4.397654790883178,4.390595099066205,12.1357092861044,11.559377090526683,True,False
23494,3981798928284450000,398,1748,1740,1482,2000,96,95,4.480728179461512,4.480153095534545,10.7714894695006,10.533329732305834,True,False
23495,6968839916643383769,697,2010,2002,1709,2000,94,93,4.4262907109342375,4.4256719399057145,10.972979786066292,10.73893668167614,True,False
23496,143820458502855121964,14382,7903,7076,5909,0,0,0,0.0,0.0,12.948184692830605,12.528698283574188,False,True
23497,49379301320580000,5,1760,1162,1081,2000,595,578,4.976292391440438,4.958994590012489,10.78135971352466,10.07815080773465,True,False
23498,886880880013394451,89,6782,5433,4644,2000,1215,1172,4.407270919747064,4.397978787471166,12.72749506902543,12.181152256865566,True,False
23499,2062107849418990264,206,7740,6438,5346,2000,1181,1136,4.433021961810402,4.419570879738105,12.918117851031772,12.384244122243079,True,False
23500,6523132489419343,1,929,193,190,193,193,190,7.592457037268081,7.551006260066007,9.859534786382653,7.569855608330948,False,False
23501,9586407416250000,1,576,188,188,188,188,188,7.554588851677638,7.554588851677638,9.169925001442312,7.554588851677638,False,False
23502,989382302051472261,99,2402,2346,1917,2000,200,199,4.488458598739508,4.487541664633728,11.230020435705635,10.904634621668151,True,False
23503,18278516877478000408,1828,324,322,292,2000,45,45,4.646841575206595,4.646841575206596,8.339850002884624,8.189824558880018,True,False
23504,142601220631472572427,14260,5549,5491,4467,0,0,0,0.0,0.0,12.438012087651131,12.125090539303256,False,True
23505,51803969997001758982,5180,8844,7784,6513,2000,986,972,4.963061581079764,4.9607938154245765,13.110483309816226,12.6691065113363,True,False
23506,8152816800442687119,815,3953,3886,3103,2000,190,188,4.601070197779999,4.599921127703646,11.948732239819615,11.59944798152872,True,False
23507,2073065033231410906,207,138,136,128,2000,49,49,4.8075441497603535,4.807544149760354,7.108524456778169,7.0,True,False
23508,37026712888045832556,3703,9255,7992,6598,2000,1016,992,5.237995164681804,5.234938531253334,13.176017274757937,12.687813062564931,True,False
23509,981799725064673211,98,4931,4102,3565,2000,844,834,4.472416284516006,4.46997494333671,12.267664537501119,11.79968636133125,True,False
23510,364157614114650924,36,5981,4511,3951,2000,1246,1202,4.501140532534976,4.489354102585535,12.54617100226735,11.94800213097767,True,False
23511,4957909182649925785,496,8840,7245,5985,2000,1223,1181,4.791257636687055,4.786275906255972,13.109830654278793,12.547135531830865,True,False
23512,4987500000000000,0,1548,0,0,0,0,0,0.0,0.0,10.59618975614441,0,False,True
23513,4987500000000000,0,1290,0,0,0,0,0,0.0,0.0,10.333155350310616,0,False,True
23514,1494355508762628354,149,2862,2808,2306,2000,206,205,4.445889052221621,4.444979795993215,11.482807956726667,11.171176797651771,True,False
23515,1140976504613828449,114,2735,2673,2219,2000,264,264,4.494853351777378,4.494853351777378,11.417325117679919,11.115693952197011,True,False
23516,1026826500000000000,103,5327,4346,3673,2000,916,878,4.62079048135969,4.609116482160355,12.37910756556115,11.842743180731658,True,False
23517,196296963578435571060,19630,5695,5621,4556,0,0,0,0.0,0.0,12.475480126595475,12.153552031708111,False,True
23518,32254960500000000,3,3089,1531,1451,2000,948,919,5.925603778406941,5.896850550811519,11.592924155627637,10.502831804066744,True,False
23519,9839199152171571,1,1652,472,468,472,472,468,8.882643049361839,8.865693896819467,10.689997971419446,8.870364719583405,False,False
23520,44692961953846463,4,3596,2238,2073,2000,1213,1169,4.785761374691587,4.764593493130034,11.812177305514448,11.017504401109415,True,False
23521,12455316290079565685,1246,4552,4487,3621,2000,211,210,4.994890262463656,4.994411855992123,12.152284842306582,11.822172461476178,True,False
23522,997500000000000000,100,7140,5626,4802,2000,1244,1204,4.922161754065577,4.918013902338837,12.801708358916462,12.229419688230417,True,False
23523,438862082330349882,44,4199,3277,2861,2000,856,821,4.4817514539434296,4.467144008173798,12.035830072835017,11.482303782323182,True,False
23524,54551951225180672901,5455,5355,5313,4250,2000,245,245,5.860756391738781,5.860756391738782,12.386670859637618,12.053247125912426,True,False
23525,33378440422968185055,3338,5087,5027,4046,2000,264,264,5.374320588329962,5.374320588329963,12.312599378862629,11.982280604558284,True,False
23526,123427786594224192,12,1254,1174,1098,2000,314,314,4.509302437929199,4.509302437929199,10.29232163280204,10.100662339005199,True,False
23527,238744000946042972,24,5540,4027,3582,2000,1231,1192,4.596677438080565,4.582978022047383,12.43567026093655,11.806549621985962,True,False
23528,329175000000000000,33,3955,3118,2801,2000,859,849,4.889839347894983,4.886009302529371,11.949461979360153,11.451726268074506,True,False
23529,25698115325112279,3,1819,1083,1027,2000,714,688,6.235508217541987,6.200875795471003,10.828929827651486,10.004220466318195,True,False
23530,2880960864825564,0,786,0,0,0,0,0,0.0,0.0,9.618385502258606,0,False,True
23531,997500000000000000,100,3145,2616,2246,2000,557,538,4.504187595174271,4.491663048857015,11.618844301766652,11.133142212400601,True,False
23532,48326581244520241585,4833,4920,4856,3938,2000,204,201,5.531445706150614,5.529593714780146,12.264442600226602,11.943247395901553,True,False
23533,8057961956758501,1,2032,445,436,445,445,436,8.79766152585376,8.752717705629042,10.988684686772165,8.768184324776927,False,False
23534,704637515634897868464,70464,7952,7132,5941,0,0,0,0.0,0.0,12.957102041562287,12.536490073199161,False,True
23535,3191091498945290568,319,7573,6340,5334,2000,1002,982,4.828502050258749,4.826185231837242,12.886649213371976,12.381002109550925,True,False
23536,1951611048227085448,195,2733,2669,2159,2000,177,175,4.348884930970866,4.34693400528936,11.416269744523207,11.076147528022505,True,False
23537,11263464813930553949,1126,4571,4520,3622,2000,210,207,5.156299823529258,5.1556348788958335,12.158294103604035,11.822570830950168,True,False
23538,539647500000000000000,53965,6217,6089,4995,0,0,0,0.0,0.0,12.602002863537445,12.286268962679781,False,True
23539,294535062830581805673,29454,6269,5466,4425,0,0,0,0.0,0.0,12.61401961443572,12.111461739857722,False,True
23540,65587901747686006437,6559,5393,5335,4334,2000,229,227,5.531786556415428,5.5313693235386125,12.39687231851056,12.081483438093674,True,False
23541,7890407489439312553,789,7180,6316,5303,2000,892,882,4.923342761866156,4.9221864699871825,12.809768128710413,12.372593033140745,True,False
23542,99059609668691965,10,337,250,242,2000,109,109,4.681277729828135,4.681277729828135,8.396604781181859,7.918863237274595,True,False
23543,30904864929149821143,3090,8772,7677,6404,2000,976,961,4.831685833440255,4.828973640300678,13.098690096673593,12.644757592516257,True,False
23544,291899997088067691,29,1562,1493,1267,2000,192,191,4.3534658713372405,4.351750114974645,10.60917873814198,10.30720080914081,True,False
23545,10568863451390681015,1057,8963,7595,6265,2000,1087,1055,4.917396299270179,4.913995308760976,13.129765981310651,12.613098794209224,True,False
23546,13466250000000000000,1347,9765,8226,6745,2000,1221,1180,5.167015819556338,5.163682808195247,13.253404328774154,12.71960272783563,True,False
23547,9097200000000000000,910,9351,7719,6310,2000,1225,1180,4.603039485452551,4.596973468615696,13.190904940346524,12.623424289869911,True,False
23548,12940381866442875621,1294,7449,6382,5163,2000,1008,967,5.085297558994597,5.079761483083596,12.862831046897997,12.33399388276136,True,False
23549,10042941816795858808,1004,8867,7318,6038,2000,995,965,4.857089526011637,4.852304983202794,13.11423036019097,12.559855041513625,True,False
23550,7223193870397913696,722,4753,4596,3816,2000,469,467,4.696970001746063,4.696370233651642,12.214622686302336,11.897845456005511,True,False
23551,58245440885984573,6,1411,977,911,2000,444,433,4.755521532872979,4.741346436407268,10.462502272597265,9.831307243802051,True,False
23552,17486171730536535,2,1929,1001,987,2000,930,919,6.56377144367196,6.552557755428891,10.913637428049103,9.946906274456397,True,False
23553,704567676775034633,70,5384,4297,3680,2000,1010,969,4.521142006295903,4.508645259729499,12.394462694610317,11.845490050944376,True,False
23554,2829350033662890,0,1153,0,0,0,0,0,0.0,0.0,10.171176797651771,0,False,True
23555,52363416879980760,5,1396,957,895,2000,447,436,4.9090613790091675,4.894199971864914,10.447083226209653,9.805743872151618,True,False
23556,9969389923744696589,997,4326,4268,3442,2000,213,212,5.002745076834433,5.0022549572006865,12.078817949961978,11.749031382040204,True,False
23557,2802240811065215,0,515,0,0,0,0,0,0.0,0.0,9.00842862207058,0,False,True
23558,1085559388518134426,109,7464,5958,5071,2000,1203,1164,4.59332793150019,4.586840289370688,12.86573327085176,12.308054559066635,True,False
23559,13231671177654749743,1323,2617,2602,2174,2000,107,106,4.822004910772969,4.821657206906136,11.353698209048035,11.086136225027309,True,False
23560,7366517132828553835,737,3739,3675,2944,2000,183,181,4.625573084779084,4.624532864293839,11.868436755858168,11.523561956057012,True,False
23561,1013152307136765397,101,7167,5832,4901,2000,1203,1161,4.3972811417018685,4.385530052805232,12.80715363917749,12.258860431409756,True,False
23562,4927650000000000000,493,8764,7351,6022,2000,1238,1194,4.678257406504954,4.667630672471047,13.097373768990222,12.556026992724677,True,False
23563,9942676384844371428,994,4283,4215,3405,2000,193,191,4.5322810593934335,4.5309122714954375,12.064405961891042,11.733439082899434,True,False
23564,6988229755166706501,699,3990,3924,3151,2000,206,205,4.818484327690301,4.817905288894702,11.962173031109709,11.62159403901754,True,False
23565,99750000000000000,10,214,203,198,2000,68,67,4.245508505580064,4.242750179619013,7.741466986401147,7.6293566200796095,True,False
23566,2666666666666666666,267,828,722,652,2000,130,130,4.520151037735097,4.520151037735097,9.693486957499326,9.348728154231077,True,False
23567,6014405265950327153,601,534,483,435,2000,102,102,4.640019192540931,4.640019192540933,9.060695931687555,8.76487159073609,True,False
23568,4160401002506265663,416,371,336,315,2000,71,71,4.5140977901325545,4.514097790132556,8.535275376620802,8.29920801838728,True,False
23569,601503759398496240,60,231,198,188,2000,59,59,4.411768919564898,4.411768919564898,7.851749041416057,7.554588851677638,True,False
23570,4862155388471177944,486,224,196,189,2000,51,51,4.6615779063327105,4.661577906332711,7.807354922057604,7.562242424221073,True,False
23571,2072001308270376059,207,7512,6025,5081,2000,962,933,4.468516787919674,4.457226056736494,12.874981347653774,12.310896748797713,True,False
23572,13875225000000000000,1388,6924,6159,5081,2000,792,786,4.510454811556068,4.509169143279378,12.757390009366638,12.310896748797713,True,False
23573,30423750000000000,3,3125,1542,1462,2000,975,945,5.2749415128329495,5.248483880128983,11.609640474436812,10.513727595952437,True,False
23574,15826103495693670,2,2422,1054,1026,2000,1010,984,6.484513886376563,6.455199291135017,11.24198314969433,10.002815015607053,True,False
23575,62813607781816751455,6281,3884,3856,3157,2000,149,148,5.0037374851540335,5.003582777948809,11.923327485419192,11.624338545312986,True,False
23576,774060000000000000,77,435,431,416,2000,59,59,4.3772309648300896,4.377230964830091,8.76487159073609,8.700439718141093,True,False
23577,1715700000000000000,172,2924,2881,2357,2000,217,217,4.631198549202099,4.631198549202098,11.513727595952437,11.202736043250168,True,False
23578,968316855353400000,97,741,735,686,2000,65,64,4.258095031256813,4.2566658916691065,9.533329732305834,9.422064766172813,True,False
23579,4031811346569678206,403,4011,3910,3240,2000,396,394,5.243912711352647,5.242682901873515,11.96974625081451,11.661778097771988,True,False
23580,1995000000000000,0,407,0,0,0,0,0,0.0,0.0,8.668884984266247,0,False,True
23581,47844854465257743760,4784,5343,5300,4251,2000,230,230,5.533275754339967,5.533275754339969,12.383434301822776,12.053586543639176,True,False
23582,181746418966741884,18,2915,2177,1959,2000,719,692,4.695885681259029,4.681185301269363,11.509280168087859,10.935901682267588,True,False
23583,4540398780428442,0,1489,0,0,0,0,0,0.0,0.0,10.5401280385821,0,False,True
23584,30075187969924812,3,1146,738,701,2000,432,421,5.816918402996121,5.794877134002093,10.162391328756906,9.453270634010623,True,False
23585,2173677762196518,0,71,0,0,0,0,0,0.0,0.0,6.149747119504682,0,False,True
23586,4528623588254717277,453,3888,3807,3137,2000,304,304,4.635142768603226,4.635142768603226,11.92481250360578,11.615169813843602,True,False
23587,9748157209596074,1,930,294,290,294,294,290,8.199672344836365,8.169893815917444,9.861086905995395,8.179909090014934,False,False
23588,278847895696163225,28,5662,4075,3612,2000,1210,1169,4.406881111263649,4.398445085072984,12.467096033905747,11.818582177480858,True,False
23589,1795500000000000000,180,2908,2838,2288,2000,193,192,4.402486551749601,4.40128583131734,11.505811553919594,11.159871336778389,True,False
23590,34886360745690814,3,472,403,390,2000,188,187,5.1985941842550245,5.19458616822296,8.88264304936184,8.60733031374961,True,False
23591,85489003705656300,9,110,107,106,2000,54,54,4.168089698727634,4.168089698727633,6.78135971352466,6.727920454563199,True,False
23592,7985066762125909,1,674,182,181,182,182,181,7.507794640198698,7.496805629209687,9.396604781181859,7.499845887083206,False,False
23593,47269329202135167118,4727,6452,6215,5159,2000,670,666,5.445752179949436,5.444889587549549,12.655530723155643,12.332875731152674,True,False
23594,62933635333761036003,6293,6780,6504,5377,2000,739,734,5.863637534519824,5.863079375467295,12.727069558023706,12.392585756275468,True,False
23595,498750000000000000,50,3989,3152,2747,2000,791,760,4.444340012595976,4.431611366777954,11.961811408087163,11.423641195075856,True,False
23596,5758068750000000000,576,5417,4640,3815,2000,759,730,4.745954082520521,4.736685142391759,12.403278375471052,11.897467341721892,True,False
23597,2394000000000000000,239,3945,3348,2803,2000,601,582,4.5988111591523095,4.58902303762767,11.945809584900822,11.452756029032495,True,False
23598,211270500000000000,21,5419,3949,3508,2000,1246,1202,4.402094732911887,4.3846281620029455,12.40381093178603,11.776433032444734,True,False
23599,1983100815570741354,198,6899,5730,4868,2000,1006,987,5.044809093042898,5.041970587959408,12.752171545162444,12.249113452713729,True,False
23600,21656573465332847,2,213,130,129,2000,100,100,6.2183817830954204,6.2183817830954204,7.734709620225838,7.011227255423254,True,False
23601,5481643892540614,1,1579,193,192,193,193,192,7.592457037268081,7.582094342967563,10.624795455860237,7.584962500721156,False,False
23602,222442500000000000,22,2594,1990,1774,2000,605,588,4.601621265819281,4.591124394184281,11.3409627642517,10.792790294301064,True,False
23603,8326692057494899,1,1973,385,378,385,385,378,8.58871463558226,8.55039025245976,10.946175240723559,8.562242424221072,False,False
23604,33260860708908755402,3326,10117,8613,7037,2000,1215,1174,5.347521104615766,5.344991814668623,13.30449392978285,12.78074479767779,True,False
23605,898623159745011351,90,6719,5076,4395,2000,1045,1016,4.639584533114504,4.634992051864145,12.714030814928783,12.101647450030766,True,False
23606,20448750000000000000,2045,4850,4804,3853,2000,247,247,5.885416494310889,5.885416494310885,12.243769031961852,11.91176647065955,True,False
23607,9975000000000000,1,146,76,76,76,76,76,6.247927513443587,6.247927513443587,7.189824558880018,6.247927513443585,False,False
23608,14487302270805076944,1449,4713,4106,3329,2000,628,609,5.312805042129544,5.308220575363211,12.202429966015352,11.700873155140263,True,False
23609,891703606413773001,89,3149,2591,2232,2000,567,548,4.550044777923594,4.539103585834277,11.62067804213541,11.124121311829187,True,False
23610,48877500000000000000,4888,6349,6127,5081,2000,670,667,6.070538487397223,6.070090287192366,12.632313662586126,12.310896748797713,True,False
23611,37805250000000000000,3781,6572,6296,5204,2000,723,718,5.319285377449776,5.318324635888051,12.682116764950074,12.345405246717796,True,False
23612,1276800000000000000,128,7138,5553,4723,2000,988,956,4.91959873896605,4.915151102731333,12.801304186049023,12.205487820150566,True,False
23613,18895720645089524191,1890,5861,5072,4117,2000,784,755,5.568885607912185,5.564804992499898,12.516931121998697,12.007377733321269,True,False
23614,194530316566764,0,60,0,0,0,0,0,0.0,0.0,5.906890595608519,0,False,True
23615,94754809782365555244,9475,7575,6807,5625,2000,839,830,6.153483457742556,6.09164761138181,12.887030173247675,12.45763738099176,True,False
23616,2334150000000000000,233,3180,3112,2535,2000,193,192,4.395508482678993,4.393822588141732,11.634811050171718,11.307770031890703,True,False
23617,43144443481235171310,4314,2659,2646,2214,2000,79,79,4.88982226337311,4.8898222633731105,11.376668061857668,11.112439506781552,True,False
23618,4240601503759398,0,1160,0,0,0,0,0,0.0,0.0,10.179909090014934,0,False,True
23619,1481237618879507017,148,1101,1090,948,2000,81,80,4.286077473438304,4.285300649037362,10.10459875356437,9.888743248898258,True,False
23620,13993779959376000000,1399,1720,1716,1512,2000,72,70,4.754670205900357,4.753290306613659,10.74819284958946,10.562242424221072,True,False
23621,50125313283208020,5,661,595,569,2000,194,193,4.530012960319384,4.527769664714204,9.368506461507693,9.152284842306582,True,False
23622,802005012531328320,80,2255,2200,1810,2000,202,201,4.445978520980263,4.444825118442777,11.138911718142744,10.821773981970567,True,False
23623,5814536340852130325,581,4032,3977,3189,2000,209,208,4.636231659587192,4.635488767711728,11.977279923499916,11.638888382252262,True,False
23624,199464745731219465,20,3707,2734,2459,2000,901,866,4.565520346578844,4.5504925130015055,11.856036399819155,11.263856019596082,True,False
23625,19647236819280637165,1965,4923,4864,3926,2000,202,201,4.413054598722195,4.4119438242094215,12.26532202423487,11.938844457466171,True,False
23626,54612686600015722,5,2922,1918,1778,2000,921,884,5.103944616739954,5.079371917511466,11.512740462803498,10.79603960882977,True,False
23627,4942771195906490319,494,3810,3746,3059,2000,279,279,4.9967040114937955,4.996704011493795,11.895575282380685,11.578844391558203,True,False
23628,5589109790553116261,559,3984,3913,3192,2000,290,290,4.890552453273189,4.890552453273188,11.960001932068081,11.640244936222345,True,False
23629,4469086999844907265,447,3834,3758,3087,2000,297,297,4.916345994729875,4.916345994729873,11.904634621668151,11.591989767615125,True,False
23630,24658362561852204,2,3073,1715,1631,2000,1214,1170,6.571349121773911,6.529023945238231,11.585432051592962,10.671541066711884,True,False
23631,471551835538770957,47,6035,4708,4091,2000,1198,1156,5.296389462980937,5.268953923710754,12.559138055642384,11.998237821888047,True,False
23632,25190486321070000,3,1192,724,697,2000,469,458,5.886966428988912,5.865211066792259,10.219168520462162,9.445014845868423,True,False
23633,5087009435163390000,509,2309,2039,1730,2000,339,332,4.598849557762809,4.5942237315164745,11.173052457774116,10.756556322524087,True,False
23634,111725144263844740,11,4348,2804,2563,2000,965,936,4.3862873750246925,4.377208543411438,12.086136225027309,11.323617763291578,True,False
23635,64837500000000000,6,3865,2230,2066,2000,1039,1010,5.250788483949213,5.227822249991751,11.91625269881221,11.01262453886506,True,False
23636,67579923310834083450,6758,7663,6845,5721,2000,850,840,5.278083174092903,5.277187985820887,12.903693590364231,12.482051629033913,True,False
23637,9946900018518750000,995,2098,2087,1729,2000,83,82,4.3769448802901705,4.376305547929406,11.034798962577268,10.755722153642282,True,False
23638,13378889010350006,1,359,188,184,188,188,184,7.554588851677638,7.512035660188276,8.487840033823051,7.523561956057013,False,False
23639,252725455038762225,25,4401,3274,2972,2000,966,950,4.3914209979582575,4.385865789560835,12.103615656394545,11.537218400538595,True,False
23640,20750510500336857,2,3104,1558,1493,2000,1217,1177,6.571166609983611,6.533684597287126,11.599912842187127,10.543998450134541,True,False
23641,470047661370553,0,263,0,0,0,0,0,0.0,0.0,8.038918989292302,0,False,True
23642,78702750000000000000,7870,10082,8591,6928,2000,1316,1274,6.708959199522947,6.707378013432619,13.299494239009364,12.758223214726724,True,False
23643,30872625000000000000,3087,9840,8341,6733,2000,1277,1235,5.891048263536086,5.889456707688755,13.264442600226602,12.717033749490891,True,False
23644,93620645259120176,9,663,493,462,2000,215,211,4.521381658877063,4.514229861988095,9.372865060112588,8.851749041416058,True,False
23645,4984292422818555000,498,503,457,412,2000,96,96,4.686189551753041,4.686189551753041,8.974414589805527,8.686500527183219,True,False
23646,199500000000000000,20,4098,3020,2711,2000,996,957,4.550832777063623,4.535618029293332,12.000704269011246,11.404609397837712,True,False
23647,599421006393086807709,59942,2772,2765,2251,0,0,0,0.0,0.0,11.436711542137214,11.136350341454156,False,True
23648,10278934116927363,1,2529,980,946,980,980,946,9.936637939002573,9.859985474228324,11.304351321663239,9.885696373339394,False,False
23649,992506551529346081,99,2390,2351,1936,2000,210,210,4.3602040515060905,4.360204051506091,11.222794902868111,10.918863237274595,True,False
23650,9931862274920987700,993,8869,7454,6164,2000,1070,1039,4.594240715836464,4.58862627973866,13.114555731198413,12.589651146514786,True,False
23651,10025062656641604,1,193,138,137,138,138,137,7.108524456778168,7.09403170315498,7.592457037268081,7.098032082960526,False,False
23652,7678820311250656277,768,3112,3073,2479,2000,136,136,4.805752695862514,4.805752695862514,11.603626344986193,11.275542556086723,True,False
23653,28943460000000000000,2894,10119,8559,6997,2000,1258,1216,5.439366729900447,5.436775819087322,13.304779103739282,12.772520776314755,True,False
23654,70458030206009885,7,738,671,627,2000,182,181,4.704383531461691,4.701381279772923,9.527477006060396,9.29232163280204,True,False
23655,49875000000000000,5,157,149,142,2000,83,82,4.889621873880766,4.887456127941572,7.294620748891627,7.149747119504682,True,False
23656,3421113193260292,0,489,0,0,0,0,0,0.0,0.0,8.933690654952233,0,False,True
23657,1286775000000000000,129,5863,4979,4279,2000,921,911,4.603436697372703,4.601844832435508,12.517423341396473,12.06305796362349,True,False
23658,1134917509662677277,113,2395,2030,1739,2000,407,397,4.419740011986396,4.412489681748362,11.225809940623543,10.764042217306587,True,False
23659,1604321400263047555,160,1767,1742,1432,2000,130,129,4.714550861561664,4.713671935955244,10.787086324551616,10.483815777264256,True,False
23660,973331602217615960,97,877,870,781,2000,86,85,4.32812145712538,4.327133274949182,9.776433032444734,9.60917873814198,True,False
23661,99385101540480000,10,2014,1443,1318,2000,580,563,5.21190070390813,5.192904380524654,10.975847968006784,10.364134655008051,True,False
23662,39900000000000000,4,2517,1579,1527,2000,931,920,5.295515662887862,5.2880373779641765,11.29748950116098,10.576484346796851,True,False
23663,17817387030078131,2,2940,1349,1297,2000,1207,1166,6.567707309582583,6.529745191724592,11.521600439723727,10.3409627642517,True,False
23664,99347297455937952750,9935,5167,4530,3661,2000,676,656,5.982855132248549,5.9802237605870445,12.335111168424861,11.838022058304546,True,False
23665,5072376980084475005,507,3854,3785,3011,2000,190,188,4.354438298341572,4.346899045285809,11.912140856295721,11.556026992724677,True,False
23666,327880252957416906,33,3711,2943,2647,2000,790,784,4.388491756892357,4.386563334831589,11.857592285697526,11.3701424794954,True,False
23667,5035971489889200000,504,1629,1623,1423,2000,73,71,4.563130391722338,4.561862004272805,10.669770888525518,10.474719946526482,True,False
23668,19873985544198032310,1987,7677,6597,5322,2000,1033,992,5.709678196370013,5.7062944372861715,12.906326932760603,12.37775279502222,True,False
23669,24933939428893180320,2493,5122,5067,4081,2000,212,211,4.908477067465038,4.90795312071708,12.322491537597468,11.9947069952581,True,False
23670,19948209228426562644,1995,9798,8230,6711,2000,1237,1197,5.381803737405408,5.379501762363573,13.258271576282851,12.712312041780274,True,False
23671,200501253132832080,20,1354,1300,1157,2000,200,196,4.355666831616766,4.347223066405161,10.403012023574997,10.17617314910749,True,False
23672,110000000000000000,11,4521,2878,2618,2000,1047,1018,4.458022765025099,4.450822231033591,12.14242620231898,11.354249381945241,True,False
23673,50003164471908310195,5000,9526,7997,6554,2000,1015,983,5.8387159432558695,5.836644698825337,13.217654833364023,12.67815995754276,True,False
23674,633819815252271554,63,6687,5201,4473,2000,1257,1213,4.474278367736483,4.4658349776887665,12.70714340198091,12.127027043004599,True,False
23675,988864381265160671,99,2324,2256,1815,2000,187,186,4.387744383376049,4.385985883962215,11.18239435340453,10.825753832883112,True,False
23676,49874686716791979949,4987,9844,8450,6934,2000,1157,1123,5.71088343287822,5.708998521248159,13.26502894245816,12.759472121202833,True,False
23677,6398056132075987473,640,8112,6931,5783,2000,1016,996,4.637695811773256,4.633141750827915,12.985841937003341,12.49760238678349,True,False
23678,4588500000000000,0,42,0,0,0,0,0,0.0,0.0,5.392317422778761,0,False,True
23679,23269482990354225362,2327,7241,6439,5358,2000,833,824,4.6027615879249595,4.601057676998369,12.821973235481124,12.387478865842379,True,False
23680,5218041393061035,1,1415,193,189,193,193,189,7.592457037268081,7.540643565765489,10.466586337719244,7.562242424221073,False,False
23681,5462495022684000000,546,1671,1664,1454,2000,71,70,4.606732022065186,4.605766962941404,10.706496018061188,10.505811553919594,True,False
23682,5107354581450549588,511,1813,1806,1559,2000,87,85,4.330031561234151,4.328722926106687,10.824163209744158,10.606405212697785,True,False
23683,248326588728571632803,24833,9747,8232,6755,0,0,0,0.0,0.0,13.250742529050639,12.721740054213047,False,True
23684,368527814611591962,37,1700,1630,1362,2000,195,194,4.403927180917455,4.402726460485194,10.731319031025064,10.411510988012072,True,False
23685,3907193297576249,0,388,0,0,0,0,0,0.0,0.0,8.599912842187127,0,False,True
23686,10972500000000000,1,2016,875,844,875,875,844,9.77313920671969,9.69771063529112,10.977279923499916,9.721099188707186,False,False
23687,1142700125257066985,114,728,625,570,2000,124,124,4.418468490519186,4.418468490519187,9.507794640198696,9.154818109052105,True,False
23688,43591677910641620,4,136,129,125,2000,79,78,5.118118582965821,5.115586709143618,7.087462841250339,6.965784284662087,True,False
23689,12570762013289760000,1257,42,39,39,2000,39,39,5.136137939521683,5.136137939521683,5.392317422778761,5.285402218862249,True,False
23690,6722877286725944882,672,1935,1927,1658,2000,93,91,4.52353628105885,4.522477277066838,10.918117851031772,10.69522829149575,True,False
23691,4987500000000000,0,1541,0,0,0,0,0,0.0,0.0,10.589651146514786,0,False,True
23692,13226471942766132,1,2686,1142,1103,1142,1142,1103,10.157346935362845,10.079272277342941,11.391243589427443,10.107217075591382,False,False
23693,9870262500000000000,987,4375,4325,3473,2000,209,208,4.951382280290972,4.950905788538144,12.095067301607054,11.761966695382092,True,False
23694,86169867336210000,9,100,72,71,2000,48,48,4.177248101381005,4.177248101381005,6.643856189774724,6.149747119504682,True,False
23695,4986073179896235000,499,3849,3331,2744,2000,550,532,4.594105151838726,4.587644932575189,11.91026795581084,11.422064766172813,True,False
23696,6724620716640412946,672,3893,3383,2769,2000,550,532,4.872056378120089,4.863826154353879,11.926666629347283,11.43514933836693,True,False
23697,806399614558039,0,234,0,0,0,0,0,0.0,0.0,7.870364719583405,0,False,True
23698,315541902868414553,32,104,102,100,2000,34,34,4.137112181475432,4.137112181475433,6.700439718141092,6.643856189774724,True,False
23699,828961829840236603,83,2138,2071,1670,2000,188,186,4.353727773751224,4.3514968489390835,11.06204613772049,10.705632387361415,True,False
23700,53855394603326133,5,662,594,568,2000,180,179,4.822968599360301,4.819571682715409,9.370687406807217,9.149747119504681,True,False
23701,7481250000000000,1,991,240,236,240,240,236,7.906890595608521,7.865223928941857,9.952741247186488,7.882643049361842,False,False
23702,547757755730535000,55,927,762,689,2000,192,188,4.421559807193325,4.416724583570512,9.85642552862553,9.428360172704291,True,False
23703,9929111299012146371,993,9339,7840,6389,2000,1247,1208,5.089734356638705,5.086782621425491,13.189052362190337,12.641374424294513,True,False
23704,6702350674388587230,670,6462,5506,4502,2000,914,877,5.205672740311054,5.200401987912742,12.657765035265363,12.136350341454156,True,False
23705,1187985989567156951,119,7470,6004,5043,2000,1241,1198,4.394780099483853,4.3844641235891615,12.8668925276766,12.300066509957324,True,False
23706,5033919476054478493,503,3280,3221,2604,2000,163,161,4.580946481950305,4.573982733642622,11.679480099505446,11.346513733165635,True,False
23707,737152500000000000,74,6889,5291,4548,2000,1221,1178,4.5572797614459235,4.550860526152958,12.750078862693849,12.151016538892248,True,False
23708,4198559992552042,0,363,0,0,0,0,0,0.0,0.0,8.50382573799575,0,False,True
23709,83478197517846900,8,4287,2701,2490,2000,1207,1166,4.397687183678721,4.3860068771514324,12.065752701816972,11.281930026955443,True,False
23710,45502121634900000,5,145,139,134,2000,84,83,4.784753454122384,4.782967369672974,7.1799090900149345,7.066089190457772,True,False
23711,4907700000000000,0,814,0,0,0,0,0,0.0,0.0,9.668884984266247,0,False,True
23712,700399541193712500,70,1088,912,814,2000,222,218,4.4963687284985845,4.493005546928821,10.087462841250339,9.668884984266247,True,False
23713,14134120095476042395,1413,9683,8175,6722,2000,1208,1164,5.414316163170184,5.410547670736426,13.24123837912341,12.714674827308002,True,False
23714,9973330944677632434,997,9405,7794,6360,2000,1226,1181,4.742651086077233,4.737603353461269,13.199212228410557,12.634811050171718,True,False
23715,19949584152474624034,1995,9782,8186,6638,2000,1227,1183,4.878764337032218,4.874523658291681,13.25591374933779,12.6965329140783,True,False
23716,252863531686451753413,25286,7702,6927,5742,0,0,0,0.0,0.0,12.911017407796985,12.487337615207181,False,True
23717,81320297454473056,8,109,106,105,2000,49,49,4.208901039093227,4.208901039093226,6.768184324776926,6.714245517666122,True,False
23718,1086029602566851,0,766,0,0,0,0,0,0.0,0.0,9.581200581924957,0,False,True
23719,4223263452035964085,422,8823,7235,5982,2000,1240,1195,5.414983754091923,5.4113510824445505,13.10705356960822,12.546412195119352,True,False
23720,149625000000000000,15,4868,3510,3167,2000,1215,1170,4.786364388293338,4.763042906563255,12.249113452713729,11.62890115202819,True,False
23721,43191750000000000,4,2974,1858,1726,2000,1024,985,5.246441922493577,5.218518624151569,11.53818893205242,10.753216749178955,True,False
23722,10000000000000000,1,1691,658,640,658,658,640,9.361943773735241,9.303045768412805,10.723660944409984,9.321928094887362,False,False
23723,20000000000000000,2,2159,1163,1114,2000,913,878,6.573193735657596,6.531361720716437,11.076147528022505,10.121533517340032,True,False
23724,40000000000000000,4,2525,1579,1475,2000,885,850,5.304331092445063,5.276503534705037,11.302067672526519,10.526499239136566,True,False
23725,1995000000000000,0,1010,0,0,0,0,0,0.0,0.0,9.980139577639157,0,False,True
23726,1995000000000000000,200,7925,6457,5393,2000,1253,1208,4.966381390225869,4.959779177616635,12.952195219914133,12.39687231851056,True,False
23727,23629824972990516,2,365,298,294,2000,183,182,6.4193562256041625,6.413347212083882,8.51175265376738,8.199672344836364,True,False
23728,1496250000000000000,150,149,147,139,2000,43,43,4.323952520743203,4.323952520743203,7.219168520462161,7.118941072723508,True,False
23729,1296750000000000000,130,223,221,210,2000,39,39,4.295691133366013,4.295691133366013,7.800899899920305,7.714245517666122,True,False
23730,1423981871806820603,142,310,308,293,2000,44,44,4.15664938718351,4.15664938718351,8.276124405274238,8.194756854422248,True,False
23731,1409085110116558725,141,357,355,339,2000,46,46,4.18108210451929,4.181082104519289,8.479780264029099,8.405141463136344,True,False
23732,2381577404714304713,238,1248,1236,1059,2000,67,67,4.344234672113714,4.344234672113714,10.285402218862249,10.048486873992337,True,False
23733,2530250993931079493,253,8262,6766,5611,2000,1261,1216,4.744041621297243,4.7384860481821,13.01227534485612,12.45404219747008,True,False
23734,983701836929659449,98,2676,2211,1909,2000,476,463,4.535496836066007,4.523648079278372,11.38586240064146,10.898601387403938,True,False
23735,956377550992006007,96,2622,2160,1866,2000,468,456,4.5190343552413985,4.512697780876842,11.356451970221755,10.86573327085176,True,False
23736,1767028448253752727,177,2858,2419,2052,2000,452,441,4.421304258834202,4.41490702044466,11.480790201095816,11.002815015607053,True,False
23737,98167213455018209,10,878,822,757,2000,191,190,4.490799165989737,4.488598065439462,9.778077129535358,9.564149489985732,True,False
23738,1002506265664160401,100,2626,2577,2109,2000,192,192,4.398232800495838,4.398232800495838,11.358651200892886,11.042343379793692,True,False
23739,1448621553884711779,145,2790,2750,2259,2000,213,213,4.583397390803243,4.583397390803243,11.44604940671655,11.141468555393084,True,False
23740,2430912363558326138,243,8339,6796,5699,2000,1211,1171,4.6023385870983535,4.596767872122755,13.0256586729435,12.47649307734159,True,False
23741,4987500000000000,0,1217,0,0,0,0,0,0.0,0.0,10.249113452713729,0,False,True
23742,7910473107394601,1,1490,356,356,356,356,356,8.4757334309664,8.4757334309664,10.541096615349524,8.475733430966399,False,False
23743,986860280848879977,99,4674,3903,3387,2000,794,786,4.432902509312672,4.42960241151896,12.190442018782825,11.725792271494157,True,False
23744,15881532166114575083,1588,9380,7785,6421,2000,1082,1051,5.00258571476131,4.99881640580585,13.19537220740274,12.648582283363735,True,False
23745,8322594918397999,1,1463,376,368,376,376,368,8.554588851677636,8.506716511252105,10.514714054138487,8.523561956057012,False,False
23746,60170513053126137999,6017,8911,7689,6179,2000,1153,1110,6.172641608184234,6.170279473470685,13.121371625958963,12.593157658103001,True,False
23747,3252805103879559562,325,3433,3366,2732,2000,192,191,4.6751785162020605,4.674428422440339,11.745254141957256,11.41574176829009,True,False
23748,349875939849624060,35,4706,3574,3194,2000,968,951,4.401793503364699,4.395432469556923,12.200285605224298,11.641148597411233,True,False
23749,4097776462801875000,410,1586,1574,1297,2000,74,74,4.699095471316846,4.699095471316846,10.63117705570398,10.3409627642517,True,False
23750,100250626566416040,10,4738,3247,2955,2000,1241,1202,4.394300645868951,4.385029477342224,12.21006248324023,11.528942415064895,True,False
23751,37775109165812426,4,486,323,309,2000,186,182,5.195100305665748,5.179245776921901,8.92481250360578,8.271463027904375,True,False
23752,127082503619465400473,12708,5525,5457,4386,0,0,0,0.0,0.0,12.431758749166157,12.098690096673593,False,True
23753,498750000000000000,50,3673,3215,2823,2000,753,748,4.65301255943238,4.65049671542071,11.842743180731658,11.463013413449692,True,False
23754,1315645504946044118,132,1063,1051,920,2000,73,72,4.44810514804225,4.446205087091644,10.053925881531105,9.845490050944376,True,False
23755,7367958968191763,1,1921,326,322,326,326,322,8.348728154231079,8.324188276930464,10.907641803665527,8.330916878114618,False,False
23756,135114208005507577,14,4506,3027,2738,2000,1073,1042,4.378525319387389,4.369849610703837,12.137631598235428,11.4189067312579,True,False
23757,230576441102756892,23,4367,3262,2908,2000,1018,979,4.51696054918586,4.500208804491386,12.092426815780255,11.505811553919594,True,False
23758,2005012531328320,0,158,0,0,0,0,0,0.0,0.0,7.303780748177103,0,False,True
23759,58679880702726535640,5868,3809,3784,3110,2000,132,131,4.262740133526823,4.262208374702784,11.89519657256334,11.602698865017965,True,False
23760,25000000000000000,3,933,584,565,2000,394,385,5.761315471476116,5.742154712710069,9.86573327085176,9.14210705730255,True,False
23761,24060150375939849,2,888,553,535,2000,384,376,6.5109782437467185,6.48880061868674,9.794415866350105,9.06339508128851,True,False
23762,182539000000000000000,18254,2785,2501,2090,0,0,0,0.0,0.0,11.443461612227393,11.029287226968245,False,True
23763,3699625479404913660,370,3320,3256,2621,2000,178,176,4.386293080647882,4.383691141317359,11.696967526234287,11.355901638328417,True,False
23764,99292722805605065625,9929,2819,2807,2312,2000,74,73,4.605976204423163,4.567935963203923,11.460967762570421,11.174925682500678,True,False
23765,35446764192000000,4,122,111,110,2000,76,75,5.080781482980955,5.0785100906137055,6.930737337562887,6.78135971352466,True,False
23766,10542502864737545562,1054,8888,7420,6136,2000,992,962,4.875345630527109,4.871726258057764,13.117643101389092,12.583082767502933,True,False
23767,418815427584192,0,382,0,0,0,0,0,0.0,0.0,8.57742882803575,0,False,True
23768,31751501114843761,3,1948,1212,1139,2000,714,688,6.235508217541987,6.200875795471003,10.927777962082342,10.153552031708111,True,False
23769,406905515404161386,41,1476,1217,1076,2000,324,317,4.375514587774516,4.36632960067382,10.527477006060396,10.071462362556623,True,False
23770,936213232858206603,94,7035,5423,4643,2000,1219,1177,4.471958095836177,4.464143716124576,12.780334708123895,12.180841565566661,True,False
23771,36921802520721381190,3692,9882,8379,6756,2000,1282,1238,5.658002063584469,5.6558978929154495,13.270587340447511,12.721953612801386,True,False
23772,3509057922004158,0,99,0,0,0,0,0,0.0,0.0,6.6293566200796095,0,False,True
23773,322412050188158444,32,5903,4405,3877,2000,1237,1198,4.523842980814594,4.515500315263734,12.527232626447567,11.920725019751181,True,False
23774,1128658611004774566,113,881,874,792,2000,71,70,4.363683919451876,4.362326547142642,9.782998208920414,9.62935662007961,True,False
23775,9072588571873864478,907,8063,6952,5820,2000,968,952,4.401793503364699,4.395806516059243,12.97710100677111,12.506803437795647,True,False
23776,91966481636545823426,9197,5412,5344,4339,2000,224,223,5.650135176221666,5.64984944152633,12.401946123976536,12.083146870816742,True,False
23777,16658250000000000000,1666,4781,4712,3775,2000,199,198,4.7237614463896325,4.723055231700368,12.223096690347695,11.882260929099804,True,False
23778,1022458805931924,0,748,0,0,0,0,0,0.0,0.0,9.546894459887637,0,False,True
23779,38332193359171878125,3833,7465,6700,5508,2000,803,797,5.047659862428594,5.0470170416829045,12.865926545021903,12.427312844134963,True,False
23780,16182908189048862,2,1520,784,751,2000,712,686,6.511757397952132,6.47211933948279,10.569855608330949,9.552669097514272,True,False
23781,163308503696058887,16,4615,3252,2924,2000,1086,1054,4.529385210528673,4.515230323026509,12.172114932533136,11.513727595952437,True,False
23782,13640992201071009525,1364,163,161,150,2000,45,45,4.442766211009689,4.442766211009689,7.348728154231077,7.22881869049588,True,False
23783,13871743769798794,1,242,118,116,118,118,116,6.882643049361842,6.848744744277096,7.918863237274595,6.857980995127572,False,False
23784,18397385856725559,2,584,336,330,2000,291,286,6.45835952496242,6.4408463901112825,9.189824558880018,8.366322214245816,True,False
23785,998231339008133255,100,5863,4802,4161,2000,975,963,4.528276474680994,4.525742353045938,12.517423341396473,12.022714573044759,True,False
23786,2900887368866448166,290,1206,1041,924,2000,193,189,4.403704834747972,4.398954027985807,10.236014191900084,9.851749041416058,True,False
23787,2465351604912910309,247,1369,1357,1169,2000,84,82,4.52729811610562,4.526028064504585,10.4189067312579,10.191059214531656,True,False
23788,1077300000000000000,108,913,902,794,2000,60,60,4.227506915810347,4.227506915810348,9.834471049984222,9.632995197142957,True,False
23789,688275000000000000,69,679,668,599,2000,65,65,4.378102131775911,4.37810213177591,9.407267764244732,9.226412192788786,True,False
23790,36879475808655924,4,2078,1310,1284,2000,788,782,4.777436036063277,4.773579191941744,11.020979938904212,10.326429487122303,True,False
23791,16012867500000000000,1601,5378,5217,4317,2000,504,502,5.053121902571417,5.052778193521128,12.392854039872873,12.075813377461454,True,False
23792,2148302601260732310,215,4403,3703,3107,2000,685,662,4.516969858258652,4.509530257494846,12.104271128936894,11.60130652612184,True,False
23793,31881377881961210,3,1805,1124,1057,2000,661,640,6.153024715964737,6.123144207772198,10.817783121774534,10.045759661382682,True,False
23794,19544028443095991,2,1224,666,639,2000,556,539,6.525118582734125,6.492295116444836,10.257387842692651,9.319672120946995,True,False
23795,99750000000000000,10,4324,2962,2705,2000,1215,1171,4.549706650722121,4.532780812625504,12.07815080773465,11.401412878714178,True,False
23796,53017125000000000000,5302,9724,8380,6740,2000,1232,1189,5.128803614895986,5.125586612646291,13.247334178028728,12.71853287606922,True,False
23797,14314125000000000000,1431,5350,4629,3745,2000,724,698,5.346302690626259,5.3414230046720235,12.385323176175872,11.870750003346114,True,False
23798,21047250000000000000,2105,4955,4321,3501,2000,655,635,5.627966301777209,5.624413797656169,12.274669342073851,11.773551346428505,True,False
23799,66283875000000000000,6628,4929,4325,3495,2000,639,620,5.764503436475822,5.7614181489050065,12.26707926567123,11.7710767402628,True,False
23800,187729500000000000000,18773,4951,4354,3531,0,0,0,0.0,0.0,12.27350423396216,11.7858611057596,False,True
23801,14862750000000000000,1486,4609,4014,3261,2000,614,595,5.346144557662749,5.341583619012789,12.170238052336648,11.671098725748465,True,False
23802,65735250000000000000,6574,4420,3898,3160,2000,580,561,5.709947793759771,5.706138627218852,12.109830654278793,11.625708843064466,True,False
23803,45665550000000000000,4567,4304,3792,3073,2000,565,546,5.475523614839287,5.470787714368266,12.071462362556623,11.585432051592962,True,False
23804,72977100000000000000,7298,4275,3766,3053,2000,576,558,6.003326810818567,6.000274452266617,12.061708704660623,11.57601187420678,True,False
23805,16957500000000000,2,986,522,507,2000,463,452,6.522943682564507,6.495090194211258,9.945443836377912,8.985841937003341,True,False
23806,7980000000000000,1,722,194,193,194,194,193,7.599912842187127,7.5896035638366115,9.49585502688717,7.592457037268081,False,False
23807,10025062656641604,1,2487,947,914,947,947,914,9.887220615468383,9.810008983495031,11.280190792216906,9.83605035505807,False,False
23808,193604943490774170,19,90,88,87,2000,33,33,4.144797156030252,4.144797156030253,6.491853096329675,6.442943495848728,True,False
23809,5333921912584800419,533,2241,2225,1843,2000,109,108,4.600398855258631,4.599871045664237,11.129926933510394,10.847840355630714,True,False
23810,947343375501802702353,94734,9893,8329,6823,0,0,0,0.0,0.0,13.272192361644638,12.736190500960927,False,True
23811,352117500000000000,35,6000,4417,3886,2000,1221,1180,4.649620790164695,4.643845090022483,12.550746785383243,11.924070185585345,True,False
23812,13853824003266517778,1385,6032,5755,4754,2000,716,711,5.163444666689132,5.162409342029013,12.558420713268664,12.214926187942435,True,False
23813,4808041419328093,0,1321,0,0,0,0,0,0.0,0.0,10.367414751246828,0,False,True
23814,28368900000000000000,2837,5109,5050,4082,2000,211,210,4.9082868120456435,4.9077629027295835,12.318825220399699,11.995060467032719,True,False
23815,3995523646167753654,400,4357,4183,3511,2000,506,504,4.786788780555356,4.786331924864648,12.089119397915168,11.777666280880755,True,False
24732,36020083411057720018,3602,2867,2852,2403,2000,94,93,4.856283215832995,4.855794914431176,11.485326189240524,11.230620933129867,True,False
24733,30224250000000000000,3022,5033,4973,3987,2000,258,258,5.000377790090374,5.000377790090374,12.297202882496903,11.96108788999733,True,False
24734,886215538847117794,89,6122,4905,4180,2000,1099,1056,4.549795888661839,4.5392808681134875,12.579787329526992,12.029287226968245,True,False
24735,1478144999687851415,148,6032,5129,4407,2000,916,905,4.436442601686158,4.433999497571927,12.558420713268664,12.105581181277437,True,False
24736,646481164904639579,65,5124,4192,3686,2000,936,925,4.602548822626995,4.600905965484139,12.323054760341646,11.847840355630714,True,False
24737,3936864685175100000,394,1346,1342,1204,2000,73,71,4.800092387473138,4.798515484221972,10.394462694610317,10.233619676759702,True,False
24738,93665250000000000000,9367,4071,4043,3312,2000,148,148,5.576122448335098,5.576122448335095,11.99116750614001,11.693486957499326,True,False
24739,10604731493334640,1,28,16,16,16,16,16,4.0,4.0,4.807354922057604,4.0,False,False
24740,59575345634732947583,5958,2115,2109,1788,2000,90,89,5.3717213612853225,5.371262311894599,11.046441948007311,10.804131021183318,True,False
24741,272146995854720605,27,548,540,515,2000,82,81,4.308374557069763,4.307139141545657,9.098032082960527,9.00842862207058,True,False
24742,65313416861421337136,6531,9588,8058,6600,2000,1027,997,6.048852063714814,6.047423584704273,13.227014193649133,12.688250309133178,True,False
24743,1693892712125481,0,651,0,0,0,0,0,0.0,0.0,9.346513733165635,0,False,True
24744,3881237443710036,0,1045,0,0,0,0,0,0.0,0.0,10.029287226968245,0,False,True
24745,139494135554320170,14,4984,3485,3145,2000,1253,1209,4.39531686549272,4.383900392206725,12.283088353024002,11.618844301766652,True,False
24746,4588500000000000000,459,1760,1749,1452,2000,88,86,4.516799248003065,4.515735634861584,10.78135971352466,10.50382573799575,True,False
24747,5836711332518701,1,1201,241,241,241,241,241,7.912889336229965,7.912889336229965,10.230020435705635,7.912889336229962,False,False
24748,269742503542189870,27,4482,3347,3027,2000,979,962,4.5260319725863285,4.520466959359666,12.129926933510394,11.563672959827514,True,False
24749,1107112426191574385,111,1286,1270,1074,2000,104,103,4.479029644796022,4.478467653153538,10.328674927327947,10.068778277985412,True,False
24750,8615866211713203103,862,4314,4260,3416,2000,221,219,5.196287519637127,5.194200306066051,12.074810461160453,11.73809225962049,True,False
24751,3864574361585188979,386,3652,3600,2909,2000,201,198,4.533566179028763,4.53218351358507,11.834471049984222,11.506307581100307,True,False
24752,4926685933974711165,493,3845,3796,3058,2000,201,201,4.628440208914949,4.628440208914947,11.908767882849189,11.578372691360805,True,False
24753,4980933614200403530,498,3815,3770,3040,2000,201,201,4.488554841117896,4.488554841117896,11.897467341721892,11.569855608330949,True,False
24754,151958299368083366,15,5117,3603,3244,2000,1233,1193,4.443464670301827,4.43093540149379,12.32108251801004,11.663558104217273,True,False
24755,185435250000000000000,18544,2818,2527,2110,0,0,0,0.0,0.0,11.460455896309636,11.043027283594547,False,True
24756,1354236392487480293,135,5124,4221,3561,2000,847,812,4.43644609793732,4.422831065241793,12.323054760341646,11.798066720363062,True,False
24757,209689124601158715,21,3010,2279,2035,2000,713,689,4.421434965557005,4.409093597304276,11.555547771647065,10.99081307915361,True,False
24758,934174335250040377,93,6602,5322,4534,2000,1167,1124,4.469399598774942,4.459481179164779,12.688687423222536,12.146568675740786,True,False
24759,2283927018628900475,228,1333,1326,1138,2000,83,82,4.351727564538811,4.350870584144489,10.380461065088973,10.152284842306582,True,False
24760,6079265174989462,1,1486,253,249,253,253,249,7.98299357469431,7.943467882994706,10.537218400538595,7.960001932068081,False,False
24761,49875000000000000,5,560,510,493,2000,192,192,5.314044132004957,5.314044132004958,9.129283016944967,8.945443836377912,True,False
24762,9974936426042003562,997,6611,5654,4604,2000,916,879,5.313906187394735,5.309137721449648,12.690652799348483,12.16867211813223,True,False
24763,115897257541862326,12,442,426,400,2000,101,100,4.947239699202022,4.945147843692546,8.787902559391432,8.643856189774725,True,False
24764,7276153776751637,1,82,38,38,38,38,38,5.247927513443588,5.247927513443588,6.357552004618084,5.247927513443585,False,False
24765,4289250000000000000,429,2589,2561,2087,2000,108,108,4.549422602970098,4.549422602970097,11.338179249900112,11.027214885159834,True,False
24766,1527222120053869,0,24,0,0,0,0,0,0.0,0.0,4.584962500721156,0,False,True
24767,159600000000000000,16,1565,1460,1343,2000,407,405,5.230441929848286,5.227108596514952,10.61194694181998,10.391243589427443,True,False
24768,9975000000000000,1,1910,531,517,531,531,517,9.052568050804155,8.99303953766962,10.899356922923111,9.014020470314934,False,False
24769,98231515725000000,10,4162,2524,2310,2000,1051,1022,4.419135157264482,4.407915123054707,12.023061249735335,11.17367713630342,True,False
24770,1007475000000000000,101,7443,5915,5036,2000,1201,1161,4.457285212442839,4.446974027170631,12.861668520613588,12.298062567719017,True,False
24771,109139732501997222428,10914,10156,8652,6976,0,0,0,0.0,0.0,13.310044679647506,12.768184324776927,False,True
24772,1106034181319543,0,331,0,0,0,0,0,0.0,0.0,8.370687406807217,0,False,True
24773,807975000000000000,81,2529,2438,2092,2000,351,350,4.729867080180506,4.729514139004035,11.304351321663239,11.030667136246942,True,False
24774,987525000000000000,99,2854,2736,2335,2000,425,423,4.6935165186416326,4.692875081823161,11.478769619475763,11.189206834597025,True,False
24775,10186508574304115078,1019,9126,7531,6220,2000,1078,1047,4.827797296794983,4.823248872556768,13.155766938445653,12.602698865017965,True,False
24776,975468012473387170,98,2368,2312,1888,2000,202,201,4.582052269604445,4.581266049891772,11.20945336562895,10.88264304936184,True,False
24777,1001829199562566018,100,2569,2514,2071,2000,204,202,4.487330714403076,4.482723203987909,11.326991174900817,11.016111838220512,True,False
24778,1757807884416628,0,377,0,0,0,0,0,0.0,0.0,8.558420713268664,0,False,True
24779,1516706040284428029,152,7279,5866,4974,2000,1070,1039,4.688604988238863,4.684228766363322,12.829524549078345,12.280190792216906,True,False
24780,2065942864951500,0,59,0,0,0,0,0,0.0,0.0,5.882643049361842,0,False,True
24781,19857555584159449965,1986,6467,6156,5065,2000,759,755,5.814612466676452,5.814374396332989,12.658880895047878,12.3063465536885,True,False
24782,162792000000000000,16,5228,3636,3257,2000,1216,1174,4.4414446305834545,4.428020165255971,12.352043425795433,11.669328004395904,True,False
24783,18526121668281426,2,2806,1171,1134,2000,1039,1010,6.498532869579904,6.464089260202199,11.454299293619899,10.147204924942228,True,False
24784,13206454592230373,1,2633,994,967,994,994,967,9.957102041562285,9.89355952701628,11.362491806046062,9.917372079476841,False,False
24785,30112363977047386333,3011,5163,5093,4090,2000,199,198,4.5856245519313035,4.584761677120057,12.33399388276136,11.997885127829111,True,False
24786,18698715850457599667,1870,3117,3096,2536,2000,126,124,4.78879019871524,4.788261065485473,11.605942439625368,11.308339030139408,True,False
24787,507091210335100,0,32,0,0,0,0,0,0.0,0.0,5.0,0,False,True
24788,76807500000000000,8,787,721,672,2000,193,192,4.711628534827796,4.708876126470484,9.620219825507487,9.39231742277876,True,False
24789,9933836307150000000,993,1786,1781,1554,2000,76,74,4.709667389719846,4.702955271969924,10.802516365121223,10.60177078840771,True,False
24790,7726143155274482107,773,1939,1932,1661,2000,88,86,4.326570684681331,4.325084301770504,10.921097088106793,10.697836357962377,True,False
24791,7055232413968200000,706,1897,1885,1588,2000,68,68,4.60790356286271,4.607903562862711,10.889503963411476,10.632995197142957,True,False
24792,3017543859649122807,302,4662,4433,3726,2000,642,639,4.8748614460802795,4.874278015508518,12.186733289128867,11.863411958941638,True,False
24793,2990748911444484144,299,3455,3401,2768,2000,219,217,5.19378579576485,5.1917104562160095,11.75446999527562,11.434628227636725,True,False
24794,3286999415656701940,329,3583,3529,2861,2000,212,210,4.999437302720646,4.9988438129283335,11.806952328210736,11.482303782323182,True,False
24795,28683512618206798619,2868,9074,7827,6470,2000,1015,994,5.043550052365393,5.040586363821932,13.147522944350744,12.65954999687987,True,False
24796,1844099157980515,0,26,0,0,0,0,0,0.0,0.0,4.700439718141092,0,False,True
24797,3415992549650146,0,1430,0,0,0,0,0,0.0,0.0,10.481799431665753,0,False,True
24798,11291967061681001,1,1350,614,591,614,614,591,9.26209484537018,9.178040056323866,10.398743691938193,9.207014320177532,False,False
24799,38882550000000000000,3888,6954,6597,5423,2000,785,778,6.1724463737330515,6.171518849480373,12.763627351727628,12.404875455015208,True,False
24800,2128312503618372785,213,1159,1152,1020,2000,74,72,4.243736264900887,4.228536012029926,10.178664851006472,9.994353436858859,True,False
24801,33016987390243802925,3302,10065,8433,6820,2000,1256,1208,5.757410286240224,5.728034414886548,13.297059551808703,12.735556023911535,True,False
24802,289624164217710000,29,929,746,678,2000,226,222,4.399306148552657,4.392718294656978,9.859534786382653,9.405141463136344,True,False
24803,299468206527086,0,8,0,0,0,0,0,0.0,0.0,3.0,0,False,True
24804,2697240000000000000,270,3284,3217,2623,2000,199,198,4.629573391326083,4.628839960201933,11.681238411777805,11.357002092264985,True,False
24805,165984000000000000,17,3610,2643,2386,2000,898,863,4.485427910628812,4.471386274536183,11.817783121774534,11.220378327695228,True,False
24806,997500000000000000,100,4522,3685,3164,2000,794,762,4.510579772956872,4.497692285088608,12.14274527675153,11.627533884472792,True,False
24807,997500000000000000,100,4418,3602,3100,2000,778,748,4.509252873544178,4.496650254468726,12.109177703355275,11.5980525001616,True,False
24808,997500000000000000,100,3928,3215,2765,2000,699,674,4.500326759778289,4.488315523593807,11.939579214314692,11.43306376512207,True,False
24809,995108053021303868,100,6604,5243,4516,2000,1100,1067,4.9190379511453415,4.915048386801235,12.689124404913258,12.140829770773001,True,False
24810,1709008589119999696,171,7945,6311,5304,2000,1224,1178,4.4079908956510305,4.398344642584594,12.955831504235881,12.372865060112588,True,False
24811,38902500000000000,4,3212,1707,1614,2000,963,934,4.772264162417727,4.7540021046561804,11.649256177517314,10.656424863277781,True,False
24812,997500000000000,0,451,0,0,0,0,0,0.0,0.0,8.81698362325538,0,False,True
24813,197106000000000000,20,617,475,443,2000,158,155,4.395188741441155,4.38767775705691,9.269126679149418,8.791162888555018,True,False
24814,2000000000000000000,200,3528,3426,2872,2000,408,406,4.368988183943956,4.367738027674423,11.784634845557521,11.487840033823051,True,False
24815,485390176646032204,49,6038,4718,4095,2000,1200,1156,4.556092747149821,4.546121416427152,12.559855041513625,11.99964773652837,True,False
24816,20000000000000000,2,2242,1210,1159,2000,955,918,6.551946478671589,6.5109696442929845,11.130570562805426,10.178664851006472,True,False
24817,200000000000000000,20,3863,2862,2568,2000,922,885,4.566014033005338,4.550312960704587,11.915505962231931,11.326429487122303,True,False
24818,110000000000000000,11,3296,2356,2147,2000,882,847,5.305022738619886,5.277190539085409,11.686500527183219,11.068106475858773,True,False
24819,18294150000000000000,1829,8063,7132,5977,2000,941,930,4.556631152604144,4.55490563796778,12.97710100677111,12.545205827425605,True,False
24820,16659618186919111204,1666,4310,4247,3436,2000,191,189,5.075348623142805,5.07470302067553,12.07347215397646,11.746514321138463,True,False
24821,58208524427457980,6,1377,1173,1149,2000,590,588,5.2785223579191545,5.276522357919154,10.427312844134963,10.166163082646113,True,False
24822,14560269322450753,1,2072,985,947,985,985,947,9.943979914343739,9.86036110421521,11.016808287686555,9.887220615468385,False,False
24823,2721429020129967578,272,1294,1283,1106,2000,64,64,4.627851450013381,4.627851450013381,10.337621901992508,10.111135670234708,True,False
24824,33915000000000000,3,3612,1983,1857,2000,1214,1169,5.298157129897574,5.2613956874181955,11.818582177480858,10.858758099935422,True,False
24825,4975617365173192381,498,359,357,328,2000,43,43,4.433644413650299,4.433644413650299,8.487840033823051,8.357552004618084,True,False
24826,8368005319320079262,837,4127,4060,3267,2000,190,189,4.531534947682023,4.530611693210009,12.010877723007034,11.673750739438063,True,False
24827,441102756892230576,44,5613,4142,3642,2000,1003,973,4.373247847165265,4.364413967857383,12.45455634396194,11.830515206976838,True,False
24828,299250000000000000,30,1476,1412,1187,2000,176,174,4.7031234869868594,4.699218949743682,10.527477006060396,10.213104219641906,True,False
24829,35872336582373891386,3587,2560,2549,2118,2000,76,75,4.569461551744782,4.568323092455356,11.321928094887362,11.048486873992337,True,False
24830,24435109847253263699,2444,2406,2394,1994,2000,69,69,4.436566056377476,4.436566056377475,11.232420927176076,10.961449694398196,True,False
24831,27028716303795656393,2703,2449,2437,2036,2000,74,74,4.49763506906751,4.497635069067509,11.257977058563979,10.991521846075695,True,False
24832,47826395786149866584,4783,5283,5215,4195,2000,207,204,5.268933207520055,5.253536052059986,12.367141694552364,12.034455095327186,True,False
24833,199383745860693851903,19938,6042,5940,4872,0,0,0,0.0,0.0,12.56081046872794,12.250298417906333,False,True
24834,1956109764652531378,196,3789,3608,3052,2000,532,530,4.6026106921310665,4.602028450500793,11.88760142450871,11.57553924683453,True,False
24835,997500000000000,0,465,0,0,0,0,0,0.0,0.0,8.861086905995395,0,False,True
24836,183900416244260603,18,2349,1779,1597,2000,580,562,4.6479969256720945,4.636425763083068,11.197830998012197,10.641148597411233,True,False
24837,308871132005494497,31,2416,1907,1676,2000,530,513,4.7493435711587875,4.728136043939001,11.238404739325079,10.710806433699352,True,False
24838,78645492576470171,8,1562,1099,1012,2000,468,457,4.4926655655139704,4.483009109874333,10.60917873814198,9.98299357469431,True,False
24839,39900000000000000,4,3660,2059,1921,2000,1211,1169,5.297962235901406,5.272316549715048,11.837627933171404,10.907641803665527,True,False
24840,8305635338918308,1,14,3,3,3,3,3,1.584962500721156,1.584962500721156,3.807354922057604,1.584962500721156,False,False
24841,1002506265664160401,100,7503,5947,5072,2000,1238,1196,4.558080139600655,4.552053177324698,12.873251842902127,12.308339030139408,True,False
24842,9203511794901101445,920,5427,4674,3811,2000,751,723,5.116640854357454,5.110499991432225,12.405939193342396,11.895953892812168,True,False
24843,3899622956070055,0,1025,0,0,0,0,0,0.0,0.0,10.001408194392809,0,False,True
24844,278599074906581001,28,5621,4079,3613,2000,1205,1165,4.440254174937651,4.427254756709735,12.456611099574918,11.818981539432443,True,False
24845,17950656605663977,2,2692,1361,1307,2000,1194,1152,6.5630977289111225,6.521783133669578,11.394462694610317,10.352043425795433,True,False
24846,56804842405043028,6,3818,2500,2305,2000,1188,1145,4.780352154712037,4.7594422433523444,11.898601387403938,11.1705510353167,True,False
24847,19937225403811080923,1994,5006,4948,3962,2000,205,204,4.539621718183623,4.538809254043942,12.289442575688332,11.952013164889486,True,False
24848,90273750000000000000,9027,6338,5512,4451,2000,817,787,5.738466926776801,5.734985369470448,12.629811944382233,12.119913785452269,True,False
24849,13793958445079674082,1379,9148,7728,6376,2000,1072,1041,4.525055259501575,4.518221089027342,13.159240650411673,12.638435913990472,True,False
24850,959839798890572213,96,6495,5061,4383,2000,1030,1001,4.801773447002526,4.79642693476618,12.665113810335244,12.097702963524654,True,False
24851,1072125313283208020,107,3084,2585,2196,2000,525,508,4.557009380834236,4.550140726173659,11.590587049915035,11.100662339005199,True,False
24852,209125098123946641,21,2142,1646,1469,2000,511,496,4.409920761273678,4.39871194337325,11.064742764750257,10.52061868055628,True,False
24853,29520000000000000,3,1272,788,748,2000,479,467,5.899417651392611,5.877179994237761,10.312882955284355,9.546894459887637,True,False
24854,64000000000000000,6,1477,1024,954,2000,456,445,4.759509510014433,4.745469503640187,10.52845411076479,9.897845456005511,True,False
24855,1674558099839888210,167,1541,1327,1158,2000,264,260,4.384814560971627,4.38074797055353,10.589651146514786,10.177419537989236,True,False
24856,1091196838143276424,109,2595,2527,2081,2000,191,190,4.391589351598012,4.389588017375198,11.341518823245243,11.023061249735335,True,False
24857,56107975313211102,6,682,615,587,2000,188,187,4.560596194994863,4.558106051811631,9.413627929024173,9.197216693110052,True,False
24858,3367103944211127,0,1069,0,0,0,0,0,0.0,0.0,10.06204613772049,0,False,True
24859,93551733217460141930,9355,7239,6882,5672,2000,780,773,6.048290712138172,6.047268615394557,12.821574700936907,12.469641817239516,True,False
24860,8497376308161749,1,317,103,103,103,103,103,6.686500527183221,6.686500527183221,8.308339030139408,6.6865005271832185,False,False
24861,11760525000000000000,1176,4426,3859,3131,2000,593,574,5.128185886721985,5.1225073100284,12.11178773580101,11.61240779313867,True,False
24862,2992500000000000,0,362,0,0,0,0,0,0.0,0.0,8.499845887083206,0,False,True
24863,14338448622610302697,1434,9704,8190,6730,2000,1219,1177,5.765129852522261,5.763114187019814,13.24436383512051,12.71639078949768,True,False
24864,8977500000000000,1,1361,366,359,366,366,359,8.515699838284045,8.471983991289509,10.410451351503994,8.487840033823051,False,False
24865,2887322950257208,0,32,0,0,0,0,0,0.0,0.0,5.0,0,False,True
24866,58944256929605506,6,1393,1189,1163,2000,599,597,4.539169540089691,4.537969179981659,10.443979542601253,10.183635381473218,True,False
24867,1485027376875000000,149,4819,4378,3696,2000,761,756,4.798838736980603,4.798035772364284,12.234518085739989,11.851749041416058,True,False
24868,17456250000000000000,1746,6245,5962,4921,2000,722,718,4.9170844888925584,4.916513033108947,12.608485856495319,12.26473580113014,True,False
24869,9826902095347356,1,1884,486,475,486,486,475,8.924812503605782,8.872117770119285,10.879583249612784,8.89178370321831,False,False
24870,997500000000000000,100,829,816,724,2000,77,76,4.359317388692957,4.358371318166934,9.69522829149575,9.499845887083206,True,False
24871,4010025062656641604,401,2377,2352,1917,2000,134,133,4.318568108845826,4.318157326259936,11.214926187942435,10.904634621668151,True,False
24872,21694088704877748676,2169,3632,3604,2947,2000,125,123,5.17778492519721,5.169391415272121,11.826548487290914,11.525031345124,True,False
24873,61934775000000000000,6193,5161,5096,4126,2000,196,194,4.950503099424514,4.9497938291602654,12.33343491528405,12.010528105886484,True,False
24874,24578400000000000000,2458,4786,4720,3814,2000,182,180,4.370473937472419,4.368216865227233,12.2246046815385,11.897089128312755,True,False
24875,54865713045056988,5,675,609,581,2000,194,193,4.490850940355559,4.488649399276802,9.398743691938193,9.18239435340453,True,False
24876,7253250419153156,1,23,6,6,6,6,6,2.584962500721156,2.584962500721156,4.523561956057013,2.584962500721156,False,False
24877,1128325628660063,0,98,0,0,0,0,0,0.0,0.0,6.614709844115208,0,False,True
24878,1462268054515651,0,105,0,0,0,0,0,0.0,0.0,6.714245517666122,0,False,True
24879,1610519448607845110,161,1208,1195,1043,2000,83,82,4.317118811851104,4.315813313100714,10.238404739325079,10.026523442519766,True,False
24880,251918625000000000,25,5714,4085,3616,2000,1220,1174,4.441998647839006,4.427304684602181,12.480285320936371,11.820178962415188,True,False
24881,105555450000000000,11,4884,3247,2953,2000,1221,1174,4.44211293408236,4.421601656976783,12.253847484987404,11.527965641133955,True,False
24882,399000000000000,0,292,0,0,0,0,0,0.0,0.0,8.189824558880018,0,False,True
24883,2163194650846460,0,416,0,0,0,0,0,0.0,0.0,8.700439718141093,0,False,True
24884,9022556390977443,1,1983,499,485,499,499,485,8.96289600533726,8.898767748824234,10.953468962228849,8.92184093707449,False,False
24885,722859350874710,0,7,0,0,0,0,0,0.0,0.0,2.807354922057604,0,False,True
24886,451127819548872180,45,6238,4736,4121,2000,1254,1210,4.501935737980841,4.490256404192712,12.606867837374152,12.0087787482805,True,False
24887,1045619165128858475,105,2006,1959,1596,2000,142,142,4.473050752331474,4.473050752331476,10.970105890612182,10.640244936222345,True,False
24888,14101847025000000,1,548,294,289,294,294,289,8.199672344836365,8.165658739394189,9.098032082960527,8.174925682500678,False,False
24889,8062550864542934996,806,5622,5351,4452,2000,712,707,5.595946316289466,5.595250644920594,12.456867738380343,12.12023787734196,True,False
24890,15954836549748776682,1595,9629,8111,6580,2000,1238,1197,5.045022431239384,5.039857637279482,13.233170262382705,12.683871868622603,True,False
24891,149625000000000000,15,1099,1052,972,2000,206,206,4.4961808895009625,4.4961808895009625,10.101975670949232,9.92481250360578,True,False
24892,3771121537575000000,377,1695,1689,1427,2000,88,87,4.295174715575127,4.294034236171194,10.727069558023706,10.478769619475763,True,False
24893,100000000000000000,10,4043,2655,2470,2000,1007,981,4.3734876528061495,4.365110259009896,11.981210488271694,11.27029532647204,True,False
24894,10958364638206776991,1096,9448,7919,6440,2000,1241,1199,5.1675411374728,5.164432852434858,13.205793249397157,12.65284497300198,True,False
24895,1865325000000000000,187,5413,4647,3924,2000,800,794,4.967363508366249,4.966649608482578,12.402212672714642,11.938109326219239,True,False
24896,14763000000000000,1,2755,1209,1169,1209,1209,1169,10.239598529249125,10.1622538021984,11.42783660345852,10.191059214531656,False,False
24897,34193808410537799063,3419,5149,5081,4068,2000,197,196,4.7731192449661695,4.772393373222123,12.330076554797458,11.9901039638575,True,False
24898,2491756205792878,0,1,0,0,0,0,0,0.0,0.0,0.0,0,False,True
24899,734302555473141755,73,149,147,142,2000,33,33,4.226643836822341,4.226643836822341,7.219168520462161,7.149747119504682,True,False
24900,1396500000000000000,140,497,494,468,2000,55,55,4.153716664389562,4.153716664389561,8.957102041562287,8.870364719583405,True,False
24901,5613815928918390688,561,3918,3863,3122,2000,232,232,4.774630536569781,4.774630536569781,11.935901682267588,11.608254821977908,True,False
24902,79755127036068750000,7976,2271,2264,1894,2000,92,90,5.270970624372644,5.234156173679198,11.149111990706889,10.887220615468385,True,False
24903,500199367499999901,50,2525,2040,1775,2000,489,475,4.415799458639575,4.405738798703167,11.302067672526519,10.793603309279407,True,False
24904,330386285945034,0,101,0,0,0,0,0,0.0,0.0,6.658211482751795,0,False,True
24905,137321697145576099,14,3368,2513,2343,2000,872,862,4.552799341281199,4.547941458024541,11.717676423066395,11.194141238863136,True,False
24906,140383353615087980,14,3416,2554,2375,2000,879,869,4.5522250338321815,4.5473686079405,11.73809225962049,11.213711798105672,True,False
24907,133243443027754722,13,3430,2560,2384,2000,892,882,4.4370058080485535,4.4346348574541,11.743992861060175,11.219168520462162,True,False
24908,9975000000000000,1,1359,453,451,453,453,451,8.823367240046231,8.814537217971179,10.40832974076739,8.81698362325538,False,False
24909,283161159333523188,28,4499,3365,3041,2000,971,954,4.768441192578944,4.758185564522353,12.135388651579046,11.570330101030798,True,False
24910,453862500000000000,45,5236,4032,3556,2000,1001,980,4.524091779517839,4.516941843731049,12.354249381945241,11.79603960882977,True,False
24911,220967031346945586,22,5312,3815,3391,2000,1185,1144,4.404869615115597,4.394899265970476,12.375039431346925,11.72749506902543,True,False
24912,1496250000000000000,150,2776,2345,1993,2000,453,440,4.55997036861014,4.548397370039665,11.43879185257826,10.960725994839057,True,False
24913,4066936660729818,0,1547,0,0,0,0,0,0.0,0.0,10.595257481449035,0,False,True
24914,27254705516564297506,2725,2493,2486,2053,2000,97,96,4.628845944557457,4.628383805315835,11.283667167491501,11.003517912108602,True,False
24915,14035087719298245,1,349,183,179,183,183,179,7.5156998382840445,7.471983991289509,8.447083226209653,7.483815777264256,False,False
24916,307224556319354441019,30722,5840,5788,4643,0,0,0,0.0,0.0,12.51175265376738,12.180841565566661,False,True
24917,100250626566416040100,10025,10073,8612,6937,0,0,0,0.0,0.0,13.298205798797902,12.760096169244092,False,True
24918,41550493465268840144,4155,10113,8499,6888,2000,1245,1203,5.657407398481652,5.655343273644706,13.303923412705366,12.749869427396844,True,False
24919,405214425000000000,41,4095,3272,2922,2000,838,828,4.40094894892025,4.397112555638496,11.99964773652837,11.512740462803498,True,False
24920,2214510409322005263,221,6693,5702,4845,2000,970,960,4.7402189350179045,4.739017324636367,12.708437298965297,12.242280950302444,True,False
24921,46745216774291322,5,3723,2178,2028,2000,1225,1184,4.551075266362766,4.5340931237533315,11.862249900851513,10.985841937003341,True,False
24922,8929306352809994,1,2112,489,477,489,489,477,8.933690654952233,8.876430941250803,11.044394119358454,8.897845456005511,False,False
24923,2642797077076380000,264,461,417,382,2000,92,92,4.431953657471149,4.431953657471149,8.848622940429339,8.57742882803575,True,False
24924,69825000000000000,7,788,569,539,2000,262,258,4.50482531636307,4.4984195511744005,9.622051819456376,9.074141462752506,True,False
24925,176014357639802,0,12,0,0,0,0,0,0.0,0.0,3.584962500721156,0,False,True
24926,8296585056201957547,830,8753,7396,6129,2000,1099,1067,5.084078414421035,5.08109396457111,13.095561855131027,12.581435989454384,True,False
24927,2262249436216895023,226,7967,6603,5485,2000,1225,1181,4.696136590436731,4.690279710830842,12.959820859580754,12.421275905290555,True,False
24928,970600598386402733,97,2297,2236,1855,2000,199,198,4.492938764110991,4.492014860196997,11.165535141377925,10.857203471508166,True,False
24929,199500000000000000,20,5114,3622,3233,2000,1177,1137,4.4367573216891145,4.423499035456153,12.32023644524165,11.658657792126085,True,False
24930,38392418444770822425,3839,10001,8455,6842,2000,1248,1205,5.3136704657459,5.309704133012218,13.287856641840545,12.7402023887679,True,False
24931,79179712920515818,8,4304,2692,2475,2000,1213,1171,4.785760401771023,4.766373703779799,12.071462362556623,11.273212809854334,True,False
24932,100265732091974137994,10027,5544,5473,4435,0,0,0,0.0,0.0,12.436711542137214,12.114718389188425,False,True
24933,39966992552631483527,3997,9420,7910,6493,2000,1025,996,6.426085983154552,6.425130941844806,13.201511344500146,12.664669494027176,True,False
24934,14030339120397070,1,805,404,393,404,404,393,8.658211482751797,8.594821283557646,9.65284497300198,8.618385502258606,False,False
24935,526680000000000000,53,2005,1956,1641,2000,205,205,4.772185231388199,4.772185231388199,10.969386521342283,10.680359523513713,True,False
24936,34995344651604797,3,237,160,158,2000,102,102,5.154562820811722,5.154562820811723,7.888743248898259,7.303780748177103,True,False
24937,1895756083573932344,190,2125,2092,1711,2000,116,114,4.466575168783251,4.466059012249598,11.053247125912426,10.740624044489413,True,False
24938,9477512013825744003,948,8831,7248,5997,2000,997,968,4.689915164065917,4.685523485419302,13.108361098906638,12.550025257465784,True,False
24939,73000000000000000,7,3908,2616,2397,2000,1173,1130,4.544064134409642,4.52720872844145,11.932214751968385,11.227014193649133,True,False
24940,3515054301288205,0,890,0,0,0,0,0,0.0,0.0,9.79766152585376,0,False,True
24941,121126383142987568241,12113,5613,5553,4495,0,0,0,0.0,0.0,12.45455634396194,12.13410540040181,False,True
24942,4503613448250000,0,667,0,0,0,0,0,0.0,0.0,9.381542951184585,0,False,True
24943,9521863636507655,1,2031,448,439,448,448,439,8.807354922057604,8.762712064914744,10.987974524296153,8.778077129535358,False,False
24944,29925000000000000,3,2974,1744,1639,2000,1115,1075,6.534776847530427,6.493839696039963,11.53818893205242,10.678600139099458,True,False
24945,4214977929076720,0,1190,0,0,0,0,0,0.0,0.0,10.216745858195306,0,False,True
24946,74848021513678591,7,941,686,638,2000,312,307,4.512728033444767,4.50582875826443,9.878050912728536,9.31741261376487,True,False
24947,92112072283965293,9,758,560,523,2000,246,242,4.549834786370551,4.543416774133912,9.566054038171092,9.030667136246942,True,False
24948,139061099804762803982,13906,5453,4770,3861,0,0,0,0.0,0.0,12.412834440119273,11.914758838941857,False,True
24949,38576718676209896,4,3382,1762,1648,2000,1057,1027,5.256399617665542,5.233290901132271,11.723660944409984,10.686500527183219,True,False
24950,3254396057568926795,325,1001,875,784,2000,157,155,4.575500424022856,4.573202728898279,9.967226258835993,9.614709844115207,True,False
24951,5617253785204901127,562,5803,5443,4540,2000,742,737,4.550266847827173,4.549156921567519,12.502583213553354,12.148476582178278,True,False
24952,9861379232828125465,986,6256,5848,4843,2000,754,749,4.644173903223447,4.643211949863922,12.611024797307353,12.241685287601625,True,False
24953,482285277528600000,48,1595,1323,1170,2000,334,327,4.472557911476511,4.465167758756187,10.639340708652231,10.192292814470767,True,False
24954,1253132832080200501,125,7143,5560,4730,2000,998,969,4.504441160493708,4.49858259856379,12.80231440599149,12.207624468226758,True,False
24955,31186349374393684,3,3291,1647,1565,2000,1045,1016,5.952466559802989,5.925301670682107,11.68431031112435,10.61194694181998,True,False
24956,23216373016185099,2,660,412,401,2000,296,291,6.461603051201049,6.444067981060769,9.366322214245816,8.64745842645492,True,False
24957,281412959957069414,28,2317,2124,1917,2000,571,569,4.387350290330849,4.386286171682928,11.178042328864821,10.904634621668151,True,False
24958,99750000000000000,10,1986,1706,1629,2000,707,703,4.671940600208904,4.669359122312809,10.955649907528374,10.669770888525518,True,False
24959,119700000000000000,12,1057,999,918,2000,201,200,4.357487811258476,4.3560589336418465,10.045759661382682,9.842350343413807,True,False
24960,2219640024257300,0,927,0,0,0,0,0,0.0,0.0,9.85642552862553,0,False,True
24961,10094565916567608,1,196,136,135,136,136,135,7.087462841250339,7.072756958897399,7.614709844115208,7.076815597050831,False,False
24962,46774590159664355,5,3819,2199,2041,2000,1213,1170,4.784550040514301,4.764474620647535,11.898979204622513,10.995060467032719,True,False
24963,284910478350750000,28,471,464,447,2000,63,62,4.294363020741507,4.2921117572886605,8.879583249612784,8.804131021183318,True,False
24964,95696351088039337326,9570,9627,8133,6652,2000,1001,972,5.960590920415347,5.958175573671721,13.232870575002964,12.699572453287269,True,False
24965,3024805779746603208,302,2616,2573,2084,2000,134,134,4.431279477683716,4.431279477683715,11.353146825498083,11.025139562278508,True,False
24966,3990000000000000000,399,7822,6589,5406,2000,1129,1086,4.654525139706361,4.644526981300123,12.933321820732946,12.400345796534694,True,False
24967,1680787500000000000,168,5231,4553,3840,2000,782,776,4.786140965168657,4.785228130289454,12.352871054677996,11.906890595608518,True,False
24968,39840679596487873368,3984,4139,4098,3334,2000,147,146,5.068989260994286,5.068749538955846,12.015066533230291,11.703038388986418,True,False
24969,9975000000000000,1,35,16,16,16,16,16,4.0,4.0,5.129283016944966,4.0,False,False
24970,110275689223057644,11,525,500,459,2000,123,122,4.390654845113023,4.389904696881299,9.036173612553485,8.842350343413807,True,False
24971,6688077663453789,1,536,122,122,122,122,122,6.930737337562884,6.930737337562884,9.066089190457772,6.930737337562887,False,False
24972,26584140382240749,3,972,614,590,2000,394,385,5.761315471476116,5.742154712710069,9.92481250360578,9.204571144249204,True,False
24973,759554531905878072,76,5647,4525,3966,2000,966,950,4.38653952204149,4.381678150387085,12.46326891598129,11.953468962228849,True,False
24974,94575460085967015,9,3118,2196,2084,2000,927,915,4.740402692226615,4.735030844771551,11.606405212697785,11.025139562278508,True,False
24975,6101404786201200,1,819,155,155,155,155,155,7.27612440527424,7.27612440527424,9.677719641641009,7.2761244052742375,False,False
24976,4519422760202827066,452,1085,945,840,2000,166,163,4.625561940689208,4.622546461227975,10.083479327331842,9.714245517666123,True,False
24977,59222059900710000,6,1424,985,919,2000,446,435,4.756324881204971,4.742284874830727,10.475733430966399,9.843921051289035,True,False
24978,9310540549683420,1,1813,508,500,508,508,500,8.988684686772167,8.953251615906025,10.824163209744158,8.965784284662087,False,False
24979,59850000000000000,6,137,133,128,2000,67,65,4.2510713111828595,4.247054182722753,7.098032082960526,7.0,True,False
24980,84111893268353225,8,3138,2131,1954,2000,932,894,4.5664771708501775,4.549051501758532,11.615629636968098,10.932214751968385,True,False
24981,2907268170426065,0,224,0,0,0,0,0,0.0,0.0,7.807354922057604,0,False,True
24982,3444589782982889,0,203,0,0,0,0,0,0.0,0.0,7.6653359171851765,0,False,True
24983,47641557154657337,5,2978,1807,1730,2000,987,970,4.757729049872031,4.7484741623698685,11.5401280385821,10.756556322524087,True,False
24984,9975000000000000,1,112,67,67,67,67,67,6.066089190457772,6.066089190457772,6.807354922057604,6.066089190457772,False,False
24985,1410055924220449168,141,4181,3475,2933,2000,692,668,4.448821444815501,4.439781069614405,12.029632328044137,11.518161355756956,True,False
24986,2593500000000000,0,1102,0,0,0,0,0,0.0,0.0,10.105908508571158,0,False,True
24987,9933257001879699248,993,9399,7764,6341,2000,1233,1188,4.92280207657521,4.918757969062364,13.19829155509221,12.630494661505578,True,False
24988,1992795304277630678,199,7992,6487,5481,2000,1201,1162,4.669184810344642,4.66363799844866,12.964340867792417,12.420223419348645,True,False
24989,39900000000000000,4,2063,1303,1217,2000,733,707,5.269425469963359,5.243131633598011,11.010528105886484,10.249113452713729,True,False
24990,1112781954887218044,111,6946,5478,4675,2000,977,947,4.5088912423363325,4.500877604620602,12.761966695382092,12.19075064966236,True,False
24991,200501253132832080,20,4857,3331,2970,2000,980,950,4.447692941437525,4.437940800166813,12.245849771023723,11.536247215688128,True,False
24992,64577209390327284,6,3694,2162,2010,2000,971,942,4.537036366736145,4.522782008799053,11.850968150982439,10.972979786066292,True,False
24993,1032581453634085212,103,7085,5464,4671,2000,1027,997,4.825497036335184,4.820835840640173,12.790552137805381,12.189515729800194,True,False
24994,123709273182957393,12,4532,2969,2693,2000,1071,1040,4.422203976187992,4.410636846633907,12.145932145820515,11.394998514501673,True,False
24995,344727974650903053,34,5342,4001,3510,2000,1080,1048,4.489796117328368,4.482973336138656,12.38316426063511,11.777255315191923,True,False
24996,100753765683799513,10,4670,3126,2848,2000,1208,1169,4.681746012680765,4.669322257693129,12.189206834597025,11.475733430966399,True,False
24997,299250000000000000,30,5715,4167,3693,2000,1228,1187,4.552391321269486,4.5369892749631076,12.480537783101841,11.850577547205614,True,False
24998,68827500000000000,7,4110,2557,2372,2000,1217,1177,4.5948213432915335,4.580736977778792,12.004922678569045,11.211888294546004,True,False
24999,299250000000000000,30,5725,4149,3676,2000,1224,1184,4.436338703980397,4.428739641769326,12.483059977871669,11.843921051289035,True,False
25000,99750000000000000,10,4525,2909,2664,2000,1215,1173,4.463450948051826,4.452965275417806,12.143702076857931,11.379378367071261,True,False
25001,199500000000000000,20,5409,3775,3366,2000,1223,1177,4.3929629553844975,4.38210948855054,12.401146182153498,11.71681946132995,True,False
25002,149625000000000000,15,5133,3515,3166,2000,1219,1173,4.407579754683845,4.396913880821082,12.32558654521057,11.62844554013718,True,False
25003,100250626566416040,10,4777,3227,2929,2000,1221,1179,4.399018943965027,4.3876901326125894,12.221889161471266,11.516192477879367,True,False
25004,339150000000000000,34,5975,4453,3913,2000,1228,1187,4.393259530726542,4.3835962168360405,12.544722997755473,11.934059394900794,True,False
25005,255360000000000000,26,5635,4121,3656,2000,1234,1194,4.557861632958109,4.551372972659437,12.460199895059583,11.83605035505807,True,False
25006,210526315789473684,21,5421,3949,3509,2000,1244,1200,4.501039736778307,4.489254327062822,12.404343291585755,11.776844232402167,True,False
25007,419638275000000000,42,5997,4641,4050,2000,1221,1177,4.436390252387946,4.427926910172527,12.550025257465784,11.98370619265935,True,False
25008,220551378446115288,22,5289,3938,3507,2000,1211,1168,4.398028417500407,4.3860813902885365,12.368779260041338,11.776021715252812,True,False
25009,240601503759398496,24,5271,3952,3512,2000,1197,1154,4.390717883629467,4.379745081723887,12.363860976729532,11.778077129535358,True,False
25010,759500000000000000,76,5933,4731,4041,2000,1087,1045,4.526221048385233,4.516979104607014,12.534546067459992,11.98049663618346,True,False
25011,339150000000000000,34,4697,3602,3168,2000,1009,969,4.543444685352707,4.526512883143072,12.197523878257787,11.62935662007961,True,False
25012,399000000000000000,40,4322,3342,2933,2000,909,872,4.485149890409123,4.470695344020431,12.077483356859508,11.518161355756956,True,False
25013,255360000000000000,26,3718,2820,2508,2000,843,810,4.399565755593462,4.387902942438162,11.860311054919482,11.29232163280204,True,False
25014,247380000000000000,25,3552,2698,2405,2000,815,783,4.440082722041556,4.42598225637028,11.794415866350105,11.231821178657404,True,False
25015,199500000000000000,20,3336,2487,2234,2000,807,776,4.550148063380733,4.535295108688759,11.703903573444663,11.125413470483315,True,False
25016,399000000000000000,40,3716,2905,2552,2000,774,745,4.46696188994468,4.452893190148782,11.859534786382653,11.31741261376487,True,False
25017,99750000000000000,10,2309,1632,1494,2000,660,640,5.267152292485952,5.247123864850371,11.173052457774116,10.544964432789238,True,False
25018,99750000000000000,10,2200,1565,1431,2000,627,609,5.25573976534568,5.236448524778431,11.103287808412022,10.482807956726667,True,False
25019,598500000000000000,60,3271,2655,2298,2000,621,601,4.618500844593911,4.603334680599051,11.675516044082778,11.166163082646113,True,False
25020,339150000000000000,34,2666,2101,1838,2000,566,548,4.507417654173314,4.492996234953395,11.380461065088973,10.843921051289035,True,False
25021,428925000000000000,43,2654,2133,1864,2000,547,529,4.422422039066455,4.407784545569359,11.373952655370193,10.86418614465428,True,False
25022,1296750000000000000,130,2653,2246,1917,2000,436,424,4.39148890250026,4.382664908832611,11.373408960228696,10.904634621668151,True,False
25023,299250000000000000,30,1899,1503,1333,2000,429,417,4.630073436620304,4.617141783298955,10.891024190149498,10.380461065088973,True,False
25024,199500000000000000,20,1460,1138,1030,2000,380,373,4.473450603430936,4.466751647421602,10.51175265376738,10.00842862207058,True,False
25025,339150000000000000,34,1149,930,835,2000,265,261,4.436260997508394,4.430809085079739,10.166163082646113,9.705632387361415,True,False
25026,598500000000000000,60,1065,889,796,2000,222,218,4.506171496107011,4.502281202389835,10.056637715113201,9.63662462054365,True,False
25027,199500000000000000,20,607,470,438,2000,157,154,4.394762599807631,4.387165739843084,9.245552706255681,8.774787059601174,True,False
25028,349125000000000000,35,416,343,324,2000,103,103,4.313223145662732,4.313223145662733,8.700439718141093,8.339850002884624,True,False
25029,249375000000000000,25,338,275,259,2000,96,96,4.27044569999661,4.27044569999661,8.400879436282183,8.016808287686555,True,False
25030,359100000000000000,36,203,170,162,2000,57,57,4.211126560250687,4.211126560250688,7.6653359171851765,7.339850002884624,True,False
25031,4109700000000000000,411,8138,6655,5557,2000,977,948,5.006051843886463,5.000470220040674,12.99045856507371,12.440090524950488,True,False
25032,1503582080195853850,150,2979,2905,2424,2000,287,287,4.4547372198201485,4.454737219820149,11.54061240824953,11.243173983472952,True,False
25033,57256500000000000,6,3579,2218,2054,2000,1091,1058,4.748548682600365,4.730521252475738,11.805340828416384,11.004220466318195,True,False
25034,5012531328320802,1,320,61,61,61,61,61,5.930737337562885,5.930737337562885,8.321928094887362,5.930737337562887,False,False
25035,2656666687500000000,266,4972,4666,3924,2000,722,717,4.4613664426800295,4.45893550266082,12.279610581052484,11.938109326219239,True,False
25036,237926104788048692,24,4346,3213,2917,2000,974,957,4.494318299747682,4.4903340256171616,12.085472459181283,11.510269670898177,True,False
25037,4131454106665851589,413,4414,4250,3559,2000,493,491,4.432501482602724,4.431317437609015,12.107870914279614,11.797256217509785,True,False
25038,698250000000000,0,11,0,0,0,0,0,0.0,0.0,3.4594316186372973,0,False,True
25039,1848088587889968444,185,2875,2808,2258,2000,185,184,4.371936548446101,4.370548568989712,11.4893462407191,11.140829770773001,True,False
25040,24622682323732500000,2462,2565,2553,2149,2000,90,88,4.764525493088723,4.763470199213089,11.324743110494417,11.069449767427784,True,False
25041,21933952599428602362,2193,2530,2519,2116,2000,87,84,4.604399198011558,4.550918187842786,11.304921669581672,11.047123912114026,True,False
25042,181007503157977317,18,854,819,722,2000,118,116,4.4355073191789005,4.434300060315098,9.73809225962049,9.49585502688717,True,False
25043,959979401321135381,96,2276,2209,1819,2000,187,186,4.42988581206848,4.428484106660233,11.152284842306582,10.828929827651486,True,False
25044,21051836618360173003,2105,9836,8250,6685,2000,1236,1193,5.313403233585752,5.310428344158781,13.263856019596082,12.706711844980715,True,False
25045,24715999173423698199,2472,9851,8306,6727,2000,1249,1207,5.348240588004057,5.3457624105207096,13.26605446829837,12.715747542831355,True,False
25046,741142500000000000000,74114,4909,4850,3949,0,0,0,0.0,0.0,12.261213451366048,11.947271652460348,False,True
25047,459518325000000000000,45952,4936,4877,3962,0,0,0,0.0,0.0,12.269126679149418,11.952013164889486,False,True
25048,9224340607819110034,922,5904,5600,4642,2000,722,718,4.688489260820055,4.687739260820055,12.527477006060396,12.180530807344482,True,False
25049,6047714354520102,1,1844,225,223,225,225,223,7.813781191217039,7.7960034134392595,10.848622940429339,7.800899899920305,False,False
25050,966423259072432,0,243,0,0,0,0,0,0.0,0.0,7.924812503605781,0,False,True
25051,149625000000000000,15,1099,1048,958,2000,192,191,5.195679767486524,5.192345878505027,10.101975670949232,9.90388184573618,True,False
25052,997500000000000000,100,4616,3964,3398,2000,781,775,4.734758270751232,4.733746483581601,12.172427508645482,11.73047013718422,True,False
25053,20004587171382857210,2000,9855,8222,6675,2000,1248,1203,5.5366427347925615,5.534371668960718,13.266640155930848,12.704552121462278,True,False
25054,538650000000000000,54,2008,1966,1655,2000,204,204,4.424024096388761,4.424024096388761,10.971543553950772,10.69261550169458,True,False
25055,3235082104125975,0,472,0,0,0,0,0,0.0,0.0,8.88264304936184,0,False,True
25056,1994508656745236523,199,8002,6371,5347,2000,1220,1175,4.407656544501119,4.398220518310454,12.966144913345602,12.384513961398618,True,False
25057,296327345283297789,30,1650,1578,1388,2000,273,273,4.413964246407363,4.413964246407364,10.688250309133178,10.43879185257826,True,False
25058,99348001315547806469,9935,3640,3621,2975,2000,138,137,5.445891598566563,5.445785073506791,11.829722735086058,11.538673953082668,True,False
25059,498750000000000000,50,573,561,516,2000,61,61,4.239148755802113,4.239148755802113,9.162391328756906,9.011227255423254,True,False
25060,16530094733050510547,1653,6072,5801,4805,2000,693,688,5.475754160673635,5.474540624973674,12.567956075415466,12.230320715661113,True,False
25061,99834794064502851,10,2486,1755,1603,2000,710,686,5.3103990574647995,5.287930573733284,11.279610581052484,10.646558710154547,True,False
25062,2144253999756283047,214,5563,4795,4049,2000,793,787,4.432812428520799,4.431269690872185,12.441647390253612,11.983349927676457,True,False
25063,337675743718913647,34,616,493,461,2000,142,141,4.384859241980297,4.38199294624602,9.266786540694902,8.848622940429339,True,False
25064,580545000000000000,58,5970,4547,3971,2000,1025,996,4.732689694326825,4.728260333346835,12.543515216152167,11.955286645524469,True,False
25065,405457841032463137386,40546,5345,5281,4278,0,0,0,0.0,0.0,12.383974232607853,12.062720767165045,False,True
25066,6972718181145416355,697,4049,3982,3196,2000,207,205,5.03660391608809,5.03405188402598,11.983349927676457,11.642051692927977,True,False
25067,5767464683958347,1,1769,176,175,176,176,175,7.459431618637299,7.4480679822736615,10.788718332690458,7.451211111832329,False,False
25068,1145912000597544117,115,2664,2620,2164,2000,202,202,4.375809141657857,4.375809141657857,11.379378367071261,11.079484783826816,True,False
25069,5641064244908457169,564,7736,6640,5582,2000,986,971,5.413886690050315,5.4123560205682955,12.917372079476841,12.446566409066067,True,False
25070,230016264509689762,23,5550,3941,3495,2000,1215,1173,5.455344001254636,5.436023585402323,12.43827205612483,11.7710767402628,True,False
25071,10940193885784800000,1094,1513,1508,1339,2000,72,72,4.521358247489644,4.521358247489644,10.563196272216738,10.386940245324311,True,False
25072,919695000000000000000,91970,2811,2805,2277,0,0,0,0.0,0.0,11.456867738380343,11.152918576136623,False,True
25073,182742000000000000000,18274,2780,2771,2234,0,0,0,0.0,0.0,11.44086916761087,11.125413470483315,False,True
25074,276218047580603,0,42,0,0,0,0,0,0.0,0.0,5.392317422778761,0,False,True
25075,10661445681980020,1,1504,699,694,699,699,694,9.449148645375436,9.434842493730228,10.554588851677638,9.43879185257826,False,False
25076,13965000000000000000,1397,6478,6073,5010,2000,744,739,4.45896249206841,4.457464710964217,12.661332752795186,12.290594888082572,True,False
25077,3797316399519152,0,1315,0,0,0,0,0,0.0,0.0,10.360847084179664,0,False,True
25078,865822242624672,0,444,0,0,0,0,0,0.0,0.0,8.794415866350105,0,False,True
25079,14059358143449816,1,1891,885,849,885,885,849,9.789533644970364,9.700986155731268,10.884933647949762,9.729620743553038,False,False
25080,304935750000000000,30,5701,4196,3702,2000,1196,1157,4.439088272495896,4.426319511511345,12.476999286133061,11.854089179870574,True,False
25081,180813674895000000,18,289,285,280,2000,64,62,4.278564630763401,4.24097969477479,8.174925682500678,8.129283016944967,True,False
25082,5894648469383508632,589,9184,7634,6326,2000,1244,1201,5.167617087946054,5.163624124689207,13.164906926675688,12.627077840517394,True,False
25083,5558682151514404471,556,9134,7500,6173,2000,1236,1188,5.0061427656153015,4.999865706202735,13.157031074378354,12.59175607602299,True,False
25084,1194498766333841950,119,7524,5999,5064,2000,1234,1193,4.603519050938961,4.597996516238688,12.877284133523196,12.306061689428342,True,False
25085,3934648282571803801,393,8643,7147,5889,2000,1267,1221,5.129655569108364,5.125222779933306,13.077316445881026,12.523806958187327,True,False
25086,258552000000000000,26,4857,3645,3227,2000,1090,1049,4.3845098684982995,4.372293413653712,12.245849771023723,11.655977862486942,True,False
25087,3022425000000000000,302,3517,3462,2801,2000,200,199,4.37458450955501,4.373361675915968,11.780129619625306,11.451726268074506,True,False
25088,9868167750000000000,987,35,32,32,2000,31,31,4.846195576851701,4.846195576851701,5.129283016944966,5.0,True,False
25089,36574161871972299859,3657,6334,6103,5052,2000,678,675,5.937013246803987,5.936824549757095,12.62890115202819,12.302638923787553,True,False
25090,9952042216624200000,995,2086,2075,1711,2000,81,80,4.471015237879801,4.470419298206599,11.026523442519766,10.740624044489413,True,False
25091,5079159242222214559,508,9035,7422,6104,2000,1226,1181,4.9247034999750365,4.919723183868186,13.141308885751961,12.57553924683453,True,False
25092,5139430685713158,1,1692,202,198,202,202,198,7.658211482751797,7.608706532256746,10.72451385311995,7.6293566200796095,False,False
25093,99745275691687535167,9975,7518,6750,5590,2000,829,823,5.727265536069656,5.726910299842614,12.876133200043016,12.448632567730552,True,False
25094,9276750000000000,1,2086,527,515,527,527,515,9.041659151637212,8.990890864156826,11.026523442519766,9.00842862207058,False,False
25095,18950000000000000,2,2831,1339,1289,2000,1176,1136,6.556506472637341,6.516731613938459,11.467096033905747,10.332036548361652,True,False
25096,498750000000000,0,406,0,0,0,0,0,0.0,0.0,8.665335917185176,0,False,True
25097,99750000000000,0,76,0,0,0,0,0,0.0,0.0,6.247927513443585,0,False,True
25098,2794723906515548,0,1205,0,0,0,0,0,0.0,0.0,10.234817431117325,0,False,True
25099,264441160200000000,26,1209,964,870,2000,296,291,4.370288316240559,4.365285457464115,10.239598529249124,9.76487159073609,True,False
25100,3074715632446178848,307,3328,2844,2371,2000,486,472,4.54966465207552,4.538184993343693,11.700439718141093,11.211279947482009,True,False
25101,2522846188071820208,252,3229,3162,2572,2000,196,195,4.7284404194459615,4.727727067882531,11.65687172561398,11.328674927327947,True,False
25102,39900000000000000,4,249,170,167,2000,104,104,5.06099733557012,5.06099733557012,7.960001932068081,7.383704292474052,True,False
25103,9975000000000000,1,70,26,26,26,26,26,4.700439718141092,4.700439718141092,6.129283016944966,4.700439718141092,False,False
25104,24732910834019519,2,2580,1458,1384,2000,1027,988,6.496204244698274,6.454301832024929,11.333155350310616,10.434628227636725,True,False
25105,6692533129141917187,669,3333,3275,2646,2000,149,148,4.353634169522876,4.348174235199378,11.702605602110248,11.369597346278677,True,False
25106,98553091777522710,10,3304,2312,2186,2000,966,956,4.725928100396253,4.721957482965243,11.689997971419446,11.094077685671905,True,False
25107,38902049280904253694,3890,8943,7821,6533,2000,998,982,5.6323365031267505,5.631377938835862,13.126543160712325,12.673529924401144,True,False
25108,986645614341977948,99,4741,3976,3431,2000,796,790,4.694112002256721,4.6931477610938,12.210975677726395,11.744413410557655,True,False
25109,19213103543412310,2,289,225,223,2000,187,186,6.416718802129218,6.411217426785383,8.174925682500678,7.800899899920305,True,False
25110,24931261868337822675,2493,5048,4988,4013,2000,213,212,4.817799694694047,4.8172205949309514,12.30149619498255,11.970465440779995,True,False
25111,48539386026572397441,4854,9536,7998,6562,2000,993,963,5.5698961789101356,5.567748569490015,13.219168520462162,12.67991987851842,True,False
25112,133512382306621026,13,4291,3074,2773,2000,1092,1051,4.761327178191815,4.740258974457879,12.067098185748385,11.437231901039478,True,False
25113,1865325000000000000,187,3729,3557,3011,2000,512,510,5.044136603690545,5.043803235631372,11.86457308177364,11.556026992724677,True,False
25114,7830375000000000,1,618,161,160,161,161,160,7.330916878114615,7.318494517866168,9.271463027904375,7.321928094887363,False,False
25115,3330757852707742326,333,7944,6512,5478,2000,1031,1002,4.685985046219661,4.681281372180168,12.955649907528374,12.419433550705378,True,False
25116,997500000000000,0,146,0,0,0,0,0,0.0,0.0,7.189824558880018,0,False,True
25117,47942305446693111876,4794,5290,5223,4226,2000,211,210,5.267102332278915,5.2667022722699155,12.369052007001388,12.04507705193494,True,False
25118,90766814250000000000,9077,7463,6454,5206,2000,974,934,5.737411880192625,5.734013133568908,12.865539970785697,12.345959596404112,True,False
25119,810405939417658183,81,5509,4517,3964,2000,970,959,4.537021984447714,4.531066125442056,12.42757474756509,11.952741247186488,True,False
25120,997500000000000,0,9,0,0,0,0,0,0.0,0.0,3.169925001442312,0,False,True
25121,6966429371903400000,697,2016,2009,1708,2000,86,85,4.349829974116996,4.349093907166535,10.977279923499916,10.73809225962049,True,False
25122,290000000000000000,29,5789,4175,3689,2000,1217,1172,4.392880200885511,4.381022609569343,12.49909844122888,11.84901407369482,True,False
25123,120300751879699,0,16,0,0,0,0,0,0.0,0.0,4.0,0,False,True
25124,149621701244939675,15,1110,1063,982,2000,208,208,4.7105637844053385,4.710563784405339,10.116343961237469,9.939579214314692,True,False
25125,2555827634242307965,256,6459,5393,4470,2000,995,955,4.6094807586210305,4.601794538665929,12.65709510488839,12.12605911607068,True,False
25126,4616274497548312492,462,3828,3772,3022,2000,197,196,4.369419755818532,4.368027967370377,11.902375114486025,11.561287945164828,True,False
25127,2986274190330944015,299,3582,3502,2910,2000,323,323,5.122544850961897,5.122544850961899,11.806549621985962,11.506803437795647,True,False
25128,299250000000000,0,69,0,0,0,0,0,0.0,0.0,6.108524456778169,0,False,True
25129,3563031235713756907,356,6683,5801,4910,2000,920,910,4.926274283611155,4.925189968690677,12.706280158849161,12.261507309202056,True,False
25130,46882500000000000000,4688,5309,5240,4248,2000,207,206,5.001007162812063,5.000499781885255,12.374224426123732,12.052568050804153,True,False
25131,24504299288282367460,2450,7558,6721,5594,2000,884,874,5.599686488993165,5.599036881747934,12.88378880325996,12.449664538476192,True,False
25132,26371296271932303254,2637,7631,6780,5647,2000,904,893,6.071568147744362,6.07071294060834,12.897656411251145,12.46326891598129,True,False
25133,1966623284789499209,197,6410,5442,4654,2000,957,946,4.432622975842944,4.43038012605184,12.646108641506103,12.184255495405349,True,False
25134,34912500000000000,3,464,408,396,2000,192,191,5.19742053116681,5.193750806396167,8.857980995127573,8.62935662007961,True,False
25135,5147100000000000000,515,3996,3938,3155,2000,212,210,4.863857148584842,4.861020141392279,11.964340867792417,11.623424289869911,True,False
25136,648375000000000000,65,2120,2065,1724,2000,203,202,4.373146956558405,4.37188145415395,11.049848549450562,10.751544059089099,True,False
25137,3990000000000000000,399,3704,3650,2945,2000,206,205,4.445889052221621,4.444979795993216,11.854868383260236,11.524051918717824,True,False
25138,39900000000000000,4,704,612,603,2000,351,350,4.738608537844513,4.737108537844511,9.459431618637296,9.236014191900084,True,False
25139,11403471936061018,1,334,253,253,253,253,253,7.98299357469431,7.98299357469431,8.383704292474052,7.98299357469431,False,False
25140,13188945000000000000,1319,6473,5553,4507,2000,872,837,5.235309487378609,5.230049956072819,12.660218788535618,12.137951734715358,True,False
25141,99428747633513192,10,4462,2874,2644,2000,1214,1174,4.392055591127255,4.382512311029242,12.12347479824414,11.368506461507693,True,False
25142,4434147655021989078,443,3740,3681,2971,2000,207,206,4.544818731997001,4.543959960820484,11.868822554774999,11.536732889835415,True,False
25143,518700000000000,0,341,0,0,0,0,0,0.0,0.0,8.413627929024173,0,False,True
25144,3674941776370353225,367,7998,6502,5444,2000,976,945,5.087891161831437,5.081682512432099,12.965423565810129,12.410451351503994,True,False
25145,370796496672039547,37,614,607,573,2000,83,82,4.351727564538811,4.350870584144489,9.262094845370179,9.162391328756906,True,False
25146,21773421400373025774,2177,4926,4859,3898,2000,195,193,4.587636193346477,4.586313091825946,12.266200912498961,11.92851837525789,True,False
25147,7600950000000000000,760,7737,6741,5665,2000,980,969,4.59844240260611,4.596840332709251,12.91755855851037,12.467860240707878,True,False
25148,98826491145398072,10,758,564,526,2000,239,235,4.882768608532382,4.873214468404996,9.566054038171092,9.038918989292302,True,False
25149,9056342623935883692,906,894,792,702,2000,138,138,5.25761324451459,5.25761324451459,9.804131021183318,9.45532722030456,True,False
25150,2317394916486295522,232,7666,6390,5300,2000,1170,1126,4.600165682935409,4.590493834817373,12.904258282800518,12.371776644337924,True,False
25151,4733744577718069,0,1278,0,0,0,0,0,0.0,0.0,10.319672120946995,0,False,True
25152,4204210311466455,0,779,0,0,0,0,0,0.0,0.0,9.605479518061669,0,False,True
25153,4159749667799814542,416,8690,7234,5943,2000,1242,1198,4.791634034054175,4.786206337550748,13.085140461701762,12.536975665610642,True,False
25154,424705470805614027,42,3955,3201,2841,2000,781,775,4.4359275435393695,4.433354813365746,11.949461979360153,11.472183116189541,True,False
25155,25885549080486955638,2589,8239,7314,6129,2000,944,932,4.925517568529832,4.924330509523646,13.008253527096048,12.581435989454384,True,False
25156,99785952648005375945,9979,2787,2776,2249,2000,83,82,4.568104899581104,4.567593227395626,11.44449728710381,11.135067945777816,True,False
25157,5980043734414160401,598,4580,4425,3675,2000,474,472,5.0061459144945,5.005730526334171,12.161131882984307,11.843528534611089,True,False
25158,20050125313283208020,2005,9846,8215,6672,2000,1245,1199,5.620906480862763,5.617612769393535,13.26532202423487,12.703903573444663,True,False
25159,2156196000000000000,216,3186,3143,2565,2000,219,219,4.726550574241066,4.726550574241065,11.63753055152531,11.324743110494417,True,False
25160,2881687413452290945,288,1443,1435,1248,2000,89,87,4.290171902153111,4.288569828901124,10.494855584491198,10.285402218862249,True,False
25161,33437454695469022198,3344,9416,7929,6504,2000,1016,986,6.215335097674139,6.213172067363988,13.200898605038445,12.667111542075027,True,False
25162,69825000000000000,7,4178,2571,2373,2000,1211,1169,4.784716681682459,4.76548081378649,12.028596777067108,11.212496385193948,True,False
25163,1875300000000000000,188,2533,2472,2010,2000,166,165,4.575885098235039,4.573221137583,11.306631361712501,10.972979786066292,True,False
25164,7966299952561214177,797,2018,2005,1672,2000,82,81,4.446565265813897,4.445671008527907,10.978710459106358,10.707359132080883,True,False
25165,125685000000000000,13,239,234,232,2000,60,60,4.522532075039467,4.522532075039468,7.900866807980749,7.857980995127572,True,False
25166,4798292476056844,0,1547,0,0,0,0,0,0.0,0.0,10.595257481449035,0,False,True
25167,3964449350705480,0,1429,0,0,0,0,0,0.0,0.0,10.480790201095816,0,False,True
25168,501955773480000000,50,5934,4476,3908,2000,1015,986,4.4133684754054325,4.402279330474525,12.534789211480266,11.932214751968385,True,False
25169,266636565258683781,27,881,853,730,2000,109,109,4.55124058631304,4.551240586313039,9.782998208920414,9.51175265376738,True,False
25170,252070557957645000,25,375,305,288,2000,100,100,4.301605001121589,4.30160500112159,8.550746785383243,8.169925001442312,True,False
25171,253911675797618010,25,281,235,220,2000,87,87,4.3405586095248365,4.340558609524837,8.134426320220927,7.78135971352466,True,False
25172,16595729562835111,2,2231,1056,1034,2000,994,975,6.501992125483012,6.479704424099258,11.12347479824414,10.014020470314934,True,False
25173,4570602717999221204,457,8833,7212,5956,2000,1222,1179,4.602895939891557,4.595982154341091,13.108687796154612,12.5401280385821,True,False
25174,6281257500000000000,628,5775,4938,4041,2000,802,770,4.882104537821342,4.874066050631931,12.495605231190781,11.98049663618346,True,False
25175,10174500000000000000,1017,8879,7411,6122,2000,1003,972,5.201328174750325,5.198073723805001,13.116181486431183,12.579787329526992,True,False
25176,7738098960593711553,774,8580,7079,5860,2000,981,951,5.04710197024341,5.043923051396426,13.066761932386909,12.51668494930961,True,False
25177,99393741161178236321,9939,3652,3633,2983,2000,132,131,5.133490536890917,5.133350193914032,11.834471049984222,11.542548262335213,True,False
25178,19852998144276563969,1985,7161,6349,5291,2000,841,831,4.878755051509226,4.876887629981956,12.805945351802933,12.36932470240734,True,False
25179,1400000000000000,0,534,0,0,0,0,0,0.0,0.0,9.060695931687555,0,False,True
25180,3291750000000000,0,902,0,0,0,0,0,0.0,0.0,9.81698362325538,0,False,True
25181,557075553578740,0,73,0,0,0,0,0,0.0,0.0,6.189824558880018,0,False,True
25182,45186750000000000,5,478,415,400,2000,170,168,4.698236626109187,4.685067368040759,8.900866807980748,8.643856189774725,True,False
25183,10025062656641604,1,1191,519,508,519,519,508,9.019590728357883,8.97574701448088,10.217957697864113,8.988684686772165,False,False
25184,9975000000000000,1,1584,470,466,470,470,466,8.876516946564996,8.859495669969252,10.62935662007961,8.86418614465428,False,False
25185,668325000000000000,67,6762,5229,4507,2000,1237,1196,4.834467010061379,4.830365518629411,12.723234300893377,12.137951734715358,True,False
25186,8438168808646304,1,1974,475,465,475,475,465,8.89178370321831,8.845467913744628,10.946906274456397,8.861086905995395,False,False
25187,34878639018491674108,3488,4505,4446,3616,2000,185,183,5.4051007389993,5.393698432058244,12.137311390700901,11.820178962415188,True,False
25188,2645242199228820577,265,2907,2844,2308,2000,183,181,4.733007040808283,4.7301386533161605,11.505315356136236,11.172427508645482,True,False
25189,9975000000000000,1,1952,470,458,470,470,458,8.876516946564996,8.81777303066194,10.930737337562887,8.839203788096944,False,False
25190,484685250000000000,48,4568,3567,3110,2000,923,884,4.571469232208716,4.556741780277913,12.157346935362844,11.602698865017965,True,False
25191,9975000000000000,1,1391,459,457,459,459,457,8.842350343413807,8.833635746463917,10.44190670454224,8.83605035505807,False,False
25192,10143432644059758,1,1327,583,566,583,583,566,9.1873520732005,9.124307669251678,10.373952655370193,9.144658242831882,False,False
25193,728425313190436031,73,162,134,129,2000,48,48,4.469893008691993,4.469893008691993,7.339850002884624,7.011227255423254,True,False
25194,15760401002506265664,1576,4723,4656,3775,2000,190,189,4.485421786538202,4.484421536475686,12.205487820150566,11.882260929099804,True,False
25195,173013626079667194,17,1012,785,718,2000,276,271,4.395806974947673,4.390054561506528,9.98299357469431,9.487840033823051,True,False
25196,499717848331567802,50,4437,3485,3040,2000,894,858,4.4550567590534325,4.4427075905687525,12.115368837820224,11.569855608330949,True,False
25197,2926871436618173,0,891,0,0,0,0,0,0.0,0.0,9.799281621521923,0,False,True
25198,997500000000000,0,344,0,0,0,0,0,0.0,0.0,8.426264754702098,0,False,True
25199,4987500000000000,0,996,0,0,0,0,0,0.0,0.0,9.960001932068081,0,False,True
25200,99750000000000000,10,922,851,776,2000,189,188,4.485847767749892,4.4834448842897405,9.848622940429339,9.599912842187127,True,False
25201,44887500000000000,4,1613,1302,1277,2000,719,715,4.7577971012547415,4.754939185414768,10.655530723155643,10.318542809702723,True,False
25202,524166665518268327,52,1962,1903,1609,2000,199,198,4.395358521089404,4.3941100816387175,10.938109326219239,10.651948610723446,True,False
25203,20028262864693159184,2003,7902,7018,5880,2000,931,920,5.008088138664255,5.006444762240189,12.94800213097767,12.521600439723727,True,False
25204,9975000000000000,1,2212,591,575,591,591,575,9.207014320177528,9.143377026650564,11.111135670234708,9.167418145831737,False,False
25205,6918820911402142433,692,1977,1965,1644,2000,85,83,4.41509606343162,4.413852531390871,10.949097155729207,10.682994583681683,True,False
25206,82867561469908684574,8287,3178,2827,2333,2000,459,448,6.35816885086422,6.356065407697963,11.63390340934852,11.187970591984199,True,False
25207,2182790896435521449,218,6711,5587,4646,2000,1037,996,4.458212688278227,4.44597020262697,12.712312041780274,12.181773438808808,True,False
25208,78719802841644510,8,158,154,150,2000,62,61,4.297702596031995,4.293476060159073,7.303780748177103,7.22881869049588,True,False
25209,1535556647022150743,154,6076,5179,4442,2000,913,902,4.408692436580422,4.405882218222348,12.568906154502084,12.116993677546981,True,False
25210,10027398846413403,1,482,234,232,234,234,232,7.870364719583403,7.853270702489386,8.912889336229961,7.857980995127572,False,False
25211,2802434804994509,0,921,0,0,0,0,0,0.0,0.0,9.847057346091336,0,False,True
25212,100757345001528298051,10076,3659,3640,2988,0,0,0,0.0,0.0,11.837233700339088,11.544964432789238,False,True
25213,3990000000000000000,399,4827,4596,3866,2000,651,648,5.087904989452028,5.087504989452027,12.236911111444602,11.916625922211235,True,False
25214,574640628375938,0,200,0,0,0,0,0,0.0,0.0,7.643856189774724,0,False,True
25215,868918330596400142,87,1412,1384,1140,2000,116,116,4.304912812882234,4.304912812882235,10.46352437327118,10.154818109052105,True,False
25216,1145837147700000000,115,2633,2565,2111,2000,193,192,4.398041524221256,4.396738709293539,11.362491806046062,11.043710863347156,True,False
25217,105387414562326211,11,218,214,210,2000,65,63,4.2272282334853255,4.1585869952418015,7.768184324776926,7.714245517666122,True,False
25218,4987500000000000000,499,1808,1800,1548,2000,90,88,4.3650568772706135,4.363590452325889,10.820178962415188,10.59618975614441,True,False
25219,1042939987752663,0,749,0,0,0,0,0,0.0,0.0,9.54882190845875,0,False,True
25220,55740300000000000000,5574,7446,6802,5601,2000,785,779,4.963470564547053,4.96272383167346,12.862249900851513,12.451468712947358,True,False
25221,561858165441848,0,199,0,0,0,0,0,0.0,0.0,7.636624620543649,0,False,True
25222,8015305352405189317,802,4095,4027,3233,2000,197,196,4.68067718120761,4.679955305942801,11.99964773652837,11.658657792126085,True,False
25223,1516200000000000000,152,1072,1059,921,2000,71,70,4.410647004307904,4.409491083061418,10.066089190457772,9.847057346091336,True,False
25224,9975000000000000,1,121,77,77,77,77,77,6.266786540694903,6.266786540694903,6.918863237274595,6.266786540694901,False,False
25225,5000000000000000000,500,8336,6791,5647,2000,989,959,4.794281822873473,4.789242724191857,13.025139562278508,12.46326891598129,True,False
25226,1045363169988675847,105,521,517,494,2000,48,48,4.242720480509686,4.242720480509686,9.025139562278508,8.948367231584678,True,False
25227,5600270140081497175,560,1740,1733,1506,2000,83,82,4.619497055324481,4.619054362278183,10.76487159073609,10.556506054671928,True,False
25228,986223434311615617,99,6538,5103,4414,2000,1028,999,4.591271395442208,4.586519131074697,12.674633661767267,12.107870914279614,True,False
25229,876720204640324822,88,4958,4105,3575,2000,869,859,4.558188610060551,4.556287732612708,12.275542556086723,11.803727526553114,True,False
25230,568863348986383590,57,541,537,519,2000,69,67,4.343957073113305,4.341778800554835,9.079484783826816,9.019590728357882,True,False
25231,14950081354381945790,1495,8718,7487,6213,2000,1007,985,4.8444088776426835,4.841737960440068,13.089781488353998,12.601074338941668,True,False
25232,20062413807710220513,2006,4969,4910,3959,2000,212,211,4.777206920886571,4.776589255661124,12.27873982655011,11.950920352030098,True,False
25233,199500000000000000,20,716,690,612,2000,125,124,4.245059650463132,4.244528311157636,9.483815777264256,9.257387842692651,True,False
25234,3286427045215346937,329,4024,3901,3259,2000,438,436,4.733271304995615,4.732683017793802,11.974414589805527,11.670213636738564,True,False
25235,10952419278183600000,1095,1452,1447,1277,2000,68,68,4.50652121909528,4.506521219095281,10.50382573799575,10.318542809702723,True,False
25236,7927403777913471798,793,2158,2143,1785,2000,104,102,5.264428290352432,5.226425995835691,11.075479149488016,10.801708358916462,True,False
25237,9937614471959047547,994,2736,2716,2232,2000,121,120,4.6856922539189245,4.685468013129255,11.417852514885897,11.124121311829187,True,False
25238,9962363607507358861,996,2970,2942,2413,2000,143,142,4.728748664049975,4.728542219644455,11.536247215688128,11.23661220021575,True,False
25239,9594618049080718,1,1894,538,529,538,538,529,9.071462362556627,9.034287641367035,10.887220615468385,9.047123912114026,False,False
25240,50125313283208020,5,3842,2469,2278,2000,1220,1176,4.785754193613677,4.762935555138279,11.907641803665527,11.153552031708111,True,False
25241,67372147694860731,7,3697,2165,2010,2000,972,942,4.5362003196757055,4.519359626514217,11.852139328187244,10.972979786066292,True,False
25242,74543934969051270,7,3826,2248,2075,2000,973,943,4.389274485398854,4.377831262193517,11.901621158346112,11.018895621121649,True,False
25243,15960000000000000,2,2620,1033,1002,2000,988,959,6.510670185363576,6.475537854110332,11.355351096424812,9.968666793195208,True,False
25244,14294699607282431,1,2639,1154,1113,1154,1154,1113,10.17242750864548,10.089009256906754,11.365775635326269,10.12023787734196,False,False
25245,8728125000000000000,873,4206,4147,3345,2000,255,255,5.37206828943344,5.372068289433441,12.03823313473178,11.707790495528823,True,False
25246,254584003592724203,25,5700,4090,3623,2000,1217,1173,4.435666836479835,4.427184418670024,12.476746203939467,11.822969090453288,True,False
25247,701754385964912280,70,2221,2157,1819,2000,266,266,4.480451165396223,4.4804511653962225,11.116993677546981,10.828929827651486,True,False
25248,5919146044780307672,592,9082,7461,6135,2000,1229,1186,5.005873626884997,5.001527156145185,13.148794321424335,12.582847628550267,True,False
25249,111745966353874509,11,261,249,243,2000,61,61,4.223761593538853,4.223761593538853,8.027905996569885,7.924812503605781,True,False
25250,3095207835694939418,310,1561,1548,1279,2000,75,74,4.248227278565499,4.246762401628957,10.608254821977908,10.320800548881637,True,False
25251,30013928209253350538,3001,8137,7239,6072,2000,926,915,5.020522263201999,5.019349205198778,12.99028127536032,12.567956075415466,True,False
25252,1945125000000000000,195,26,25,24,2000,25,24,4.3687214232238105,4.269405736606343,4.700439718141092,4.584962500721156,True,False
25253,26749056829588526,3,1229,963,948,2000,690,686,5.255524084331486,5.2482210158570135,10.263269200372662,9.888743248898258,True,False
25254,379617891513498192,38,4945,3765,3339,2000,1006,986,4.371281861363635,4.364898981341053,12.271754805646474,11.705200378063116,True,False
25255,3799082492435698,0,194,0,0,0,0,0,0.0,0.0,7.599912842187128,0,False,True
25256,3864147613186597,0,57,0,0,0,0,0,0.0,0.0,5.832890014164741,0,False,True
25257,33010559740776906,3,460,390,378,2000,189,188,5.19876405455497,5.194756038522906,8.845490050944376,8.562242424221072,True,False
25258,35765394483303393,4,461,402,388,2000,193,192,4.970803978646304,4.967768658558004,8.848622940429339,8.599912842187127,True,False
25259,1103474400000000000,110,918,778,704,2000,164,161,4.547695732847364,4.54413659178674,9.842350343413807,9.459431618637296,True,False
25260,900696743754902,0,26,0,0,0,0,0,0.0,0.0,4.700439718141092,0,False,True
25261,36497196876209751,4,1985,1250,1170,2000,713,688,5.260013124260173,5.234659159813338,10.95492329203032,10.192292814470767,True,False
25262,576200624997900000,58,380,376,367,2000,57,57,4.396540509206381,4.396540509206382,8.569855608330949,8.519636252843213,True,False
25263,847775250000000000,85,1617,1364,1204,2000,319,313,4.636161252804854,4.632042566440848,10.659103963473662,10.233619676759702,True,False
25264,1421437500000000000,142,5234,4308,3635,2000,863,828,4.4369734030859265,4.4272715686942945,12.353698209048035,11.827739648806956,True,False
25265,232257474491728882419,23226,7891,7126,5861,0,0,0,0.0,0.0,12.945992424396774,12.516931121998697,False,True
25266,823362371175117839,82,6380,4897,4247,2000,966,937,4.7996259365614975,4.7827396624368745,12.639340708652231,12.052228393347402,True,False
25267,408948956003091858935,40895,5685,5634,4517,0,0,0,0.0,0.0,12.47294463377961,12.141149198437516,False,True
25268,481689406638161641352,48169,4475,3957,3211,0,0,0,0.0,0.0,12.127671967038982,11.64880694972577,False,True
25269,983011840692595101,98,5422,4521,3951,2000,918,907,4.603555449061448,4.601779729051998,12.404609397837712,11.94800213097767,True,False
25270,199500000000000000,20,5387,3756,3343,2000,1219,1174,4.3992257922988145,4.387090291339114,12.395266349839096,11.706927639617403,True,False
25271,981773987581874300,98,3082,2911,2506,2000,501,499,4.547676256279996,4.547060824323694,11.589651146514786,11.29117069932186,True,False
25272,49855168880932800000,4986,2650,2643,2174,2000,99,98,5.162344601063383,5.16198663831929,11.371776644337924,11.086136225027309,True,False
25273,39865972709068437865,3987,3158,3143,2627,2000,113,112,5.001936419706357,5.001647725729087,11.624795455860237,11.359200485133632,True,False
25274,9298585574742963,1,1622,449,447,449,449,447,8.810571634741144,8.801662948772325,10.663558104217273,8.804131021183318,False,False
25275,96757500000000000,10,4258,2761,2526,2000,1184,1143,4.77936520368948,4.75897777434004,12.055960234452295,11.302638923787553,True,False
25276,44122234778800653,4,2672,1683,1567,2000,910,874,5.301883604333023,5.273531489050015,11.383704292474052,10.61378946447258,True,False
25277,6054825000000000000,605,6435,5638,4735,2000,822,813,4.435076643750456,4.4326910491735,12.651724433108065,12.209148710355747,True,False
25278,119436804439140832027,11944,5506,5438,4364,0,0,0,0.0,0.0,12.42678889459556,12.091435386323607,False,True
25279,24937500000000000000,2494,2045,2038,1719,2000,70,69,4.557917942633553,4.557039630874148,10.997885127829111,10.747353829478062,True,False
25280,10972500000000000,1,59,38,38,38,38,38,5.247927513443588,5.247927513443588,5.882643049361842,5.247927513443585,False,False
25281,14725943165044321648,1473,4955,4853,3978,2000,404,402,5.200413907873972,5.200004366225286,12.274669342073851,11.957827560833744,True,False
25282,1990906327830000000,199,3046,2990,2422,2000,203,202,4.58141311960367,4.580627180764001,11.572700226487292,11.24198314969433,True,False
25283,1993327009533141544,199,3069,3013,2458,2000,205,204,4.81847271745965,4.817893693903919,11.583552930466485,11.263269200372662,True,False
25284,1993964480784120240,199,3058,3010,2450,2000,197,197,4.423695410928574,4.423695410928574,11.578372691360805,11.258566033889933,True,False
25285,1993170272540606228,199,3005,2965,2424,2000,215,215,4.536198105929409,4.536198105929409,11.553149275598548,11.243173983472952,True,False
25286,56835285464364924224,5684,5355,5291,4276,2000,279,279,4.998806857826021,4.99880685782602,12.386670859637618,12.06204613772049,True,False
25287,92597658694221760249,9260,7654,6853,5709,2000,868,859,5.9634315543868714,5.962984601809261,12.901998185668496,12.479022346995178,True,False
25288,10403618999941789361,1040,7667,6761,5703,2000,921,910,4.603254980408633,4.601581596373911,12.904446464505721,12.477505317369708,True,False
25289,1503590631492064213,150,6161,5230,4473,2000,936,925,4.602548822626995,4.6009468671637,12.58894882031468,12.127027043004599,True,False
25290,1976484295290021015,198,6560,5534,4729,2000,979,965,4.785724401133235,4.781925506276124,12.679480099505446,12.207319426457804,True,False
25291,1203509680450223344,120,6380,5268,4515,2000,970,954,4.693454027616728,4.6909880085735,12.639340708652231,12.140510272368221,True,False
25292,3847756950329038922,385,7664,6456,5417,2000,1019,995,5.309625083744837,5.306368500126702,12.90388184573618,12.403278375471052,True,False
25293,388434108798848387,39,5273,3887,3436,2000,1009,983,4.419063088118558,4.413199582719709,12.364408281379832,11.746514321138463,True,False
25294,1470451771039773170,147,7161,5729,4880,2000,1031,1002,4.685985046219661,4.681281372180168,12.805945351802933,12.252665432450248,True,False
25295,2819231164171788182,282,7747,6245,5247,2000,984,954,5.165722309922914,5.162896506160919,12.919422024335052,12.357277074642809,True,False
25296,4177606565248881520,418,8437,6797,5683,2000,1056,1027,4.4415619842599225,4.433619259157675,13.042514386140232,12.472437000051329,True,False
25297,987525000000000000,99,6647,5266,4540,2000,1114,1081,4.50625606232524,4.5002746099721564,12.698487638557692,12.148476582178278,True,False
25298,1000492500000000000,100,7052,5622,4806,2000,1156,1119,4.699778832744152,4.693566238961272,12.783816759320182,12.230620933129867,True,False
25299,997771682119531286,100,7087,5500,4704,2000,1214,1172,4.602490552184252,4.596207620452454,12.790959333698824,12.199672344836364,True,False
25300,997027696306200381,100,7184,5551,4743,2000,1231,1186,4.472707625905439,4.465020855111284,12.810571634741146,12.211584153079526,True,False
25301,31619565699300428173,3162,9969,8372,6766,2000,1260,1212,6.074433320135159,6.071581262989525,13.283233078413188,12.724087461793989,True,False
25302,3870300000000000000,387,7346,6181,5079,2000,1074,1032,4.696435403547237,4.687012084108519,12.842743180731658,12.310328758616798,True,False
25303,2105263157894736842,211,7543,6112,5164,2000,1036,1007,5.000690150005675,4.997409109752569,12.880922710586542,12.33427328530719,True,False
25304,596143995057832034783,59614,1626,1621,1396,0,0,0,0.0,0.0,10.667111542075027,10.447083226209653,False,True
25305,8256168866054366,1,1617,382,379,382,382,379,8.57742882803575,8.561722021753027,10.659103963473662,8.566054038171092,False,False
25306,1084466300319960197,108,6918,5449,4655,2000,988,958,4.655297923281294,4.65031059213866,12.756139298372927,12.184565452446156,True,False
25307,14479482160693168,1,575,313,307,313,313,307,8.290018846932618,8.251680188785652,9.167418145831737,8.262094845370179,False,False
25308,553143972599890506,55,4664,3805,3354,2000,879,869,4.514341137353565,4.512317373594894,12.187352073200497,11.711666973564347,True,False
25309,333278612657198909,33,448,444,427,2000,61,59,4.46865996886709,4.462659988379501,8.807354922057604,8.73809225962049,True,False
25310,2543625000000000000,254,1878,1859,1531,2000,114,113,4.344691579649033,4.344312190272425,10.874981347653774,10.580258567499788,True,False
25311,3787452643957412723,379,8019,6532,5467,2000,958,929,4.541670403551731,4.521490754969504,12.969206622964235,12.416533660199583,True,False
25312,997973781229141525,100,6690,5227,4499,2000,1078,1047,4.69651222471935,4.692025736889008,12.707790495528823,12.135388651579046,True,False
25313,1994687072452913108,199,7959,6452,5456,2000,1196,1153,4.835778191050527,4.8268792674977234,12.958371460949852,12.413627929024173,True,False
25314,3491339878713948883,349,7179,6037,4970,2000,1050,1009,4.459344020409763,4.450692028928161,12.809567182259656,12.279030136449649,True,False
25315,2124659734321134600,212,6483,5392,4489,2000,1013,973,4.454230381466014,4.444337927138137,12.662445857580664,12.132178380915544,True,False
25316,1695448770010507056,170,4346,3626,3058,2000,699,676,4.445849141606306,4.435052670627302,12.085472459181283,11.578372691360805,True,False
25317,41434814307600000,4,152,137,135,2000,79,78,4.5457645196526695,4.543208997831173,7.247927513443585,7.076815597050831,True,False
25318,59573919753804585210,5957,5547,5493,4420,2000,234,232,5.7053158866335725,5.703977782587144,12.437492010125352,12.109830654278793,True,False
25319,93221525331900000,9,2105,1493,1366,2000,615,596,4.838418813401577,4.823836721402969,11.039604517953759,10.41574176829009,True,False
25320,27038949059852296,3,2564,1490,1408,2000,988,949,6.528424443476499,6.486642687103295,11.324180546618742,10.459431618637296,True,False
25321,34812750000000000000,3481,5181,5123,4151,2000,210,209,4.951947739804328,4.951447682979689,12.33901486825008,12.019243216603607,True,False
25322,39102000000000000000,3910,939,936,810,2000,67,67,5.044606564401895,5.044606564401894,9.874981347653774,9.661778097771988,True,False
25323,798000000000000000,80,673,668,627,2000,64,63,4.29139521308891,4.289578529584695,9.394462694610317,9.29232163280204,True,False
25324,34912500000000000000,3491,2062,2056,1742,2000,84,82,5.19254864890725,5.1533600008468685,11.00982861736811,10.766528908598865,True,False
25325,4075893829520770919,408,6231,5261,4335,2000,905,869,4.473098942970662,4.464567388711972,12.605248001565803,12.081816278109198,True,False
25326,241611849377705060,24,969,771,703,2000,246,242,4.436176609086532,4.430053118697009,9.92035285541508,9.457380879072534,True,False
25327,9927130631722874619,993,4451,4393,3526,2000,212,210,4.908399496251605,4.905690909666981,12.119913785452269,11.783816759320182,True,False
25328,1241263212617060166,124,7654,6117,5178,2000,1211,1168,4.649249034637604,4.640420977939652,12.901998185668496,12.338179249900112,True,False
25329,25918902119703585897,2592,9329,7858,6455,2000,981,951,4.598367697004958,4.593197959008617,13.18750672775828,12.656201380194553,True,False
25330,1867001820894115104,187,7450,5867,4965,2000,985,955,4.5065917720567645,4.500533849727283,12.863024710236886,12.277578002415737,True,False
25331,655357500000000000,66,3963,3523,3063,2000,756,751,4.567894882933236,4.566797520217124,11.952377251967985,11.580729651598958,True,False
25332,465155541658420952,47,643,631,589,2000,80,79,4.3660638839283505,4.365146740476166,9.328674927327947,9.20212382383046,True,False
25333,5979620829456187864,598,5622,5316,4434,2000,731,726,4.9260619252106554,4.924713340112802,12.456867738380343,12.114393054867307,True,False
25334,2576712888413372110,258,772,768,700,2000,52,52,4.231260077314769,4.231260077314768,9.59245703726808,9.451211111832329,True,False
25335,82187383204381116180,8219,5438,5371,4319,2000,202,200,4.910287397035091,4.909402612100398,12.40886043602476,12.076481601207021,True,False
25336,1500000000000000000,150,7085,5694,4837,2000,1018,992,4.5202853167319175,4.515185130530091,12.790552137805381,12.239896822445862,True,False
25337,501253132832080200,50,5899,4463,3909,2000,1031,1002,4.519961015749333,4.513292746228137,12.5262546938286,11.93258386928929,True,False
25338,800000000000000000,80,6376,4931,4292,2000,1029,1000,4.457508470510099,4.451516673722602,12.638435913990472,12.067434360756522,True,False
25339,6406347565377170755,641,7735,6570,5348,2000,1078,1036,4.960084180635239,4.953377875948663,12.917185576336397,12.384783750093353,True,False
25340,997500000000000,0,457,0,0,0,0,0,0.0,0.0,8.83605035505807,0,False,True
25341,69383835732203212314,6938,9297,8110,6722,2000,1045,1022,6.0057176263788605,5.981803978235865,13.182549540307372,12.714674827308002,True,False
25342,6024900000000000000,602,9056,7471,6154,2000,1225,1182,5.277816812930528,5.274314426694706,13.144658242831882,12.587308728333545,True,False
25343,136515676386690577,14,1109,1054,959,2000,201,200,4.421833710027677,4.420373759135115,10.11504365016171,9.905387005018131,True,False
25344,31416687069450485060,3142,10123,8576,7003,2000,1231,1189,5.128719086663796,5.125116415885856,13.305349282598948,12.7737573721398,True,False
25345,30922500000000000000,3092,10080,8529,6955,2000,1234,1193,4.964219369239695,4.96051650537667,13.29920801838728,12.7638347994296,True,False
25346,408975000000000000,41,6159,4570,4002,2000,1217,1177,4.650682232477481,4.644418574031136,12.588480412829758,11.966505451905741,True,False
25347,3010633827981565314,301,8488,6974,5787,2000,1248,1209,5.1592791278320655,5.15634686324512,13.051208940914766,12.49859992877026,True,False
25348,281230507610265584,28,2185,2011,1804,2000,499,497,4.489894602137873,4.488926723606629,11.093417564387961,10.81698362325538,True,False
25349,3906035751794569,0,644,0,0,0,0,0,0.0,0.0,9.330916878114618,0,False,True
25350,99717348062410884064,9972,876,873,766,2000,67,66,5.044606564401895,5.002029042332567,9.774787059601174,9.581200581924957,True,False
25351,7211381320701461,1,888,207,206,207,207,206,7.693486957499326,7.683825121750534,9.794415866350105,7.6865005271832185,False,False
25352,2274226395569137472,227,1983,1725,1487,2000,323,316,4.561434113331147,4.5561330314811475,10.953468962228849,10.53818893205242,True,False
25353,20656543187030498,2,52,40,40,315,40,40,4.791308453181571,4.791308453181571,5.700439718141092,5.321928094887363,False,False
25354,2354100000000000000,235,8002,6646,5517,2000,1223,1179,4.6029456090826315,4.596900235092839,12.966144913345602,12.429668265133094,True,False
25355,1926172500000000000,193,2902,2835,2310,2000,195,194,4.492413447037595,4.491405467197192,11.502831804066744,11.17367713630342,True,False
25356,9827370000000000000,983,2583,2565,2126,2000,106,105,4.3433091997085125,4.342608037162669,11.334831928118,11.053925881531105,True,False
25357,14505670070833241,1,1926,917,880,917,917,880,9.840777923595052,9.753139397993523,10.911391987843459,9.78135971352466,False,False
25358,18254250000000000,2,284,218,216,2000,186,185,6.419131625918952,6.4136302505751175,8.149747119504681,7.754887502163468,True,False
25359,1979188615889100000,198,1224,1213,1042,2000,76,74,4.306902354331539,4.3041336003465505,10.257387842692651,10.025139562278508,True,False
25360,111702858098419172645,11170,5489,5422,4368,0,0,0,0.0,0.0,12.422327623974558,12.092757140919852,False,True
25361,1703499668093717,0,877,0,0,0,0,0,0.0,0.0,9.776433032444734,0,False,True
25362,76768734785068774,8,783,715,667,2000,181,180,4.522377284430718,4.519730435199322,9.612868497291041,9.381542951184585,True,False
25363,134662733395244037,13,1102,849,779,2000,308,303,4.73727765072587,4.728654203962005,10.105908508571158,9.605479518061669,True,False
25364,1074681570885542783,107,48,44,44,2000,30,30,4.516851644449203,4.516851644449204,5.584962500721156,5.459431618637297,True,False
25365,20050125313283208,2,1554,877,846,2000,655,635,6.5158024963601004,6.482288193988405,10.60177078840771,9.72451385311995,True,False
25366,4020075250783600,0,1469,0,0,0,0,0,0.0,0.0,10.52061868055628,0,False,True
25367,14946540000000000000,1495,5341,5169,4281,2000,528,524,5.654756705799024,5.62570275743406,12.382894168892134,12.063732120196919,True,False
25368,9576000000000000000,958,7009,6172,5160,2000,863,853,4.650189869782424,4.648504001115839,12.774992908933175,12.333155350310616,True,False
25369,402131823562701609,40,4257,3401,3033,2000,877,867,4.473290639123688,4.4710828717501006,12.055621374781708,11.56652978262417,True,False
25370,327347695681532,0,248,0,0,0,0,0,0.0,0.0,7.954196310386875,0,False,True
25371,306172650000000000000,30617,2932,2919,2409,0,0,0,0.0,0.0,11.517669388133811,11.23421867823847,False,True
25372,29904546291703787469,2990,9156,7879,6508,2000,1022,996,4.919736103613979,4.916804204304925,13.160501747555687,12.667998535672528,True,False
25373,598500000000000000,60,1056,883,791,2000,222,218,4.506291285171946,4.50240212620257,10.044394119358454,9.627533884472792,True,False
25374,1439392500000000000,144,1091,1083,953,2000,83,81,4.31386586035178,4.3119516603056205,10.091435386323607,9.896332403909941,True,False
25375,13593058458950093,1,1507,756,752,756,756,752,9.562242424221072,9.55166041363906,10.557463701597824,9.554588851677638,False,False
25376,1296750000000000000,130,6812,5530,4705,2000,1015,989,4.677206928987556,4.6728625778717685,12.733862719678543,12.1999790076159,True,False
25377,1376550000000000000,138,2696,2629,2144,2000,191,190,4.441979451531866,4.440888145602436,11.396604781181859,11.066089190457772,True,False
25378,758100000000000000,76,2126,2059,1694,2000,191,190,4.402887738858238,4.401687198615128,11.053925881531105,10.726218159332198,True,False
25379,750877192982456140,75,6133,4745,4140,2000,1019,993,4.544053248677267,4.539543137481983,12.582377235640692,12.015415052386688,True,False
25380,54135338345864661,5,3503,2110,1997,2000,1006,980,5.241221764896043,5.2216787014016806,11.774375272802063,10.963618617443972,True,False
25381,199500000000000000,20,4601,3188,2878,2000,1011,983,4.418135919134468,4.407235833933546,12.167731741103244,11.490850876740298,True,False
25382,1137588993938303,0,332,0,0,0,0,0,0.0,0.0,8.375039431346925,0,False,True
25383,58962932161367291,6,4063,2577,2376,2000,1239,1199,5.303752245723366,5.2764568814958,11.988329649231089,11.214319120800766,True,False
25384,20366640600872586,2,2017,1115,1067,2000,838,805,6.574502074713979,6.533670560022945,10.977995368612962,10.059344460824425,True,False
25385,9623472736270502,1,921,285,283,285,285,283,8.154818109052107,8.140783021332808,9.847057346091336,8.144658242831882,False,False
25386,199500000000000000,20,1657,1553,1415,2000,408,406,4.371842789963341,4.370413912346708,10.694357887221452,10.466586337719244,True,False
25387,1835400000000000000,184,4369,4102,3474,2000,671,666,4.468869367328811,4.466062723452165,12.093087390444218,11.762382038710392,True,False
25388,3705712500000000000,371,8022,6582,5526,2000,1032,1003,4.7331044083461995,4.729190918639553,12.96974625081451,12.432019846812493,True,False
25389,74061569030633032,7,361,337,327,2000,127,126,4.556388475038706,4.555454478072427,8.49585502688717,8.353146825498083,True,False
25390,94762500000000000,9,4410,2918,2666,2000,1244,1201,4.394720877179122,4.379429136052135,12.106562940444883,11.380461065088973,True,False
25391,2692059510450178,0,1112,0,0,0,0,0,0.0,0.0,10.118941072723507,0,False,True
25392,3511090155964568,0,846,0,0,0,0,0,0.0,0.0,9.72451385311995,0,False,True
25393,245385000000000000000,24539,6415,6236,5156,0,0,0,0.0,0.0,12.647233549977045,12.332036548361652,False,True
25394,179550000000000000,18,5301,3707,3313,2000,1217,1174,4.61541677343134,4.602706468805598,12.372048825272772,11.693922488081014,True,False
25395,160763830332077131,16,5087,3549,3187,2000,1202,1162,4.548476316810434,4.5326735740559325,12.312599378862629,11.637983303777853,True,False
25396,16880185292206545,2,1530,794,761,2000,713,687,6.51337946822102,6.473731495279827,10.579315937580015,9.571752643503546,True,False
25397,1994019155857995000,199,1163,998,889,2000,192,188,4.353182373159276,4.347307623043498,10.183635381473218,9.79603960882977,True,False
25398,42047298816212235,4,338,226,221,2000,123,123,5.1220896894398535,5.122089689439853,8.400879436282183,7.787902559391432,True,False
25399,1332271338205639190,133,1257,1242,1073,2000,96,95,4.470084360744528,4.468932763913197,10.295768934420508,10.067434360756522,True,False
25400,5431365367453445,1,1644,173,172,173,173,172,7.4346282276367255,7.423067533995107,10.682994583681683,7.426264754702098,False,False
25401,222389136592135926415,22239,10405,8813,7162,0,0,0,0.0,0.0,13.344989344622697,12.806146803320525,False,True
25402,114307422312573667736,11431,5682,5602,4574,0,0,0,0.0,0.0,12.472183116189541,12.159240650411673,False,True
25403,5154938327502369,1,37,5,5,5,5,5,2.321928094887362,2.321928094887362,5.20945336562895,2.321928094887362,False,False
25404,9430517374453490,1,1382,393,385,393,393,385,8.618385502258606,8.572583975541049,10.432541900388259,8.588714635582264,False,False
25405,261980252108381,0,134,0,0,0,0,0,0.0,0.0,7.066089190457772,0,False,True
25406,4676556970409413,0,1501,0,0,0,0,0,0.0,0.0,10.55170826162069,0,False,True
25407,8280734078791740,1,1825,391,385,391,391,385,8.611024797307355,8.580334260222955,10.833680748654741,8.588714635582264,False,False
25408,198450154676892973216,19845,6836,6599,5466,0,0,0,0.0,0.0,12.73893668167614,12.416269744523207,False,True
25409,431077694235588972,43,5653,4238,3705,2000,1070,1039,4.6411958413211085,4.635954603228187,12.464800981655417,11.855257827193196,True,False
25410,5985000000000000,1,235,55,55,55,55,55,5.781359713524658,5.781359713524658,7.876516946564999,5.78135971352466,False,False
25411,70551462622168494,7,55,53,53,2000,33,33,4.3315446306051175,4.331544630605118,5.78135971352466,5.727920454563199,True,False
25412,965756275311273952,97,861,850,756,2000,73,71,4.331872708807655,4.328292389923809,9.749869427396844,9.562242424221072,True,False
25413,246484279256838089,25,438,425,407,2000,74,73,4.244365030837532,4.24290070675618,8.774787059601174,8.668884984266247,True,False
25414,453966261165909369,45,594,581,545,2000,72,71,4.278525445141023,4.2772313300625076,9.214319120800766,9.090112419664289,True,False
25415,10757294472723804826,1076,4604,4548,3636,2000,204,203,4.850741239993517,4.850126525975243,12.16867211813223,11.828136484194108,True,False
25416,11605863173817509,1,72,48,48,48,48,48,5.584962500721155,5.584962500721155,6.169925001442312,5.584962500721156,False,False
25417,25335901036254053,3,1791,1063,1010,2000,703,679,6.212663050464746,6.180477277291617,10.806549621985962,9.980139577639157,True,False
25418,1235066919161468921,124,3204,2695,2290,2000,536,519,4.500864690357535,4.493495584165527,11.64565843240871,11.161131882984307,True,False
25419,933882650306723,0,158,0,0,0,0,0,0.0,0.0,7.303780748177103,0,False,True
25420,772947451730714129,77,3861,3133,2704,2000,717,691,4.544080504518012,4.531473405277046,11.914758838941857,11.400879436282183,True,False
25421,104934772834704254,10,4279,2726,2496,2000,964,935,4.43305841495218,4.421180971201098,12.06305796362349,11.285402218862249,True,False
25422,6381625067392106683,638,8558,7281,5925,2000,1176,1132,4.921234141241748,4.9143151099199045,13.06305796362349,12.532599438672984,True,False
25423,5880672705027693323,588,1687,1680,1468,2000,75,74,4.813327653379922,4.812676192795817,10.720244258287567,10.519636252843213,True,False
25424,6485273550869792211,649,7661,6512,5298,2000,1068,1026,5.083954826520233,5.078011766148396,12.903317005908715,12.371232128369622,True,False
25425,1799047333313626873,180,2859,2793,2289,2000,206,205,4.78909776243416,4.78846684760766,11.481294904631097,11.160501747555687,True,False
25426,18254250000000000000,1825,4822,4754,3828,2000,196,195,4.406092408653721,4.4049921335849564,12.235415935602527,11.902375114486025,True,False
25427,76925710706231283,8,258,193,189,2000,99,99,4.2966894159694915,4.29668941596949,8.011227255423254,7.562242424221073,True,False
25428,1213957500000000000,121,7031,5682,4830,2000,1088,1055,4.608128205141316,4.602041662033894,12.7795141791435,12.237807473723135,True,False
25429,338466321665349,0,297,0,0,0,0,0,0.0,0.0,8.214319120800766,0,False,True
25430,55155838382026120,6,3621,2157,2032,2000,1014,984,4.74384791138708,4.726860602127777,11.822172461476178,10.988684686772165,True,False
25431,1182037500000000000,118,5860,4795,4026,2000,992,951,4.463304237485984,4.451024609922906,12.51668494930961,11.97513145692134,True,False
25432,2999482500000000000,300,4421,3751,3117,2000,661,640,4.609203406769137,4.599164378265467,12.110157018954066,11.605942439625368,True,False
25433,2032999465298228395,203,2232,1936,1650,2000,358,351,4.4680723033167045,4.46235785263318,11.124121311829187,10.688250309133178,True,False
25434,2991348518088748667,299,1797,1565,1353,2000,292,286,4.595642129601056,4.59071854605469,10.811374693509942,10.401946123976536,True,False
25435,2000000000000000000,200,614,541,495,2000,106,106,4.326188437998018,4.326188437998018,9.262094845370179,8.951284714966972,True,False
25436,7980000000000000,1,167,46,46,46,46,46,5.523561956057012,5.523561956057012,7.383704292474052,5.523561956057013,False,False
25437,2020398096051982733,202,3518,3416,2863,2000,394,392,5.00196943939545,5.000723496121625,11.78053976747196,11.483311954999353,True,False
25438,99749021380439083928,9975,8840,7847,6583,2000,1010,1000,6.027586487629645,6.027228109459903,13.109830654278793,12.684529482418487,True,False
25439,2760198768599999402,276,8047,6725,5563,2000,1207,1165,4.833356030272381,4.829006896608342,12.974235317355356,12.441647390253612,True,False
25440,1009990518881400000,101,48,44,44,2000,30,30,4.480904852790317,4.480904852790319,5.584962500721156,5.459431618637297,True,False
25441,86860984039154409256,8686,7297,6891,5684,2000,782,777,5.815007422723501,5.814704539742278,12.833087738422009,12.47269083924278,True,False
25442,419170344026042692,42,4057,3172,2770,2000,840,806,4.606153142086091,4.5920681149989395,11.986197587206274,11.43567026093655,True,False
25443,2935793367741452525,294,5505,4642,3856,2000,830,797,4.573857019685133,4.566147563297448,12.426526848451731,11.912889336229961,True,False
25444,1368072975888617977,137,7653,6125,5160,2000,1234,1192,4.557856013593393,4.551465214169579,12.901809684323629,12.333155350310616,True,False
25445,2432150258533850472,243,5638,4870,4112,2000,797,791,4.694188520542132,4.693224309511747,12.460967762570421,12.005624549193879,True,False
25446,1226925000000000000,123,6168,5053,4240,2000,1029,989,4.457508470510099,4.44894800835246,12.590587049915035,12.049848549450562,True,False
25447,428925000000000000,43,4972,3861,3371,2000,1021,981,4.4144221173830855,4.398863492722189,12.279610581052484,11.71896091198421,True,False
25448,359100000000000000,36,4762,3663,3219,2000,1016,976,4.37462410007315,4.361250356648138,12.217351905270334,11.652396861477678,True,False
25449,1127175000000000000,113,4034,3338,2831,2000,676,654,4.419284607930993,4.410868528560561,11.977995368612962,11.467096033905747,True,False
25450,897750000000000000,90,3542,2905,2508,2000,639,619,4.611199887201742,4.601135038198914,11.790348496751914,11.29232163280204,True,False
25451,798000000000000000,80,2081,1739,1512,2000,396,386,4.557291111824515,4.547642204080746,11.023061249735335,10.562242424221072,True,False
25452,668325000000000000,67,1629,1370,1200,2000,326,319,4.4828188432001745,4.476663978966645,10.669770888525518,10.228818690495881,True,False
25453,997500000000000000,100,2923,2799,2390,2000,434,432,4.3744252791598885,4.373175279159888,11.513234113806053,11.222794902868111,True,False
25454,4918564400427704616,492,6120,5348,4494,2000,816,808,5.313083070541624,5.311969000890871,12.579315937580015,12.133784409179908,True,False
25455,4975754250521674059,498,359,357,328,2000,43,43,4.433644413650299,4.433644413650299,8.487840033823051,8.357552004618084,True,False
25456,15960000000000000000,1596,5157,5034,4145,2000,450,448,5.296222714705605,5.29585830977885,12.332316330199218,12.017156386383112,True,False
25457,22443750000000000,2,2656,1465,1398,2000,1071,1031,6.515603368318027,6.473522620204589,11.375039431346925,10.449148645375436,True,False
25458,23408950950000000,2,859,537,522,2000,377,370,6.508439437483302,6.488947906906958,9.746514321138463,9.027905996569885,True,False
25459,4987500000000000,0,1493,0,0,0,0,0,0.0,0.0,10.543998450134541,0,False,True
25460,6883311976615790,1,1813,325,320,325,325,320,8.344295907915816,8.307372830992737,10.824163209744158,8.321928094887362,False,False
25461,4261516592179426,0,1157,0,0,0,0,0,0.0,0.0,10.17617314910749,0,False,True
25462,1954887218045112781,195,4245,4008,3398,2000,654,651,4.696000861708626,4.695349735259869,12.0515488384404,11.73047013718422,True,False
25463,4987500000000000,0,768,0,0,0,0,0,0.0,0.0,9.584962500721156,0,False,True
25464,1878608626253586,0,805,0,0,0,0,0,0.0,0.0,9.65284497300198,0,False,True
25465,1765575000000000000,177,6505,5378,4494,2000,1038,999,4.439426001750559,4.428506986545192,12.667333341605158,12.133784409179908,True,False
25466,2131944699131145,0,94,0,0,0,0,0,0.0,0.0,6.554588851677638,0,False,True
25467,1383581799941266213,138,5135,4366,3724,2000,795,789,4.6713703540614535,4.670285218203952,12.326148561205557,11.862637357558794,True,False
25468,2992500000000000,0,819,0,0,0,0,0,0.0,0.0,9.677719641641009,0,False,True
25469,79800000000000000,8,3178,2149,1973,2000,960,922,4.56351836337967,4.54689790699862,11.63390340934852,10.946175240723559,True,False
25470,27256079683350000,3,1809,1085,1028,2000,697,673,6.20004889708288,6.167698513684279,10.82097669262124,10.005624549193879,True,False
25471,1566688960326034464,157,2558,2180,1861,2000,416,404,4.495886072142139,4.483397403125432,11.320800548881637,10.861862340059151,True,False
25472,24139500000000000,2,3293,1662,1579,2000,1215,1170,6.5704807876448905,6.528018669786899,11.685186796595348,10.624795455860237,True,False
25473,319200000000000000,32,532,525,503,2000,76,75,4.3857369364167855,4.38479308388384,9.055282435501189,8.974414589805527,True,False
25474,3291750000000000000,329,1526,1519,1313,2000,83,81,4.286302444275522,4.284615229665125,10.57553924683453,10.358651200892886,True,False
25475,748125000000000000,75,805,797,729,2000,93,92,4.298156074890145,4.297195038094476,9.65284497300198,9.509775004326936,True,False
25476,2194500000000000000,219,1320,1313,1127,2000,83,82,4.314177718177733,4.3129363487791235,10.366322214245816,10.138271800172221,True,False
25477,1576050000000000000,158,1140,1133,984,2000,91,89,4.449377223163308,4.406936960301351,10.154818109052105,9.94251450533924,True,False
25478,1273370624771361918,127,1019,1013,884,2000,81,80,4.281598440859856,4.280140183736454,9.992938336165814,9.787902559391432,True,False
25479,1496250000000000000,150,1086,1077,935,2000,83,82,4.490370068563034,4.489760130122303,10.084808387804362,9.868822554774999,True,False
25480,1695750000000000000,170,1135,1126,974,2000,76,75,4.255296716603038,4.2544221665324224,10.148476582178278,9.927777962082342,True,False
25481,598500000000000000,60,707,698,637,2000,75,74,4.29619254345019,4.295270582080948,9.4655664048094,9.3151495622563,True,False
25482,738150000000000000,74,782,771,700,2000,74,73,4.304514026764904,4.303341250144,9.611024797307353,9.451211111832329,True,False
25483,1446375000000000000,145,1100,1089,950,2000,82,81,4.400579487572431,4.399810205818829,10.103287808412022,9.89178370321831,True,False
25484,997500000000000000,100,890,879,783,2000,78,77,4.251774996014746,4.250716520097669,9.79766152585376,9.612868497291041,True,False
25485,2094750000000000000,209,1291,1280,1090,2000,85,84,4.466886118329332,4.466111870958069,10.33427328530719,10.090112419664289,True,False
25486,1695750000000000000,170,1166,1154,1001,2000,81,80,4.422468295145546,4.421580005570926,10.187352073200497,9.967226258835993,True,False
25487,1296750000000000000,130,1060,1048,916,2000,78,77,4.337331746466851,4.335951303745003,10.049848549450562,9.839203788096944,True,False
25488,3923225863927853334,392,1656,1643,1351,2000,83,82,4.450168479107555,4.449515410310107,10.693486957499326,10.399811959325685,True,False
25489,2094750000000000000,209,1238,1225,1044,2000,74,73,4.245608566795292,4.244299149464812,10.273795599214264,10.027905996569885,True,False
25490,1296750000000000000,130,970,958,836,2000,71,70,4.278943737055632,4.277128849536182,9.92184093707449,9.707359132080883,True,False
25491,1197000000000000000,120,926,914,802,2000,67,67,4.509627626198718,4.50962762619872,9.854868383260236,9.64745842645492,True,False
25492,1745625000000000000,175,1076,1064,929,2000,67,67,4.207012434255255,4.207012434255255,10.071462362556623,9.859534786382653,True,False
25493,1596000000000000000,160,1044,1033,906,2000,59,59,4.22726404062412,4.22726404062412,10.027905996569885,9.823367240046235,True,False
25494,1506225000000000000,151,1061,1049,922,2000,63,63,4.2194256019673775,4.219425601967379,10.051208940914766,9.848622940429339,True,False
25495,1645875000000000000,165,1310,1295,1120,2000,88,87,4.371230747802017,4.370311485920334,10.355351096424812,10.129283016944967,True,False
25496,1795500000000000000,180,1667,1648,1374,2000,117,116,4.487133804973503,4.486827615661063,10.703038388986418,10.4241662888181,True,False
25497,997500000000000000,100,1322,1300,1073,2000,123,122,4.505142871618317,4.5048202258984915,10.368506461507693,10.067434360756522,True,False
25498,2493750000000000000,249,1976,1949,1597,2000,129,128,4.494223999034058,4.493870541785178,10.948367231584678,10.641148597411233,True,False
25499,2892750000000000000,289,2222,2194,1799,2000,123,123,4.390887431562916,4.390887431562917,11.117643101389092,10.812979471251483,True,False
25500,1795500000000000000,180,2021,1993,1634,2000,105,104,4.40503855797605,4.386690733711669,10.980853606379736,10.674192268145683,True,False
25501,2992500000000000000,299,2497,2459,1996,2000,125,125,4.3965784073667615,4.396578407366761,11.285980105928212,10.96289600533726,True,False
25502,498750000000000000,50,1655,1592,1314,2000,170,169,4.438581909062566,4.437308660915596,10.69261550169458,10.35974956032233,True,False
25503,698250000000000000,70,1995,1932,1563,2000,180,177,4.3689306059322135,4.365889684137867,10.962173031109709,10.610102062999664,True,False
25504,598500000000000000,60,1942,1876,1525,2000,183,181,4.392765259191682,4.3909985102635485,10.923327485419192,10.57459352733761,True,False
25505,2493750000000000000,249,3056,2989,2398,2000,193,191,4.631527366151267,4.630481110447565,11.57742882803575,11.227615943414223,True,False
25506,2493750000000000000,249,3162,3094,2465,2000,198,197,4.819124618771523,4.818437115466217,11.62662165235837,11.267371931265274,True,False
25507,1296750000000000000,130,2683,2614,2099,2000,186,184,4.483430640461187,4.431955293109324,11.389631339260522,11.035486451292154,True,False
25508,1087275000000000000,109,2601,2534,2053,2000,194,193,4.372360170482804,4.371025799305221,11.34485068394299,11.003517912108602,True,False
25509,997500000000000000,100,2361,2295,1883,2000,197,196,4.3976579972892935,4.396409770338938,11.205182326228643,10.878817284614229,True,False
25510,977550000000000000,98,2312,2254,1866,2000,201,200,4.49370677253055,4.492782674576168,11.174925682500678,10.86573327085176,True,False
25511,1765575000000000000,177,2890,2830,2320,2000,200,199,4.355874427668731,4.354301875846001,11.496853777388042,11.179909090014934,True,False
25512,547104322735064780,55,2026,1971,1650,2000,199,198,4.488931715266378,4.486730174187622,10.984418458801137,10.688250309133178,True,False
25513,469626407642617863,47,1918,1856,1592,2000,262,262,4.363161784245001,4.363161784245001,10.905387005018131,10.63662462054365,True,False
25514,418950000000000000,42,1864,1800,1555,2000,274,274,4.6854973954698265,4.6854973954698265,10.86418614465428,10.602698865017965,True,False
25515,491565649991975742,49,1998,1926,1658,2000,279,279,4.5112329095686015,4.511232909568603,10.964340867792417,10.69522829149575,True,False
25516,574690321904385022,57,2167,2093,1795,2000,286,286,4.49691165679339,4.496911656793391,11.081483438093674,10.809768128710413,True,False
25517,180451127819548872,18,1377,1300,1186,2000,284,284,4.736665244847882,4.736665244847882,10.427312844134963,10.211888294546004,True,False
25518,947625000000000000,95,2525,2444,2072,2000,300,300,4.556612862515706,4.5566128625157045,11.302067672526519,11.016808287686555,True,False
25519,2583525000000000000,258,3472,3391,2832,2000,306,306,4.681785174265898,4.681785174265899,11.761551232444479,11.467605550082997,True,False
25520,1855350000000000000,186,3270,3176,2672,2000,365,364,4.637782339820163,4.637382339820164,11.675074920385445,11.383704292474052,True,False
25521,475105306301645191,48,2203,2104,1828,2000,373,371,4.418138591344721,4.413229603537653,11.105253779700883,10.83605035505807,True,False
25522,209475000000000000,21,4818,3344,2991,2000,973,945,4.528343584618826,4.518730807435347,12.23421867823847,11.546412195119352,True,False
25523,997500000000000,0,569,0,0,0,0,0,0.0,0.0,9.152284842306582,0,False,True
25524,997500000000000,0,576,0,0,0,0,0,0.0,0.0,9.169925001442312,0,False,True
25525,1995000000000000,0,1014,0,0,0,0,0,0.0,0.0,9.985841937003341,0,False,True
25526,2574893158754201034,257,3382,3309,2745,2000,280,280,4.4960285664770785,4.496028566477078,11.723660944409984,11.42259043389256,True,False
25527,298154934171311598,30,5093,3858,3409,2000,1126,1085,5.036682293820585,5.015521977494624,12.314300001897534,11.735132884139947,True,False
25528,35733676696699501730,3573,9641,8038,6619,2000,1048,1018,5.936629268516306,5.934754777070891,13.234967080517478,12.692397555468485,True,False
25529,3481762863531468840,348,3486,3419,2770,2000,192,191,4.587173005736544,4.586304824576074,11.767356854125685,11.43567026093655,True,False
25530,13496678365745636624,1350,4606,4538,3675,2000,193,192,4.533059181397942,4.532135926925928,12.169298695792845,11.843528534611089,True,False
25531,7960050000000000000,796,8067,6858,5565,2000,1105,1062,5.2014908690489765,5.196145021719574,12.977816540594029,12.442165972229322,True,False
25532,8020050125313283,1,1173,342,342,342,342,342,8.417852514885897,8.417852514885897,10.19598729802851,8.417852514885897,False,False
25533,4600230468547681543,460,8875,7281,6017,2000,1230,1185,5.007976229289032,5.001432734235047,13.115531404166768,12.554828641429854,True,False
25534,4937131772739133105,494,8411,6824,5696,2000,1012,983,4.7808256972034595,4.776921671061306,13.0380616201336,12.475733430966399,True,False
25535,2174550000000000000,217,8147,6529,5453,2000,1218,1174,4.512971939449719,4.504054071601955,12.992053192852639,12.412834440119273,True,False
25536,8029875000000000000,803,4280,4226,3382,2000,211,210,4.733017715662998,4.732419396938613,12.06339508128851,11.723660944409984,True,False
25537,828003849076214829,83,6858,5362,4622,2000,1187,1146,4.43350438067927,4.424517500772389,12.743572188935634,12.174301544467632,True,False
25538,31909237743646938578,3191,5120,5052,4061,2000,202,200,5.078820709307288,5.062761515619349,12.321928094887362,11.987619311924325,True,False
25539,2930260834860847729,293,8246,6839,5649,2000,1239,1195,4.696733700715526,4.688881981297685,13.009478745888066,12.463779785335385,True,False
25540,74229896441922677,7,332,308,298,2000,113,112,4.373256382319196,4.372500539185827,8.375039431346925,8.219168520462162,True,False
25541,1711519663554514143,171,3829,3223,2718,2000,608,591,4.391572998683911,4.382417302301402,11.902751944850161,11.40832974076739,True,False
25542,50000000000000000000,5000,9816,8200,6740,2000,1096,1065,5.814282985265276,5.812605997431065,13.260919533662905,12.71853287606922,True,False
25543,1306277090392290585,131,7316,5720,4867,2000,1073,1042,4.548011969009042,4.542625849777606,12.836839359748716,12.248817059278503,True,False
25544,494474703032562250,49,1884,1828,1542,2000,204,203,4.405158714994806,4.404057944455429,10.879583249612784,10.590587049915035,True,False
25545,1722740141446366471,172,1141,1135,986,2000,91,90,4.424262254993704,4.4234115315358915,10.156083076288681,9.945443836377912,True,False
25546,1743816596439350729,174,5578,4755,4046,2000,839,829,4.399371323278754,4.3955338335713705,12.445532219028312,11.982280604558284,True,False
25547,2487670439021736434,249,6492,5595,4760,2000,919,908,4.546179555077054,4.543327821308699,12.664447284547972,12.216745858195306,True,False
25548,449495057008969265,45,4648,3698,3294,2000,944,933,4.8822449411242115,4.881096997402755,12.18239435340453,11.685624839726355,True,False
25549,2176381721525016,0,1075,0,0,0,0,0,0.0,0.0,10.070120944476823,0,False,True
25550,15843083896415627,2,123,64,64,1774,64,64,5.9151593911676255,5.9151593911676255,6.94251450533924,6.0,False,False
25551,4588500000000000000,459,1821,1813,1554,2000,90,89,4.296693391084582,4.295864688010744,10.830515206976838,10.60177078840771,True,False
25552,8114411832979366130,811,4975,4283,3493,2000,686,663,5.038039585103686,5.03181861866989,12.280480810318373,11.770250927394864,True,False
25553,95898024490460126,10,1274,1133,1084,2000,454,452,4.5287276363515065,4.526835100136788,10.3151495622563,10.08214904135387,True,False
25554,119700000000000000,12,312,301,289,2000,81,79,4.472755385786341,4.469897859922892,8.285402218862249,8.174925682500678,True,False
25555,24241940246063887,2,886,555,538,2000,383,376,6.510972484538115,6.491976824885514,9.791162888555018,9.071462362556623,True,False
25556,2992500000000000000,299,1489,1482,1273,2000,83,82,4.466260546282345,4.465581179972992,10.5401280385821,10.314016703901357,True,False
25557,22607899648770367098,2261,5532,5375,4435,2000,472,470,4.549834555893606,4.549106679752394,12.433585441150495,12.114718389188425,True,False
25558,8012794650593932,1,1068,310,310,310,310,310,8.276124405274237,8.276124405274237,10.060695931687555,8.276124405274238,False,False
25559,3125628605081546,0,1273,0,0,0,0,0,0.0,0.0,10.314016703901357,0,False,True
25560,505623289305064299,51,6466,5008,4324,2000,1235,1192,4.4088178614266305,4.3995943896521785,12.658657792126085,12.07815080773465,True,False
25561,220429404767401145,22,3534,2667,2380,2000,827,795,4.691210015075471,4.677230467840746,11.787086324551616,11.216745858195306,True,False
25562,99750000000000000,10,552,403,382,2000,173,170,4.806743736533689,4.796575570714371,9.108524456778168,8.57742882803575,True,False
25563,128677500000000000,13,4887,3421,3095,2000,1236,1193,4.789308154070848,4.7686762022814655,12.254733389246674,11.595723694101627,True,False
25564,30400488910316484455,3040,5268,5171,4224,2000,372,371,4.555106289343312,4.5546382523683935,12.363039630256514,12.044394119358454,True,False
25565,588525000000000000,59,6061,4590,3996,2000,1004,973,4.3763064151207995,4.364801663318534,12.565340127208454,11.964340867792417,True,False
25566,498750000000000000,50,5731,4261,3732,2000,988,958,4.464585349735285,4.458004657558812,12.484571180915806,11.86573327085176,True,False
25567,299250000000000000,30,5094,3613,3206,2000,966,938,4.480749019563457,4.470378425282995,12.314583244274194,11.646558710154547,True,False
25568,403987500000000000,40,5511,4012,3524,2000,967,938,4.402150223059167,4.393986827703485,12.428098411832506,11.782998208920414,True,False
25569,458850000000000000,46,5649,4132,3624,2000,975,945,4.5083627905086905,4.501914490872201,12.463779785335385,11.823367240046235,True,False
25570,857850000000000000,86,6468,4925,4276,2000,971,942,4.467285997654149,4.460682910886019,12.659103963473662,12.06204613772049,True,False
25571,877800000000000000,88,6429,4897,4238,2000,976,945,4.388894380427342,4.376497146597733,12.650378635397704,12.04916787237217,True,False
25572,518700000000000000,52,5941,4397,3835,2000,983,953,4.589914241538512,4.5824242550536844,12.536490073199161,11.905010862390295,True,False
25573,224437500000000000,22,4915,3354,2973,2000,954,925,4.394095899248027,4.38371935050797,12.262975701227942,11.537703747907644,True,False
25574,229425000000000000,23,4971,3394,3004,2000,978,948,4.887759114312304,4.869248794228246,12.279320387942608,11.552669097514272,True,False
25575,176557500000000000,18,4720,3136,2802,2000,982,953,4.398781098603394,4.390973480123868,12.204571144249204,11.452241240430817,True,False
25576,937650000000000000,94,6648,5050,4375,2000,1019,990,4.870914056390621,4.867365379589558,12.698704666770345,12.095067301607054,True,False
25577,428925000000000000,43,5825,4190,3675,2000,1037,1007,4.439842644722809,4.430505674949208,12.508042334429005,11.843528534611089,True,False
25578,132849813861852500,13,2107,1868,1759,2000,649,646,4.4286436330248735,4.427643132774747,11.040974598817305,10.78053976747196,True,False
25579,159120136088445000,16,2952,2192,1977,2000,734,708,4.426128384901699,4.412915698745252,11.527477006060396,10.949097155729207,True,False
25580,243047931404775000,24,413,408,396,2000,60,59,4.290875138370774,4.287758062725514,8.689997971419446,8.62935662007961,True,False
25581,1596000000000000000,160,4714,4361,3683,2000,743,738,4.883874699022067,4.882488160101804,12.202736043250168,11.846665681899738,True,False
25582,299611748621850000,30,370,365,362,2000,63,63,4.291655618467321,4.291655618467321,8.531381460516313,8.499845887083206,True,False
25583,2509080479173700,0,569,0,0,0,0,0,0.0,0.0,9.152284842306582,0,False,True
25584,3637164888590417625,364,8284,6646,5585,2000,1040,1010,4.374656902695144,4.365920454322694,13.016111838220512,12.447341565370678,True,False
25585,24920542500000000000,2492,5638,5467,4524,2000,523,520,5.571473038003595,5.570727938827399,12.460967762570421,12.14338321398982,True,False
25586,299183899274894649614,29918,2839,2828,2290,0,0,0,0.0,0.0,11.471167133724391,11.161131882984307,False,True
25587,17983137578663658990,1798,9856,8311,6805,2000,1242,1201,5.73497167516394,5.7330557132140365,13.266786540694902,12.732379446391358,True,False
25588,27730500000000000,3,641,417,402,2000,266,261,5.554169352134705,5.539751551827962,9.324180546618742,8.651051691178928,True,False
25589,3351487758648637467,335,1541,1528,1262,2000,78,77,4.385477385144264,4.384534563311551,10.589651146514786,10.30149619498255,True,False
25590,15697489661098508286,1570,2328,2315,1919,2000,92,91,4.924755847883488,4.924282941454341,11.184875342908283,10.90613899619538,True,False
25591,7710803236898815808,771,4131,4071,3262,2000,210,209,4.6281406337702276,4.6274070559109415,12.01227534485612,11.671541066711884,True,False
25592,726739482163399172,73,2148,2089,1729,2000,200,199,4.35377793729835,4.352205160632637,11.068778277985412,10.755722153642282,True,False
25593,1378088372754781175,138,2779,2723,2222,2000,200,199,4.4520466904809535,4.451037840111807,11.440350119200563,11.117643101389092,True,False
25594,6952575000000000000,695,9200,7565,6207,2000,1227,1182,4.761909566404402,4.756315268738581,13.167418145831737,12.599680430581166,True,False
25595,4964132219175863998,496,4339,4198,3498,2000,463,461,4.917307279955984,4.916856811276494,12.083146870816742,11.772314573921653,True,False
25596,4109256443849225254,411,90,84,84,2000,33,33,4.583593488552786,4.583593488552786,6.491853096329675,6.392317422778761,True,False
25597,111800000000000000000,11180,9229,8080,6743,0,0,0,0.0,0.0,13.17195861907712,12.719174882328078,False,True
25598,150442235391122569,15,1142,1091,994,2000,196,193,4.405911598359807,4.40399662094632,10.157346935362844,9.957102041562287,True,False
25599,13024680264482460000,1302,9208,7583,6269,2000,1024,995,4.484694874071186,4.478164847382503,13.16867211813223,12.61401961443572,True,False
25600,26748105890143900283,2675,6191,5946,4920,2000,678,675,5.601128256555664,5.6008633909749435,12.595956743943162,12.264442600226602,True,False
25601,235111318273403491,24,1415,1365,1207,2000,194,193,4.382425016420507,4.381082957969318,10.466586337719244,10.237209960755022,True,False
25602,149532563420600007061,14953,3521,3505,2904,0,0,0,0.0,0.0,11.781769511863132,11.50382573799575,False,True
25603,1803218423058507,0,851,0,0,0,0,0,0.0,0.0,9.733015321685963,0,False,True
25604,2992500000000000,0,1220,0,0,0,0,0,0.0,0.0,10.252665432450248,0,False,True
25605,7565932098819633,1,1733,339,335,339,339,335,8.405141463136346,8.38154264307735,10.75905593916017,8.388017285345136,False,False
25606,8157514985815945617,816,1848,1841,1594,2000,83,82,4.670717994938766,4.670291863256983,10.851749041416058,10.638435913990472,True,False
25607,14605371694480006097,1461,9713,8198,6735,2000,1224,1182,5.914131774683046,5.91234805740614,13.245701246285764,12.717462230349666,True,False
25608,4972758165391798268,497,1706,1695,1401,2000,79,78,4.658197260256947,4.657269683222972,10.73640193131829,10.452241240430817,True,False
25609,24923810420772375000,2492,2472,2460,2018,2000,94,93,5.0932824405710795,5.092895369813549,11.271463027904375,10.978710459106358,True,False
25610,2988731017544656160,299,6611,5715,4855,2000,912,901,4.472712632759418,4.470414152877749,12.690652799348483,12.245255580306555,True,False
25611,5370444865632000000,537,1936,1929,1637,2000,86,85,4.349829974116996,4.349093907166535,10.918863237274595,10.676838606474153,True,False
25612,1007475000000000000,101,6870,5317,4543,2000,970,941,4.510654693848702,4.502769254013959,12.746094383705463,12.149429590056743,True,False
25613,1380540000000000000,138,7629,6043,5094,2000,1218,1177,4.657548649431811,4.651843238918172,12.897278247411263,12.314583244274194,True,False
25614,27737862287994390000,2774,5110,4464,3610,2000,675,655,5.737891686681935,5.734761163389456,12.319107575824983,11.817783121774534,True,False
25615,1545934193588291068,155,3045,2966,2478,2000,293,293,4.366354335884003,4.366354335884004,11.572226512793694,11.274960472140602,True,False
25616,7755824280255518,1,1801,409,403,409,409,403,8.675957032941747,8.641727204090891,10.814582465906277,8.654636028527968,False,False
25617,89964525000000000000,8996,9430,8172,6750,2000,1040,1017,6.1117859955994325,6.089026254633399,13.20304205556246,12.720671786825555,True,False
25618,9975000000000000,1,1616,500,486,500,500,486,8.965784284662087,8.90427450965776,10.658211482751796,8.92481250360578,False,False
25619,253874595601521281,25,70,68,68,2000,38,38,4.205903197281742,4.205903197281742,6.129283016944966,6.087462841250339,True,False
25620,20887345732931185251,2089,4870,4802,3846,2000,205,203,5.230867905650671,5.2302119779176275,12.249706056969705,11.909143047339898,True,False
25621,44401415926559352493,4440,9521,8070,6633,2000,1045,1016,5.272911328121287,5.270714435829153,13.216897393833372,12.695445810537382,True,False
25622,5934985801441886389,593,2301,2285,1886,2000,100,99,4.273219433344537,4.272048138999444,11.16804526822409,10.881113960675096,True,False
25623,3969551327093757429,397,2083,2065,1696,2000,109,108,4.386822719577635,4.386178491107025,11.024447124040647,10.727920454563199,True,False
25624,4967143638319959612,497,2260,2241,1826,2000,124,122,5.129124576547399,5.119363162312915,11.14210705730255,10.834471049984222,True,False
25625,2987332073357324905,299,1966,1947,1607,2000,114,113,4.419299976800894,4.418936756150648,10.94104760634058,10.650154213675094,True,False
25626,4949709612748185817,495,2308,2289,1869,2000,120,119,4.5377812951295,4.537511292829067,11.172427508645482,10.868050853745158,True,False
25627,11359533743705824716,1136,2821,2801,2305,2000,119,118,4.640431025581107,4.640194058371189,11.461990950585571,11.1705510353167,True,False
25628,198920939465759581447,19892,7667,6893,5712,0,0,0,0.0,0.0,12.904446464505721,12.479780264029099,False,True
25629,3972751317306132330,397,305,303,279,2000,39,39,4.194831859354612,4.194831859354611,8.252665432450248,8.124121311829187,True,False
25630,16736322309271022287,1674,6212,5366,4346,2000,829,796,5.414494767433645,5.4098813755991895,12.600842114387302,12.085472459181283,True,False
25631,6782278282287260,1,1554,295,291,295,295,291,8.204571144249204,8.170672839164459,10.60177078840771,8.184875342908283,False,False
25632,9975000000000000,1,2112,582,566,582,582,566,9.184875342908283,9.12025396752265,11.044394119358454,9.144658242831882,False,False
25633,199500000000000000,20,2188,1966,1818,2000,616,613,4.401846632171243,4.3991397668597205,11.095397022792557,10.828136484194108,True,False
25634,4040100250626566416,404,6706,5664,4661,2000,988,947,4.65560457416991,4.648275287764313,12.711236767793784,12.186423797538945,True,False
25635,68551808955000000000,6855,5823,5718,4687,2000,428,426,5.054096611219194,5.05365777413746,12.50754690343482,12.194449079479025,True,False
25636,70629524043765564531,7063,4002,3517,2851,2000,524,509,5.763418474424568,5.759952269502356,11.966505451905741,11.477252323937952,True,False
25637,7161568217506711319,716,3641,3156,2581,2000,500,485,4.87784345982374,4.869997265564709,11.830119025444516,11.33371442609397,True,False
25638,354466447984413293,35,4735,3605,3221,2000,971,955,4.952116294533523,4.945261524823914,12.209148710355747,11.653292945382814,True,False
25639,17825325000000000000,1783,6052,5786,4787,2000,738,732,6.442693712168179,6.440311574066368,12.563196272216738,12.224906090719767,True,False
25640,2063586863100000000,206,5400,4758,3991,2000,778,772,4.702254007531718,4.70120218421976,12.398743691938193,11.962534563511271,True,False
25641,9975000000000000,1,595,205,202,205,205,202,7.6794800995054455,7.6502118068225196,9.216745858195306,7.658211482751795,False,False
25642,42804141342278535095,4280,9321,8036,6646,2000,1045,1018,5.935452588916626,5.933173486025643,13.186269026842997,12.698270577692032,True,False
25643,858108116323525,0,238,0,0,0,0,0,0.0,0.0,7.894817763307944,0,False,True
25644,503426330354895272,50,5178,4097,3618,2000,964,951,4.59133135614017,4.585347192235132,12.338179249900112,11.82097669262124,True,False
25645,611166451717190632,61,5500,4368,3834,2000,969,951,4.6157133142864595,4.603929357484994,12.425215903299383,11.904634621668151,True,False
25646,1159911063664564345,116,6701,5434,4627,2000,1009,984,4.831154505909986,4.826092864211084,12.710160691782914,12.175861383565296,True,False
25647,876223730128707089,88,6305,4916,4269,2000,1011,985,4.658910298847348,4.650524517472379,12.622280655215583,12.059682447247638,True,False
23816,11219388395322664180,1122,7161,6324,5282,2000,872,862,5.1291937857063195,5.12820486346593,12.805945351802933,12.366868586167094,True,False
23817,422263695000000000,42,1811,1763,1492,2000,195,195,4.416005349453794,4.416005349453796,10.822570830950168,10.543031820255237,True,False
23818,449694767265532737,45,1904,1840,1586,2000,265,265,4.395282170797546,4.395282170797547,10.894817763307943,10.63117705570398,True,False
23819,111857384383185650,11,2560,1859,1692,2000,679,657,5.242123210807816,5.2181118118249845,11.321928094887362,10.72451385311995,True,False
23820,94762500000000000,9,3529,2361,2233,2000,983,966,4.426279384382453,4.419993890885351,11.785043714779723,11.124767535822473,True,False
23821,1353967902525497,0,813,0,0,0,0,0,0.0,0.0,9.667111542075027,0,False,True
23822,1296750000000000000,130,7747,6185,5252,2000,1233,1192,4.529057829427917,4.519158919409528,12.919422024335052,12.358651200892886,True,False
23823,1406475000000000000,141,7769,6221,5268,2000,1230,1189,4.8788685478841805,4.875020250407096,12.92351319630841,12.363039630256514,True,False
23824,3002475000000000000,300,8455,6886,5743,2000,1224,1184,4.47225958160999,4.465353447204519,13.045589039297345,12.48758884638603,True,False
23825,2354100000000000000,235,8161,6575,5496,2000,1217,1176,4.657810015416347,4.652536949769509,12.99453022688921,12.4241662888181,True,False
23826,3646475682520084,0,1346,0,0,0,0,0,0.0,0.0,10.394462694610317,0,False,True
23827,40000000000000000,4,503,434,416,2000,189,188,4.772272017052628,4.769456197265095,8.974414589805527,8.700439718141093,True,False
23828,99750000000000000,10,900,833,769,2000,190,189,4.711427993330779,4.70867627350589,9.813781191217037,9.586839787961827,True,False
23829,1115460285466227588,112,939,927,813,2000,63,63,4.2883564379609584,4.28835643796096,9.874981347653774,9.667111542075027,True,False
23830,199500000000000000,20,414,403,384,2000,76,75,4.27549127721438,4.2742520616269895,8.693486957499326,8.584962500721156,True,False
23831,1085300651629072681,109,6943,5589,4768,2000,1088,1056,5.132045153069258,5.111575322986592,12.761343456100649,12.219168520462162,True,False
23832,9973179330397593732,997,9329,7842,6392,2000,1254,1212,5.129328226960695,5.124003120821665,13.18750672775828,12.642051692927977,True,False
23833,5482672671048620067,548,2507,2481,2027,2000,126,125,4.4895449631404185,4.489258402973083,11.291746280833939,10.985130373466898,True,False
23834,4639346628717302705,464,8000,6706,5616,2000,1020,994,4.590764132439708,4.586575884378621,12.965784284662087,12.45532722030456,True,False
23835,68787844896140854,7,4131,2544,2355,2000,1208,1167,4.548880083347881,4.533693717568107,12.01227534485612,11.201511344500146,True,False
23836,305664997014837683,31,1601,1534,1290,2000,191,189,4.380502705556863,4.378778318471645,10.644757592516257,10.333155350310616,True,False
23837,1361885475195000,0,290,0,0,0,0,0,0.0,0.0,8.179909090014934,0,False,True
23838,5831987570810338,1,895,158,155,158,158,155,7.303780748177102,7.253147836784697,9.805743872151618,7.2761244052742375,False,False
23839,658199936523777847,66,6177,4714,4103,2000,1019,989,4.48464269184715,4.478172607643057,12.59269061535341,12.002463438892535,True,False
23840,9975000000000000,1,1173,377,368,377,377,368,8.558420713268662,8.503367961273533,10.19598729802851,8.523561956057012,False,False
23841,150983097825896450,15,358,282,271,2000,104,104,4.402127563183555,4.402127563183555,8.483815777264256,8.08214904135387,True,False
23842,4650677840297013,0,1480,0,0,0,0,0,0.0,0.0,10.531381460516313,0,False,True
23843,148725192512074368,15,4962,3418,3087,2000,1205,1165,4.5492750707107135,4.532037423635502,12.276706019892432,11.591989767615125,True,False
23844,28599853362719216,3,710,462,444,2000,294,289,5.586075160780275,5.5731600316289835,9.471675214392045,8.794415866350105,True,False
23845,13728502265900149,1,2632,1016,987,1016,1016,987,9.988684686772164,9.920269553893892,11.361943773735241,9.946906274456397,False,False
23846,52047619774910145,5,3825,2328,2163,2000,1179,1139,6.097485319282686,6.064497669522056,11.901244032467376,11.078817949961978,True,False
23847,3651074979575286,0,634,0,0,0,0,0,0.0,0.0,9.308339030139408,0,False,True
23848,37835175000000000000,3784,5134,5074,4086,2000,266,266,5.375396859824939,5.3753968598249395,12.325867580575418,11.996473488733228,True,False
23849,1214955000000000000,121,1907,1645,1427,2000,334,327,4.553926006029608,4.548955060477191,10.897089128312755,10.478769619475763,True,False
23850,4137552720490980000,414,460,419,388,2000,89,89,4.5875522909733215,4.5875522909733215,8.845490050944376,8.599912842187127,True,False
23851,99697143010608493636,9970,3442,3426,2845,2000,123,122,5.269941552171549,5.269713282469993,11.749031382040204,11.474212937193943,True,False
23852,246681750000000000,25,4641,3476,3094,2000,1062,1022,4.420834947658122,4.406813876655745,12.180219982170192,11.595257481449035,True,False
23853,293265000000000000,29,5647,4110,3634,2000,1209,1168,4.556529987482634,4.549688959940634,12.46326891598129,11.827342704234116,True,False
23854,897243107769423558,90,5019,4030,3465,2000,920,882,4.61752769326369,4.606762358437011,12.29318423075951,11.758639637024576,True,False
23855,51366428429124286,5,1758,1452,1417,2000,714,709,5.730230714601494,5.7215228998749215,10.779719355143405,10.468624042918018,True,False
23856,232911408491885637,23,459,446,428,2000,76,75,4.39791107074809,4.395882081942468,8.842350343413807,8.741466986401146,True,False
23857,9975000000000000,1,2118,580,564,580,580,564,9.179909090014936,9.115064882300388,11.048486873992337,9.139551352398794,False,False
23858,647732816383564170,65,6667,5154,4468,2000,1190,1148,4.39656783703313,4.383543687010206,12.702822011777029,12.125413470483315,True,False
23859,126347132066476266145,12635,7047,6112,4943,0,0,0,0.0,0.0,12.782793498733353,12.271171191139773,False,True
23860,8163408667850525,1,199,57,57,57,57,57,5.832890014164743,5.832890014164743,7.636624620543649,5.832890014164741,False,False
23861,361435639840811917,36,4134,3278,2933,2000,876,866,4.573621977576431,4.570467430066406,12.013322673425447,11.518161355756956,True,False
23862,2937614742318590473,294,2701,2647,2144,2000,151,150,4.367894624568138,4.361438483007127,11.399277924508967,11.066089190457772,True,False
23863,1203007518796992,0,180,0,0,0,0,0,0.0,0.0,7.491853096329675,0,False,True
23864,142120300129416451,14,1855,1664,1562,2000,562,560,4.380707813667702,4.379776601755953,10.857203471508166,10.60917873814198,True,False
23865,20974885655912541998,2097,2482,2469,2035,2000,83,82,4.51784415041266,4.517124224609062,11.277287400130357,10.99081307915361,True,False
23866,2093821599851929990,209,6892,5781,4904,2000,970,954,4.616412562120074,4.611124753524665,12.750706986224948,12.259743263690781,True,False
23867,9932381336917894948,993,8183,7050,5903,2000,983,966,5.047012804820101,5.0445634376772786,12.998414136589261,12.527232626447567,True,False
23868,990892424793345824,99,6644,5177,4471,2000,1078,1047,4.641623504420386,4.6369967297180885,12.697836357962377,12.126381830542641,True,False
23869,757296535867084925,76,6811,5225,4491,2000,1212,1171,4.602391359791371,4.596523215499403,12.733650916838716,12.132821006779572,True,False
23870,293471289532202732,29,3915,2978,2644,2000,877,842,4.4446982266281605,4.430751896096576,11.934796592178403,11.368506461507693,True,False
23871,31969675500000000000,3197,2505,2499,2058,2000,87,86,4.440181511181032,4.439518886050215,11.290594888082572,11.007027266893969,True,False
23872,3829901250000000000,383,4214,3611,2987,2000,613,594,4.788491196545387,4.780553242571275,12.040974598817305,11.544481522310791,True,False
23873,2871482011232986938,287,6734,5786,4909,2000,944,933,4.715364293360944,4.713876030546242,12.717248005827646,12.261213451366048,True,False
23874,5113115276925302438,511,3216,3158,2561,2000,148,147,4.468006219583639,4.4604918494162415,11.651051691178928,11.322491537597468,True,False
23875,458791781587052319,46,6242,4704,4115,2000,1202,1162,4.439805690464415,4.426640688854685,12.607792641919211,12.006676715308988,True,False
23876,460477862245792174,46,6247,4709,4117,2000,1205,1165,4.471138513722148,4.463956624404661,12.608947814565514,12.007377733321269,True,False
23877,77829234135162686,8,4173,2632,2417,2000,1204,1164,5.194823167755087,5.171874805342734,12.026869205263395,11.239001757765582,True,False
23878,1200363066505656953,120,7607,5972,5036,2000,1229,1184,4.603235866340977,4.597169849504121,12.893111889711307,12.298062567719017,True,False
23879,325579349170672161,33,5979,4365,3837,2000,1218,1173,4.471881860207699,4.463225465936224,12.545688495560213,11.905763049602793,True,False
23880,381791531059807113,38,6137,4544,3984,2000,1221,1178,4.557543324696501,4.55112532387186,12.58331786813751,11.960001932068081,True,False
23881,862396209806265145,86,6957,5460,4675,2000,1245,1203,4.3952348530811145,4.385244323616616,12.76424960536716,12.19075064966236,True,False
23882,181148420653510137,18,5227,3740,3346,2000,1250,1206,4.6020307699363485,4.586355485543068,12.351767443959893,11.708221730038353,True,False
23883,160067562229362829,16,5096,3638,3265,2000,1232,1189,4.552985690088368,4.536384363241534,12.3151495622563,11.672867276433793,True,False
23884,169778586249950634,17,4827,3536,3170,2000,1175,1132,4.494948046861901,4.481139238448069,12.236911111444602,11.63026712502677,True,False
23885,103871671384186665,10,4341,3075,2786,2000,1153,1112,5.771279325034194,5.742424125338699,12.083811707252881,11.443979542601253,True,False
23886,360842091428683188,36,4678,3600,3159,2000,996,956,4.381434399511895,4.368061629334392,12.191676146352428,11.625252221746873,True,False
23887,1396278194016063355,140,5177,4258,3591,2000,854,820,4.40866730263027,4.397996630889697,12.337900602860927,11.810169937664659,True,False
23888,120405039884557788,12,3139,2275,2069,2000,823,791,5.309788111312486,5.284426694068541,11.616089313582115,11.014717929860009,True,False
23889,135815872413957763,14,2876,2108,1908,2000,743,717,4.6891035243836825,4.672201516195898,11.489847960439297,10.897845456005511,True,False
23890,215079323058797616,22,2713,2071,1848,2000,639,621,4.611680170756296,4.601260076971035,11.405673332281866,10.851749041416058,True,False
23891,118865001153677732,12,2211,1631,1481,2000,584,567,5.1645558398949865,5.1456655872675094,11.110483309816226,10.532355925288847,True,False
23892,834658456333437485,83,2794,2301,1985,2000,513,496,4.601410863056768,4.589832850200587,11.448116305409464,10.95492329203032,True,False
23893,1491132128299001480,149,1971,1701,1470,2000,338,331,4.553604820431734,4.548633258174682,10.944712061043486,10.521600439723727,True,False
23894,507294076859406052,51,1025,855,768,2000,216,212,4.35851191674005,4.35350910265713,10.001408194392809,9.584962500721156,True,False
23895,776667257739824717,78,545,462,429,2000,111,111,4.406158873721935,4.4061588737219335,9.090112419664289,8.744833837499545,True,False
23896,215215032688264177,22,346,282,267,2000,99,99,4.286961633920526,4.286961633920526,8.434628227636725,8.060695931687555,True,False
23897,4871464394186670000,487,2511,2213,1861,2000,367,360,4.4989640368251465,4.4940955571993575,11.2940463132715,10.861862340059151,True,False
23898,41587079037503066812,4159,5785,5034,4064,2000,749,721,5.345224558819548,5.340292831737438,12.498101243994853,11.988684686772165,True,False
23899,45434360533762810568,4543,5628,4900,3949,2000,734,708,5.4756905230638795,5.471434171744628,12.458406613236532,11.947271652460348,True,False
23900,53510425552319488,5,719,656,641,2000,260,260,4.721964559079138,4.7219645590791375,9.489847960439297,9.324180546618742,True,False
23901,3567431089338101538,357,6467,5435,4494,2000,966,926,4.53570909839506,4.523582119139089,12.658880895047878,12.133784409179908,True,False
23902,14961235388484349775,1496,9604,8091,6565,2000,1251,1211,5.377752263300142,5.375132852826924,13.229419688230417,12.68057929578025,True,False
23903,6044850000000000000,604,5899,5047,4128,2000,822,788,4.75900884347327,4.749609647994887,12.5262546938286,12.011227255423254,True,False
23904,244507369820765048,24,450,443,429,2000,68,67,4.260424859653551,4.258994895828875,8.813781191217037,8.744833837499545,True,False
23905,2948886784508338281,295,7371,6154,5078,2000,1098,1055,4.566682635462304,4.5581094628766845,12.84764464308332,12.310044679647506,True,False
23906,3054519346241301536,305,4148,3991,3345,2000,486,484,5.201638330257762,5.201300478748141,12.018200178813226,11.707790495528823,True,False
23907,5052056058367500000,505,1875,1867,1606,2000,92,90,4.3301457628169,4.328700692445844,10.872674880270605,10.649256177517314,True,False
23908,20700194014499996010,2070,9410,8093,6514,2000,1224,1178,5.617518600406551,5.613703510939677,13.1999790076159,12.669328004395904,True,False
23909,98955329073242197,10,3629,2434,2285,2000,1002,982,4.379076921493224,4.369670954661106,11.825356341479335,11.157978449945432,True,False
23910,996643397132102979,100,6322,5048,4347,2000,1007,981,4.457713114568672,4.448189790236649,12.626165319904498,12.085804380278086,True,False
23911,4986860599244751378,499,8181,6790,5684,2000,1020,994,4.648699453580136,4.6446552243959545,12.99806148563642,12.47269083924278,True,False
23912,4983526540365784744,498,8275,6820,5685,2000,1022,992,4.419696135699964,4.412073632658494,13.014543596581943,12.47294463377961,True,False
23913,2992332932741376554,299,7812,6345,5337,2000,993,963,4.69059589460248,4.686072555609962,12.93147623388679,12.381813295988316,True,False
23914,975367631945939,0,40,0,0,0,0,0,0.0,0.0,5.321928094887363,0,False,True
23915,997500000000000,0,474,0,0,0,0,0,0.0,0.0,8.888743248898258,0,False,True
23916,7673192656876305495,767,4234,4179,3344,2000,211,210,4.818639015354476,4.818112671862714,12.047805554007589,11.707359132080883,True,False
23917,19609330698393175,2,317,262,261,2000,230,230,6.436198331637082,6.436198331637081,8.308339030139408,8.027905996569885,True,False
23918,1944750071324968416,194,4061,3418,2885,2000,641,622,4.4307843469255666,4.420809687331165,11.987619311924325,11.494355603532846,True,False
23919,97831944713643657,10,4181,2537,2324,2000,1043,1014,4.378430179875279,4.368587039380115,12.029632328044137,11.18239435340453,True,False
23920,539208883803370321,54,4845,3948,3498,2000,910,899,4.739940975530608,4.734379574417892,12.242280950302444,11.772314573921653,True,False
23921,18834308188718488494,1883,9692,8174,6625,2000,1237,1197,4.965901310453989,4.9624762371720745,13.242578689451346,12.693704739225286,True,False
23922,85941885728254587,9,259,251,240,2000,83,82,4.405770013325149,4.4043111267110335,8.016808287686555,7.906890595608519,True,False
23923,3066093394135862888,307,5002,4722,3971,2000,713,709,4.640424547216505,4.6396245205489475,12.28828934218097,11.955286645524469,True,False
23924,1709494169975732829,171,702,612,560,2000,114,114,4.3065475550665,4.3065475550665,9.45532722030456,9.129283016944967,True,False
23925,3305495276431635000,331,1793,1566,1350,2000,276,270,4.386311854489585,4.377644205675544,10.808159772868375,10.398743691938193,True,False
23926,199500000000000000,20,432,425,408,2000,82,80,4.420811370752204,4.418455505709595,8.754887502163468,8.672425341971495,True,False
23927,3294545683276384165,329,1548,1541,1328,2000,85,83,4.258186930603204,4.256324382693655,10.59618975614441,10.375039431346925,True,False
23928,13468337967041187,1,36,25,25,25,25,25,4.643856189774724,4.643856189774724,5.169925001442312,4.643856189774724,False,False
23929,7964142731980093714,796,5810,5504,4568,2000,722,718,4.641378338678838,4.640578338678838,12.50432244829189,12.157346935362844,True,False
23930,18855281407417145640,1886,9035,7647,6329,2000,1010,984,4.418150512907738,4.412286714289637,13.141308885751961,12.627761852402616,True,False
23931,612964540246769977,61,2874,2356,2044,2000,543,525,4.3765960845238885,4.3654354791865195,11.488844346457336,10.997179480937621,True,False
23932,169229002068516641,17,1191,1124,983,2000,184,183,4.43659072411011,4.434447830571976,10.217957697864113,9.94104760634058,True,False
23933,10024875000000000000,1002,4441,4383,3530,2000,216,214,5.076996240810587,5.060059194846396,12.116668855967113,11.785452468158542,True,False
23934,67929750000000000000,6793,6817,6540,5409,2000,735,730,5.863516149190372,5.862958017389671,12.73492126770526,12.401146182153498,True,False
23935,302000000000000000,30,1898,1509,1333,2000,419,408,4.619099903870561,4.607042807915891,10.89026427702111,10.380461065088973,True,False
23936,29901618569535963,3,495,423,420,2000,277,277,5.236147931368571,5.236147931368571,8.951284714966972,8.714245517666123,True,False
23937,15011988319757075579,1501,4987,4885,4001,2000,396,394,4.975901240006168,4.97535646857867,12.283956487665113,11.966144913345602,True,False
23938,9975000000000000,1,1748,531,517,531,531,517,9.052568050804155,8.994649241948856,10.7714894695006,9.014020470314934,False,False
23939,3531113742961285441,353,3824,3730,3099,2000,372,371,4.588429580296596,4.587940901358659,11.900866807980748,11.597587039586216,True,False
23940,3739354727755239649,374,3866,3322,2754,2000,564,545,4.6199011114804875,4.609437929278994,11.916625922211235,11.427312844134963,True,False
23941,101745000000000000,10,4817,3221,2924,2000,1216,1174,4.786022889555034,4.765878637469277,12.233919208586977,11.513727595952437,True,False
23942,4209450000000000000,421,4757,4058,3346,2000,685,662,4.590010464642494,4.583792338433102,12.215836309962455,11.708221730038353,True,False
23943,1818919145733652,0,21,0,0,0,0,0,0.0,0.0,4.392317422778761,0,False,True
23944,22826959893906359,2,569,475,472,2000,362,361,6.4944158154587,6.491415065271153,9.152284842306582,8.88264304936184,True,False
23945,621243000000000000,62,5644,4480,3853,2000,1065,1024,4.442668782779609,4.431550993741505,12.462502272597265,11.91176647065955,True,False
23946,61816102019784918488,6182,3796,3771,3106,2000,147,146,5.05193365687593,5.051784931363782,11.89026427702111,11.600842114387302,True,False
23947,1692351630070753814,169,3559,2997,2529,2000,563,546,4.426720241595294,4.415780910299481,11.797256217509785,11.304351321663239,True,False
23948,37525950000000000,4,3210,1684,1594,2000,974,945,5.27446498535029,5.250580139432971,11.648357582009666,10.638435913990472,True,False
23949,1110205392767482,0,332,0,0,0,0,0,0.0,0.0,8.375039431346925,0,False,True
23950,16461648211199429560,1646,3320,2928,2404,2000,447,434,5.2362754549442645,5.230804963311993,11.696967526234287,11.231221180711186,True,False
23951,2192793106271409,0,692,0,0,0,0,0,0.0,0.0,9.434628227636725,0,False,True
23952,34846521597917061,3,2594,1585,1480,2000,930,892,6.553073744479744,6.511231760325317,11.3409627642517,10.531381460516313,True,False
23953,17054995318579179922,1705,2949,2614,2161,2000,409,399,5.3103803950589,5.306154844184733,11.526010107061737,11.077483356859508,True,False
23954,810714650298238340,81,5267,4366,3837,2000,912,901,4.408295909937322,4.405486628370744,12.362765744153958,11.905763049602793,True,False
23955,112274813964316,0,60,0,0,0,0,0,0.0,0.0,5.906890595608519,0,False,True
23956,1732051441077293,0,437,0,0,0,0,0,0.0,0.0,8.7714894695006,0,False,True
23957,723904333068623184,72,315,276,263,2000,84,84,4.489526615277175,4.489526615277176,8.29920801838728,8.038918989292302,True,False
23958,6667290000000000000,667,4014,3971,3182,2000,211,211,4.463354709060629,4.463354709060629,11.970824901362617,11.635718120331047,True,False
23959,3779276274537985788,378,3655,3607,2908,2000,209,209,4.9955488079269905,4.9955488079269905,11.8356556908398,11.505811553919594,True,False
23960,4172913142039047293,417,6840,5774,4742,2000,997,956,4.6534660232502185,4.643441870106219,12.73978060977326,12.211279947482009,True,False
23961,30075187969924812,3,2757,1579,1526,2000,999,980,5.245327985802858,5.2316548024666405,11.428883552010191,10.57553924683453,True,False
23962,4967550000000000000,497,1789,1778,1472,2000,89,88,4.719922442697445,4.719524638852681,10.804937672051908,10.523561956057012,True,False
23963,2204429196785695418,220,8194,6583,5502,2000,1226,1180,5.007649469630474,5.0033849019150125,13.0003521774803,12.42574042431621,True,False
23964,132667500000000000,13,3316,2394,2171,2000,854,820,4.788331319699861,4.767714256642184,11.69522829149575,11.084144010615145,True,False
23965,30042496244476708177,3004,9369,7828,6418,2000,998,968,5.310264551042012,5.307271600795637,13.193679354741729,12.647908074281807,True,False
23966,6480966075809891295,648,270,241,231,2000,62,62,5.085372828322904,5.085372828322905,8.076815597050832,7.851749041416057,True,False
23967,9429074241427984,1,336,115,115,115,115,115,6.8454900509443775,6.8454900509443775,8.39231742277876,6.845490050944375,False,False
23968,185052119132481304,19,2421,2150,1994,2000,676,672,4.734433695526761,4.733701442675224,11.241387363998937,10.961449694398196,True,False
23969,7677748855164937,1,1805,318,314,318,318,314,8.312882955284355,8.287725722579953,10.817783121774534,8.294620748891626,False,False
23970,9919006942908544794,992,4792,4668,3856,2000,454,452,5.442299317731682,5.442010133231969,12.226412192788786,11.912889336229961,True,False
23971,123447903480841,0,52,0,0,0,0,0,0.0,0.0,5.700439718141092,0,False,True
23972,966085688356831,0,199,0,0,0,0,0,0.0,0.0,7.636624620543649,0,False,True
23973,109725000000000000,11,1060,992,890,2000,183,182,4.487506549094121,4.484902121567325,10.049848549450562,9.79766152585376,True,False
23974,19950000000000000,2,292,222,220,2000,176,175,6.406154939162875,6.400148933156871,8.189824558880018,7.78135971352466,True,False
23975,857850000000000000,86,6630,5227,4513,2000,1126,1092,4.536210126454785,4.521455238952623,12.69479315499995,12.139871063212487,True,False
23976,21084913522723938130,2108,7027,6258,5177,2000,815,809,5.569735161233023,5.5693356073051525,12.77869318322384,12.337900602860927,True,False
23977,2258356285245848436,226,6507,5586,4744,2000,933,921,4.592752957728829,4.589609666526042,12.667776838393431,12.211888294546004,True,False
23978,36907500000000000,4,609,412,392,2000,240,236,5.21634892024719,5.204330893206631,9.250298417906333,8.614709844115207,True,False
23979,19950000000000000,2,380,218,213,2000,177,173,6.402202398817002,6.378178374792977,8.569855608330949,7.734709620225838,True,False
23980,5953381601488160,1,1733,180,179,180,180,179,7.491853096329673,7.480741985218563,10.75905593916017,7.483815777264256,False,False
23981,22698201999690000,2,304,183,182,2000,136,136,6.357271053748139,6.357271053748139,8.247927513443585,7.507794640198696,True,False
23982,16846023710373966704,1685,8245,7253,6086,2000,996,985,5.536279803095882,5.535321496910552,13.00930377832483,12.571278618514595,True,False
23983,14771556388323501,1,267,212,212,212,212,212,7.727920454563202,7.727920454563202,8.060695931687555,7.727920454563199,False,False
23984,2947339821893869864,295,2835,2776,2250,2000,169,168,4.813123055385388,4.8111655922175185,11.469133019829592,11.1357092861044,True,False
23985,101814829639328690902,10181,9355,8174,6786,0,0,0,0.0,0.0,13.191521938128146,12.728345714710978,False,True
23986,2645901669377766021,265,3259,3194,2600,2000,200,199,4.534251380275021,4.533405063675675,11.670213636738564,11.344295907915816,True,False
23987,15437463340581621089,1544,119,117,109,2000,40,39,4.608982501673151,4.557554337150289,6.894817763307944,6.768184324776926,True,False
23988,60316794782722865146,6032,1829,1825,1592,2000,85,84,5.189801002809328,5.187817304427455,10.836839359748716,10.63662462054365,True,False
23989,405688918697760164,41,447,443,433,2000,61,60,4.21407060763618,4.210965819241883,8.804131021183318,8.758223214726724,True,False
23990,10628821435397260563,1063,1863,1857,1606,2000,68,67,4.453162845091076,4.452175578609726,10.863411958941638,10.649256177517314,True,False
23991,6175980867849850233,618,1749,1742,1522,2000,80,79,4.716855937624565,4.7162976746218535,10.772314573921653,10.571752643503546,True,False
23992,5119344276710067830,512,1897,1889,1621,2000,85,84,4.539444862098726,4.537968561518486,10.889503963411476,10.662668375517542,True,False
23993,795921935427266570,80,6327,4853,4222,2000,972,943,4.735150970055091,4.7197337904053045,12.627305880514848,12.043710863347156,True,False
23994,4980874438271949267,498,3714,3646,2903,2000,189,188,4.352888375673249,4.3513262149976235,11.858758099935422,11.503328856626661,True,False
23995,509722500000000000,51,6461,4874,4222,2000,1214,1173,4.556793948017402,4.550953622193095,12.657541759703378,12.043710863347156,True,False
23996,29925000000000000,3,374,329,326,2000,191,191,5.193784629776754,5.193784629776754,8.546894459887637,8.348728154231077,True,False
23997,1165018995959728,0,50,0,0,0,0,0,0.0,0.0,5.643856189774724,0,False,True
23998,128895622181865000,13,2801,2050,1856,2000,731,705,4.761873310764727,4.742049324294131,11.451726268074506,10.857980995127573,True,False
23999,1833013980000000,0,15,0,0,0,0,0,0.0,0.0,3.9068905956085187,0,False,True
24000,6783110920250625847,678,3076,3034,2451,2000,134,134,4.426065664292995,4.426065664292993,11.586839787961827,11.25915476886684,True,False
24001,15438026648118177,2,2051,1025,983,2000,950,913,6.553889415192525,6.512709085905719,11.002111776479852,9.94104760634058,True,False
24002,851721756758046779,85,3182,2980,2583,2000,585,583,4.537218372519933,4.535818232505933,11.635718120331047,11.334831928118,True,False
24003,2905234615112135,0,578,0,0,0,0,0,0.0,0.0,9.174925682500678,0,False,True
24004,326367863287651901,33,2567,2353,2108,2000,617,615,4.458319736969575,4.4577009250883854,11.325867580575418,11.041659151637214,True,False
24005,93877801319052574352,9388,4130,4102,3344,2000,132,131,5.488190696839517,5.482143169116252,12.011926066306808,11.707359132080883,True,False
24006,1352812504662456541,135,7112,5549,4721,2000,960,929,4.7874108912103415,4.7814356968955485,12.79603960882977,12.204876767603993,True,False
24007,15315091888716349,2,664,375,368,2000,345,339,6.470590909010848,6.452848454702131,9.375039431346925,8.523561956057012,True,False
24008,3990000000000000,0,488,0,0,0,0,0,0.0,0.0,8.930737337562887,0,False,True
24009,3202687593800623,0,893,0,0,0,0,0,0.0,0.0,9.802516365121223,0,False,True
24010,172036571913522061,17,1199,1130,1024,2000,190,189,4.711427993330779,4.7086762735058905,10.227615943414223,10.0,True,False
24011,78197882941691868,8,3870,2283,2106,2000,990,961,4.755335092681788,4.737768927055166,11.918117851031772,11.040289721025717,True,False
24012,1451228588020263833,145,1086,1073,936,2000,77,76,4.382044730994329,4.381053724747241,10.084808387804362,9.870364719583405,True,False
24013,4356649241645758,0,1515,0,0,0,0,0,0.0,0.0,10.565102078360313,0,False,True
24014,44575191401366735,4,991,684,647,2000,368,362,5.251138829272117,5.239640191686421,9.952741247186488,9.337621901992508,True,False
24015,4528962740110200000,453,1796,1788,1538,2000,90,89,4.409456349187477,4.408786343169917,10.810571634741146,10.586839787961827,True,False
24016,1169609889727012332,117,201,199,190,2000,40,40,4.249050491247822,4.249050491247823,7.651051691178929,7.569855608330948,True,False
24017,1022086774825870,0,692,0,0,0,0,0,0.0,0.0,9.434628227636725,0,False,True
24018,77805000000000000,8,4171,2631,2419,2000,1201,1161,4.7865571611164,4.76861100420208,12.026177596889225,11.240195053979924,True,False
24019,109725000000000000000,10973,1187,1184,1021,0,0,0,0.0,0.0,10.213104219641906,9.995767150877802,False,True
24020,1256850000000000000,126,653,648,615,2000,60,60,4.2891419773973425,4.2891419773973425,9.350939181546432,9.264442600226602,True,False
24021,1795500000000000000,180,1082,1070,934,2000,67,67,4.207012434255255,4.207012434255255,10.079484783826816,9.867278739709661,True,False
24022,6598015386953525729,660,2542,2521,2060,2000,120,119,4.510687323585266,4.51036527564127,11.311748315004959,11.00842862207058,True,False
24023,1664532036980538116,166,6690,5558,4743,2000,969,951,4.401827893473326,4.394334317656809,12.707790495528823,12.211584153079526,True,False
24024,40000000000000000,4,840,716,708,2000,432,430,5.043760269040354,5.040959933000028,9.714245517666123,9.467605550082997,True,False
24025,29140000310860275321,2914,6800,6443,5293,2000,755,749,5.239747139511552,5.238697248694063,12.731319031025064,12.369869938634876,True,False
24026,109725000000000000,11,4290,2835,2617,2000,1020,990,4.4662628934913045,4.454620561464629,12.066761932386909,11.353698209048035,True,False
24027,15170220309120878,2,1974,991,980,2000,956,945,6.547632220933821,6.536418532690751,10.946906274456397,9.936637939002571,True,False
24028,76362491449947032,8,3150,2160,2060,2000,965,955,4.391900778262588,4.389043227183862,11.621136113274641,11.00842862207058,True,False
24029,997500000000,0,1,0,0,0,0,0,0.0,0.0,0.0,0,False,True
24030,9975000000000,0,2,0,0,0,0,0,0.0,0.0,1.0,0,False,True
24031,29725500000000000000,2973,2473,2465,2035,2000,89,88,4.4910116997651945,4.490442913715721,11.272046524389937,10.99081307915361,True,False
24032,989318245786546993,99,2537,2109,1820,2000,451,438,4.461200277176095,4.447881334699473,11.308907804063939,10.829722735086058,True,False
24033,229425000000000000,23,1429,1361,1200,2000,189,188,4.711790718388847,4.709038310031534,10.480790201095816,10.228818690495881,True,False
24034,4987500000000000,0,60,0,0,0,0,0,0.0,0.0,5.906890595608519,0,False,True
24035,3233895000000000000,323,8560,7015,5818,2000,1237,1194,4.834590439582135,4.83028831202777,13.06339508128851,12.506307581100307,True,False
24036,6646517168270508249,665,8531,7080,5873,2000,1031,1002,4.638682833413567,4.634289048829298,13.058499148184733,12.519881922497428,True,False
24037,150062473615526744,15,1345,1045,950,2000,364,358,4.518459770526249,4.511470108196068,10.393390457443987,9.89178370321831,True,False
24038,5266800000000000000,527,2812,2784,2265,2000,118,115,4.8487369593398375,4.843921198200084,11.457380879072534,11.145295334933598,True,False
24039,8579367618078596562,858,3079,3051,2480,2000,113,111,4.5037454081627795,4.503138472871816,11.588246152044817,11.276124405274238,True,False
24040,7223853193412268634,722,2975,2944,2387,2000,108,106,4.306835626195227,4.305846999195529,11.538673953082668,11.220982851081777,True,False
24041,14500817575154374,1,2721,1209,1170,1209,1209,1170,10.239598529249125,10.167456857661968,11.409921241249679,10.192292814470767,False,False
24042,990562571100385004,99,6777,5162,4455,2000,1063,1033,4.54730436321712,4.541972471275461,12.72643105611424,12.121209716409284,True,False
24043,952380952380952380,95,7123,5578,4804,2000,1230,1190,4.849380021785389,4.8448553944680945,12.798269274949691,12.230020435705635,True,False
24044,29775810783202148438,2978,10047,8499,6934,2000,1227,1185,4.78882517618776,4.783948374828821,13.294477161427873,12.759472121202833,True,False
24045,298504927487655000,30,2316,1817,1612,2000,522,506,4.689003131270036,4.674690426387823,11.177419537989236,10.654636028527968,True,False
24046,30476420194220724300,3048,5510,5386,4415,2000,447,445,5.0014260046459915,5.000991222037297,12.42783660345852,12.108197722535829,True,False
24047,2434271309096193420,243,1324,1312,1129,2000,82,81,4.710718475029797,4.706341806292178,10.370687406807217,10.140829770773001,True,False
24048,997500000000000000,100,7192,5559,4738,2000,1221,1176,4.583862038459864,4.574611536230575,12.812177305514448,12.21006248324023,True,False
24049,173579462245166792,17,3046,2264,2040,2000,752,725,4.461787963486316,4.449672890966211,11.572700226487292,10.994353436858859,True,False
24050,1624081073374128576,162,1022,1014,906,2000,77,76,4.3165787995667975,4.315868037864519,9.997179480937621,9.823367240046235,True,False
24051,796588460547037,0,131,0,0,0,0,0,0.0,0.0,7.03342300153745,0,False,True
24052,3779760584081147,0,1371,0,0,0,0,0,0.0,0.0,10.421012855779226,0,False,True
24053,1228086281845084120,123,424,421,398,2000,52,52,4.24632580854645,4.24632580854645,8.727920454563199,8.63662462054365,True,False
24054,371004394368491068,37,440,436,426,2000,69,68,4.373837868292863,4.372079916020191,8.78135971352466,8.734709620225837,True,False
24055,709249428510000,0,144,0,0,0,0,0,0.0,0.0,7.169925001442312,0,False,True
24056,3841573244572770000,384,3072,2657,2216,2000,451,438,4.825956294306495,4.816331445407939,11.584962500721156,11.113742166049189,True,False
24057,99327519622566197119,9933,4238,4210,3431,2000,111,109,4.46201013434528,4.461346455211313,12.04916787237217,11.744413410557655,True,False
24058,19429545220554822452,1943,9929,8400,6873,2000,1215,1173,5.12827470212999,5.124429986340508,13.277432708590055,12.746724244025831,True,False
24059,8885100030902768,1,1792,431,421,431,431,421,8.751544059089097,8.700499975562416,10.807354922057604,8.717676423066395,False,False
24060,48877500000000000000,4888,5257,5212,4187,2000,224,224,5.049901001210736,5.049901001210737,12.360024019571876,12.031701202740303,True,False
24061,75651746162842192196,7565,5508,5431,4407,2000,298,298,4.829896527342786,4.829896527342786,12.427312844134963,12.105581181277437,True,False
24062,93640172156522206948,9364,7144,6833,5632,2000,774,769,6.191177149406986,6.171282510890026,12.802516365121223,12.459431618637296,True,False
24063,18618967428677681630,1862,6541,6189,5094,2000,766,760,5.737092967046045,5.736133726960438,12.67529549909406,12.314583244274194,True,False
24064,75599853314291630516,7560,7506,6738,5576,2000,807,801,5.166224175669579,5.165652791355277,12.873828574886977,12.445014845868423,True,False
24065,149625000000000000000,14963,7561,6792,5626,0,0,0,0.0,0.0,12.884361339165705,12.4578938373147,False,True
24066,149625000000000000000,14963,7589,6817,5658,0,0,0,0.0,0.0,12.889694079382085,12.466076461396252,False,True
24067,280848363907849982427,28085,7719,6945,5750,0,0,0,0.0,0.0,12.914198242454956,12.4893462407191,False,True
24068,498750000000000000,50,11,10,10,3,10,10,3.2516291673878226,3.251629167387823,3.4594316186372973,3.321928094887362,False,False
24069,41869027540465497859,4187,225,223,206,2000,70,69,5.550464893927574,5.541577678465024,7.813781191217037,7.6865005271832185,True,False
24070,11970000000000000,1,2557,1096,1056,1096,1096,1056,10.098032082960529,10.01923233115706,11.32023644524165,10.044394119358454,False,False
24071,19950000000000000,2,2323,1212,1160,2000,1016,978,6.4885915211014495,6.4473989589726175,11.181773438808808,10.179909090014934,True,False
24072,9975000000000000,1,1625,503,489,503,503,489,8.974414589805525,8.913271672306195,10.66622400280318,8.933690654952233,False,False
24073,28277566494214672059,2828,5910,5708,4719,2000,627,625,5.8893478078957004,5.889209769422408,12.528942415064895,12.204265456136843,True,False
24074,197052715584491197,20,3303,2539,2340,2000,785,779,4.543239226981333,4.540153443105719,11.689561254285525,11.192292814470767,True,False
24075,231578947368421052,23,5513,4017,3565,2000,1253,1209,4.410096056018851,4.399820480112046,12.428621886091111,11.79968636133125,True,False
24076,39448234883556993,4,3570,2029,1896,2000,1205,1166,5.298050921352919,5.272370464495555,11.801708358916462,10.888743248898258,True,False
24077,368265730820627091,37,6006,4461,3921,2000,1222,1182,4.399116810624351,4.38840766413964,12.552188759557149,11.937005926516589,True,False
24078,139716061400857106,14,4778,3442,3110,2000,1207,1164,4.392392255848067,4.381935339251244,12.222191138456333,11.602698865017965,True,False
24079,479618298639104307,48,2837,2619,2311,2000,620,617,4.392149640184275,4.388768204550454,11.470150435274359,11.174301544467632,True,False
24080,15363779097611125949,1536,5733,5511,4568,2000,630,627,5.0359738003026395,5.034827216073408,12.485074563698612,12.157346935362844,True,False
24081,18925205614035087717,1893,5850,5624,4656,2000,635,632,4.692877956715261,4.692252800426189,12.51422090935813,12.184875342908283,True,False
24082,4360902255639097744,436,4891,4663,3914,2000,640,637,4.920122696367462,4.919646449195179,12.25591374933779,11.934428040626804,True,False
24083,8291741249687338953,829,7273,6402,5379,2000,908,898,4.879454666268568,4.878319105804303,12.828334860961816,12.393122273589531,True,False
24084,374062500000000000,37,5260,3872,3428,2000,1014,988,4.4132737839994665,4.403500623392184,12.360847084179664,11.7431513941125,True,False
24085,10025062656641604,1,1923,819,792,819,819,792,9.677719641641009,9.60842185470308,10.909143047339898,9.62935662007961,False,False
24086,40259014013434736065,4026,2643,2630,2180,2000,77,76,4.316105094566325,4.315059322261188,11.36796070964157,11.090112419664289,True,False
24087,68517390703922787001,6852,2792,2779,2283,2000,82,81,4.665963958280564,4.665355651505377,11.447083226209653,11.156715144224702,True,False
24088,5993485687039475975,599,8577,7117,5919,2000,1087,1055,5.084657222320506,5.080754884198232,13.066257405352255,12.531137741444715,True,False
24089,783553773033874098,78,5573,4492,3935,2000,965,952,4.591470488750267,4.584910898779499,12.444238438078106,11.942147920394849,True,False
24090,99326033594572959082,9933,9263,8092,6728,2000,1021,1002,5.7107075238590905,5.708437801252567,13.177263798253469,12.715961990255144,True,False
24091,601524527794028,0,12,0,0,0,0,0,0.0,0.0,3.584962500721156,0,False,True
24092,14291799162196860,1,127,64,64,64,64,64,6.0,6.0,6.9886846867721655,6.0,False,False
24093,31313963499239563194,3131,10033,8400,6804,2000,1240,1195,5.278187021580979,5.27535621372378,13.29246543494927,12.732167425663386,True,False
24094,1269317835284412171,127,5024,4348,3686,2000,776,770,4.615812571325549,4.613686699379683,12.294620748891626,11.847840355630714,True,False
24095,1259114348425834138,126,5143,4368,3725,2000,815,806,4.893896165518951,4.891739762474824,12.328394438352458,11.863024710236886,True,False
24096,5711562642078254185,571,4939,4735,3966,2000,615,613,5.008495647531519,5.008231365278072,12.270003253378444,11.953468962228849,True,False
24097,1316571078605881376,132,5880,4829,4057,2000,986,946,4.492356220100971,4.4825134793980865,12.521600439723727,11.986197587206274,True,False
24098,179550000000000000,18,4913,3609,3234,2000,1178,1135,4.791408888116992,4.773661015699325,12.262388523751019,11.659103963473662,True,False
24099,113378721396867314,11,4455,3177,2878,2000,1161,1119,5.286715901701757,5.258951437225516,12.121209716409284,11.490850876740298,True,False
24100,215948605941392385,22,4957,3697,3283,2000,1148,1106,4.79604709239539,4.780227705185877,12.275251543470327,11.680799034572981,True,False
24101,808880089597355219,81,4488,3630,3131,2000,823,789,4.573844644463504,4.561671745417336,12.131856960608793,11.61240779313867,True,False
24102,10743455373303047418,1074,8890,7430,6136,2000,1024,994,5.103751156643193,5.098655107886746,13.117967703717133,12.583082767502933,True,False
24103,9000000000000000,1,1535,420,412,420,420,412,8.714245517666125,8.671388374808982,10.584022940257542,8.686500527183219,False,False
24104,324831575775000000,32,4231,3234,2852,2000,916,879,4.831826928296857,4.808925964576149,12.04678297035635,11.477758266443889,True,False
24105,3408521303258145363,341,5956,5191,4345,2000,794,788,4.600629323408838,4.599527328588585,12.5401280385821,12.085140461701762,True,False
24106,310391365389954552,31,4180,3271,2949,2000,918,907,4.4847837311042005,4.48120347948257,12.029287226968245,11.526010107061737,True,False
24107,4207030615537444362,421,8376,6754,5652,2000,1023,994,4.499294543392695,4.493585395475667,13.032045726930809,12.46454575033394,True,False
24108,3951975933092535905,395,8366,6720,5638,2000,1055,1026,5.003581002048362,5.0004449181571005,13.030322282644034,12.460967762570421,True,False
24109,49216810971256547,5,3064,1865,1781,2000,1001,981,4.74692187415471,4.736145231730378,11.581200581924957,10.798471801101618,True,False
24110,10025062656641604,1,192,125,124,125,125,124,6.965784284662088,6.949784284662088,7.584962500721156,6.954196310386875,False,False
24111,52865473024410240889,5287,7453,6675,5536,2000,836,826,5.347652821049038,5.346398296552144,12.86360554432145,12.434628227636725,True,False
24112,84801360973622549457,8480,9620,8088,6610,2000,1012,981,5.9136132042816385,5.888042573517316,13.231821178657404,12.690434556395054,True,False
24113,49871383271402275395,4987,8701,7709,6462,2000,995,984,5.446031897365677,5.445143513211899,13.08696550311009,12.657765035265363,True,False
24114,4036565426196343,0,278,0,0,0,0,0,0.0,0.0,8.118941072723507,0,False,True
24115,1002506265664160401,100,3592,2992,2532,2000,605,586,4.508615394062628,4.497293801985872,11.810571634741146,11.306061689428342,True,False
24116,9326625000000000000,933,2534,2249,1892,2000,371,364,5.197731884723204,5.1954350860613,11.30720080914081,10.885696373339394,True,False
24117,11178228156951912,1,2289,818,798,818,818,798,9.67595703294175,9.622766598951129,11.160501747555687,9.640244936222345,False,False
24118,4691226120385377,0,1481,0,0,0,0,0,0.0,0.0,10.532355925288847,0,False,True
24119,1995000000000000,0,435,0,0,0,0,0,0.0,0.0,8.76487159073609,0,False,True
24120,6463800000000000000,646,8410,7149,5817,2000,1165,1121,5.087328199733844,5.081430718699412,13.037890085142507,12.506059588827949,True,False
24121,11272747500000000000,1127,8874,7374,6076,2000,972,943,4.646243862288355,4.641346097188126,13.115368837820224,12.568906154502084,True,False
24122,3352259287072048,0,381,0,0,0,0,0,0.0,0.0,8.573647187493322,0,False,True
24123,73808061410341844175,7381,5637,5579,4480,2000,212,211,4.908143022726938,4.907619175785488,12.460711852141213,12.129283016944967,True,False
24124,3951419603473125000,395,1631,1620,1328,2000,79,77,4.379426335710922,4.377431310875753,10.671541066711884,10.375039431346925,True,False
24125,5095470454776450000,510,1034,1029,916,2000,70,70,4.898333591242979,4.898333591242981,10.014020470314934,9.839203788096944,True,False
24126,19751035598774875,2,1957,1042,1025,2000,923,912,6.566752677191693,6.555252677191692,10.934428040626804,10.001408194392809,True,False
24127,49875000000000000,5,1541,1034,962,2000,527,511,4.927486154134594,4.908912527552787,10.589651146514786,9.909893083770042,True,False
24128,19204836884123552,2,3000,1399,1344,2000,1211,1169,6.571522929900536,6.5330415713632775,11.550746785383243,10.39231742277876,True,False
24129,19950000000000000,2,593,349,341,2000,286,281,6.472517476373936,6.4550043415227965,9.211888294546004,8.413627929024173,True,False
24130,439343700852926,0,364,0,0,0,0,0,0.0,0.0,8.507794640198696,0,False,True
24131,8478750000000000,1,1830,470,462,470,470,462,8.876516946564996,8.83821907422457,10.837627933171404,8.851749041416058,False,False
24132,122931292603159370502,12293,9874,8520,6989,0,0,0,0.0,0.0,13.269418929741096,12.770870331357534,False,True
24133,63692795841813118,6,303,281,274,2000,116,115,4.3021835505471815,4.301546898490256,8.243173983472952,8.098032082960527,True,False
24134,105929185364767647,11,496,470,431,2000,117,116,4.318786570611112,4.318152788802861,8.954196310386875,8.751544059089099,True,False
24135,125634446526515938,13,3695,2698,2525,2000,974,963,4.476979471842617,4.473281025852158,11.851358649033513,11.302067672526519,True,False
24136,522407675953779210,52,703,692,640,2000,78,77,4.247092645546441,4.246038444324101,9.457380879072534,9.321928094887362,True,False
24137,49777084681404868325,4978,7577,6814,5607,2000,798,792,4.786911305442646,4.786054205162853,12.887411032553185,12.453013354466314,True,False
24138,32902255639097744360,3290,9572,8126,6679,2000,1079,1049,5.045723721066164,5.042688895295019,13.2246046815385,12.705416398882699,True,False
24139,4987500000000000,0,113,0,0,0,0,0,0.0,0.0,6.820178962415188,0,False,True
24140,4342744262354835,0,52,0,0,0,0,0,0.0,0.0,5.700439718141092,0,False,True
24141,5105800570385154960,511,8668,7025,5850,2000,1046,1017,4.733901213884858,4.729849024546304,13.081483438093674,12.51422090935813,True,False
24142,2752408732819200000,275,1220,1215,1086,2000,66,65,4.293285887800192,4.2914355079607365,10.252665432450248,10.084808387804362,True,False
24143,20356574261381147678,2036,4880,4808,3884,2000,294,294,5.120955137803421,5.120955137803422,12.252665432450248,11.923327485419192,True,False
24144,5985000000000000000,599,2441,2161,1825,2000,358,351,4.642331474872667,4.638067335874612,11.253256579781153,10.833680748654741,True,False
24145,8821179066718024,1,1663,438,430,438,438,430,8.774787059601174,8.733691169190214,10.699572453287269,8.74819284958946,False,False
24146,21884204517751146,2,2721,1499,1432,2000,1100,1059,6.528368465551866,6.486221518712442,11.409921241249679,10.483815777264256,True,False
24147,518700000000000000,52,5451,4301,3712,2000,1055,1014,4.392808461792219,4.382327251377249,12.412305204955272,11.857980995127573,True,False
24148,1889846999018393284,189,6422,5309,4437,2000,1024,984,4.375705182617187,4.362332534487809,12.64880694972577,12.115368837820224,True,False
24149,384588095163577855,38,4801,3709,3253,2000,1011,971,4.579967788370595,4.564253088276514,12.229119220658594,11.667555107041132,True,False
24150,325667495182113811,33,4634,3546,3117,2000,1006,966,4.514701856625898,4.496101136246583,12.178042328864821,11.605942439625368,True,False
24151,369749162811042768,37,4697,3618,3175,2000,999,959,4.441013895644165,4.427364175131769,12.197523878257787,11.63254087654689,True,False
24152,387851578193874464,39,4675,3616,3171,2000,985,945,4.426882247861934,4.411251881588402,12.19075064966236,11.630722162103838,True,False
24153,605072501565116601,61,5090,4050,3491,2000,980,940,4.383442533679695,4.371577166033569,12.313449940963057,11.769424641552753,True,False
24154,301241192322060983,30,4318,3293,2903,2000,954,915,4.973040473951317,4.952916032877849,12.076147528022505,11.503328856626661,True,False
24155,111256442362269959,11,3044,2194,1995,2000,808,776,5.296072099111118,5.267854703505062,11.571752643503546,10.962173031109709,True,False
24156,101898668294289821590,10190,5493,5435,4419,0,0,0,0.0,0.0,12.423378576518493,12.109504215757006,False,True
24157,129356530348360368,13,4403,3040,2761,2000,1086,1054,4.760121093765722,4.742423059879545,12.104271128936894,11.430975172588068,True,False
24158,770767241069171873,77,2094,2026,1637,2000,186,185,4.419191366546804,4.4175431065864155,11.032045726930809,10.676838606474153,True,False
24159,5858961858996364267,586,3887,3820,3070,2000,196,195,4.579497472367747,4.578639962006163,11.924441392339197,11.584022940257542,True,False
24160,4201305038813416,0,695,0,0,0,0,0,0.0,0.0,9.44086916761087,0,False,True
24161,49875000000000000,5,5,4,4,2,4,4,1.9219280948873623,1.9219280948873623,2.321928094887362,2.0,False,False
24162,29754980052842094619,2975,8026,6911,5569,2000,1071,1030,6.025425714643347,6.0228066720648625,12.970465440779995,12.443202577297011,True,False
24163,59850000000000000,6,760,542,515,2000,260,256,4.729055659115823,4.721047651107815,9.569855608330949,9.00842862207058,True,False
24164,6052926989111718,1,17,3,3,3,3,3,1.584962500721156,1.584962500721156,4.087462841250339,1.584962500721156,False,False
24165,3291750000000000000,329,3503,3443,2780,2000,201,200,4.3560228537138554,4.354450077048142,11.774375272802063,11.44086916761087,True,False
24166,4987500000000000000,499,3486,3422,2754,2000,182,180,4.577388385380109,4.576273839541341,11.767356854125685,11.427312844134963,True,False
24167,24069675000000000000,2407,4735,4672,3769,2000,191,188,4.7749261309999955,4.7737205629651225,12.209148710355747,11.879966079664356,True,False
24168,9222763305000000000,922,4372,4318,3467,2000,217,214,5.231717998234029,5.231045496676331,12.094077685671905,11.759472121202833,True,False
24169,1093733177193595,0,329,0,0,0,0,0,0.0,0.0,8.361943773735241,0,False,True
24170,8857800000000000000,886,7249,6182,5026,2000,1010,969,5.273057058200503,5.267868727528219,12.82356627364535,12.295194955880655,True,False
24171,407977500000000000,41,2209,1762,1536,2000,457,445,4.383872775768509,4.373322205481781,11.109177703355275,10.584962500721156,True,False
24172,1169478162941686657,117,2411,2348,1909,2000,172,170,4.41549278598158,4.413678675812772,11.235415935602527,10.898601387403938,True,False
24173,49875000000000000,5,217,198,195,2000,108,107,4.592448053919158,4.5914864813559415,7.7615512324444795,7.60733031374961,True,False
24174,498750000000000000,50,981,960,807,2000,118,117,4.34294517324583,4.3425645213370645,9.938109326219239,9.656424863277781,True,False
24175,299250000000000000,30,883,858,733,2000,122,121,4.523737007664399,4.522804304159866,9.786269627648466,9.517669388133811,True,False
24176,13354606348035210334,1335,7370,6316,5111,2000,1003,962,5.27553308739587,5.270583190748489,12.847448903982432,12.31938987600021,True,False
24177,2958024547603230420,296,1444,1432,1230,2000,77,75,4.399877912291315,4.396637057081505,10.49585502688717,10.264442600226602,True,False
24178,6134625000000000000,613,4084,4030,3238,2000,201,199,4.373766537245388,4.372325581514776,11.995767150877802,11.660887270302567,True,False
24179,92872843983203597,9,3085,2115,1941,2000,898,862,5.026991953963477,5.005005939978041,11.591054774036781,10.922584402713664,True,False
24180,11621710676190033487,1162,1492,1487,1313,2000,69,69,4.618131251442465,4.618131251442466,10.543031820255237,10.358651200892886,True,False
24181,12825560895921252644,1283,4599,4525,3673,2000,297,297,5.04085182787458,5.04085182787458,12.167104482379933,11.842743180731658,True,False
24182,19028825993321556871,1903,4857,4776,3881,2000,309,309,4.868076253975333,4.868076253975334,12.245849771023723,11.922212717785449,True,False
24183,1561387754668194715,156,3069,2988,2501,2000,303,303,4.487723463626459,4.487723463626459,11.583552930466485,11.28828934218097,True,False
24184,3006101533620892,0,868,0,0,0,0,0,0.0,0.0,9.761551232444479,0,False,True
24185,127684950063628707958,12768,7113,6172,4989,0,0,0,0.0,0.0,12.796242448203165,12.284534954008425,False,True
24186,97388683034441739,10,4444,2916,2662,2000,1225,1184,4.39940911410103,4.388366017034306,12.117643101389092,11.378294855911891,True,False
24187,30075187969924812,3,1986,1232,1209,2000,777,771,6.358842041984007,6.3519083896306885,10.955649907528374,10.239598529249124,True,False
24188,1468072305899868334,147,3561,3387,2880,2000,501,499,4.502564294078789,4.501897571851938,11.798066720363062,11.491853096329674,True,False
24189,204211910630156198,20,1122,1064,929,2000,147,146,4.467682993494378,4.4601693287053745,10.131856960608793,9.859534786382653,True,False
24190,8673262500000000000,867,3680,3617,2913,2000,181,180,5.038750340956224,5.038155709627649,11.845490050944376,11.508289986140348,True,False
24191,7032375000000000000,703,3868,3801,3036,2000,196,193,4.910754352630219,4.909720229184661,11.917372079476841,11.567956075415466,True,False
24192,6847338750000000000,685,3969,3902,3137,2000,188,187,4.4416694280505205,4.440578270969366,11.954559846999834,11.615169813843602,True,False
24193,1660837500000000000,166,2863,2794,2293,2000,195,194,4.460060241122854,4.459043276300591,11.483311954999353,11.163020639580793,True,False
24194,394847423995486182542,39485,1274,1140,999,0,0,0,0.0,0.0,10.3151495622563,9.964340867792417,False,True
24195,1926268385734527310,193,801,690,625,2000,125,125,4.319548010218241,4.31954801021824,9.64565843240871,9.287712379549449,True,False
24196,1593924158470214027,159,702,611,559,2000,121,121,4.557870525360088,4.557870525360089,9.45532722030456,9.12670447284319,True,False
24197,11728466690106618824,1173,8896,7372,6082,2000,994,960,5.086590680760971,5.080095422193267,13.118941072723507,12.570330101030798,True,False
24198,11084139149138360430,1108,8927,7386,6093,2000,994,965,5.656713796109845,5.654678385939532,13.12395971059229,12.572937025017309,True,False
24199,51870000000000000000,5187,10128,8530,6896,2000,1230,1187,5.005121737337878,5.001292996281946,13.306061689428342,12.751544059089099,True,False
24200,47878715643432994425,4788,10088,8502,6874,2000,1247,1202,5.657561557889063,5.654615038835634,13.30035256032822,12.746934136372298,True,False
24201,19042275000000000000,1904,4960,4905,3939,2000,212,211,4.863994833924701,4.863444682633096,12.276124405274238,11.943613701614042,True,False
24202,87205865677395301,9,823,756,694,2000,182,181,4.48365733592252,4.481255895058,9.684748620421626,9.43879185257826,True,False
24203,49809733968301754,5,2121,1386,1289,2000,713,688,4.999774846349623,4.978918436578294,11.050528905530555,10.332036548361652,True,False
24204,2530798386900000000,253,7713,6183,5200,2000,986,957,4.644594293122871,4.639818597882786,12.913076395554812,12.344295907915816,True,False
24205,23940000000000000,2,284,172,169,2000,122,122,6.3142859694601565,6.3142859694601565,8.149747119504681,7.400879436282184,True,False
24206,104028373418079017,10,4320,2734,2497,2000,976,945,4.7259947407610605,4.707571695999039,12.076815597050832,11.285980105928212,True,False
24207,64305118283637744,6,3942,2457,2270,2000,1181,1140,5.291898121786109,5.26492240140316,11.944712061043486,11.148476582178278,True,False
24208,7994430737897100000,799,2059,2052,1743,2000,98,96,4.677420841211372,4.626653764771049,11.007728114632254,10.767356854125685,True,False
24209,5566761728339214593,557,1950,1944,1648,2000,93,91,4.576028844243418,4.524231553675836,10.929258408636972,10.686500527183219,True,False
24210,13253920227955774428,1325,2259,2253,1886,2000,89,88,4.578686810528722,4.578165695011812,11.141468555393084,10.881113960675096,True,False
24211,6551592882400558086,655,1987,1981,1676,2000,87,86,4.588024486084009,4.587351273431806,10.95637615724967,10.710806433699352,True,False
24212,6089497854867203855,609,1968,1962,1656,2000,93,92,4.922774864966286,4.922316789374958,10.94251450533924,10.693486957499326,True,False
24213,8824429326446944386,882,2078,2071,1749,2000,92,91,4.657773977659668,4.657256176888759,11.020979938904212,10.772314573921653,True,False
24214,8085476584869989191,809,2068,2061,1740,2000,80,79,4.346527881522811,4.345721609904327,11.014020470314934,10.76487159073609,True,False
24215,7989199378062786637,799,2067,2060,1738,2000,86,85,4.595274956739328,4.5947432734072615,11.013322673425447,10.7632123668144,True,False
24216,16648964033100000000,1665,4749,4681,3740,2000,189,188,4.412111365667789,4.410799493222158,12.213408040858337,11.868822554774999,True,False
24217,41872961815146000000,4187,3180,3165,2652,2000,114,113,4.9526554593338386,4.95234662540915,11.634811050171718,11.372865060112588,True,False
24218,1002506265664160401,100,6825,5323,4542,2000,970,941,4.553763072530704,4.548111152962798,12.736613330694578,12.149111990706889,True,False
24219,1067859425392773399,107,6879,5359,4585,2000,986,956,5.047576449082108,5.044277248766935,12.74798314030195,12.162706018482417,True,False
24220,1002506265664160401,100,6865,5324,4558,2000,968,939,4.81258344118163,4.8074439950376995,12.745044005034464,12.154185209265297,True,False
24221,1144147718226197106,114,7012,5449,4649,2000,966,934,4.703964272856116,4.695570897378481,12.775610280759539,12.182704710518964,True,False
24222,1133232918398041498,113,7047,5462,4662,2000,987,956,4.745539758865069,4.740489309459171,12.782793498733353,12.186733289128867,True,False
24223,1245076994272921446,125,7297,5659,4820,2000,1042,1012,4.545777871188953,4.5404017245098185,12.833087738422009,12.234817431117325,True,False
24224,929129756581733922,93,6718,5092,4399,2000,1043,1013,4.500299884136341,4.4904043026664535,12.713816080234498,12.102959885910124,True,False
24225,1006112929433680718,101,7113,5470,4669,2000,1050,1021,4.501462203490317,4.495773244574822,12.796242448203165,12.188897873242189,True,False
24226,854832838693093433,85,6653,5038,4355,2000,1062,1032,4.640654097345548,4.636033124329448,12.699789318382136,12.088457003486226,True,False
24227,598500000000000000,60,6283,4690,4081,2000,1073,1042,4.461273589048269,4.454908175411119,12.617237864746105,11.9947069952581,True,False
24228,1223645448012429620,122,7084,5664,4822,2000,1071,1040,4.564610712145057,4.555315486181428,12.790348496751914,12.235415935602527,True,False
24229,1002506265664160401,100,6871,5513,4709,2000,1092,1060,4.426108567748658,4.419027937714061,12.746304367701304,12.201205007299528,True,False
24230,1002506265664160401,100,7432,5886,4987,2000,1228,1186,4.460070387846071,4.450614514780184,12.859534786382653,12.283956487665113,True,False
24231,748125000000000000,75,6855,5321,4576,2000,1236,1194,4.534500053518365,4.5241669152146144,12.742940950666588,12.159871336778389,True,False
24232,498750000000000000,50,6343,4813,4194,2000,1230,1189,4.534219979954357,4.52743317754285,12.63094962683287,12.034111146096592,True,False
24233,1086440746509517459,109,7475,5955,5042,2000,1234,1195,4.40874352581911,4.40061314655206,12.86785786397283,12.29978040285854,True,False
24234,997500000000000000,100,7140,5625,4807,2000,1236,1197,4.401221171450402,4.390678717780464,12.801708358916462,12.230921088137896,True,False
24235,997500000000000000,100,7128,5637,4807,2000,1240,1200,4.400841374479262,4.388984789533928,12.799281621521923,12.230921088137896,True,False
24236,997500000000000000,100,7129,5636,4798,2000,1252,1208,4.650695366871754,4.6446286717094125,12.799484005620014,12.228217442293435,True,False
24237,1296750000000000000,130,7581,6083,5107,2000,1255,1210,4.41029994526599,4.399912132043179,12.888172449665932,12.318260343712415,True,False
24238,1002506265664160401,100,7355,5896,4962,2000,1237,1194,4.409025406360334,4.399800909584851,12.844509626142193,12.276706019892432,True,False
24239,4987500000000000000,499,4328,3728,3065,2000,610,592,4.599128889102012,4.593476986976302,12.079484783826816,11.581671358578143,True,False
24240,96345442243435728,10,836,787,736,2000,192,192,4.640212648008869,4.64021264800887,9.707359132080883,9.523561956057012,True,False
24241,245385000000000000000,24539,8975,7969,6682,0,0,0,0.0,0.0,13.131696223597777,12.70606426733497,False,True
24242,44103736825812017824,4410,9044,7892,6579,2000,989,972,4.596856874760428,4.594113562477816,13.14274527675153,12.68365259739475,True,False
24243,44368100287368546152,4437,5457,5363,4390,2000,370,369,4.511738419552369,4.511230805339172,12.413892328372642,12.10000522442272,True,False
24244,2621862731125100422,262,3260,2776,2322,2000,484,471,4.480888145308528,4.473846702351583,11.67065624911844,11.181152256865566,True,False
24245,79126521607725520,8,3384,2232,2124,2000,984,967,4.730143171696669,4.7217801689286,11.72451385311995,11.052568050804153,True,False
24246,423174466765037147,42,6194,4696,4099,2000,1249,1207,4.43786593704195,4.429871514864807,12.596655667674662,12.001056274634779,True,False
24247,32907525000000000000,3291,7248,6596,5417,2000,811,805,5.84097029783251,5.840635038409131,12.823367240046235,12.403278375471052,True,False
24248,226113027820134663,23,5392,3980,3535,2000,1230,1186,4.399955077939244,4.382731073749868,12.396604781181859,11.787494499696761,True,False
24249,2404442092084638671,240,4362,3684,3079,2000,672,649,4.65196838983537,4.642213232360357,12.09077405464075,11.588246152044817,True,False
24250,7481250000000000000,748,3643,3158,2583,2000,501,486,5.124936777894649,5.118870571927412,11.830911279742782,11.334831928118,True,False
24251,277635513778748956,28,5677,4163,3691,2000,1234,1194,4.472878119089593,4.4660442313479845,12.470913026274877,11.84979602224561,True,False
24252,5785581569921799317,579,3608,3544,2849,2000,183,181,4.6408638154604684,4.639800804264716,11.81698362325538,11.476239906323851,True,False
24253,49569962033824402434,4957,5361,5320,4261,2000,219,219,4.865039645568658,4.865039645568659,12.388286419762647,12.05697633617822,True,False
24254,992512500000000000,99,6110,4923,4194,2000,1077,1035,4.461607679947436,4.449332713848545,12.576956664706092,12.034111146096592,True,False
24255,3742101000454308,0,1000,0,0,0,0,0,0.0,0.0,9.965784284662087,0,False,True
24256,520651155846090944,52,654,641,594,2000,73,72,4.2436176531326435,4.242153651637005,9.353146825498083,9.214319120800766,True,False
24257,4638000000000000000,464,6904,6022,5088,2000,920,910,4.654175841620611,4.652412735950536,12.753216749178955,12.312882955284355,True,False
24258,7351083988605000,1,514,135,135,135,135,135,7.07681559705083,7.07681559705083,9.005624549193879,7.076815597050831,False,False
24259,13853818294333728,1,1002,495,479,495,495,479,8.95128471496697,8.87782102208495,9.968666793195208,8.90388184573618,False,False
24260,4968111343138841269,497,3725,3658,2915,2000,194,193,4.532590951629601,4.531630005797234,11.863024710236886,11.509280168087859,True,False
24261,21569204234760739,2,1395,814,784,2000,584,567,6.543064021253121,6.510724627303027,10.44604940671655,9.614709844115207,True,False
24262,11569089408529279907,1157,4447,4401,3534,2000,220,220,4.911684034272287,4.9116840342722865,12.118616689351509,11.787086324551616,True,False
24263,17625909233565919,2,258,208,208,2000,183,183,6.419538469380171,6.419538469380172,8.011227255423254,7.700439718141092,True,False
24264,17545841433633389994,1755,4836,4788,3835,2000,211,211,5.157879562660361,5.15787956266036,12.239598529249124,11.905010862390295,True,False
24265,1073878821029057189,107,3371,3197,2728,2000,508,506,4.876882159353641,4.8764771780840235,11.71896091198421,11.413627929024173,True,False
24266,127104138847371587,13,1076,1011,922,2000,193,192,5.194321364327156,5.190651639556515,10.071462362556623,9.848622940429339,True,False
24267,16768174207737292962,1677,2068,2060,1743,2000,84,83,4.718781355806657,4.718228935947533,11.014020470314934,10.767356854125685,True,False
24268,71298553629956235,7,319,297,290,2000,118,117,5.0013689009377025,5.000420687243917,8.31741261376487,8.179909090014934,True,False
24269,19599469227783866,2,2938,1395,1342,2000,1208,1168,6.568056632371382,6.5297106128750695,11.52061868055628,10.390168956200183,True,False
24270,40263392441570525,4,2155,1386,1357,2000,786,780,5.288317588444878,5.283174272396825,11.07347215397646,10.406205005418855,True,False
24271,3503046840577161381,350,8612,6991,5795,2000,1225,1182,4.702601192798057,4.697385273895321,13.072132604167233,12.500592945893834,True,False
24272,107695336411976763838,10770,872,869,762,0,0,0,0.0,0.0,9.768184324776927,9.573647187493322,False,True
24273,20448750000000000,2,3182,1564,1496,2000,1210,1167,6.568753018420777,6.522695167621895,11.635718120331047,10.546894459887637,True,False
24274,120000000000000000,12,1326,1228,1156,2000,369,368,4.580772655174435,4.579881984945087,10.372865060112588,10.174925682500678,True,False
24275,172217680781845139,17,1321,1030,935,2000,353,347,4.406659273848216,4.401461857939201,10.367414751246828,9.868822554774999,True,False
24276,1715700000000000,0,836,0,0,0,0,0,0.0,0.0,9.707359132080883,0,False,True
24277,149625000000000000,15,2321,2045,1918,2000,700,696,4.759001122437947,4.756721920158745,11.180530807344482,10.905387005018131,True,False
24278,29993602842644516608,2999,2491,2484,2049,2000,94,93,4.745133203654463,4.7446862644828816,11.282509306240836,11.000704269011246,True,False
24279,24879444363951026531,2488,2457,2450,2030,2000,87,86,4.440512258800696,4.439898774282854,11.262682142362165,10.987264012072538,True,False
24280,22461851155021176,2,60,48,48,372,48,48,4.933939413527817,4.933939413527817,5.906890595608519,5.584962500721156,False,False
24281,4961587217596800000,496,1804,1794,1485,2000,81,80,4.368125764481206,4.3674939761505565,10.81698362325538,10.536247215688128,True,False
24282,3569132372371715740,357,6017,5252,4386,2000,791,785,4.5103765046223,4.509090836345612,12.554828641429854,12.098690096673593,True,False
24283,9924812030075187969,992,9383,7787,6349,2000,1237,1191,5.439370129221645,5.435269591163664,13.195833549955587,12.632313662586126,True,False
24284,9341219491673147,1,2122,529,516,529,529,516,9.047123912114028,8.990413137066769,11.051208940914766,9.011227255423254,False,False
24285,59730300000000000000,5973,5377,5338,4273,2000,231,231,5.4408994766443755,5.440899476644374,12.392585756275468,12.061033601681112,True,False
24286,1128198759068734,0,705,0,0,0,0,0,0.0,0.0,9.461479447286155,0,False,True
24287,186532500000000000,19,5257,3762,3371,2000,1237,1198,4.597858085880141,4.584266677277221,12.360024019571876,11.71896091198421,True,False
24288,1995000000000000,0,731,0,0,0,0,0,0.0,0.0,9.513727595952437,0,False,True
24289,43092000000000000,4,3674,2129,1988,2000,1215,1175,4.784895971882315,4.7661549655340725,11.84313591111135,10.957102041562287,True,False
24290,3007140555702280,0,10,0,0,0,0,0,0.0,0.0,3.321928094887362,0,False,True
24291,696970711975580,0,211,0,0,0,0,0,0.0,0.0,7.721099188707185,0,False,True
24292,702260866552474055,70,102,88,85,2000,37,37,4.389011828712913,4.389011828712913,6.672425341971495,6.409390936137702,True,False
24293,894379513217286621,89,754,747,692,2000,77,76,4.545410449161101,4.54470170073364,9.558420713268664,9.434628227636725,True,False
24294,3864190312500000000,386,5944,5172,4352,2000,817,809,5.402547767921138,5.4011371110185795,12.537218400538595,12.087462841250339,True,False
24295,1791510000000000000,179,5468,4666,3974,2000,833,824,4.788441621651375,4.78711635759736,12.41679752760606,11.95637615724967,True,False
24296,9441720730613632,1,2073,527,513,527,527,513,9.041659151637212,8.980938089018615,11.017504401109415,9.002815015607053,False,False
24297,997500000000000,0,612,0,0,0,0,0,0.0,0.0,9.257387842692651,0,False,True
24298,498750000000000,0,441,0,0,0,0,0,0.0,0.0,8.784634845557521,0,False,True
24299,4571123847948390,0,690,0,0,0,0,0,0.0,0.0,9.430452551665532,0,False,True
24300,442045416746996,0,111,0,0,0,0,0,0.0,0.0,6.794415866350106,0,False,True
24301,4987500000000000,0,658,0,0,0,0,0,0.0,0.0,9.361943773735241,0,False,True
24302,9975000000000000,1,1373,427,415,427,427,415,8.738092259620492,8.675434443456176,10.4231159101471,8.696967526234287,False,False
24303,53340587583967436756,5334,8896,7830,6554,2000,995,980,5.413500758776693,5.38125729356431,13.118941072723507,12.67815995754276,True,False
24304,4081120704984450,0,1459,0,0,0,0,0,0.0,0.0,10.510764167917891,0,False,True
24305,146450000000000000,15,3968,2863,2589,2000,1017,978,4.516642807264965,4.499892737912494,11.954196310386875,11.338179249900112,True,False
24306,379687042000754887,38,3894,3097,2777,2000,823,814,4.5141970960886715,4.510960358914686,11.927037168720295,11.439311461818846,True,False
24307,70168756570253837,7,4102,2562,2361,2000,1205,1165,4.440161026195648,4.427162691252585,12.002111776479852,11.205182326228643,True,False
24308,263260152841153948,26,1483,1424,1245,2000,198,197,4.388824638242862,4.386990234840878,10.53430288245463,10.281930026955443,True,False
24309,3990000000000000000,399,4126,4003,3344,2000,448,446,5.1603161557601505,5.1599244367010595,12.010528105886484,11.707359132080883,True,False
24310,5885250000000000000,589,4893,4691,3919,2000,596,594,5.0038906180746405,5.003558490255319,12.256503567433041,11.936269857602209,True,False
24311,6483750000000000000,648,5483,5208,4354,2000,705,700,4.502306686604421,4.500068146478562,12.420749758296799,12.088125692188207,True,False
24312,5755575000000000000,576,5597,5294,4422,2000,732,727,4.963579172324787,4.962310937916138,12.450438032395652,12.110483309816226,True,False
24313,10025062656641604010,1003,8787,7515,6085,2000,1179,1135,5.240722117447753,5.235623609023184,13.101154978600523,12.57104154760109,True,False
24314,6603346413531369553,660,1859,1846,1539,2000,79,79,4.848745216191338,4.848745216191337,10.860311054919482,10.58777751632821,True,False
24315,4319426333575734,0,282,0,0,0,0,0,0.0,0.0,8.139551352398794,0,False,True
24316,936565084021169,0,70,0,0,0,0,0,0.0,0.0,6.129283016944966,0,False,True
24317,9975000000000000,1,1706,519,505,519,519,505,9.019590728357883,8.960332756292058,10.73640193131829,8.980139577639157,False,False
24318,20992316943879228486,2099,9850,8254,6697,2000,1237,1194,5.313419803814098,5.310444867687944,13.2659080092311,12.709299252712155,True,False
24319,1975915857411300000,198,1213,1206,1040,2000,89,88,4.270388471366341,4.269101596835229,10.24436383512051,10.022367813028454,True,False
24320,38427982793585593,4,3222,1762,1676,2000,1009,979,5.240645634979922,5.218010045391901,11.653740778706569,10.710806433699352,True,False
24321,99750000000000000,10,3611,2433,2281,2000,1002,983,5.239638966441129,5.225965783104911,11.81818270494864,11.155450731312138,True,False
24322,114347759200343650,11,1010,961,891,2000,192,192,4.491003291449545,4.491003291449545,9.980139577639157,9.799281621521923,True,False
24323,310000000000000000,31,5245,3715,3283,2000,981,952,4.388287566176894,4.378048765018225,12.35672705746463,11.680799034572981,True,False
24324,897750000000000000,90,6458,4910,4254,2000,983,954,4.382105878453747,4.373196681990879,12.65687172561398,12.054604317960672,True,False
24325,119700000000000000,12,4355,2792,2537,2000,951,920,4.530874463551315,4.516082536902184,12.088457003486226,11.308907804063939,True,False
24326,29925000000000000,3,21,16,16,92,16,16,3.7062331754172706,3.7062331754172706,4.392317422778761,4.0,False,False
24327,2532690204003750000,253,1383,1376,1179,2000,83,82,4.468929342288416,4.468367027119061,10.433585441150495,10.203348002979762,True,False
24328,6502822981892986838,650,3949,3881,3080,2000,196,195,4.728489300355358,4.727716709501646,11.947271652460348,11.588714635582264,True,False
24329,1645875000000000000,165,2835,2768,2217,2000,192,190,4.4430775956477975,4.441375200573369,11.469133019829592,11.114393054867307,True,False
24330,33117000000000000,3,454,385,374,2000,184,183,5.1974416348630745,5.193432279701029,8.826548487290914,8.546894459887637,True,False
24331,4948607791407000000,495,1984,1969,1639,2000,98,97,4.416954441171078,4.4163295626586905,10.954196310386875,10.678600139099458,True,False
24332,99728749227331875000,9973,2933,2922,2438,2000,96,95,5.670458643659141,5.642227265889407,11.518161355756956,11.251482410620213,True,False
24333,77206183335234157,8,3595,2310,2177,2000,1010,984,4.370407798256126,4.363078691376559,11.81177605532666,11.088125692188207,True,False
24334,13841082381074671,1,1818,902,893,902,902,893,9.816983623255375,9.797027969153383,10.828136484194108,9.802516365121223,False,False
24335,972562500000000000,97,7089,5466,4675,2000,1220,1177,4.472021312401851,4.464720496012446,12.791366414695004,12.19075064966236,True,False
24336,11027568922305764,1,2479,990,958,990,990,958,9.951284714966972,9.879446921554077,11.275542556086723,9.90388184573618,False,False
24337,697645239549142,0,404,0,0,0,0,0,0.0,0.0,8.658211482751796,0,False,True
24338,501253132832080200,50,6559,4924,4250,2000,1223,1178,4.39921446126542,4.3871363481275765,12.67926015971679,12.053247125912426,True,False
24339,495642231742183085,50,6405,4772,4156,2000,1223,1176,4.459773621365611,4.444639319482725,12.644982855229008,12.020979938904212,True,False
24340,15000000000000000,2,79,54,54,1379,54,54,5.730511457996099,5.730511457996099,6.303780748177103,5.754887502163468,False,False
24341,21935786222169455512,2194,4937,4870,3950,2000,194,193,4.6273130494085954,4.6265128360183585,12.269418929741096,11.947636937951827,True,False
24342,997500000000000000,100,2367,2300,1881,2000,191,190,4.595022558192383,4.594143244057408,11.208843990734614,10.877284133523196,True,False
24343,399000000000000000,40,1737,1670,1418,2000,188,187,4.402533292463543,4.40133293235551,10.762382038710392,10.469641817239516,True,False
24344,418950000000000000,42,6137,4594,4021,2000,1211,1171,4.458904269484039,4.4496811032943535,12.58331786813751,11.97333862080036,True,False
24345,23530308852968993423,2353,4961,4916,3942,2000,223,221,5.509293565866445,5.477481467196339,12.276415241892678,11.944712061043486,True,False
24346,8538978520450520,1,1037,293,288,293,293,288,8.194756854422248,8.153801223022931,10.018200178813226,8.169925001442312,False,False
24347,18357547725693213,2,282,214,212,2000,181,180,6.418308666071699,6.412565073379614,8.139551352398794,7.727920454563199,True,False
24348,12992971565532338,1,195,91,91,91,91,91,6.507794640198699,6.507794640198699,7.60733031374961,6.507794640198696,False,False
24349,75622470000000000000,7562,616,565,513,2000,131,131,5.887347553409972,5.887347553409972,9.266786540694902,9.002815015607053,True,False
24350,58940434076937045939,5894,5364,5296,4253,2000,194,193,4.726155927610002,4.7253871517377375,12.389093521904474,12.054265139625764,True,False
24351,4889776585549133759,489,3843,3325,2739,2000,550,532,4.547859291866432,4.540911338141045,11.908017261062803,11.419433550705378,True,False
24352,17351851411699314671,1735,3552,3108,2533,2000,478,465,5.445087366535666,5.440660035165383,11.794415866350105,11.306631361712501,True,False
24353,20267535979584148631,2027,3448,3040,2485,2000,462,449,5.443360552544949,5.438805267333,11.751544059089099,11.279030136449649,True,False
24354,2993605998659311545,299,2449,2137,1811,2000,378,370,4.600676783276286,4.594790094600759,11.257977058563979,10.822570830950168,True,False
24355,103466941428767255,10,3154,2317,2183,2000,852,842,4.5525244854025635,4.547465530033197,11.62296694479051,11.092096414990792,True,False
24356,2551626544641373914,255,1100,1096,991,2000,65,63,4.341209781902466,4.338792574471548,10.103287808412022,9.952741247186488,True,False
24357,4796745637782069,0,848,0,0,0,0,0,0.0,0.0,9.727920454563199,0,False,True
24358,49266584850000000,5,3659,2301,2126,2000,1214,1170,5.30026984728183,5.272055414715371,11.837233700339088,11.053925881531105,True,False
24359,16758000000000000,2,1618,832,797,2000,748,721,6.53684104333014,6.497136651557234,10.659995892429977,9.638435913990472,True,False
24360,19940025000000000000,1994,6583,6230,5126,2000,750,744,5.125114183164325,5.123529583420148,12.684529482418487,12.323617763291578,True,False
24361,996952428365186721,100,7172,5564,4757,2000,1225,1179,4.878847513674597,4.8743523137249944,12.808159772868375,12.215836309962455,True,False
24362,697409236040379049,70,6800,5255,4525,2000,1233,1191,4.513830154127816,4.507221680838892,12.731319031025064,12.143702076857931,True,False
24363,997168253091763301,100,7119,5602,4790,2000,1228,1187,4.614486585374352,4.60578894996889,12.797458885915104,12.225809940623543,True,False
24364,2003839097290091505,200,7994,6495,5430,2000,1257,1213,5.090001041772963,5.085941784335914,12.964701857420447,12.406736482691723,True,False
24365,1995173696980013504,200,7830,6430,5371,2000,1231,1188,4.474062686214393,4.465221376715093,12.934796592178403,12.390975006155534,True,False
24366,1994864209152811063,199,7635,6329,5274,2000,1182,1138,4.389204208986232,4.37741741837396,12.898412441684213,12.36468185586456,True,False
24367,2992386523116511062,299,7359,6147,5069,2000,1097,1054,4.608643881221839,4.597763637708525,12.845294019278759,12.307485448589476,True,False
24368,3391471056584993095,339,6210,5215,4317,2000,920,883,4.565793116941264,4.554795613991999,12.600377553107844,12.075813377461454,True,False
24369,2992279049378365201,299,4740,4012,3332,2000,714,688,4.6063068033333066,4.595525177103132,12.210671343785622,11.702172685365548,True,False
24370,4987372609774577135,499,3548,3062,2520,2000,499,485,4.59476025467034,4.589121648168193,11.792790294301064,11.29920801838728,True,False
24371,6483831778819187958,648,2360,2088,1767,2000,353,346,5.166418406084326,5.1639804468151205,11.204571144249204,10.787086324551616,True,False
24372,7182009975000000000,718,1665,1469,1273,2000,256,252,4.865675171254553,4.863874766163407,10.701306461958625,10.314016703901357,True,False
24373,9970706911325939615,997,507,464,423,2000,104,104,5.278320034343018,5.278320034343018,8.985841937003341,8.72451385311995,True,False
24374,9976569470333935400,998,373,339,319,2000,81,81,5.30437865081812,5.30437865081812,8.543031820255237,8.31741261376487,True,False
24375,1995000000000000,0,31,0,0,0,0,0,0.0,0.0,4.954196310386875,0,False,True
24376,34736556050015765380,3474,9934,8427,6807,2000,1254,1213,5.415267269603515,5.412593166936524,13.278159031437237,12.732803394393494,True,False
24377,20132878149207116290,2013,9249,7698,6321,2000,985,956,4.830739984148257,4.826989212437388,13.17508167482833,12.625937099538463,True,False
24378,7865947890113505,1,1811,415,409,415,415,409,8.696967526234292,8.663232586475255,10.822570830950168,8.67595703294175,False,False
24379,2005012531328320,0,800,0,0,0,0,0,0.0,0.0,9.643856189774725,0,False,True
24380,4885017189378345,0,1541,0,0,0,0,0,0.0,0.0,10.589651146514786,0,False,True
24381,22413139229476174046,2241,1622,1617,1413,2000,80,79,5.135681972633652,5.121934887813916,10.663558104217273,10.46454575033394,True,False
24382,120930559459993817,12,3940,2765,2570,2000,1002,983,4.748480732074038,4.741443939348917,11.943979914343739,11.32755264408124,True,False
24383,1496250000000000,0,309,0,0,0,0,0,0.0,0.0,8.271463027904375,0,False,True
24384,74810166670663072352,7481,5556,5498,4452,2000,221,219,5.236328829511213,5.19789393342906,12.439830883981392,12.12023787734196,True,False
24385,269757580807846723,27,3133,2405,2134,2000,712,688,4.427529998004362,4.417849005798788,11.613329054371054,11.059344460824425,True,False
24386,471556512438785785,47,5961,4316,3778,2000,1046,1017,4.583936357053587,4.57817896309158,12.541338657970826,11.88340698638837,True,False
24387,48665806360255413,5,2584,1678,1615,2000,915,904,4.550384438391486,4.54569849449987,11.335390354693924,10.657318449581288,True,False
24388,102699029253356844,10,3422,2491,2344,2000,932,921,4.725859996044964,4.721438194687288,11.740624044489413,11.194756854422248,True,False
24389,6547215452800938216,655,1723,1717,1501,2000,71,70,4.50736388855374,4.506445228605801,10.750706986224948,10.55170826162069,True,False
24390,24660308778901490,2,2811,1418,1361,2000,1008,982,6.485772082830286,6.456442822958804,11.456867738380343,10.410451351503994,True,False
24391,63450862750288238400,6345,10106,8565,6925,2000,1272,1230,6.0982016087974085,6.096135592017779,13.302924464617952,12.757598355823912,True,False
24392,7370270847065223160,737,8588,7046,5839,2000,984,955,4.7005097665583095,4.695916343469813,13.068106475858773,12.511505595792482,True,False
24393,125590872310796532457,12559,6926,6655,5522,0,0,0,0.0,0.0,12.757806672197228,12.430975172588068,False,True
24394,7448419740426874655,745,806,803,700,2000,53,53,4.253868800622268,4.253868800622266,9.654636028527968,9.451211111832329,True,False
24395,16669261418315544,2,2000,1014,1001,2000,955,945,6.548426797024297,6.538213108781228,10.965784284662087,9.967226258835993,True,False
24396,80404821573637358,8,1166,1042,1003,2000,430,428,4.7486343122275105,4.7461336870712225,10.187352073200497,9.970105890612182,True,False
24397,995347186419351702,100,6457,5067,4378,2000,1017,990,4.590502852956417,4.58555575170978,12.65664831174735,12.096056239180946,True,False
24398,7936619403415145,1,530,150,150,150,150,150,7.228818690495879,7.228818690495879,9.049848549450562,7.22881869049588,False,False
24399,877762637368228630,88,782,773,714,2000,79,77,4.364142030247602,4.362148616911705,9.611024797307353,9.479780264029099,True,False
24400,839566424406385,0,234,0,0,0,0,0,0.0,0.0,7.870364719583405,0,False,True
24401,12943594840361093265,1294,1881,1875,1616,2000,74,73,4.6113086895022946,4.610507064196353,10.877284133523196,10.658211482751796,True,False
24402,2922446671384170000,292,2929,2521,2119,2000,439,427,4.459068050153781,4.4518476510621925,11.516192477879367,11.04916787237217,True,False
24403,3015968685495533,0,903,0,0,0,0,0,0.0,0.0,9.818582177480858,0,False,True
24404,21236775000000000000,2124,2812,2510,2086,2000,400,392,5.566983902179555,5.564830712330371,11.457380879072534,11.026523442519766,True,False
24405,3046629659205543719,305,1572,1565,1308,2000,74,73,4.328925881467953,4.3274570852345775,10.618385502258606,10.353146825498083,True,False
24406,77067651518957193,8,3798,2320,2166,2000,964,936,5.310432472058976,5.288182957511886,11.891024190149498,11.080817527608327,True,False
24407,35937266351706772164,3594,6937,5996,4844,2000,900,863,4.966333041672822,4.9600934111507335,12.760096169244092,12.24198314969433,True,False
24408,107730000000000000,11,4251,2768,2548,2000,965,936,4.388487596975793,4.373280097768681,12.053586543639176,11.3151495622563,True,False
24409,84572061501304644,8,791,744,710,2000,207,207,4.492185154491704,4.492185154491704,9.627533884472792,9.471675214392045,True,False
24410,411053755074394768,41,1795,1741,1487,2000,201,200,4.404696788852439,4.403596568808431,10.809768128710413,10.53818893205242,True,False
24411,71915497329498751,7,4048,2695,2476,2000,1212,1168,4.7843765092103885,4.763219211589616,11.98299357469431,11.273795599214264,True,False
24412,561731340042746811,56,1994,1935,1631,2000,201,200,4.422626751647956,4.421505275377373,10.961449694398196,10.671541066711884,True,False
24413,4810364687692460,0,272,0,0,0,0,0,0.0,0.0,8.087462841250339,0,False,True
24414,1356464978838371744,136,7613,6114,5137,2000,1254,1210,4.835083073054088,4.829789259320064,12.894249362864231,12.32671035834696,True,False
24415,5134609143023125679,513,3221,3163,2565,2000,155,154,4.52905781527463,4.526103958038625,11.653292945382814,11.324743110494417,True,False
24416,2201830480591613,0,28,0,0,0,0,0,0.0,0.0,4.807354922057604,0,False,True
24417,1209330651454055219,121,4413,3658,3098,2000,741,713,4.566528611932714,4.554561620929886,12.107544031975987,11.597121428789569,True,False
24418,661654135338345864,66,6798,5202,4482,2000,1225,1182,4.696438169414285,4.690694873120328,12.730894646541671,12.129926933510394,True,False
24419,66076081166465097,7,248,233,229,2000,92,91,4.543051189832721,4.541294931408144,7.954196310386875,7.839203788096944,True,False
24420,1364426014060673,0,104,0,0,0,0,0,0.0,0.0,6.700439718141092,0,False,True
24421,15037593984962406,2,449,357,356,2000,344,343,6.469013072708996,6.466013072708995,8.810571634741146,8.475733430966399,True,False
24422,160673434658956160175,16067,7269,6956,5728,0,0,0,0.0,0.0,12.827541190172502,12.483815777264256,False,True
24423,2477375784813300000,248,1362,1355,1166,2000,84,83,4.434035889967864,4.433056615432792,10.411510988012072,10.187352073200497,True,False
24424,1886755039676159820,189,6152,5264,4502,2000,919,908,4.562024771808863,4.558703806048125,12.586839787961827,12.136350341454156,True,False
24425,5838635907868610,1,219,52,52,52,52,52,5.7004397181410935,5.7004397181410935,7.774787059601174,5.700439718141092,False,False
24426,17955000000000000,2,2959,1358,1306,2000,1211,1170,6.569100081028601,6.5313266850461495,11.530893981193922,10.350939181546432,True,False
24427,157462046626081277292,15746,5313,4663,3778,0,0,0,0.0,0.0,12.37531099747307,11.88340698638837,False,True
24428,18449367044915679981,1845,2354,2343,1919,2000,87,86,4.777522037966424,4.7771299280907495,11.200898605038445,10.90613899619538,True,False
24429,7882259629196112251,788,4637,4514,3736,2000,443,441,5.087313129265228,5.086906294440166,12.178976011374525,11.867278739709661,True,False
24430,169575000000000000,17,4543,3321,2977,2000,1108,1067,4.483445980886513,4.46908416434723,12.149429590056743,11.539643506238036,True,False
24431,11192530369200984746,1119,5233,4520,3666,2000,719,694,5.443289749482829,5.438980759969846,12.353422543614714,11.839991070539886,True,False
24432,356293705122620119,36,3052,2399,2109,2000,645,625,4.38800799516497,4.376713238760413,11.57553924683453,11.042343379793692,True,False
24433,14945542500000000000,1495,9610,8094,6569,2000,1249,1209,4.9662696129486585,4.962448032115164,13.230320715661113,12.681458050210274,True,False
24434,80883251699946262,8,2387,1656,1518,2000,712,688,4.51973900873654,4.5066257583092515,11.220982851081777,10.567956075415466,True,False
24435,99750000000000000,10,1150,1049,994,2000,377,375,4.4218530365189075,4.418688357861809,10.167418145831737,9.957102041562287,True,False
24436,519298500000000000,52,1960,1900,1596,2000,199,198,4.4890401552613834,4.486837953059181,10.936637939002571,10.640244936222345,True,False
24437,395743164351647,0,168,0,0,0,0,0,0.0,0.0,7.392317422778761,0,False,True
24438,426796441460061068,43,3836,3013,2639,2000,782,753,4.435515912055371,4.420121457352606,11.905387005018131,11.365775635326269,True,False
24439,1979040000000000000,198,4172,3502,2948,2000,658,637,4.53900512366342,4.529639229144793,12.026523442519766,11.52552080909507,True,False
24440,3909774436090225563,391,3537,3042,2521,2000,515,499,4.496841433553705,4.489655014135924,11.788310503700918,11.29978040285854,True,False
24441,9975000000000000000,998,2246,1991,1688,2000,339,333,5.3452618275673105,5.343269175621069,11.133142212400601,10.721099188707186,True,False
24442,1247999739083058007,125,1041,1034,907,2000,90,89,4.270640875814015,4.26935383640468,10.023754353299417,9.824958740528523,True,False
24443,2976939892767178168,298,3551,3470,2880,2000,307,307,4.686200375398735,4.686200375398735,11.79400964502097,11.491853096329674,True,False
24444,678966803512631493,68,3228,2999,2612,2000,641,638,4.645820490505914,4.645153601542926,11.656424863277781,11.350939181546432,True,False
24445,49349161503359481,5,3784,2320,2144,2000,1237,1194,4.78886275556339,4.7681085027232415,11.885696373339394,11.066089190457772,True,False
24446,1230095040084493166,123,7445,6042,5062,2000,1234,1190,4.513895476289372,4.50610399732499,12.862056133469462,12.305491792110685,True,False
24447,77716154271309162,8,4111,2750,2516,2000,1215,1171,5.3000014068790735,5.271791676718043,12.005273656563938,11.296916206879288,True,False
24448,10234350000000000000,1023,8904,7619,6159,2000,1190,1145,5.27696456170943,5.272167090005608,13.12023787734196,12.588480412829758,True,False
24449,1126177500000000000,113,6980,5710,4790,2000,1160,1117,4.43141240166835,4.422018188413908,12.769011321097015,12.225809940623543,True,False
24450,606114352325789016,61,5829,4617,3963,2000,1091,1049,4.3799427721155375,4.367999145552439,12.509032686306501,11.952377251967985,True,False
24451,2556214134598712117,256,3276,3237,2650,2000,215,215,4.541858017054408,4.541858017054405,11.677719641641009,11.371776644337924,True,False
24452,328244753682833191,33,3643,2945,2646,2000,780,774,4.463752943655356,4.4621037260996,11.830911279742782,11.369597346278677,True,False
24453,822590395174125714,82,5152,4282,3754,2000,887,876,4.56305713447884,4.558603811841568,12.330916878114618,11.874212934830874,True,False
24454,3289420261352758633,329,8114,6824,5612,2000,1173,1130,4.43705784312102,4.4215872629436745,12.986197587206274,12.454299293619899,True,False
24455,19835197752087293,2,49,42,42,602,42,42,5.167495840378837,5.167495840378837,5.614709844115208,5.392317422778761,False,False
24456,2984458363005294972,298,3316,3249,2631,2000,192,191,4.392966235217367,4.391605536725473,11.69522829149575,11.36139553316589,True,False
24457,49524159999356361191,4952,10217,8710,7114,2000,1254,1211,6.435500972831949,6.434153914610382,13.318684021961525,12.79644525906185,True,False
24458,369971024152792887,37,1742,1682,1464,2000,258,258,4.639234080272764,4.639234080272763,10.766528908598865,10.515699838284043,True,False
24459,1050447702729611148,105,2526,2458,1974,2000,186,185,4.3714927745349765,4.370047205759262,11.302638923787553,10.946906274456397,True,False
24460,7980000000000000,1,239,140,140,140,140,140,7.129283016944968,7.129283016944968,7.900866807980749,7.129283016944966,False,False
24461,1118189745786334044,112,6963,5505,4688,2000,1017,987,4.582049520122195,4.575686546995382,12.765493308065638,12.194756854422248,True,False
24462,8928756635952502,1,1894,421,413,421,421,413,8.717676423066397,8.67787859051969,10.887220615468385,8.689997971419446,False,False
24463,3108210000000000000,311,7248,6133,5187,2000,975,959,4.6461555541547135,4.643562790190071,12.823367240046235,12.340684654363438,True,False
24464,7926219787500000000,793,2580,2284,1918,2000,374,367,5.121413650495908,5.118964127368798,11.333155350310616,10.905387005018131,True,False
24465,442426682110193633,44,634,621,563,2000,80,79,4.37770789561554,4.375691723445558,9.308339030139408,9.13699111208023,True,False
24466,99750000000000000,10,2650,1934,1845,2000,778,772,4.542280558607234,4.539193848626014,11.371776644337924,10.849405100947758,True,False
24467,10302728527308856374,1030,8429,7254,6036,2000,1003,984,4.594001760378226,4.590163674456916,13.04114576747633,12.559377090526683,True,False
24468,4786949238144486931,479,1578,1571,1372,2000,68,67,4.447970795122185,4.44678178972896,10.623881490013458,10.422064766172813,True,False
24469,7796146109332087,1,1944,341,337,341,341,337,8.413627929024173,8.390167518466988,10.92481250360578,8.396604781181859,False,False
24470,19406507593570182172,1941,8726,7551,6272,2000,1013,994,5.274587802258123,5.272183249012775,13.091104758376499,12.614709844115207,True,False
24471,19928291119207866669,1993,2835,2820,2358,2000,110,109,4.868505447693578,4.868173879197024,11.469133019829592,11.203348002979762,True,False
24472,18908874500840639421,1891,8835,7586,6112,2000,1167,1123,5.557701422165049,5.553672781977322,13.10901441943898,12.57742882803575,True,False
24473,3990000000000000,0,628,0,0,0,0,0,0.0,0.0,9.294620748891626,0,False,True
24474,997500000000000,0,92,0,0,0,0,0,0.0,0.0,6.523561956057013,0,False,True
24475,2374050000000000000,237,4316,4094,3458,2000,621,618,4.645927847756793,4.644336300067682,12.075479149488016,11.755722153642282,True,False
24476,2472273825000000000,247,3663,3561,2987,2000,416,414,5.042916920830946,5.0424585588499875,11.83880998570856,11.544481522310791,True,False
24477,1383741936929798397,138,5911,5029,4318,2000,920,910,4.6202541370367936,4.618339371250215,12.529186505250891,12.076147528022505,True,False
24478,20741935150421332402,2074,2412,2400,1987,2000,86,85,4.9890782110290495,4.988528632129633,11.236014191900084,10.95637615724967,True,False
24479,10832911369407995667,1083,2124,2113,1764,2000,67,66,4.227888183369189,4.225540718687073,11.052568050804153,10.784634845557521,True,False
24480,2416250984064843134,242,3261,3206,2637,2000,230,229,4.865216874559087,4.863080303517785,11.671098725748465,11.36468185586456,True,False
24481,96977745911434660,10,4437,2909,2655,2000,1226,1185,4.502144860602206,4.4900466245169,12.115368837820224,11.374496145691516,True,False
24482,1126330856736914903,113,1085,1072,930,2000,84,83,4.319406901771392,4.318096937901633,10.083479327331842,9.861086905995395,True,False
24483,5230897337919553,1,1416,183,183,183,183,183,7.5156998382840445,7.5156998382840445,10.467605550082997,7.515699838284043,False,False
24484,4494735000000000000,449,6813,5756,4730,2000,990,950,4.5506697694525435,4.543381646696818,12.734074491428045,12.207624468226758,True,False
24485,10972500000000000,1,144,67,67,67,67,67,6.066089190457772,6.066089190457772,7.169925001442312,6.066089190457772,False,False
24486,28428750000000000,3,35,23,23,287,23,23,4.11294874340105,4.11294874340105,5.129283016944966,4.523561956057013,False,False
24487,49875000000000000,5,96,91,90,2000,55,55,4.486078769414861,4.486078769414861,6.584962500721156,6.491853096329675,True,False
24488,22275415233588352,2,366,297,293,2000,188,187,6.42625007817284,6.420743194568334,8.515699838284043,8.194756854422248,True,False
24489,179550000000000000,18,4778,3510,3143,2000,1156,1114,4.782205465971707,4.764744344057895,12.222191138456333,11.617926556798752,True,False
24490,438152491015224548,44,6188,4651,4070,2000,1202,1161,4.439805690464415,4.42504597625156,12.595257481449035,11.99081307915361,True,False
24491,2593500000000000000,259,3228,3161,2563,2000,195,194,4.663344315824969,4.662499542857704,11.656424863277781,11.323617763291578,True,False
24492,3615980908136928,0,1202,0,0,0,0,0,0.0,0.0,10.231221180711186,0,False,True
24493,116078300759725717804,11608,8890,7893,6617,0,0,0,0.0,0.0,13.117967703717133,12.691961564216788,False,True
24494,219620985019261746,22,1393,1325,1170,2000,190,189,4.490785935453094,4.48858483490282,10.443979542601253,10.192292814470767,True,False
24495,696405021813526,0,79,0,0,0,0,0,0.0,0.0,6.303780748177103,0,False,True
24496,19950000000000000000,1995,7771,6901,5777,2000,916,905,5.53899282417775,5.537908782517187,12.923884546385334,12.496104779340126,True,False
24497,42875033485804004961,4288,5511,5412,4440,2000,390,389,5.276836000128755,5.276631068097881,12.428098411832506,12.116343961237469,True,False
24498,701754385964912280,70,2123,2057,1711,2000,197,196,4.415138513601497,4.414028019431592,11.051888655905378,10.740624044489413,True,False
24499,642132197919957480,64,2064,2005,1668,2000,200,199,4.353667332691904,4.3520946684557185,11.011227255423254,10.703903573444663,True,False
24500,218705776600243765,22,1377,1320,1168,2000,202,201,4.35298944820003,4.351613244021374,10.427312844134963,10.189824558880018,True,False
24501,155388471177944862,16,1140,1099,1007,2000,209,209,4.495847419991191,4.495847419991191,10.154818109052105,9.975847968006784,True,False
24502,386873344970433709,39,1806,1742,1511,2000,273,273,4.731734737787269,4.731734737787269,10.818582177480858,10.561287945164828,True,False
24503,208011530689419701,21,1524,1446,1312,2000,289,289,4.509122113693397,4.509122113693397,10.573647187493322,10.357552004618084,True,False
24504,124023849348318747406,12402,5523,5455,4383,0,0,0,0.0,0.0,12.431236412071062,12.097702963524654,False,True
24505,1304730000000000000,130,7704,6086,5129,2000,1223,1177,4.436043918714313,4.426431909543359,12.911391987843459,12.324461855977317,True,False
24506,10422339266363619051,1042,3472,3428,2776,2000,138,138,4.7129841834032655,4.712984183403266,11.761551232444479,11.43879185257826,True,False
24507,3617914800892084,0,1012,0,0,0,0,0,0.0,0.0,9.98299357469431,0,False,True
24508,21598155128187634,2,2849,1271,1217,2000,973,943,6.531299276025761,6.492095831632714,11.476239906323851,10.249113452713729,True,False
24509,30029203521668060,3,3076,1511,1436,2000,959,930,5.283174630048514,5.259415782738465,11.586839787961827,10.487840033823051,True,False
24510,64482205513784461,6,1541,1067,994,2000,470,459,4.761270916587725,4.747481003998651,10.589651146514786,9.957102041562287,True,False
24511,37862665372072648831,3786,9931,8406,6799,2000,1234,1193,4.649894486160856,4.644741040863053,13.27772328161035,12.731106854388033,True,False
24512,18045112781954887,2,2550,1081,1045,2000,971,941,6.533537236977843,6.497351655872455,11.31628153174622,10.029287226968245,True,False
24513,29290448114086441,3,504,334,321,2000,213,209,5.459796327573021,5.4454773728567165,8.977279923499916,8.326429487122303,True,False
24514,63338098629413713,6,4148,2617,2404,2000,1234,1193,4.443730565079042,4.430844804207719,12.018200178813226,11.231221180711186,True,False
24515,20236528718975018183,2024,5711,5518,4563,2000,593,591,5.508074388549113,5.507873077744059,12.479527669256347,12.155766938445653,True,False
24516,1965075000000000000,197,8053,6516,5497,2000,1202,1160,4.390953786920463,4.37756854562287,12.975310618056731,12.424428764037762,True,False
24517,27561208768164892,3,3282,1742,1653,2000,1208,1168,6.128228868978334,6.095671987467844,11.680359523513713,10.690871009292314,True,False
24518,9897605325734161504,990,9451,7938,6537,2000,1206,1165,4.657126795728411,4.650333070025857,13.206251272060687,12.674412981837063,True,False
24519,1645610370327197663,165,1010,1003,900,2000,78,75,4.461482847263461,4.399266793669513,9.980139577639157,9.813781191217037,True,False
24520,2394000000000000,0,348,0,0,0,0,0,0.0,0.0,8.442943495848729,0,False,True
24521,9975000000000000,1,232,80,79,80,80,79,6.3219280948873635,6.296928094887362,7.857980995127572,6.303780748177103,False,False
24522,3608533782372192,0,1322,0,0,0,0,0,0.0,0.0,10.368506461507693,0,False,True
24523,2315696250000000000,232,2453,2126,1804,2000,389,380,4.593449772528495,4.586038792926669,11.260331518557601,10.81698362325538,True,False
24524,685788782034249035,69,6807,5211,4481,2000,1218,1174,4.49964651594185,4.4914880382860005,12.732803394393494,12.129605011152504,True,False
24525,2982294972676530104,298,327,325,301,2000,44,44,4.259905816142982,4.259905816142982,8.353146825498083,8.233619676759702,True,False
24526,96063590714638246,10,4069,2791,2547,2000,1161,1120,5.781974244741811,5.753037834282001,11.99045856507371,11.314583244274194,True,False
24527,2552579616210543556,255,3249,3190,2611,2000,197,196,4.3691064892284945,4.36771496487682,11.665780028329483,11.350386742312843,True,False
24528,100000000000000,0,98,0,0,0,0,0,0.0,0.0,6.614709844115208,0,False,True
24529,25264780900885002,3,1812,1076,1022,2000,714,688,6.235508217541987,6.200875795471003,10.823367240046235,9.997179480937621,True,False
24530,66302157450434220,7,729,669,630,2000,197,196,4.49134512285307,4.489142920650867,9.509775004326936,9.29920801838728,True,False
24531,2864584524096655340,286,3337,3277,2665,2000,206,205,4.493924691336468,4.493000515743104,11.704335971182319,11.379919817646538,True,False
24532,56370879569394333,6,3566,2336,2149,2000,1114,1073,4.765804249845176,4.744988711219845,11.800090987624994,11.069449767427784,True,False
24533,411625656725518726,41,614,603,563,2000,82,81,4.471499575400822,4.470965233009257,9.262094845370179,9.13699111208023,True,False
24534,7045427678438265,1,1607,322,320,322,322,320,8.330916878114614,8.318494517866167,10.650154213675094,8.321928094887362,False,False
24535,39972415219974652,4,3697,2104,1958,2000,1215,1172,5.29838699620708,5.2705756593003095,11.852139328187244,10.935165049603695,True,False
24536,3360591157847682,0,1279,0,0,0,0,0,0.0,0.0,10.320800548881637,0,False,True
24537,95333772688651930,10,337,250,242,2000,109,109,4.681277729828135,4.681277729828135,8.396604781181859,7.918863237274595,True,False
24538,16418656066875029,2,2754,1347,1293,2000,1226,1183,6.5742153453989935,6.532712028281906,11.427312844134963,10.336506559810255,True,False
24539,25704133014368449626,2570,3168,2803,2317,2000,445,434,5.83897331663681,5.835844177136913,11.62935662007961,11.178042328864821,True,False
24540,26212110666736744178,2621,2956,2631,2178,2000,421,412,5.814167417965444,5.8119087004299335,11.52943055414615,11.088788238716907,True,False
24541,2974232610570900000,297,1481,1474,1268,2000,82,81,4.468812657525227,4.468250385737693,10.532355925288847,10.308339030139408,True,False
24542,447976587259614962,45,650,643,599,2000,89,88,4.3168419178825586,4.3155700974637465,9.344295907915816,9.226412192788786,True,False
24543,3465383293216386508,347,1654,1646,1397,2000,89,88,4.431328760378761,4.430662225736646,10.691743519171276,10.448116305409464,True,False
24544,3042337395975188992,304,5983,5031,4176,2000,899,863,4.617825318098515,4.610226924079118,12.546653347654956,12.027905996569885,True,False
24545,4556113764907005000,456,157,140,135,2000,44,44,4.570514984383999,4.5705149843839985,7.294620748891627,7.076815597050831,True,False
24546,60635754884516626371,6064,5374,5306,4261,2000,195,194,4.631514080992366,4.630642095212441,12.391780606013166,12.05697633617822,True,False
24547,199427804113906770,20,4405,3242,2905,2000,1062,1022,4.557766214393894,4.542390704344768,12.104926303807776,11.50432244829189,True,False
24548,991359023287641681,99,6873,5533,4715,2000,1214,1171,4.471627304498864,4.464024305227706,12.746724244025831,12.20304205556246,True,False
24549,4987500000000000,0,1261,0,0,0,0,0,0.0,0.0,10.30035256032822,0,False,True
24550,1434405000000000000,143,1717,1472,1277,2000,300,294,4.453818798153069,4.447894673513875,10.745674324002135,10.318542809702723,True,False
24551,977670946875000000,98,2643,2554,2180,2000,348,347,4.384072265787867,4.3834055991212,11.36796070964157,11.090112419664289,True,False
24552,233235960720000000,23,472,466,443,2000,84,83,4.291055140410117,4.289325868144693,8.88264304936184,8.791162888555018,True,False
24553,991479160871108586,99,2358,2292,1885,2000,200,199,4.629602144664741,4.628868689088812,11.203348002979762,10.880348808156027,True,False
24554,19948036363209543891,1995,4207,3689,2996,2000,575,556,5.7363801725094765,5.7325753444003125,12.03857610276879,11.54882190845875,True,False
24555,16957500000000000,2,2285,1157,1108,2000,1034,995,6.497294998348612,6.455602311188522,11.157978449945432,10.113742166049189,True,False
24556,73815000000000000000,7382,2743,2732,2225,2000,104,103,5.238876995648475,5.2386334962964725,11.421538906848276,11.119589620741122,True,False
24557,7980000000000000,1,1581,372,365,372,372,365,8.539158811108033,8.496148058419859,10.62662165235837,8.51175265376738,False,False
24558,24720024845954286814,2472,5224,5123,4191,2000,397,395,5.237307103286132,5.236318237773558,12.350939181546432,12.03307880613062,True,False
24559,1108654615267353,0,331,0,0,0,0,0,0.0,0.0,8.370687406807217,0,False,True
24560,2605620549863323,0,548,0,0,0,0,0,0.0,0.0,9.098032082960527,0,False,True
24561,27944074874923579920,2794,5113,5053,4070,2000,216,215,5.000984329115594,5.000498098288559,12.319954310686944,11.99081307915361,True,False
24562,476199022077312257,48,6339,4743,4128,2000,1217,1173,4.459299821495048,4.449197807979309,12.630039552656097,12.011227255423254,True,False
24563,69825000000000000,7,481,340,328,2000,156,153,4.470335672332432,4.461323957102632,8.909893083770042,8.357552004618084,True,False
24564,450870000000000000,45,1801,1734,1485,2000,195,194,4.406085795039631,4.4049855199708645,10.814582465906277,10.536247215688128,True,False
24565,1587499335999025112,159,2851,2782,2281,2000,196,195,4.406092408653721,4.404992133584956,11.477252323937952,11.155450731312138,True,False
24566,1932135832915453271,193,6456,5341,4463,2000,1026,986,4.375983718870022,4.36261111054291,12.656424863277781,12.123798091251855,True,False
24567,4478102163131893695,448,8842,7246,5983,2000,1221,1177,4.513201358164057,4.506132853395012,13.110157018954066,12.546653347654956,True,False
24568,3790500000000000000,379,1630,1618,1348,2000,78,76,4.372038464391462,4.368371721261389,10.67065624911844,10.396604781181859,True,False
24569,10058805045581204,1,1575,722,717,722,722,717,9.49585502688717,9.482004611374704,10.621136113274641,9.485829308701904,False,False
24570,10025062656641604,1,2348,978,947,978,978,947,9.933690654952233,9.867479113538979,11.197216693110052,9.887220615468385,False,False
24571,13045266833790382686,1305,5334,4610,3731,2000,719,693,5.085779284290448,5.079675234484222,12.381002109550925,11.86534664481678,True,False
24572,997500000000000000,100,7190,5604,4784,2000,1215,1172,4.441423438712372,4.426403255352936,12.81177605532666,12.224001674198105,True,False
24573,14000000000000000,1,1413,680,656,680,680,656,9.4093909361377,9.33127414866893,10.46454575033394,9.357552004618084,False,False
24574,60516350546976660,6,2260,1536,1422,2000,704,680,4.7519501800232185,4.7332972329366925,11.14210705730255,10.473705749619416,True,False
24575,20815486503466858,2,1577,897,863,2000,658,637,6.510734019290131,6.475718966543247,10.62296694479051,9.753216749178955,True,False
24576,522382001730380018,52,378,319,299,2000,100,100,4.306371385643034,4.306371385643035,8.562242424221072,8.224001674198105,True,False
24577,469733319988800000,47,646,634,591,2000,75,74,4.405164194209103,4.403822445007015,9.335390354693924,9.207014320177532,True,False
24578,796561524896805821,80,712,701,632,2000,67,66,4.324562939815249,4.321310758928056,9.475733430966399,9.303780748177102,True,False
24579,9975000000000000,1,1819,558,544,558,558,544,9.124121311829189,9.069005025983015,10.828929827651486,9.087462841250339,False,False
24580,1627985503978185082,163,6304,5333,4566,2000,958,947,5.188962760574521,5.187229846304229,12.622051819456376,12.156715144224702,True,False
24581,11978502306759132,1,2563,1045,1011,1045,1045,1011,10.029287226968247,9.955584308299677,11.323617763291578,9.981567281903015,False,False
24582,912832100224009457,91,2336,2282,1890,2000,207,205,4.772132313299034,4.771383075928478,11.189824558880018,10.884170519108435,True,False
24583,9961001843541958042,996,4412,4331,3543,2000,310,310,4.955953572608507,4.955953572608508,12.107217075591382,11.790755750118313,True,False
24584,30940922001703715,3,2556,1544,1449,2000,938,900,6.55569946845468,6.5141797241291535,11.319672120946995,10.50084187955693,True,False
24585,96058581336400038,10,4480,2886,2638,2000,1213,1171,4.789331948802067,4.770863382655578,12.129283016944967,11.365228849251544,True,False
24586,8053352194710259,1,1274,368,368,368,368,368,8.523561956057012,8.523561956057012,10.3151495622563,8.523561956057012,False,False
24587,5012531328320802,1,1145,203,203,203,203,203,7.665335917185179,7.665335917185179,10.161131882984307,7.6653359171851765,False,False
24588,6718045065204650,1,1311,315,315,315,315,315,8.29920801838728,8.29920801838728,10.356451970221755,8.29920801838728,False,False
24589,29915711851678698458,2992,5055,4986,4040,2000,204,203,4.863633272486365,4.8630331674679885,12.303495376790377,11.980139577639157,True,False
24590,43277631266163088,4,3749,2192,2033,2000,1217,1175,5.299344362595535,5.272906063056592,11.872290110288091,10.989394499844732,True,False
24591,3359616685954898,0,777,0,0,0,0,0,0.0,0.0,9.60177078840771,0,False,True
24592,25062656641604010,3,385,317,313,2000,188,187,5.2006288968274355,5.196623556373495,8.588714635582264,8.290018846932618,True,False
24593,501253132832080200,50,1938,1872,1584,2000,195,194,4.48682105982358,4.484619959273305,10.92035285541508,10.62935662007961,True,False
24594,9426960278268190916,943,5480,5251,4367,2000,640,637,4.831617057951957,4.831072973510052,12.419960177847889,12.092426815780255,True,False
24595,14962500000000000,1,2443,975,945,975,975,945,9.92925840863697,9.856775296367168,11.254438148267257,9.884170519108435,False,False
24596,29983741670841669362,2998,5083,5017,4057,2000,204,203,4.677238534285156,4.676550926846491,12.311464515448444,11.986197587206274,True,False
24597,10992450000000000000,1099,4496,4430,3577,2000,202,201,4.706414626056066,4.70569355099871,12.134426320220927,11.804534402995225,True,False
24598,3481428288721818,0,1403,0,0,0,0,0,0.0,0.0,10.454299293619899,0,False,True
24599,4485470891208850030,449,8408,6786,5679,2000,1027,998,4.779359798246676,4.775532624227651,13.037546953962178,12.471421196424862,True,False
24600,12500465420902821427,1250,4610,4539,3649,2000,196,195,4.5371997734748675,4.5362701174476,12.1705510353167,11.833285435584482,True,False
24601,13789914219041362012,1379,4576,4535,3628,2000,236,235,5.625976469250225,5.59725977083288,12.159871336778389,11.824958740528523,True,False
24602,96757500000000000000,9676,3078,2743,2263,2000,432,422,5.912092009023657,5.909548732155972,11.58777751632821,11.144020869266893,True,False
24603,1754860576932167,0,360,0,0,0,0,0,0.0,0.0,8.491853096329674,0,False,True
24604,2970555000000000000,297,3397,3342,2731,2000,226,226,4.952300570546569,4.952300570546568,11.7300455028792,11.415213598765286,True,False
24605,13776785232776674,1,1307,626,605,626,626,605,9.290018846932618,9.215954105755939,10.352043425795433,9.240791332161956,False,False
24606,2621289707593193652,262,8266,6681,5578,2000,1211,1170,4.406959407228429,4.398523381037764,13.01297364837454,12.445532219028312,True,False
24607,15461250000000000,2,1198,624,605,2000,574,557,6.5354345937504466,6.502895255121586,10.226412192788786,9.240791332161956,True,False
24608,4592454557824032153,459,5042,4790,4016,2000,673,669,4.782294936279285,4.780259276294439,12.29978040285854,11.971543553950772,True,False
24609,6591711120859983615,659,5896,5543,4607,2000,744,739,4.829115229378155,4.827772104341649,12.52552080909507,12.169611882604212,True,False
24610,8317626239629544908,832,6045,5684,4714,2000,756,751,5.239772213057409,5.239268358322265,12.561526624136485,12.202736043250168,True,False
24611,4570249062947674297,457,5683,5277,4406,2000,756,751,4.87466347240929,4.873941995363426,12.472437000051329,12.105253779700883,True,False
24612,1904104503374802391,190,5460,4695,3957,2000,791,785,4.524246748557812,4.522736777285803,12.414685235807214,11.950191349972702,True,False
24613,13459092564984225658,1346,8359,7248,6060,2000,983,967,5.165848635230766,5.163494085150122,13.02911464546904,12.565102078360313,True,False
24614,625548449023475656,63,5609,4437,3893,2000,998,980,4.737541505097616,4.735200523267752,12.453527867681785,11.926666629347283,True,False
24615,1082401069115068452,108,6915,5470,4671,2000,1028,999,4.604437180560981,4.599506160325806,12.755513536037856,12.189515729800194,True,False
24616,278993494432267642,28,5102,3631,3238,2000,1009,978,4.514941147818552,4.4989606804337665,12.316847183602473,11.660887270302567,True,False
24617,198076241392076461,20,4686,3215,2885,2000,976,946,4.771786975710358,4.759906295711874,12.194141238863136,11.494355603532846,True,False
24618,147597131364798839,15,4465,2969,2700,2000,963,933,4.626856768071564,4.606376785209779,12.124444460008585,11.398743691938193,True,False
24619,324380989840534820,32,5282,3731,3284,2000,973,944,5.273249471012038,5.2494945835098745,12.366868586167094,11.681238411777805,True,False
24620,145823291253635093,15,4569,2987,2698,2000,989,960,4.423852879106496,4.412141126042659,12.157662727208448,11.397674632948268,True,False
24621,163217444802146400,16,4857,3210,2876,2000,1043,1014,4.502687049951353,4.495002603662613,12.245849771023723,11.489847960439297,True,False
24622,180671309220733525,18,4722,3278,2929,2000,1066,1036,4.377277228448239,4.368773190189984,12.205182326228643,11.516192477879367,True,False
24623,113608368662997376,11,4337,2971,2702,2000,1097,1064,4.532262126317733,4.517831750065354,12.082481727863103,11.399811959325685,True,False
24624,126655232432576354,13,4748,3255,2956,2000,1177,1137,4.394500343109531,4.383000373872001,12.213104219641906,11.52943055414615,True,False
24625,134405393378676858,13,4946,3392,3082,2000,1218,1178,4.46382198151817,4.453548242622719,12.272046524389937,11.589651146514786,True,False
24626,219018608094603271,22,5473,3978,3540,2000,1238,1199,4.691026241517341,4.679129753717352,12.418116141207488,11.78953364497036,True,False
24627,104698665476491707,10,4615,3253,2957,2000,1215,1171,4.550079834156242,4.533150610214836,12.172114932533136,11.529918528120325,True,False
24628,3474273384523177562,347,3350,2869,2389,2000,480,467,4.448098558220257,4.440248284088008,11.709945380232497,11.222191138456333,True,False
24629,10094760216194958955,1009,3412,2982,2439,2000,464,451,5.044072549724703,5.037700346091181,11.73640193131829,11.252074042796185,True,False
24630,3561003459064409652,356,3055,2640,2206,2000,449,436,4.559356509347561,4.547472516520795,11.576956664706092,11.107217075591382,True,False
24631,10916186486621408896,1092,6699,5931,4922,2000,805,799,5.12756108931638,5.126967728682297,12.709730036543629,12.26502894245816,True,False
24632,41078190516769481239,4108,5268,5199,4213,2000,212,210,5.1961881199044315,5.181170463459297,12.363039630256514,12.040632200562253,True,False
24633,63086829702444917853,6309,2770,2757,2266,2000,90,89,4.7754780187812065,4.774928567647021,11.43567026093655,11.145932145820515,True,False
24634,12485419222500000000,1249,4708,4653,3746,2000,209,208,4.676426172523049,4.675738522099521,12.200898605038445,11.871135184243045,True,False
24635,13946878417500000000,1395,4800,4744,3814,2000,211,210,4.907571710438211,4.907047838548701,12.228818690495881,11.897089128312755,True,False
24636,1047375000000000000,105,25,24,23,435,24,23,4.162106858479943,4.06010969074534,4.643856189774724,4.523561956057013,False,False
24637,997500000000000000,100,46,45,43,2000,29,28,4.381394814786053,4.376029651487589,5.523561956057013,5.426264754702098,True,False
24638,2190413911133489,0,1045,0,0,0,0,0,0.0,0.0,10.029287226968245,0,False,True
24639,359873878476945000,36,3407,2661,2337,2000,724,697,4.383258083717792,4.369948519232564,11.734286232096347,11.190442018782825,True,False
24640,548347147608081656,55,6604,5061,4377,2000,1233,1192,4.656187444916759,4.64880545972199,12.689124404913258,12.095726668639047,True,False
24641,1128283316945655,0,332,0,0,0,0,0,0.0,0.0,8.375039431346925,0,False,True
24642,3401475000000000,0,747,0,0,0,0,0,0.0,0.0,9.544964432789238,0,False,True
24643,983312944425861000,98,2465,2395,2010,2000,276,276,4.5638931202336845,4.563893120233686,11.267371931265274,10.972979786066292,True,False
24644,97797500164930622,10,3946,2513,2339,2000,1024,996,4.414768016191017,4.404013128688854,11.946175240723559,11.191676146352428,True,False
24645,1493033167050308337,149,4530,4219,3568,2000,726,722,4.495284390708301,4.4938421774835735,12.145295334933598,11.800899899920305,True,False
24646,2908883014746544730,291,8366,6860,5749,2000,1194,1150,4.787397308278955,4.780350901279362,13.030322282644034,12.489095315413504,True,False
24647,3790021762369160,0,1366,0,0,0,0,0,0.0,0.0,10.41574176829009,0,False,True
24648,100747500000000000,10,4206,2972,2694,2000,1121,1081,5.728505570740236,5.700101649497936,12.03823313473178,11.395534135462302,True,False
24649,52631026607570789471,5263,5326,5266,4235,2000,261,261,5.271744635095484,5.271744635095484,12.378836713210614,12.04814625421956,True,False
24650,901511086575957360,90,1014,999,861,2000,100,98,4.529098156003551,4.508447084842114,9.985841937003341,9.749869427396844,True,False
24651,2623540871711811600,262,7723,6291,5304,2000,1042,1013,5.236393011017889,5.2337874257408705,12.914945656040324,12.372865060112588,True,False
24652,147119169441055813,15,144,141,140,2000,48,48,4.146341201917444,4.146341201917444,7.169925001442312,7.129283016944966,True,False
24653,199500000000000000,20,3336,2558,2360,2000,809,799,4.547352106299842,4.542141077547081,11.703903573444663,11.204571144249204,True,False
24654,2926475960399419308,293,2098,2073,1703,2000,136,135,4.6389138710085795,4.638669576873627,11.034798962577268,10.733862719678543,True,False
24655,39899186148429602373,3990,9467,8173,6570,2000,1201,1155,5.442890121298868,5.438526865863724,13.208691606785079,12.681677655209691,True,False
24656,2144625000000000000,214,3098,3029,2426,2000,199,197,4.817239867370866,4.796921661160301,11.597121428789569,11.24436383512051,True,False
24657,99750000000000000,10,3396,2345,2144,2000,980,941,5.578905143236629,5.551071364065393,11.729620743553038,11.066089190457772,True,False
24658,3187819023922230569,319,858,746,670,2000,133,133,4.662299202336931,4.66229920233693,9.744833837499545,9.388017285345136,True,False
24659,9975000000000000,1,463,171,169,171,171,169,7.417852514885897,7.3944607020204005,8.854868383260236,7.400879436282184,False,False
24660,1580474299689600000,158,2258,1949,1668,2000,376,368,4.5457299967024865,4.539485238783777,11.140829770773001,10.703903573444663,True,False
24661,4148703380767045515,415,5179,4902,4109,2000,705,701,4.375133240505463,4.373632959202718,12.338457843130849,12.004571615167656,True,False
24662,12575400000000000,1,314,243,243,243,243,243,7.924812503605784,7.924812503605784,8.294620748891626,7.924812503605781,False,False
24663,19942795046961413200,1994,4828,4760,3805,2000,194,193,4.580062109442946,4.579133040298761,12.237209960755022,11.893680738390907,True,False
24664,807975000000000000,81,1222,1197,991,2000,118,117,4.272430054465325,4.271892939440479,10.25502856981873,9.952741247186488,True,False
24665,9635850000000000000,964,5217,4493,3654,2000,720,694,5.125162027196784,5.119289810294365,12.349004718027743,11.835260918627489,True,False
24666,9616811795162625146,962,2113,2106,1770,2000,81,80,4.374156495026085,4.373233002482749,11.04507705193494,10.78953364497036,True,False
24667,1247976177282067089,125,7659,6115,5177,2000,1215,1176,4.657439799174522,4.652092528049478,12.902940323128275,12.337900602860927,True,False
24668,1559398496240601503,156,7832,6238,5244,2000,1221,1178,4.513643456472334,4.50676341046759,12.935165049603695,12.356451970221755,True,False
24669,3641507394143869001,364,3760,3238,2690,2000,553,534,4.576620508665104,4.564445730014144,11.876516946565,11.393390457443987,True,False
24670,348736530447900000,35,1683,1362,1208,2000,377,369,4.4189051132484165,4.408881473267845,10.71681946132995,10.238404739325079,True,False
24671,13965000000000000,1,198,94,94,94,94,94,6.554588851677637,6.554588851677637,7.6293566200796095,6.554588851677638,False,False
24672,1000000000000000,0,293,0,0,0,0,0,0.0,0.0,8.194756854422248,0,False,True
24673,7680301145787751,1,1360,363,363,363,363,363,8.50382573799575,8.50382573799575,10.409390936137703,8.50382573799575,False,False
24674,64211931657445409,6,2302,1571,1453,2000,710,686,4.754239436603603,4.735729699099136,11.16867211813223,10.504818987632841,True,False
24675,4172868421676466348,417,8743,7244,5967,2000,1268,1223,5.2384806655777805,5.233699028506467,13.093912683665561,12.5427900615549,True,False
24676,15475574753869512,2,263,195,193,2000,180,179,6.41680592669195,6.411063769898037,8.038918989292302,7.592457037268081,True,False
24677,168577500000000000,17,5186,3666,3287,2000,1225,1184,4.464537734054137,4.449252702725302,12.340406490853294,11.68255574108031,True,False
24678,99248120300751879699,9925,5471,5404,4343,2000,227,226,5.732496567361049,5.732229354392313,12.41758884038258,12.084476237453893,True,False
24679,179550000000000000,18,4649,3189,2878,2000,1020,990,4.371975110913594,4.358054637964946,12.182704710518964,11.490850876740298,True,False
24680,150622500000000000,15,4558,3085,2803,2000,1006,976,4.411809114795441,4.400030609051598,12.154185209265297,11.452756029032495,True,False
24681,189525000000000000,19,4679,3208,2890,2000,1003,973,4.502488220104649,4.496491155483746,12.19198451336031,11.496853777388042,True,False
24682,708225000000000000,71,6238,4767,4151,2000,996,966,4.394398733357842,4.386404535266321,12.606867837374152,12.019243216603607,True,False
24683,765504118092126010,77,6305,4836,4202,2000,988,958,4.5072007486098595,4.499176893383872,12.622280655215583,12.036860446673046,True,False
24684,362092500000000000,36,6086,4463,3905,2000,1218,1175,4.472065954093441,4.46327921803615,12.571278618514595,11.931106833029341,True,False
24685,561093750000000000,56,4310,3547,3097,2000,787,781,4.436380812843275,4.433808940460825,12.07347215397646,11.596655667674662,True,False
24686,49865646960356395248,4987,5392,5311,4326,2000,320,320,5.408853395176907,5.408853395176906,12.396604781181859,12.078817949961978,True,False
24687,23435441796793150684,2344,6319,6044,4994,2000,713,709,5.042857572274747,5.042357572274747,12.62548055047108,12.285980105928212,True,False
24688,30872625000000000000,3087,7372,6607,5424,2000,812,805,5.3808897598022405,5.3799454993934415,12.847840355630714,12.405141463136344,True,False
24689,953867176701990322,95,2982,2472,2133,2000,540,523,4.45954444455364,4.451520527261794,11.542064542283443,11.058668250340572,True,False
24690,84451493408388439,8,946,695,642,2000,307,302,4.450033197486665,4.444136981213928,9.885696373339394,9.326429487122303,True,False
24691,452436097568723223,45,1288,1059,944,2000,280,274,4.370224493835127,4.360631761410887,10.330916878114618,9.88264304936184,True,False
24692,61357242429563472,6,3525,2313,2124,2000,1084,1043,4.7593345490450405,4.737957662126713,11.783407542173519,11.052568050804153,True,False
24693,18580503693564934546,1858,5942,5705,4728,2000,672,668,5.691833650143403,5.691130222531312,12.536732889835415,12.207014320177532,True,False
24694,9251189491649093954,925,7518,6612,5576,2000,921,910,4.789067525761839,4.787686706152269,12.876133200043016,12.445014845868423,True,False
24695,45936841163325285275,4594,9124,7949,6596,2000,1023,1004,5.445695776872507,5.443913577679995,13.155450731312138,12.687375683437468,True,False
24696,498750000000000,0,5,0,0,0,0,0,0.0,0.0,2.321928094887362,0,False,True
24697,72282756623546546490,7228,5059,4995,4049,2000,207,204,5.649281780005648,5.647596564136786,12.30463652380727,11.983349927676457,True,False
24698,986849494546793984,99,2356,2285,1847,2000,191,190,4.350900909105114,4.349399783260729,11.20212382383046,10.850968150982439,True,False
24699,1916696250000000000,192,6714,5603,4781,2000,971,955,4.6933526719324545,4.690922441858843,12.71295682169755,12.223096690347695,True,False
24700,2992500000000000,0,770,0,0,0,0,0,0.0,0.0,9.588714635582264,0,False,True
24701,801407373805755,0,232,0,0,0,0,0,0.0,0.0,7.857980995127572,0,False,True
24702,12998584793250000000,1300,8097,7105,5968,2000,980,970,5.015977353561231,5.0151094110190275,12.983171762188007,12.543031820255237,True,False
24703,4891920225347400000,489,1768,1761,1517,2000,94,92,4.625951991988587,4.625049239009334,10.787902559391432,10.567005370247033,True,False
24704,1367709505575714974,137,1082,1071,934,2000,82,81,4.580177006917655,4.5793356995710734,10.079484783826816,9.867278739709661,True,False
24705,9235934824567600,1,677,207,206,207,207,206,7.693486957499326,7.683825121750534,9.403012023574997,7.6865005271832185,False,False
24706,2874204705106937863,287,1325,1317,1165,2000,81,80,4.520714585584072,4.519988045983932,10.371776644337924,10.186114239541643,True,False
24707,9177000000000000000,918,6831,5822,4746,2000,950,910,5.048736412324832,5.042416655675114,12.737881076857779,12.212496385193948,True,False
24708,58851317936541860081,5885,10217,8603,6966,2000,1241,1199,5.479244809748794,5.4768378128370605,13.318684021961525,12.766114757586722,True,False
24709,119700000000000000,12,6,5,5,3,5,5,2.2810361125534238,2.2810361125534238,2.584962500721156,2.321928094887362,False,False
24710,24388875000000000000,2439,2461,2202,1855,2000,359,352,5.653562218461817,5.651939181342507,11.26502894245816,10.857203471508166,True,False
24711,4788000000000000000,479,2042,1792,1530,2000,308,302,4.697496624972947,4.6932534103206,10.995767150877802,10.579315937580015,True,False
24712,19511349069702166743,1951,9201,7670,6306,2000,984,955,4.919977864526498,4.916519097303961,13.167574951988176,12.622509454683335,True,False
24713,4488750000000000000,449,697,694,613,2000,55,55,4.418079830471813,4.418079830471814,9.445014845868423,9.259743263690781,True,False
24714,10174500000000000000,1017,2285,2272,1908,2000,100,98,4.916263115470348,4.915543184258403,11.157978449945432,10.897845456005511,True,False
24715,2094750000000000000,209,1702,1684,1412,2000,105,104,4.3922918739476575,4.391401222718676,10.733015321685963,10.46352437327118,True,False
24716,2992500000000000000,299,2207,2179,1784,2000,130,129,4.688754619509191,4.688531655558162,11.107870914279614,10.800899899920305,True,False
24717,1995000000000000000,200,1974,1946,1599,2000,122,122,4.481422341005166,4.481422341005166,10.946906274456397,10.642954223480332,True,False
24718,2992500000000000000,299,3109,3045,2450,2000,185,183,4.6336667903515,4.632615138486574,11.602234901341063,11.258566033889933,True,False
24719,12163417891734227,1,2447,1091,1049,1091,1091,1049,10.091435386323607,10.008608137949087,11.25679838607939,10.034798962577268,False,False
24720,1956078626063100000,196,1286,1272,1113,2000,88,86,4.361257407335601,4.359909727187309,10.328674927327947,10.12023787734196,True,False
24721,20050125313283208,2,2258,1237,1184,2000,938,901,6.562997454491064,6.520806324721697,11.140829770773001,10.20945336562895,True,False
24722,180573812563725000,18,288,283,280,2000,62,62,4.336267136227489,4.336267136227488,8.169925001442312,8.129283016944967,True,False
24723,686280000000000000,69,4955,3946,3398,2000,938,898,4.471353388169073,4.458729707979154,12.274669342073851,11.73047013718422,True,False
24724,7425872954290604,1,1115,261,256,261,261,256,8.027905996569883,7.98192898507563,10.122827994807666,8.0,False,False
24725,3002475000000000000,300,1871,1855,1538,2000,104,103,4.371458741152044,4.370826028351752,10.869593843240784,10.586839787961827,True,False
24726,5670866926450576746,567,7934,6761,5665,2000,997,979,4.737448059702167,4.735107422195098,12.953832682145281,12.467860240707878,True,False
24727,15000000000000000000,1500,7673,6798,5699,2000,915,905,5.04955499235373,5.048608664363541,12.905575039562665,12.47649307734159,True,False
24728,4690940482705457615,469,6098,5330,4468,2000,798,792,4.686716553337603,4.685600366492027,12.574120435009748,12.125413470483315,True,False
24729,9127937354673210790,913,6522,5752,4791,2000,801,793,4.807026637587992,4.80418751971707,12.671098725748465,12.226111098132389,True,False
24730,321195000000000000,32,5915,4394,3870,2000,1235,1196,4.513942438912812,4.5078449932283275,12.53016245322715,11.918117851031772,True,False
24731,1340036795916813452,134,7664,6132,5168,2000,1236,1195,4.4437003963067925,4.4308796903541285,12.90388184573618,12.335390354693924,True,False
25648,141554240743751733,14,4490,3019,2755,2000,1018,988,4.41379036864425,4.402011862900406,12.13249972962851,11.42783660345852,True,False
25649,342163799391981663,34,5309,3841,3389,2000,985,955,4.5328145617272,4.518417166144923,12.374224426123732,11.726643921483994,True,False
25650,403642103540270122,40,5504,4030,3551,2000,974,946,4.465837560313029,4.458732398256748,12.426264754702098,11.79400964502097,True,False
25651,291020766194107128,29,5112,3602,3195,2000,971,942,4.43061336761854,4.423448511113811,12.319672120946995,11.641600215834357,True,False
25652,9914173411020759153,991,2946,2920,2398,2000,138,137,4.917349777713329,4.917180476222515,11.524541715035848,11.227615943414223,True,False
25653,174340259795070121143,17434,3243,3228,2685,0,0,0,0.0,0.0,11.663113308455806,11.390706372872774,False,True
25654,8528343621808500000,853,1544,1540,1376,2000,68,67,4.447779983447541,4.446396343091055,10.59245703726808,10.426264754702098,True,False
25655,62244000000000000,6,2980,1979,1829,2000,920,883,4.785540083789722,4.763782014108978,11.541096615349524,10.836839359748716,True,False
25656,105981210393345990,11,324,313,300,2000,74,72,4.801913218623824,4.797458211833539,8.339850002884624,8.228818690495881,True,False
25657,147293141963019810,15,362,350,337,2000,74,73,4.361873525903412,4.359810692998778,8.499845887083206,8.396604781181859,True,False
25658,281419595131932503,28,1455,1391,1170,2000,175,173,4.70266810015287,4.698764051526544,10.506803437795647,10.192292814470767,True,False
25659,74185463659147869,7,4280,2682,2466,2000,1215,1172,4.594612785482734,4.579144856168624,12.06339508128851,11.26795708440284,True,False
25660,9472019901144514,1,1069,326,321,326,326,321,8.348728154231079,8.311918338280158,10.06204613772049,8.326429487122303,False,False
25661,68747700000000000000,6875,7159,6807,5605,2000,787,781,6.229997991821206,6.229346947143437,12.805542364358724,12.45249865769279,True,False
25662,5536125000000000000,554,5176,4939,4143,2000,648,645,4.507186809486922,4.5063533719738995,12.337621901992508,12.016460104979208,True,False
25663,12119625000000000000,1212,9239,7619,6287,2000,1076,1045,5.200475752704672,5.1972846244391055,13.173520992026965,12.61815604777846,True,False
25664,13901699103575803346,1390,3144,3119,2560,2000,132,131,4.281314623004316,4.280851101516704,11.618385502258606,11.321928094887362,True,False
25665,7768116329487464189,777,3722,3658,2939,2000,176,174,4.439241741028678,4.437823297245238,11.861862340059151,11.521109643651332,True,False
25666,16097323275134493195,1610,4732,4665,3741,2000,196,195,4.920613310494559,4.920001392772546,12.208234358339789,11.869208250550827,True,False
25667,163005798218607338,16,2141,1915,1780,2000,628,625,4.432976958996525,4.431309319540175,11.06406908038551,10.79766152585376,True,False
25668,34430230406121291253,3443,5144,5077,4084,2000,193,192,4.676041753979373,4.675261113164073,12.328674927327947,11.995767150877802,True,False
25669,11199694655330417494,1120,1960,1953,1670,2000,78,77,4.3671376351784,4.366497687786079,10.936637939002571,10.705632387361415,True,False
25670,3415000000000000000,342,995,870,779,2000,150,148,4.360543189558118,4.356985064245393,9.958552715431011,9.605479518061669,True,False
25671,6409538798577612814,641,8168,6945,5785,2000,999,977,4.5954428572334605,4.592101109893971,12.995767150877802,12.498101243994853,True,False
25672,2523675000000000000,252,5782,4981,4222,2000,828,819,4.471670886958398,4.469502075887182,12.49735289347705,12.043710863347156,True,False
25673,39578604909935897,4,2094,1322,1235,2000,747,720,5.275438624023838,5.248668678090068,11.032045726930809,10.27029532647204,True,False
25674,164528850786196696,16,1187,1119,1004,2000,189,188,4.710844734782031,4.707841731779027,10.213104219641906,9.971543553950772,True,False
25675,20947500000000000,2,3072,1533,1469,2000,1198,1158,6.565735753344815,6.526542228258814,11.584962500721156,10.52061868055628,True,False
25676,17424375776734455666,1742,3162,3137,2569,2000,133,132,4.7395559190419965,4.739349128891366,11.62662165235837,11.326991174900817,True,False
25677,60150375939849,0,59,0,0,0,0,0,0.0,0.0,5.882643049361842,0,False,True
25678,18828396271971285164,1883,7057,6276,5201,2000,831,821,5.007398066092947,5.005661497644365,12.78483929465315,12.3445733225962,True,False
25679,2860594340625000000,286,8150,6791,5613,2000,1218,1174,4.435678698571518,4.427215779523209,12.992584344005802,12.45455634396194,True,False
25680,5771330183467592683,577,5059,4837,4049,2000,632,629,4.876206105732386,4.875142915499053,12.30463652380727,11.983349927676457,True,False
25681,190476190476190476,19,5351,3754,3349,2000,1219,1176,4.560982593107385,4.553250061993362,12.385592813601363,11.709514660706716,True,False
25682,4289250000000000000,429,7978,6733,5515,2000,1139,1097,4.56868713287516,4.560413208769303,12.961811408087163,12.429145170478744,True,False
25683,3951568878503564484,395,4356,4182,3510,2000,514,512,5.1311436907397505,5.1308270784908165,12.088788238716907,11.777255315191923,True,False
25684,13561420762020915000,1356,6272,5409,4384,2000,842,808,5.089209559042214,5.083286275669236,12.614709844115207,12.098032082960527,True,False
25685,20711521288447827107,2071,6336,5483,4434,2000,841,807,5.569664148615361,5.56546187739337,12.62935662007961,12.114393054867307,True,False
25686,1809302827441359,0,543,0,0,0,0,0,0.0,0.0,9.084808387804362,0,False,True
25687,1082287500000000000,108,5882,4947,4261,2000,945,933,4.718157276612096,4.71645246468559,12.522091068887065,12.05697633617822,True,False
25688,2529225694485000,0,519,0,0,0,0,0,0.0,0.0,9.019590728357882,0,False,True
25689,300902254278242,0,107,0,0,0,0,0,0.0,0.0,6.741466986401147,0,False,True
25690,44377258515890232626,4438,9987,8473,6851,2000,1262,1221,5.600589027895299,5.597141514750833,13.285835655861419,12.742098869778307,True,False
25691,957600000000000000,96,817,804,717,2000,80,79,4.351235449875524,4.350189464005819,9.674192268145683,9.485829308701904,True,False
25692,2104725000000000000,210,1660,1644,1384,2000,102,101,4.286117666807981,4.285343320385148,10.696967526234287,10.434628227636725,True,False
25693,38136145042020942,4,3629,2142,1992,2000,1252,1208,5.3090726546290385,5.27866178888738,11.825356341479335,10.960001932068081,True,False
25694,9896197500000000000,990,4321,4281,3433,2000,219,219,4.9114369672076,4.9114369672076,12.077149515589733,11.745254141957256,True,False
25695,4076964169858344545,408,8786,7242,5987,2000,1234,1193,4.557867209441087,4.551872576337312,13.100990784092762,12.547617554902802,True,False
25696,304237500000000000,30,1604,1561,1356,2000,210,210,4.45131521614012,4.451315216140118,10.64745842645492,10.405141463136344,True,False
25697,883046693548609900,88,4824,4001,3486,2000,840,830,4.394494205364235,4.39113715142683,12.236014191900084,11.767356854125685,True,False
25698,997431637145687979,100,4704,3832,3284,2000,837,803,4.513226991135932,4.501584163728518,12.199672344836364,11.681238411777805,True,False
25699,15653650344795641,2,589,334,328,2000,305,300,6.476338847638695,6.459094111051127,9.20212382383046,8.357552004618084,True,False
25700,64568363527500000000,6457,4310,4269,3470,2000,146,146,5.027813881289199,5.0278138812892,12.07347215397646,11.760719947465624,True,False
25701,3391500000000000,0,853,0,0,0,0,0,0.0,0.0,9.73640193131829,0,False,True
25702,1091360114693537204,109,7463,5958,5074,2000,1198,1159,4.511783752918685,4.505332304073307,12.865539970785697,12.308907804063939,True,False
25703,4544682622126178,0,1493,0,0,0,0,0,0.0,0.0,10.543998450134541,0,False,True
25704,1705834572007181272,171,2871,2811,2306,2000,206,205,4.44481563760272,4.443814864277878,11.487337615207181,11.171176797651771,True,False
25705,2513700000000000000,251,8295,6763,5640,2000,1237,1196,4.436971682372356,4.429241514425649,13.018026265843226,12.461479447286155,True,False
25706,2389178012589434532,239,4709,3966,3316,2000,728,700,4.594913778355527,4.584037057041888,12.201205007299528,11.69522829149575,True,False
25707,236973788315393634429,23697,7689,6914,5729,0,0,0,0.0,0.0,12.908580264012734,12.484067622432198,False,True
25708,997500000000000,0,11,0,0,0,0,0,0.0,0.0,3.4594316186372973,0,False,True
25709,4351883616602635,0,1436,0,0,0,0,0,0.0,0.0,10.487840033823051,0,False,True
25710,6523306303266778059,652,3950,3883,3119,2000,191,190,4.469952849179004,4.468825876977652,11.947636937951827,11.606867837374152,True,False
25711,5352758840737631123,535,3906,3846,3081,2000,212,211,4.684735127930476,4.684035137475799,11.93147623388679,11.589182967039351,True,False
25712,20049750000000000000,2005,2405,2393,1980,2000,79,78,4.711127331463355,4.71024067477933,11.231821178657404,10.951284714966972,True,False
25713,19251750000000000000,1925,2335,2324,1935,2000,70,69,4.295028861782365,4.293167381134864,11.189206834597025,10.918117851031772,True,False
25714,24937500000000000000,2494,2418,2406,2015,2000,75,74,4.500557959716894,4.500113220437225,11.239598529249124,10.97656412341533,True,False
25715,35012250000000000000,3501,2575,2562,2144,2000,77,77,4.688303022047462,4.688303022047462,11.330356716957944,11.066089190457772,True,False
25716,424935000000000000,42,6095,4590,4029,2000,1199,1160,4.406062980351621,4.397549527089337,12.573410505507574,11.9762060901486,True,False
25717,2984783689955709067,298,5813,5048,4240,2000,787,781,4.393960393105287,4.391756324745242,12.505067193231886,12.049848549450562,True,False
25718,1596645167031860859,160,6986,5701,4839,2000,1021,995,4.9145258496357265,4.9117003583896475,12.770250927394864,12.240493223876799,True,False
25719,597113389183527466,60,1974,1906,1545,2000,186,185,4.440477236298033,4.43894539160352,10.946906274456397,10.593391122791736,True,False
25720,2991708187218017875,299,8415,6881,5722,2000,1239,1196,4.5936965262146305,4.586042252689145,13.038747556217311,12.482303782323182,True,False
25721,99244978642808442707,9924,9433,8181,6760,2000,1049,1028,6.328604321170405,6.327550686491071,13.203500952361395,12.722807531169547,True,False
25722,687889995913983658,69,709,696,630,2000,77,76,4.382364276292833,4.381419136804467,9.469641817239516,9.29920801838728,True,False
25723,17640989983933151,2,2034,1041,1027,2000,968,957,6.536718471694373,6.523432507202588,10.9901039638575,10.004220466318195,True,False
25724,961020208050000000,96,798,790,728,2000,75,74,4.243957299647089,4.24270534146664,9.640244936222345,9.507794640198696,True,False
25725,38496517500000000000,3850,9492,8024,6590,2000,1017,985,5.73763722510054,5.734287052382322,13.212496385193948,12.686062749895415,True,False
25726,973100475184210974,97,2356,2311,1919,2000,211,211,4.408331930511949,4.408331930511949,11.20212382383046,10.90613899619538,True,False
25727,2465417174092707,0,504,0,0,0,0,0,0.0,0.0,8.977279923499916,0,False,True
25728,2704102778450223,0,1216,0,0,0,0,0,0.0,0.0,10.247927513443585,0,False,True
25729,34696040832080954995,3470,5154,5086,4072,2000,200,199,4.870763092591256,4.870127856305327,12.331476821859619,11.991521846075695,True,False
25730,1682782500000000000,168,2911,2453,2081,2000,465,453,4.531416498016324,4.523151941694589,11.507299124122765,11.023061249735335,True,False
25731,1277797500000000000,128,2503,2125,1820,2000,413,402,4.366296621184745,4.356690749333038,11.289442575688332,10.829722735086058,True,False
25732,9975000000000000,1,2111,611,595,611,611,595,9.25502856981873,9.196911098453219,11.043710863347156,9.216745858195306,False,False
25733,21918536195075625000,2192,2399,2388,1986,2000,82,81,4.850867895254391,4.850106145228726,11.228217442293435,10.955649907528374,True,False
25734,54843343833764739285,5484,3539,3518,2898,2000,124,123,4.782181936236469,4.78198172379026,11.789126046425231,11.50084187955693,True,False
25735,1973343013461750000,197,1223,1216,1050,2000,81,80,4.39618818674955,4.394380524147456,10.256208688527387,10.036173612553485,True,False
25736,293265000000000000,29,2328,2137,1923,2000,564,562,4.463453003478372,4.462775823873306,11.184875342908283,10.909143047339898,True,False
25737,2134650000000000000,213,8089,6590,5491,2000,1249,1207,4.558857462762468,4.552706605773398,12.981745645634575,12.422853195944265,True,False
25738,13841753520049756258,1384,3811,3758,3046,2000,150,150,4.393112610516345,4.393112610516345,11.895953892812168,11.572700226487292,True,False
25739,2957910985278282027,296,2816,2757,2233,2000,162,160,4.486406067003542,4.477501235785471,11.459431618637296,11.124767535822473,True,False
25740,14964151366973833933,1496,4655,4588,3672,2000,215,214,5.338020414072995,5.337630105867051,12.184565452446156,11.842350343413807,True,False
25741,17938142191953451240,1794,4777,4710,3772,2000,201,199,4.916512009318371,4.915591936403477,12.221889161471266,11.881113960675096,True,False
25742,39899857131044967076,3990,5226,5157,4139,2000,215,214,5.470883393486128,5.470549220077977,12.35149140932002,12.015066533230291,True,False
25743,33901364012563116140,3390,5206,5136,4129,2000,201,200,4.676097154661059,4.67534687330555,12.345959596404112,12.011576703176177,True,False
25744,5010000000000000000,501,6379,5564,4687,2000,839,829,4.742592477767468,4.741012693487671,12.639114563179414,12.194449079479025,True,False
25745,7980000000000000,1,1744,415,408,415,415,408,8.696967526234292,8.658413309366821,10.768184324776927,8.672425341971495,False,False
25746,1296750000000000000,130,1333,1318,1116,2000,98,97,4.250943370162709,4.249943935524918,10.380461065088973,10.124121311829187,True,False
25747,2135542786912803,0,476,0,0,0,0,0,0.0,0.0,8.894817763307943,0,False,True
25748,5752314951762983982,575,1849,1842,1586,2000,96,94,4.725550939060833,4.724922824668456,10.852529509404196,10.63117705570398,True,False
25749,247380000000000000,25,5477,3942,3498,2000,1201,1160,4.457323392875769,4.445813412957944,12.419170165028538,11.772314573921653,True,False
25750,9825335161056975000,983,1990,1983,1695,2000,94,92,4.587956390865559,4.587035190250466,10.958552715431011,10.727069558023706,True,False
25751,4251571967562936136,425,1791,1784,1515,2000,91,90,4.333142009945999,4.33211760217628,10.806549621985962,10.565102078360313,True,False
25752,1483128312041229486,148,6680,5512,4698,2000,997,978,4.642681940766343,4.638194997356137,12.705632387361415,12.197830998012197,True,False
25753,911304092622305502,91,6471,4998,4329,2000,980,950,4.598414158596108,4.59324460523986,12.659772961881611,12.079818085212354,True,False
25754,1346325259033909022,135,7151,5758,4895,2000,1079,1047,5.043873246722162,5.040499394122818,12.803929287974446,12.257093144491057,True,False
25755,1716629654130531263,172,7445,6154,5131,2000,1174,1131,4.672973874090147,4.659491437423159,12.862056133469462,12.325024310191417,True,False
25756,1994712180959042197,199,4079,3435,2897,2000,642,623,4.3839702599476,4.374369473986375,11.993999791792524,11.500343969270403,True,False
25757,290899935519900000,29,370,365,362,2000,62,62,4.3865824776783064,4.386582477678307,8.531381460516313,8.499845887083206,True,False
25758,118641490776945290,12,231,226,223,2000,62,61,4.46007435396978,4.418078755386549,7.851749041416057,7.800899899920305,True,False
25759,7489672175350101569540,748967,2342,2335,1947,0,0,0,0.0,0.0,11.193525360501216,10.927037168720295,False,True
25760,3979621458880273,0,365,0,0,0,0,0,0.0,0.0,8.51175265376738,0,False,True
25761,997500000000000,0,78,0,0,0,0,0,0.0,0.0,6.285402218862249,0,False,True
25762,7980000000000000,1,374,118,118,118,118,118,6.882643049361842,6.882643049361842,8.546894459887637,6.882643049361842,False,False
25763,47579033481311724,5,543,476,457,2000,182,181,4.705972307496965,4.702968552803597,9.084808387804362,8.83605035505807,True,False
25764,417443271044868,0,4,0,0,0,0,0,0.0,0.0,2.0,0,False,True
25765,37400678309075591,4,477,409,395,2000,185,184,4.708477938530306,4.705221425504254,8.897845456005511,8.625708843064466,True,False
25766,717952634860755000,72,805,672,614,2000,161,158,4.494721657557867,4.490903730268171,9.65284497300198,9.262094845370179,True,False
25767,10853014319964719111,1085,3155,2770,2287,2000,439,427,5.379372238331879,5.374553693798435,11.623424289869911,11.159240650411673,True,False
25768,180451127819548872,18,4290,3059,2784,2000,989,969,4.7568998241246305,4.745893560839557,12.066761932386909,11.442943495848729,True,False
25769,598500000000000000,60,6072,4723,4096,2000,1086,1054,4.490762016744469,4.48393760518265,12.567956075415466,12.0,True,False
25770,505925841135470440,51,5974,4613,4016,2000,1097,1064,4.689968903441363,4.684873870960196,12.544481522310791,11.971543553950772,True,False
25771,2309442969579192900,231,7677,6311,5322,2000,1103,1070,4.397834558236509,4.389814563653961,12.906326932760603,12.37775279502222,True,False
25772,897750000000000000,90,6907,5415,4663,2000,1186,1145,4.746121428693478,4.7405825041288985,12.753843508311638,12.187042714339894,True,False
25773,1995000000000000000,200,8073,6535,5512,2000,1218,1175,5.121965684731816,5.1159314381686425,12.978889176361573,12.428360172704291,True,False
25774,6477977268000000000,648,6299,5657,4703,2000,787,781,5.203238600369516,5.20225937640588,12.620907095885338,12.199365616857982,True,False
25775,1703249395622488453,170,6818,5649,4799,2000,998,981,4.394098236236132,4.3898719634472645,12.735132884139947,12.228518097716194,True,False
25776,100250626566416040,10,821,622,579,2000,246,242,4.89636301166351,4.886929677006734,9.681238411777805,9.177419537989236,True,False
25777,69825000000000000,7,2987,1996,1844,2000,910,874,4.551420087046938,4.5344150572142965,11.544481522310791,10.848622940429339,True,False
25778,1156259558336584224,116,7560,5974,5051,2000,1217,1174,4.398687246717362,4.3857753751948145,12.884170519108435,12.302353326431202,True,False
25779,131670000000000000,13,4504,2918,2642,2000,980,949,4.508339234875625,4.49781287448752,12.13699111208023,11.367414751246828,True,False
25780,1296750000000000000,130,26,25,24,921,25,24,4.24042518430469,4.150282743495025,4.700439718141092,4.584962500721156,False,False
25781,199500000000000000,20,103,101,100,2000,39,39,4.1389154274287305,4.1389154274287305,6.6865005271832185,6.643856189774724,True,False
25782,9975000000000000,1,31,15,15,15,15,15,3.906890595608518,3.906890595608518,4.954196310386875,3.9068905956085187,False,False
25783,1995000000000000,0,12,0,0,0,0,0,0.0,0.0,3.584962500721156,0,False,True
25784,641005713566518669,64,3653,3343,2912,2000,725,721,4.62242808302998,4.621568008782727,11.834866038362017,11.507794640198696,True,False
25785,12213551417513583,1,2173,971,933,971,971,933,9.923327485419193,9.838503048780058,11.085472459181283,9.86573327085176,False,False
25786,1725675000000000000,173,3041,2970,2466,2000,288,288,4.645671159410249,4.645671159410249,11.570330101030798,11.26795708440284,True,False
25787,9975000000000000,1,1346,420,408,420,420,408,8.714245517666125,8.650543404565736,10.394462694610317,8.672425341971495,False,False
25788,4491228070175438596,449,8157,6640,5546,2000,978,949,4.466194765336177,4.459682295756575,12.993822936745916,12.437231901039478,True,False
25789,133049060207427108,13,3626,2614,2374,2000,941,903,4.7814743718763815,4.760034273787325,11.824163209744158,11.213104219641906,True,False
25790,399000000000000,0,225,0,0,0,0,0,0.0,0.0,7.813781191217037,0,False,True
25791,28942355889724310776,2894,9428,7959,6533,2000,1049,1019,5.708651769214798,5.705970136326634,13.202736043250168,12.673529924401144,True,False
25792,18952500000000000000,1895,9138,7648,6291,2000,978,949,5.203834643566167,5.199323469214056,13.157662727208448,12.619073646817748,True,False
25793,23230992401805001,2,1797,1037,988,2000,732,706,6.528538770247149,6.4890848556208685,10.811374693509942,9.948367231584678,True,False
25794,6045548699244570095,605,1226,1221,1082,2000,64,64,4.452298162074527,4.452298162074527,10.259743263690781,10.079484783826816,True,False
25795,9921453140655000,1,1040,334,328,334,334,328,8.38370429247405,8.34551600653943,10.022367813028454,8.357552004618084,False,False
25796,713848194461839916,71,4425,3653,3199,2000,801,793,4.469883386632523,4.467935443315601,12.111461739857722,11.643405277115674,True,False
25797,2857475474532919739,286,7797,6327,5324,2000,1006,976,4.8183082765747995,4.811249643488197,12.928703419193356,12.378294855911891,True,False
25798,357762395377632241,36,5990,4403,3866,2000,1209,1168,4.440724890969804,4.428069797092651,12.548340287676147,11.916625922211235,True,False
25799,99750000000000000,10,3398,2347,2145,2000,980,941,5.578905143236629,5.551071364065393,11.73047013718422,11.066761932386909,True,False
25800,20405166289153654832,2041,9494,7878,6479,2000,1075,1045,5.304485851304201,5.301634108353495,13.212800334429431,12.661555442467758,True,False
25801,18599993711100925,2,2675,1092,1055,2000,973,943,6.531299276025761,6.492095831632714,11.385323176175872,10.043027283594547,True,False
25802,64837500000000000,6,714,647,608,2000,180,179,4.70172747456827,4.698725973817894,9.479780264029099,9.247927513443585,True,False
25803,838482866553113993,84,72,70,69,2000,35,35,4.264432988956815,4.264432988956815,6.169925001442312,6.108524456778169,True,False
25804,99550500000000000000,9955,871,868,761,2000,80,79,5.51351661067486,5.482111206888828,9.766528908598865,9.571752643503546,True,False
25805,92151182532199430,9,122,119,118,2000,45,45,4.399981457378494,4.399981457378493,6.930737337562887,6.882643049361842,True,False
25806,1993552405417654092,199,7448,5883,4983,2000,975,943,5.127610380301156,5.122680152080503,12.862637357558794,12.282798858683533,True,False
25807,1358951871810217,0,347,0,0,0,0,0,0.0,0.0,8.43879185257826,0,False,True
25808,397690307286967210,40,5642,4042,3550,2000,1009,980,4.387834892551497,4.380111155121158,12.461990950585571,11.793603309279407,True,False
25809,22806517815423987,2,1287,981,967,2000,714,709,6.516780373611342,6.509960570733286,10.329796338220701,9.917372079476841,True,False
25810,14951507138879229866,1495,4465,4400,3547,2000,194,192,4.862125155069547,4.861344931171262,12.124444460008585,11.792383614935188,True,False
25811,53488083349148633,5,585,419,401,2000,205,201,4.782153539376467,4.77152164103436,9.192292814470767,8.64745842645492,True,False
25812,53314207068767835,5,3071,1978,1897,2000,963,949,4.77170412932537,4.763735210584805,11.584492796975875,10.889503963411476,True,False
25813,7789888203938716,1,1364,367,367,367,367,367,8.519636252843213,8.519636252843213,10.413627929024173,8.519636252843213,False,False
25814,2710795847245500000,271,1405,1394,1188,2000,86,85,4.676079543572584,4.675670896312408,10.456354415108288,10.214319120800766,True,False
25815,29714788860874885549,2971,8869,7639,6146,2000,1173,1130,6.152857033720608,6.150483238734848,13.114555731198413,12.585432051592962,True,False
25816,31917348265950000000,3192,10021,8393,6803,2000,1231,1185,5.125689899977227,5.1205585442925,13.290738862439348,12.731955373771934,True,False
25817,74243736375579154,7,779,709,659,2000,188,187,4.761684979012377,4.758613175607794,9.605479518061669,9.364134655008051,True,False
25818,1308158849719503004,131,50,46,46,2000,33,33,4.496363229154602,4.4963632291546025,5.643856189774724,5.523561956057013,True,False
25819,997500000000000,0,420,0,0,0,0,0,0.0,0.0,8.714245517666123,0,False,True
25820,1040134751495348397,104,6471,5269,4417,2000,1087,1046,4.462423530802963,4.4538291977819515,12.659772961881611,12.108851117040153,True,False
25821,2065692291245863844,207,3426,3334,2806,2000,359,358,4.759284758936532,4.758912838899342,11.742309436084,11.454299293619899,True,False
25822,4987500000000000,0,352,0,0,0,0,0,0.0,0.0,8.459431618637296,0,False,True
25823,66832500000000000,7,2474,1720,1666,2000,777,771,4.775020144941347,4.7711628186540285,11.27262978497637,10.702172685365548,True,False
25824,5528865634291299345,553,9062,7531,6188,2000,1246,1205,4.923231215829703,4.919549920524464,13.14561377551339,12.595257481449035,True,False
25825,798000000000000000,80,2166,2099,1728,2000,186,185,4.370632000871185,4.3692981488176095,11.080817527608327,10.754887502163468,True,False
25826,5586000000000000000,559,6379,5426,4450,2000,905,868,4.771265089294992,4.762624110843191,12.639114563179414,12.119589620741122,True,False
25827,1001894793088514,0,98,0,0,0,0,0,0.0,0.0,6.614709844115208,0,False,True
25828,59855227682706190908,5986,5218,5150,4165,2000,200,197,5.035544228942785,5.032799865161241,12.349281228817452,12.02410078025291,True,False
25829,200388624718146464868,20039,5567,5500,4463,0,0,0,0.0,0.0,12.442684367865834,12.123798091251855,False,True
25830,3118073784340632,0,1151,0,0,0,0,0,0.0,0.0,10.16867211813223,0,False,True
25831,4598192416503358433,460,8825,7318,6030,2000,1254,1210,4.9664201380242465,4.961841217841948,13.107380563045904,12.557942286787448,True,False
25832,5270463208458310003,527,8987,7488,6141,2000,1270,1225,5.479787817618712,5.475736765537963,13.133623886782981,12.584257887744567,True,False
25833,1366575000000000000,137,7597,6129,5133,2000,1245,1202,4.437499702082854,4.42925001615987,12.89121410590583,12.32558654521057,True,False
25834,2000000000000000000,200,7677,6376,5305,2000,1180,1136,4.455366941542103,4.444160108916908,12.906326932760603,12.373137035802127,True,False
25835,8885000000000000000,889,8450,7201,5840,2000,1155,1111,5.12377926613213,5.117877771824096,13.044735626056909,12.51175265376738,True,False
25836,825225381110030,0,508,0,0,0,0,0,0.0,0.0,8.988684686772165,0,False,True
25837,145592987941740896478,14559,9319,8150,6772,0,0,0,0.0,0.0,13.185959435631318,12.725366257895642,False,True
25838,13533834586466165413,1353,8946,7530,6237,2000,1037,1009,5.474427174844285,5.4712795589881535,13.127027043004599,12.606636543579526,True,False
25839,5066656282995935430,507,3889,3817,3111,2000,279,279,4.587859727007297,4.587859727007297,11.925183519434208,11.603162679534382,True,False
25840,5985000000000000,1,1359,232,232,232,232,232,7.857980995127573,7.857980995127573,10.40832974076739,7.857980995127572,False,False
25841,1197000000000000,0,510,0,0,0,0,0,0.0,0.0,8.994353436858859,0,False,True
25842,254243707392697341,25,1920,1796,1616,2000,424,422,4.3882843260239,4.387173091442278,10.906890595608518,10.658211482751796,True,False
25843,31513986477166368215,3151,5127,5058,4061,2000,201,200,4.910105817474652,4.909529559310995,12.323899182397296,11.987619311924325,True,False
25844,897750000000000000,90,6459,5004,4333,2000,1023,994,4.544411286536482,4.539340559953363,12.65709510488839,12.08115052127187,True,False
25845,37581272410031864726,3758,5169,5102,4139,2000,201,200,4.913244233614666,4.912663063525553,12.335669486946104,12.015066533230291,True,False
25846,16872144062793026120,1687,4753,4685,3790,2000,200,199,4.8198614646009785,4.819226745464196,12.214622686302336,11.887982133058454,True,False
25847,9984975000000000,1,140,73,73,73,73,73,6.189824558880018,6.189824558880018,7.129283016944966,6.189824558880018,False,False
25848,89837206654752776,9,4364,2835,2587,2000,1227,1186,4.5518009793487835,4.536336003962756,12.091435386323607,11.33706433868474,True,False
25849,38016676625331826927,3802,2052,2047,1736,2000,81,80,5.028515663788275,5.027782820541811,11.002815015607053,10.761551232444479,True,False
25850,71321250000000000000,7132,2708,2701,2207,2000,94,92,5.0428471169123075,5.000300331208566,11.403012023574997,11.107870914279614,True,False
25851,27067669172932330827,2707,5027,4960,3989,2000,200,199,4.817255269392373,4.816597874673407,12.295481973695367,11.961811408087163,True,False
25852,2960000000000000000,296,7346,6134,5060,2000,1095,1052,4.587376806011621,4.575911218778321,12.842743180731658,12.304921669581672,True,False
25853,1421437500000000000,142,2755,2695,2213,2000,202,201,4.374137716173758,4.372914814561752,11.42783660345852,11.11178773580101,True,False
25854,1870312500000000000,187,3013,2959,2421,2000,211,210,4.8281909951655635,4.827628008132146,11.556984957594462,11.241387363998937,True,False
25855,1893471211664876473,189,3038,2978,2446,2000,254,254,4.827064818124886,4.827064818124885,11.568906154502084,11.256208688527387,True,False
25856,2332619867086877696,233,3441,3361,2809,2000,324,324,4.793826360401556,4.793826360401557,11.748612176736982,11.455840909126398,True,False
25857,1518735020915114975,152,3530,3373,2863,2000,483,481,5.085446488570981,5.085068087312185,11.785452468158542,11.483311954999353,True,False
25858,1818914831877030214,182,5456,4693,3956,2000,791,785,4.495126524302791,4.493672414638232,12.413627929024173,11.94982671075911,True,False
25859,1995000000000000000,200,6250,5353,4581,2000,921,909,4.930344903925121,4.928110712771652,12.609640474436812,12.161446847518008,True,False
25860,3183578198003531764,318,8632,7086,5917,2000,1226,1186,4.534477952733885,4.527897832005952,13.075479149488016,12.530650179750014,True,False
25861,2264325000000000000,226,8144,6649,5553,2000,1243,1204,4.7893194794905956,4.78525451570094,12.991521846075695,12.43905168059173,True,False
25862,2999934258672818260,300,5517,4657,3865,2000,830,796,4.616832384010653,4.606158684760847,12.429668265133094,11.91625269881221,True,False
25863,7780140767813598970,778,3132,2742,2270,2000,437,425,5.082013648628533,5.076142624864476,11.612868497291041,11.148476582178278,True,False
25864,2841637293210918948,284,1161,1001,890,2000,192,188,4.498038803370592,4.493979263451783,10.181152256865566,9.79766152585376,True,False
25865,169575000000000000,17,1192,1124,1015,2000,193,192,4.38459269492588,4.383185055281629,10.219168520462162,9.987264012072538,True,False
25866,154599578761401143,15,4818,3512,3156,2000,1178,1135,4.54452672880254,4.527674694252684,12.23421867823847,11.623881490013458,True,False
25867,291524931374224979,29,1553,1485,1245,2000,191,190,4.413015360705424,4.411702428321442,10.600842114387302,10.281930026955443,True,False
25868,99348850140987201782,9935,9379,8113,6523,2000,1200,1155,5.983002630838229,5.980180466136186,13.195218393762113,12.6713199131833,True,False
25869,40054130079656603,4,3437,1799,1682,2000,1038,1008,4.749348505974466,4.731870146900962,11.746934136372298,10.715961990255144,True,False
25870,22135338345864661654,2214,7228,6425,5349,2000,845,835,5.245868964912642,5.243971545275631,12.8193807908646,12.38505348834615,True,False
25871,8765994090000000,1,115,48,48,48,48,48,5.584962500721155,5.584962500721155,6.845490050944375,5.584962500721156,False,False
25872,20043892559071795449,2004,4792,4724,3796,2000,197,195,4.953243225837324,4.935515182895378,12.226412192788786,11.89026427702111,True,False
25873,15395926014118797978,1540,3979,3920,3183,2000,154,153,4.5295048675274225,4.526545240070471,11.958190183693738,11.636171441635922,True,False
25874,1511687515418336938,151,2839,2768,2223,2000,194,193,4.449620895105612,4.448520785094612,11.471167133724391,11.11829223302699,True,False
25875,7017543859649122,1,1211,260,257,260,260,257,8.022367813028454,7.991598582259222,10.24198314969433,8.005624549193879,False,False
25876,6006945000000000000,601,4170,3608,2958,2000,571,553,4.690381325220114,4.685064546285117,12.025831668332026,11.530406337099068,True,False
25877,54724945522294874,5,621,445,425,2000,216,212,4.781656982718148,4.771382130419149,9.278449458220482,8.731319031025064,True,False
25878,34912500000000000,3,3052,1840,1713,2000,1085,1045,6.521904600077967,6.480156170463044,11.57553924683453,10.742309436084,True,False
25879,2140468970778261,0,671,0,0,0,0,0,0.0,0.0,9.390168956200183,0,False,True
25880,211143869650325857,21,443,431,402,2000,80,78,4.305781037117432,4.3034683987989055,8.791162888555018,8.651051691178928,True,False
25881,8267634941158843181,827,6636,5872,4864,2000,797,791,4.7407435247671135,4.739836005340887,12.696098170955864,12.247927513443585,True,False
25882,74812500000000000,7,4242,2740,2508,2000,1253,1209,4.819661571640111,4.800560997632756,12.050528905530555,11.29232163280204,True,False
25883,197505000000000000,20,5286,3784,3380,2000,1251,1207,4.437932065308963,4.428670819219634,12.36796070964157,11.722807531169547,True,False
25884,37459339018815000,4,126,88,86,2000,72,72,4.958041169965798,4.958041169965798,6.977279923499917,6.426264754702098,True,False
25885,1552297627027611982,155,2823,2753,2204,2000,196,195,4.627856195534239,4.627055822026604,11.463013413449692,11.105908508571158,True,False
25886,4987500000000000,0,635,0,0,0,0,0,0.0,0.0,9.310612781659529,0,False,True
25887,1995000000000000,0,53,0,0,0,0,0,0.0,0.0,5.727920454563199,0,False,True
25888,53449231119326490,5,4033,2498,2304,2000,1230,1188,6.150921072763962,6.105291132177212,11.977637690405876,11.169925001442312,True,False
25889,3229373148879550360,323,3421,3353,2673,2000,199,198,4.865381434222183,4.864659850150058,11.7402023887679,11.384244122243079,True,False
25890,80071041578583601,8,3281,2212,2104,2000,962,950,4.4342002401548966,4.429961637640121,11.67991987851842,11.038918989292302,True,False
25891,7963468917226894648,796,4244,4190,3360,2000,205,201,4.5507519959038305,4.545791476986947,12.051208940914766,11.714245517666123,True,False
25892,11783776039945053901,1178,8637,7390,6135,2000,1013,992,5.00213200949843,4.999042297447116,13.076314574284591,12.582847628550267,True,False
25893,40953108111300000,4,119,108,107,2000,66,65,4.531108904721574,4.526999194266233,6.894817763307944,6.741466986401147,True,False
25894,29893757193612900000,2989,1814,1810,1586,2000,80,78,4.853687376831655,4.852543669226559,10.824958740528523,10.63117705570398,True,False
25895,4937035944459915,0,1540,0,0,0,0,0,0.0,0.0,10.588714635582264,0,False,True
25896,339150000000000000,34,1654,1605,1371,2000,194,194,4.4996787621267025,4.4996787621267025,10.691743519171276,10.421012855779226,True,False
25897,385533750000000000,39,1734,1686,1433,2000,202,202,4.594412654852689,4.594412654852689,10.759888183221834,10.484822894262146,True,False
25898,997500000000000000,100,2429,2377,1961,2000,225,225,4.773032784062054,4.773032784062054,11.246146774635864,10.93737382019215,True,False
25899,24265324290996423,2,1512,896,856,2000,613,595,6.549456133533802,6.515882963276776,10.562242424221072,9.741466986401146,True,False
25900,10683161175283564656,1068,6194,5331,4330,2000,845,811,5.381709367070891,5.377056782431966,12.596655667674662,12.080151309614088,True,False
25901,5691054499224167724,569,9091,7539,6235,2000,1228,1188,4.965613517629413,4.962160528907263,13.15022328267779,12.606173844717032,True,False
25902,41886254340739236219,4189,10120,8488,6875,2000,1259,1213,6.0061718120916225,6.0038216756015474,13.304921669581672,12.747143998186747,True,False
25903,2051691832504616,0,187,0,0,0,0,0,0.0,0.0,7.546894459887636,0,False,True
25904,15037593984962406015,1504,8496,7367,6160,2000,974,957,4.646011696761949,4.642129698811647,13.052568050804153,12.588714635582264,True,False
25905,14787103789892847,1,2104,1003,965,1003,1003,965,9.970105890612182,9.88798771715595,11.038918989292302,9.914385132155443,False,False
25906,15037593984962406,2,2150,1062,1020,2000,1000,962,6.485127445454543,6.443945181466242,11.070120944476823,9.994353436858859,True,False
25907,13032581453634085,1,1270,601,582,601,601,582,9.231221180711186,9.160731117522168,10.310612781659529,9.184875342908283,False,False
25908,68240626082012259873,6824,3734,3281,2671,2000,509,496,6.1707829443670015,6.168333428113352,11.866506212226202,11.38316426063511,True,False
25909,113016523846429365927,11302,3407,3022,2485,0,0,0,0.0,0.0,11.734286232096347,11.279030136449649,False,True
25910,161438990069751624010,16144,4931,4335,3515,0,0,0,0.0,0.0,12.267664537501119,11.779308973959898,False,True
25911,100285517477082846,10,4734,3145,2877,2000,1209,1169,4.549319441569548,4.534046565878031,12.208843990734614,11.490349505739287,True,False
25912,1385615766688259,0,870,0,0,0,0,0,0.0,0.0,9.76487159073609,0,False,True
25913,1162570391739976983,116,890,883,798,2000,78,76,4.545513905309084,4.4945296272743835,9.79766152585376,9.640244936222345,True,False
25914,847748957791816236,85,3191,2987,2595,2000,590,588,4.770023840160752,4.768411765541723,11.639792893279312,11.341518823245243,True,False
25915,5854636591478696741,585,4018,3968,3182,2000,197,197,4.499695481957113,4.499695481957113,11.972261848733291,11.635718120331047,True,False
25916,9920000000000000000,992,4364,4316,3465,2000,211,211,5.117246796280432,5.117246796280434,12.091435386323607,11.758639637024576,True,False
25917,26502763969805959309,2650,3308,2923,2406,2000,456,444,5.8625187548461275,5.8593509235256676,11.691743519171276,11.232420927176076,True,False
25918,19950000000000000,2,828,474,460,2000,392,383,6.501637852126773,6.476619088053719,9.693486957499326,8.845490050944376,True,False
25919,28132925392213882,3,374,335,332,2000,203,203,5.329076726842676,5.329076726842677,8.546894459887637,8.375039431346925,True,False
25920,410194528181839,0,130,0,0,0,0,0,0.0,0.0,7.022367813028454,0,False,True
25921,199498248258806216625,19950,5551,5487,4460,0,0,0,0.0,0.0,12.438531977761583,12.122827994807666,False,True
25922,253486587076336417140,25349,5568,5504,4482,0,0,0,0.0,0.0,12.442943495848729,12.129926933510394,False,True
25923,99750000000000000,10,3214,2219,2034,2000,915,879,5.543209454887252,5.515692575114363,11.650154213675094,10.9901039638575,True,False
25924,2797746267355216097,280,5804,5039,4224,2000,796,790,4.697579947505125,4.696382030318642,12.502831804066744,12.044394119358454,True,False
25925,4243638569667663,0,1548,0,0,0,0,0,0.0,0.0,10.59618975614441,0,False,True
25926,2790841114736213,0,257,0,0,0,0,0,0.0,0.0,8.005624549193879,0,False,True
25927,312062852100103476,31,398,394,387,2000,66,65,4.4751981994076475,4.468961426329332,8.63662462054365,8.59618975614441,True,False
25928,2256821612374776914,226,2698,2638,2138,2000,162,160,4.43715684811305,4.428923657214503,11.397674632948268,11.06204613772049,True,False
25929,88460718726450871,9,831,771,711,2000,199,198,4.594965622367129,4.592907624238038,9.698704666770345,9.473705749619416,True,False
25930,28517865731491469,3,481,315,303,2000,203,199,5.446842993833213,5.4317017576332125,8.909893083770042,8.243173983472952,True,False
25931,964150204371321626,96,1810,1538,1351,2000,340,333,4.510096200631583,4.504802324639719,10.821773981970567,10.399811959325685,True,False
25932,39900000000000000,4,771,669,660,2000,399,397,4.743900329898791,4.741283211218175,9.590587049915035,9.366322214245816,True,False
25933,241082303686708787,24,1447,1378,1220,2000,192,191,4.355002296391268,4.3535661288695,10.498849206531725,10.252665432450248,True,False
25934,80361886301082623,8,161,157,153,2000,62,61,4.2864494184362245,4.282707880466218,7.330916878114617,7.257387842692652,True,False
25935,3235852149059809,0,929,0,0,0,0,0,0.0,0.0,9.859534786382653,0,False,True
25936,54558850012229748,5,851,603,568,2000,297,292,4.825412308409639,4.8163272986757,9.733015321685963,9.149747119504681,True,False
25937,19042685296356984148,1904,5134,5032,4115,2000,412,410,4.685342266413277,4.6846880685280805,12.325867580575418,12.006676715308988,True,False
25938,210173250000000000,21,1741,1353,1211,2000,418,408,4.411033820077009,4.402299531798233,10.7657004876511,10.24198314969433,True,False
25939,191204008982836670,19,4799,3217,2869,2000,992,963,4.3784768868053305,4.369693803992018,12.228518097716194,11.486332252768664,True,False
25940,1995000000000000,0,761,0,0,0,0,0,0.0,0.0,9.571752643503546,0,False,True
25941,199388856738006396,20,1295,1018,925,2000,340,334,4.457798900930318,4.451626061424145,10.338736382573916,9.853309555403674,True,False
25942,1346625000000000000,135,2700,2633,2110,2000,185,184,4.3888343050425815,4.386751293831379,11.398743691938193,11.043027283594547,True,False
25943,712633216364772354,71,5351,4272,3658,2000,1004,963,4.524226316766638,4.511733104171572,12.385592813601363,11.836839359748716,True,False
25944,85785000000000000,9,2897,1975,1811,2000,854,819,5.005350278134491,4.983932159224398,11.500343969270403,10.822570830950168,True,False
25945,4827289591878236,0,866,0,0,0,0,0,0.0,0.0,9.758223214726724,0,False,True
25946,243615267596483,0,152,0,0,0,0,0,0.0,0.0,7.247927513443585,0,False,True
25947,58974409374124658287,5897,5365,5301,4282,2000,310,310,6.002202811970917,6.002202811970918,12.389362455643884,12.06406908038551,True,False
25948,407502387456897688,41,3882,3113,2782,2000,790,783,4.51138573912278,4.5073427140945554,11.922584402713664,11.44190670454224,True,False
25949,79800000000000000,8,2436,1785,1720,2000,772,766,4.391812914775963,4.389547950065638,11.250298417906333,10.74819284958946,True,False
25950,997500000000000000,100,794,781,696,2000,78,78,4.484606594055132,4.484606594055132,9.632995197142957,9.442943495848729,True,False
25951,81326369587548753,8,786,737,690,2000,192,191,4.48651100616353,4.484414442451082,9.618385502258606,9.430452551665532,True,False
25952,92167138759085316,9,58,56,56,2000,32,32,4.286832877065926,4.286832877065926,5.857980995127572,5.807354922057604,True,False
25953,69759511112202436,7,739,675,636,2000,195,194,4.568218668737116,4.565932004149236,9.52943055414615,9.312882955284355,True,False
25954,14306332727423672459,1431,6937,6140,5116,2000,831,822,4.8391589411308376,4.837875875674065,12.760096169244092,12.320800548881637,True,False
25955,498750000000000000,50,7,6,6,1,2,2,1.0,1.0,2.807354922057604,2.584962500721156,False,False
25956,69818876254203268539,6982,7079,6767,5573,2000,781,776,6.261772598149986,6.2428326368978055,12.789329860092431,12.444238438078106,True,False
25957,14646292500000000000,1465,9812,8269,6779,2000,1217,1176,4.878416660415887,4.873974340082349,13.260331518557601,12.726856755450727,True,False
25958,3241875000000000000,324,3505,3446,2789,2000,203,202,4.374147849688055,4.372924880095526,11.775198728897985,11.445532219028312,True,False
25959,72817500000000000,7,767,708,658,2000,196,195,5.1950036983552295,5.191332136272451,9.583082767502933,9.361943773735241,True,False
25960,24937500000000000,2,2880,1410,1351,2000,995,965,6.502347483947911,6.466994290119468,11.491853096329674,10.399811959325685,True,False
25961,96181456635008921,10,831,787,748,2000,208,208,4.360609473763014,4.360609473763014,9.698704666770345,9.546894459887637,True,False
25962,5021303794483108459,502,7755,6620,5563,2000,986,969,4.9197797110756865,4.917784206269966,12.920911065923454,12.441647390253612,True,False
25963,15960000000000000,2,2106,1010,994,2000,961,946,6.543408258650739,6.525746271931551,11.040289721025717,9.957102041562287,True,False
25964,55062000000000000,6,3198,2038,1945,2000,986,968,4.731323212117469,4.7181157891697385,11.642954223480332,10.925554439873554,True,False
25965,12568500000000000,1,1219,576,558,576,576,558,9.169925001442312,9.09984769592738,10.251482410620213,9.124121311829187,False,False
25966,2995992840588367,0,1275,0,0,0,0,0,0.0,0.0,10.31628153174622,0,False,True
25967,9975000000000000,1,686,224,220,224,224,220,7.807354922057605,7.7682706028515165,9.422064766172813,7.78135971352466,False,False
25968,28290608152831914,3,2527,1489,1405,2000,972,933,6.548500718817483,6.506706698040443,11.303209948944776,10.456354415108288,True,False
25969,244685980532969014,24,1810,1708,1537,2000,403,401,4.573642661656224,4.572756458232256,10.821773981970567,10.585901449690772,True,False
25970,215160750000000000,22,3914,2916,2604,2000,921,885,4.725976655808227,4.710876346407187,11.934428040626804,11.346513733165635,True,False
25971,999130677915808549,100,2364,2306,1899,2000,198,197,4.405042498289214,4.403942278245205,11.207014320177532,10.891024190149498,True,False
25972,1431511103438326495,143,3653,3061,2589,2000,594,576,4.466517317515138,4.458931609288279,11.834866038362017,11.338179249900112,True,False
25973,40682925820124061,4,181,125,123,2000,93,93,5.048678384654905,5.048678384654905,7.499845887083206,6.94251450533924,True,False
25974,12811647075192443513,1281,6900,6103,5087,2000,833,824,4.85429944433391,4.8530010144965345,12.752380646552893,12.312599378862629,True,False
25975,39854076724343936,4,2003,1268,1185,2000,713,688,5.260013124260173,5.234659159813338,10.967946705812707,10.210671343785622,True,False
25976,2543127005743905000,254,2001,1744,1502,2000,321,314,4.498353726861514,4.492751280618825,10.966505451905741,10.552669097514272,True,False
25977,23164144646624416198,2316,6748,6375,5243,2000,754,749,4.874518915394079,4.873797456387395,12.720244258287567,12.356176830516356,True,False
25978,2493750000000000,0,245,0,0,0,0,0,0.0,0.0,7.936637939002571,0,False,True
25979,130963344677970000,13,158,125,121,2000,52,52,4.4198749290806845,4.4198749290806845,7.303780748177103,6.918863237274595,True,False
25980,67337693279983156,7,162,156,148,2000,64,63,4.378644356273781,4.376234699993185,7.339850002884624,7.20945336562895,True,False
25981,4621086342329100000,462,1710,1697,1402,2000,72,71,4.235476938664879,4.233975573422121,10.73978060977326,10.453270634010623,True,False
25982,12911421493597747712,1291,4675,4595,3743,2000,335,335,5.504956320082849,5.504956320082849,12.19075064966236,11.869979332899963,True,False
25983,1246875000000000000,125,3334,3180,2704,2000,467,465,4.782893678108046,4.782368087516092,11.703038388986418,11.400879436282183,True,False
25984,158568683177424870,16,2038,1831,1706,2000,609,606,4.452115103075568,4.45094985669796,10.992938336165814,10.73640193131829,True,False
25985,1988908169654037639,199,4405,4137,3510,2000,669,665,4.459993332046088,4.457890114025112,12.104926303807776,11.777255315191923,True,False
25986,960132859570447580,96,4119,3746,3229,2000,743,738,4.427149543520932,4.425706517267068,12.008078410868256,11.65687172561398,True,False
25987,4319175000000000000,432,8643,7237,5939,2000,1236,1193,4.603609912791057,4.5976357590972246,13.077316445881026,12.53600431728855,True,False
25988,9696757961726113929,970,7671,6746,5670,2000,953,941,5.312708359721558,5.311910093831484,12.905198945962805,12.469133019829592,True,False
25989,359100000000000000,36,6072,4451,3895,2000,1215,1172,4.472984190821357,4.464438276973961,12.567956075415466,11.92740761294903,True,False
25990,2131366852445311170,213,3686,3562,3002,2000,436,434,4.391622581230062,4.390511346648442,11.847840355630714,11.55170826162069,True,False
25991,991561175601769334,99,7133,5598,4794,2000,1235,1194,4.40036938338756,4.389326286320837,12.800293258223418,12.227014193649133,True,False
25992,3221925000000000000,322,3533,3494,2825,2000,215,215,4.726235278107192,4.726235278107193,11.786678033890652,11.464035152189913,True,False
25993,306999149165834552,31,1623,1569,1363,2000,200,198,4.402264776198498,4.400592268485505,10.664447284547972,10.41256984680521,True,False
25994,63995048675521955775,6400,10160,8564,6914,2000,1268,1219,6.154110547602528,6.151424848290003,13.310612781659529,12.7553048882624,True,False
25995,34845514248090000,3,199,136,134,2000,95,95,5.072844001773057,5.072844001773056,7.636624620543649,7.066089190457772,True,False
25996,12617634568087252368,1262,294,292,266,2000,41,41,4.441820955342828,4.441820955342828,8.199672344836364,8.055282435501189,True,False
25997,127258735417042973,13,240,235,233,2000,62,62,4.402232875703385,4.402232875703385,7.906890595608519,7.864186144654281,True,False
25998,3920635277948401,0,1057,0,0,0,0,0,0.0,0.0,10.045759661382682,0,False,True
25999,269434783902375000,27,2001,1554,1376,2000,458,447,4.414116283595634,4.4068930507743005,10.966505451905741,10.426264754702098,True,False
26000,247000000000000000,25,1204,956,862,2000,299,294,4.403173535390028,4.397336797292804,10.233619676759702,9.751544059089099,True,False
26001,250000000000000000,25,342,279,263,2000,96,96,4.27044569999661,4.27044569999661,8.417852514885897,8.038918989292302,True,False
26002,2384327322084223835,238,8197,6626,5542,2000,1228,1187,4.834148574604491,4.827727851586112,13.00088028255882,12.436190995481416,True,False
26003,1779562640962130778,178,2931,2884,2366,2000,211,211,4.447267113938923,4.447267113938924,11.51717725268954,11.208234358339789,True,False
26004,39353877806784552,4,489,421,404,2000,186,185,4.831048133539707,4.828040587752664,8.933690654952233,8.658211482751796,True,False
26005,9908474069924993389,991,205,203,187,2000,46,46,4.706244766559554,4.706244766559554,7.679480099505446,7.546894459887636,True,False
26006,7245840000000000000,725,1358,1193,1047,2000,213,209,4.8640012539307085,4.861800593732648,10.407267764244732,10.032045726930809,True,False
26007,11748765148001988225,1175,203,182,175,2000,56,56,5.037466615702087,5.037466615702086,7.6653359171851765,7.451211111832329,True,False
26008,43541869353787332489,4354,173,159,154,2000,58,58,5.315793496102127,5.315793496102127,7.434628227636725,7.266786540694901,True,False
26009,2927318295739348370,293,6235,5214,4328,2000,948,909,4.511821686718325,4.503803441931497,12.606173844717032,12.079484783826816,True,False
26010,937663328073978,0,318,0,0,0,0,0,0.0,0.0,8.312882955284355,0,False,True
26011,3656176232696864928,366,7632,6423,5391,2000,1014,990,5.162959897328737,5.159231599484976,12.897845456005511,12.396337194231098,True,False
26012,706091409049618032,71,5945,4667,4067,2000,1010,984,4.5917189545751125,4.584175773016608,12.537461094633018,11.989749275462133,True,False
26013,9040461738436310266,904,8533,7192,5984,2000,1018,992,4.779071549342054,4.775814191128648,13.058837332677816,12.546894459887637,True,False
26014,669733850459766086,67,6152,4720,4123,2000,1032,1003,4.7482315145294365,4.743527260992752,12.586839787961827,12.009478745888066,True,False
26015,235865713467715003,24,4898,3458,3102,2000,1022,993,5.24691854193268,5.224738403571959,12.257977058563979,11.59898297103609,True,False
26016,551876968408420280,55,6000,4555,3976,2000,1030,1001,4.800784760194202,4.795432441206833,12.550746785383243,11.957102041562287,True,False
26017,829765632969384334,83,6412,4954,4298,2000,1013,984,4.3707572568406325,4.362518910745124,12.646558710154547,12.069449767427784,True,False
26018,2248797485735870300,225,7625,6154,5185,2000,1003,973,4.421695060936121,4.4146276041169745,12.896521622224974,12.340128273700588,True,False
26019,206412199663856440,21,4827,3359,3005,2000,979,949,4.428987979357882,4.416923102770274,12.236911111444602,11.553149275598548,True,False
26020,294760824947399604,29,5085,3615,3210,2000,973,943,4.430189354711442,4.418127494342979,12.312032058744862,11.648357582009666,True,False
26021,136709959819006333,14,151,148,147,2000,51,51,4.370581773213535,4.370581773213535,7.2384047393250786,7.199672344836364,True,False
26022,3780379628425997,0,720,0,0,0,0,0,0.0,0.0,9.491853096329674,0,False,True
26023,9457896000000000000,946,8527,7278,5899,2000,1163,1119,5.240118838471065,5.235020184392275,13.057822541282478,12.5262546938286,True,False
26024,42926519359151887,4,3739,2205,2045,2000,1230,1189,4.7874422499485245,4.768116830081758,11.868436755858168,10.997885127829111,True,False
26025,24921540000000000000,2492,5854,5650,4675,2000,614,612,5.277564767149057,5.277347707535288,12.515207030408751,12.19075064966236,True,False
26026,28029750000000000,3,2975,1529,1467,2000,1023,994,5.928186124025002,5.90170690796873,11.538673953082668,10.51865315567339,True,False
26027,1880047750166699300,188,8002,6367,5354,2000,1228,1182,4.7427324816932375,4.737546809196804,12.966144913345602,12.386401423640777,True,False
26028,170523197775510758,17,1110,1047,921,2000,172,171,4.349283954168878,4.347532750216161,10.116343961237469,9.847057346091336,True,False
26029,30022675167769314832,3002,8962,7786,6456,2000,1002,983,4.460167824069666,4.456096914665501,13.129605011152504,12.656424863277781,True,False
26030,5063945338872000000,506,1748,1737,1454,2000,72,72,4.8365131728866855,4.836513172886686,10.7714894695006,10.505811553919594,True,False
26031,1914786967418546365,191,7456,5879,4974,2000,983,952,5.005567835899711,5.001518812257435,12.86418614465428,12.280190792216906,True,False
26032,15037593984962406,2,2821,1272,1226,2000,1214,1173,6.570136743228886,6.532154730532402,11.461990950585571,10.259743263690781,True,False
26033,1954382592557227790,195,7937,6417,5393,2000,1241,1202,4.879108959070497,4.8753351061054,12.954378090144047,12.39687231851056,True,False
26034,9980995461491160,1,1993,505,494,505,505,494,8.980139577639159,8.929427418283838,10.960725994839057,8.948367231584678,False,False
26035,1929575464746300000,193,1181,1175,1015,2000,85,84,4.409161403681564,4.408268930264442,10.205793249397157,9.987264012072538,True,False
26036,24239250000000000000,2424,8472,7476,6255,2000,982,971,4.669190215901578,4.667701607346812,13.048486873992337,12.610794169053182,True,False
26037,67331250000000000,7,2599,1755,1622,2000,790,760,4.544348385712221,4.527772534038572,11.3437409184722,10.663558104217273,True,False
26038,3989181402329122891,399,8318,6701,5619,2000,1067,1037,4.564711729011291,4.559253507317465,13.022020969646356,12.456097684964202,True,False
26039,2876278344205350000,288,1463,1456,1256,2000,90,89,4.300885241939623,4.300054255461085,10.514714054138487,10.294620748891626,True,False
26040,100753765683799513,10,4664,3122,2842,2000,1206,1166,4.591788067692487,4.577341460364827,12.187352073200497,11.47269083924278,True,False
26041,400000000000000000,40,4554,3530,3090,2000,955,916,4.482195146465525,4.467886491700991,12.152918576136623,11.593391122791736,True,False
26042,39900000000000000,4,3203,1661,1559,2000,973,944,4.767381158965675,4.749562766039936,11.645208082774683,10.606405212697785,True,False
26043,399000000000000000,40,1696,1389,1227,2000,370,363,4.415127170035918,4.406904816685446,10.727920454563199,10.260919533662905,True,False
26044,642560400111983981,64,6680,5173,4485,2000,1199,1160,4.3906844740801,4.381107903341688,12.705632387361415,12.130892269806624,True,False
26045,94283820955269316,9,368,347,331,2000,111,110,4.311105157802142,4.31046361719602,8.523561956057012,8.370687406807217,True,False
26046,12584139995494575554,1258,9483,7987,6467,2000,1287,1241,5.817427491496179,5.815014224266644,13.211127820625654,12.658880895047878,True,False
26047,2542938373675499992,254,8401,6855,5749,2000,1227,1187,4.878768615096623,4.875020413826974,13.036345351740747,12.489095315413504,True,False
26048,12045717112521664330,1205,9598,7980,6491,2000,1232,1186,5.229261858406566,5.225488593179781,13.228518097716194,12.664225040837929,True,False
26049,19950232775351765749,1995,4887,4263,3451,2000,656,636,5.738194475126133,5.734975007028812,12.254733389246674,11.752798758435516,True,False
26050,6926313586116825,1,1690,296,294,296,296,294,8.209453365628951,8.195939852115437,10.722807531169547,8.199672344836364,False,False
26051,308382744628396102,31,1692,1628,1422,2000,272,272,4.538369262974906,4.538369262974905,10.72451385311995,10.473705749619416,True,False
26052,1779013345676373549,178,7878,6380,5394,2000,1189,1147,4.511246253871028,4.5018317714107905,12.943613701614042,12.397139806235604,True,False
26053,32917500000000000000,3292,5132,5056,4086,2000,299,299,4.874146268150553,4.874146268150552,12.325305455089682,11.996473488733228,True,False
26054,3990000000000000,0,1045,0,0,0,0,0,0.0,0.0,10.029287226968245,0,False,True
26055,240280947687580219021,24028,5053,4990,4056,0,0,0,0.0,0.0,12.302924464617952,11.985841937003341,False,True
26056,111260392717326233785,11126,4992,4929,4009,0,0,0,0.0,0.0,12.285402218862249,11.96902670215077,False,True
26057,5015298353639295196,502,4196,4095,3378,2000,385,383,4.50202006369426,4.501064466514,12.034798962577268,11.721953612801386,True,False
26058,4142384681566784,0,388,0,0,0,0,0,0.0,0.0,8.599912842187127,0,False,True
26059,5765329068990663,1,497,98,98,98,98,98,6.61470984411521,6.61470984411521,8.957102041562287,6.614709844115208,False,False
26060,49822113119311872,5,3005,1910,1767,2000,1007,968,5.083083957899784,5.059140577848982,11.553149275598548,10.787086324551616,True,False
26061,100126103194464250,10,3480,2444,2235,2000,972,933,5.576974954661079,5.54898591798965,11.76487159073609,11.12605911607068,True,False
26062,11974905505500000,1,41,32,32,32,32,32,5.0,5.0,5.357552004618084,5.0,False,False
26063,850231862795906032,85,3781,3490,3020,2000,716,712,4.423421249282747,4.422221129270744,11.884552133987235,11.560332834212442,True,False
26064,120201444652466071,12,3483,2488,2265,2000,911,875,5.3342135175908885,5.306727780608364,11.766114757586722,11.145295334933598,True,False
26065,758911944450788883,76,5253,4321,3793,2000,932,921,4.40680321474581,4.404311284025129,12.358925869154714,11.889123656294238,True,False
26066,292928841562350000,29,563,555,528,2000,94,93,4.354286848681754,4.353524405719122,9.13699111208023,9.044394119358454,True,False
26067,979114046090802488,98,865,859,770,2000,83,82,4.405975788097567,4.404886321777565,9.756556322524087,9.588714635582264,True,False
26068,284740958232181698,28,517,511,484,2000,80,79,4.2855592828237095,4.284499142234684,9.014020470314934,8.918863237274595,True,False
26069,297961978223381251,30,528,521,492,2000,75,74,4.329694582101332,4.328225489799376,9.044394119358454,8.94251450533924,True,False
26070,4963070422274291236,496,1780,1769,1452,2000,81,80,4.428034232800133,4.4273805173865775,10.79766152585376,10.50382573799575,True,False
26071,17795565735563951658,1780,4792,4715,3816,2000,302,302,5.083410538514498,5.083410538514498,12.226412192788786,11.897845456005511,True,False
26072,996546702490964157,100,7058,5561,4780,2000,1189,1147,4.511246253871028,4.5018317714107905,12.785043714779723,12.222794902868111,True,False
26073,39265200072180604,4,3681,2085,1940,2000,1213,1169,5.297926760445754,5.269656275621957,11.845882034384061,10.92184093707449,True,False
26074,59759357175000000000,5976,5391,5320,4299,2000,299,299,5.271352711913838,5.271352711913838,12.396337194231098,12.069785394983302,True,False
26075,9920051067616083937,992,4310,4242,3417,2000,204,203,4.7249702066436905,4.7242640335135775,12.07347215397646,11.738514532429267,True,False
26076,4069044209715570,0,775,0,0,0,0,0,0.0,0.0,9.5980525001616,0,False,True
26077,219488780664981813,22,3940,3009,2753,2000,934,923,4.556987313461236,4.555217878526437,11.943979914343739,11.42678889459556,True,False
26078,28895349441101961,3,52,49,49,2000,42,42,4.814651002135724,4.814651002135725,5.700439718141092,5.614709844115208,True,False
26079,11718609926225811000,1172,6608,5668,4601,2000,908,871,5.324000524315867,5.318587971668707,12.689997971419446,12.167731741103244,True,False
26080,26615457414513890770,2662,6607,5713,4621,2000,883,848,5.9147027073628,5.911973554524261,12.689779629377275,12.173989374166535,True,False
26081,4053424531758568050,405,5801,4928,4064,2000,842,808,4.6744304828006715,4.664922545413074,12.502085903985904,11.988684686772165,True,False
26082,692513461361045186,69,4392,3531,3046,2000,826,792,4.471561997760134,4.458480835528398,12.100662339005199,11.572700226487292,True,False
26083,57270443646440396722,5727,2745,2733,2257,2000,92,91,5.072304401439174,5.071565113815665,11.42259043389256,11.140190703191836,True,False
26084,7418864828778417061,742,3740,3676,2945,2000,185,183,4.724741906863267,4.723819756983779,11.868822554774999,11.524051918717824,True,False
26085,18663225000000000000,1866,3974,3922,3180,2000,161,161,4.9890081330486,4.9890081330486,11.95637615724967,11.634811050171718,True,False
26086,253308856053387,0,70,0,0,0,0,0,0.0,0.0,6.129283016944966,0,False,True
26087,114912000000000000000,11491,7621,6853,5662,0,0,0,0.0,0.0,12.895764600016399,12.467096033905747,False,True
26088,40362628140975000,4,610,416,397,2000,232,228,5.220784171292697,5.208764137903714,9.252665432450248,8.632995197142957,True,False
26089,116054598527997940,12,727,558,521,2000,211,207,4.853980597013738,4.8434445769953,9.505811553919594,9.025139562278508,True,False
26090,11210149777312140162,1121,4490,4423,3541,2000,191,189,4.404035608282663,4.402219335680092,12.13249972962851,11.789941128390916,True,False
26091,153329598023781323270,15333,7653,7052,5799,0,0,0,0.0,0.0,12.901809684323629,12.501588422932391,False,True
26092,9950062500000000000,995,5033,4868,4043,2000,515,512,5.345587096501264,5.344702092502571,12.297202882496903,11.981210488271694,True,False
26093,420913977568526671,42,2081,1680,1474,2000,430,418,4.480870590199748,4.4702200961251926,11.023061249735335,10.52552080909507,True,False
26094,501253132832080200,50,1992,1647,1441,2000,395,385,4.405549046464527,4.396311532483683,10.960001932068081,10.492854620174748,True,False
26095,29925000000000000,3,148,128,126,2000,111,110,5.064971400235971,5.063674184630831,7.20945336562895,6.977279923499917,True,False
26096,3241395448068900333,324,7977,6506,5464,2000,1007,976,4.781638858122284,4.776552895439932,12.961630562578824,12.41574176829009,True,False
26097,7980000000000000,1,1950,408,400,408,408,400,8.672425341971495,8.628307694912671,10.929258408636972,8.643856189774725,False,False
26098,19899853514588565000,1990,2241,1992,1680,2000,339,333,5.787765506429573,5.786310497281906,11.129926933510394,10.714245517666123,True,False
26099,8120716040904217583,812,376,374,341,2000,45,45,4.653172496934282,4.653172496934283,8.554588851677638,8.413627929024173,True,False
26100,983816062083750000,98,203,201,191,2000,41,41,4.184166436013254,4.184166436013255,7.6653359171851765,7.577428828035749,True,False
26101,2696874756522268,0,33,0,0,0,0,0,0.0,0.0,5.044394119358453,0,False,True
26102,55500000000000000,6,685,629,602,2000,196,195,4.488891005332808,4.486690345134748,9.419960177847889,9.233619676759702,True,False
26103,109725000000000000,11,1027,969,893,2000,198,197,4.391708915615425,4.389961342295056,10.004220466318195,9.802516365121223,True,False
26104,2974161674293225479,297,8131,6794,5612,2000,1210,1167,4.407088679305558,4.39779344861943,12.989217079314361,12.454299293619899,True,False
26105,5901712503961775632,590,4016,3967,3187,2000,201,200,4.57997861162733,4.579229812130046,11.971543553950772,11.637983303777853,True,False
26106,35216737500000000000,3522,5326,5238,4283,2000,353,352,4.77615340938362,4.7758200760502865,12.378836713210614,12.064405961891042,True,False
26107,305950252231360757,31,4483,3400,3053,2000,965,952,4.5078822981995295,4.503349333679802,12.13024878405069,11.57601187420678,True,False
26108,6446115288220551378,645,8089,6911,5766,2000,1015,995,4.826880967727939,4.823216738134266,12.981745645634575,12.493355121494906,True,False
26109,6305764411027568922,631,8158,6935,5776,2000,1005,983,4.758984823597551,4.756242821808952,12.993999791792524,12.49585502688717,True,False
26110,16541353383458646616,1654,9014,7630,6328,2000,1024,998,4.870181358120161,4.867249898596005,13.137951734715358,12.627533884472792,True,False
26111,2527409781740226338,253,1992,1736,1494,2000,323,316,4.613397231515645,4.608418933394915,10.960001932068081,10.544964432789238,True,False
26112,69314387347425225,7,3664,2279,2102,2000,1073,1041,4.967999338930069,4.953310110710804,11.839203788096944,11.037546953962178,True,False
26113,9947974863884194341,995,1340,1175,1030,2000,211,207,5.267614016881,5.266009121951464,10.388017285345136,10.00842862207058,True,False
26114,9975000000000000,1,1951,486,475,486,486,475,8.924812503605782,8.8754297875564,10.929998062609027,8.89178370321831,False,False
26115,81203007518796992,8,4284,2794,2562,2000,1239,1200,4.444571961552743,4.432371986860985,12.064742764750257,11.323054760341646,True,False
26116,5779448621553884711,578,3734,3236,2658,2000,525,508,4.753888652332295,4.744042620093554,11.866506212226202,11.376125389276174,True,False
26117,6510625680006758261,651,8602,7252,6012,2000,1099,1066,5.084669885178811,5.081317162092013,13.07045641594465,12.553629293916364,True,False
26118,2493941063568252892,249,5711,4953,4157,2000,789,783,4.600267948606684,4.599165914426662,12.479527669256347,12.021327032624372,True,False
26119,9928888740900700714,993,2085,2074,1710,2000,78,77,4.278494586429572,4.277373362343868,11.025831668332026,10.73978060977326,True,False
26120,9975000000000000,1,1210,388,379,388,388,379,8.599912842187129,8.54642086408877,10.240791332161956,8.566054038171092,False,False
26121,160401002506265664,16,2004,1513,1360,2000,503,488,4.4164457587600685,4.405238809618875,10.968666793195208,10.409390936137703,True,False
26122,1097250000000000000,110,6446,5275,4516,2000,993,976,4.737491930025009,4.735273520555444,12.654188473059545,12.140829770773001,True,False
26123,11088073887029312,1,1470,659,637,659,659,637,9.364134655008051,9.291297022231117,10.521600439723727,9.3151495622563,False,False
26124,199500000000000000,20,4699,3231,2900,2000,986,956,4.398577163147452,4.390532347428158,12.198138052401116,11.501837184902296,True,False
26125,293183814897049269,29,3450,2643,2348,2000,768,740,4.433578321676146,4.420261712540851,11.752380646552893,11.197216693110052,True,False
26126,131184378304204396,13,2085,1849,1741,2000,641,638,4.3883759276705065,4.38694725419383,11.025831668332026,10.7657004876511,True,False
26127,15066507804710235,2,2906,1275,1224,2000,1216,1170,6.570824076675979,6.526745860456311,11.504818987632841,10.257387842692651,True,False
26128,817109616458411,0,536,0,0,0,0,0,0.0,0.0,9.066089190457772,0,False,True
26129,25226163420452868576,2523,5003,4936,3968,2000,192,191,4.443098569608914,4.441962743436529,12.288577736992703,11.954196310386875,True,False
26130,48338110852500000000,4834,10298,8739,7136,2000,1263,1221,5.5412975576901315,5.539235804439415,13.330076554797458,12.800899899920305,True,False
26131,188527500000000000,19,1235,1187,1074,2000,205,205,4.395548252639147,4.395548252639147,10.27029532647204,10.068778277985412,True,False
26132,10500487987500000000,1050,4562,4508,3614,2000,216,212,5.155974329092616,5.153510641683628,12.155450731312138,11.8193807908646,True,False
26133,14463750000000000,1,427,229,225,229,229,225,7.839203788096945,7.804269290280351,8.73809225962049,7.813781191217037,False,False
26134,670320000000000000,67,4577,3652,3149,2000,864,828,4.532006630679464,4.518571047519485,12.160186576600662,11.62067804213541,True,False
26135,951436288477540850,95,3376,3154,2721,2000,617,614,4.430639079142871,4.428178336358888,11.721099188707186,11.409921241249679,True,False
26136,200213776544927158,20,4806,3296,2948,2000,968,939,4.402598526692895,4.394479011377759,12.230620933129867,11.52552080909507,True,False
26137,204487500000000000,20,4847,3332,2976,2000,974,945,4.384390748369522,4.375436357106812,12.2428763671664,11.539158811108031,True,False
26138,1531328614441627811,153,7475,5854,4967,2000,1049,1020,4.639816751875179,4.6352238113307624,12.86785786397283,12.278159031437237,True,False
26139,106681762623644544,11,4764,3195,2924,2000,1219,1179,4.398822562980143,4.387970559352576,12.217957697864113,11.513727595952437,True,False
26140,533662500000000000,53,6503,4911,4252,2000,1212,1171,4.391880581013596,4.382389458353932,12.666889708440257,12.053925881531105,True,False
26141,5557084092997231794,556,3247,3189,2585,2000,154,153,4.48875828040072,4.485529544441505,11.664891669286089,11.335948565202298,True,False
26142,10871634682773809,1,1697,744,718,744,744,718,9.539158811108033,9.46388999390373,10.728770849542663,9.487840033823051,False,False
26143,2138134556188738578,214,6261,5387,4579,2000,906,896,4.750928113551853,4.749556103767866,12.612177385880992,12.160816849673546,True,False
26144,10058149077876194,1,2293,749,729,749,749,729,9.548821908458752,9.488582368433699,11.163020639580793,9.509775004326936,False,False
26145,9359998633890180,1,2101,455,446,455,455,446,8.829722735086056,8.78576669113001,11.036860446673046,8.800899899920305,False,False
26146,30561490773667028678,3056,9499,8114,6660,2000,1080,1048,4.688872989560981,4.683878072491661,13.213559927476458,12.701306461958625,True,False
26147,59779076200519079,6,4047,2581,2376,2000,1235,1192,4.788533170437553,4.767906377280948,11.982637133669424,11.214319120800766,True,False
26148,336734311943422523,34,5742,4393,3859,2000,1215,1172,4.730611567248641,4.717905825759262,12.487337615207181,11.914011328541255,True,False
26149,518700000000000000,52,1106,1080,903,2000,122,121,4.276344008343757,4.27581068231968,10.111135670234708,9.818582177480858,True,False
26150,627058425000000000,63,1975,1648,1438,2000,384,376,4.392836296330629,4.386044886238267,10.947636937951827,10.489847960439297,True,False
26151,9903007105770566227,990,7549,6652,5597,2000,925,913,4.9660395216753415,4.963989896272679,12.882069831008142,12.450438032395652,True,False
26152,4935011370024663001,494,7053,6152,5209,2000,925,914,4.923009192122114,4.921825604276106,12.784021324374178,12.346790721750702,True,False
26153,4877419130879635099,488,7057,6151,5209,2000,929,918,4.879003946199717,4.8778325773754085,12.78483929465315,12.346790721750702,True,False
26154,4534869317158877490,453,7057,6143,5189,2000,926,915,4.472033153308493,4.46990329499801,12.78483929465315,12.341240820538749,True,False
26155,9395531986395126104,940,8109,6987,5854,2000,971,955,4.59951913635743,4.596741730559019,12.985308297255852,12.515207030408751,True,False
26156,10463775000000000000,1046,8024,7028,5897,2000,991,980,5.062180472602774,5.061248561338496,12.970105890612182,12.525765478821915,True,False
26157,60494245059495613692,6049,8774,7775,6513,2000,1007,996,6.003751042864466,6.003347120659902,13.09901899101923,12.6691065113363,True,False
26158,2116465439188204960,212,8093,6581,5503,2000,1238,1199,4.558134610183306,4.552457654806707,12.982458880127355,12.426002613329361,True,False
26159,997500000000000,0,549,0,0,0,0,0,0.0,0.0,9.100662339005199,0,False,True
26160,299230050000000000000,29923,5550,5482,4421,0,0,0,0.0,0.0,12.43827205612483,12.110157018954066,False,True
26161,5219730444231507,1,1617,217,213,217,217,213,7.761551232444482,7.715468283135726,10.659103963473662,7.734709620225838,False,False
26162,1060000486738791,0,454,0,0,0,0,0,0.0,0.0,8.826548487290914,0,False,True
26163,7441350000000000000,744,7729,6733,5659,2000,995,984,5.276249227713132,5.275501486486327,12.91606605089929,12.466331422082767,True,False
26164,10294200000000000000,1029,8148,7067,5915,2000,980,966,5.087681834310852,5.085244368961236,12.992230264965889,12.53016245322715,True,False
26165,8025180726096259691,803,1989,1981,1703,2000,91,89,4.423114303593921,4.421915604939568,10.957827560833744,10.733862719678543,True,False
26166,7132125000000000000,713,1989,1979,1645,2000,81,80,4.322950085604863,4.322251610277776,10.957827560833744,10.683871868622603,True,False
26167,6983144154347520611,698,1980,1968,1647,2000,90,88,4.6142159145199395,4.613297139690751,10.951284714966972,10.685624839726355,True,False
26168,299250000000000000,30,5694,4148,3671,2000,1221,1181,4.435886483640289,4.428390081100991,12.475226777742266,11.841957399099547,True,False
26169,2463825000000000000,246,8270,6639,5539,2000,1225,1180,4.603039485452551,4.596973468615696,13.013671614058637,12.43540982316332,True,False
26170,1945125000000000000,195,7990,6393,5368,2000,1218,1174,4.473191224784207,4.464163927873999,12.963979787815338,12.390168956200183,True,False
26171,31920000000000000,3,3534,1975,1856,2000,1216,1174,6.135330479602593,6.102177603571212,11.787086324551616,10.857980995127573,True,False
26172,173166000000000000,17,5197,3700,3313,2000,1249,1206,4.655461880378277,4.646962641430671,12.343463343667903,11.693922488081014,True,False
26173,639770778997676,0,400,0,0,0,0,0,0.0,0.0,8.643856189774725,0,False,True
26174,382392153837495261,38,5864,4514,3955,2000,1216,1173,4.408011478990792,4.398713147827449,12.517669388133811,11.949461979360153,True,False
26175,1995457252662551225,200,2230,1933,1652,2000,362,355,4.409594890591029,4.402663459263049,11.122827994807666,10.689997971419446,True,False
26176,3168101165710959,0,143,0,0,0,0,0,0.0,0.0,7.159871336778389,0,False,True
26177,562590000000000000,56,4290,3532,3085,2000,785,779,4.403502891346335,4.401788547920827,12.066761932386909,11.591054774036781,True,False
26178,997500000000000000,100,6628,5157,4439,2000,1005,975,4.547264824511555,4.541727918695214,12.694357887221452,12.116018993325094,True,False
26179,997500000000000000,100,6589,5081,4375,2000,974,945,4.746986180527473,4.742564526017843,12.685843811426082,12.095067301607054,True,False
26180,236567044771218626,24,396,384,368,2000,67,66,4.346661906187105,4.344145527026828,8.62935662007961,8.523561956057012,True,False
26181,128583891982336022,13,423,408,387,2000,95,94,4.353697847969492,4.352291266431162,8.72451385311995,8.59618975614441,True,False
26182,651911049595200574,65,2059,1992,1652,2000,186,185,4.3515998869387875,4.350099418042257,11.007728114632254,10.689997971419446,True,False
26183,575730238284160742,58,3051,2829,2476,2000,624,621,4.469359850563065,4.468450759653972,11.575066464578656,11.273795599214264,True,False
26184,346683278569525895,35,4080,3225,2891,2000,873,863,4.452092699983262,4.448689219787255,11.994353436858859,11.49735289347705,True,False
26185,770953139908309879,77,6863,5373,4614,2000,1247,1207,4.702807129228641,4.6973581914493066,12.744623639343585,12.171802288682983,True,False
26186,180180500576392167845,18018,3361,3346,2781,0,0,0,0.0,0.0,11.714674827308002,11.441388029346687,False,True
26187,75810000000000000,8,197,185,181,2000,69,68,4.34278611826719,4.340120495267055,7.622051819456376,7.499845887083206,True,False
26188,108702230835425755943,10870,7767,7002,5770,0,0,0,0.0,0.0,12.923141750621268,12.494355603532846,False,True
26189,84752684713708463,8,778,737,702,2000,207,207,4.784752922491961,4.784752922491961,9.603626344986193,9.45532722030456,True,False
26190,41921468936677203,4,508,462,451,2000,205,205,4.987297592258832,4.987297592258832,8.988684686772165,8.81698362325538,True,False
26191,969457765327878068,97,622,618,592,2000,67,65,4.385442806268667,4.334560345462181,9.280770770130603,9.20945336562895,True,False
26192,34053821540985986726,3405,3213,3195,2656,2000,117,116,4.738893001536083,4.7385022570614685,11.649705265471413,11.375039431346925,True,False
26193,1995000000000000000,200,6615,5482,4574,2000,1041,1000,4.439607285870367,4.428431226769748,12.69152544116604,12.159240650411673,True,False
26194,6574047080971356401,657,1087,1083,958,2000,55,55,4.278561438484852,4.278561438484852,10.086136225027309,9.90388184573618,True,False
26195,1053195975956284237,105,2627,2578,2128,2000,214,214,4.536046201262272,4.536046201262273,11.359200485133632,11.055282435501189,True,False
26196,8397468931611661251,840,9278,7692,6320,2000,1227,1185,4.835215650257617,4.830425050526213,13.179598130849836,12.625708843064466,True,False
26197,29925000000000000,3,435,376,372,2000,241,241,6.185591785843997,6.185591785843997,8.76487159073609,8.539158811108031,True,False
26198,43526748213872566,4,535,492,480,2000,207,207,4.717866293892476,4.717866293892475,9.06339508128851,8.906890595608518,True,False
26199,991520969717878401,99,5483,4568,3982,2000,928,916,4.435674397402519,4.432301533520933,12.420749758296799,11.959277505720502,True,False
26200,1241605155582091806,124,6080,5109,4391,2000,950,939,4.404769287264039,4.402277356543358,12.569855608330949,12.100333819126542,True,False
26201,1984723065844277681,198,2953,2885,2362,2000,196,195,4.487909850235978,4.486909558484216,11.527965641133955,11.205793249397157,True,False
26202,79800000000000000,8,862,790,759,2000,274,274,4.446395021498607,4.446395021498607,9.751544059089099,9.567956075415466,True,False
26203,1045980416526207031,105,6838,5582,4686,2000,1150,1107,4.508743317677283,4.500898879375798,12.739358707433395,12.194141238863136,True,False
26204,4973834250000000000,497,5193,4440,3649,2000,744,716,4.699804863008476,4.690035196309985,12.342352510087794,11.833285435584482,True,False
26205,83093398574292291017,8309,5397,5329,4330,2000,203,202,4.818148744044763,4.8175170487324666,12.397941971972639,12.080151309614088,True,False
26206,3172616739839400000,317,1573,1567,1318,2000,88,87,4.448668360839411,4.448022929690801,10.619302955415687,10.364134655008051,True,False
26207,730386461471468716,73,555,550,536,2000,67,67,4.525948209366304,4.525948209366304,9.116343961237469,9.066089190457772,True,False
26208,3202238756528939492,320,8352,6982,5756,2000,1238,1194,5.089486979714339,5.085727755067662,13.027905996569885,12.490850876740298,True,False
26209,45167430074780462891,4517,539,498,460,2000,109,109,5.473695764684235,5.473695764684237,9.074141462752506,8.845490050944376,True,False
26210,16762152856738331508,1676,301,271,259,2000,72,72,5.417777377024668,5.417777377024668,8.233619676759702,8.016808287686555,True,False
26211,4172837990282850000,417,1786,1779,1509,2000,86,85,4.491405620394665,4.490412671307098,10.802516365121223,10.559377090526683,True,False
26212,997500000000000000,100,13,12,12,4,8,8,2.94770277922009,2.94770277922009,3.700439718141092,3.584962500721156,False,False
26213,18141041706429801555,1814,9059,7671,6358,2000,1028,1002,5.08241903107806,5.080073863458736,13.145136088281756,12.634357301137976,True,False
26214,7695700135321170000,770,4986,4288,3501,2000,697,673,5.275488125566615,5.269769319210665,12.283667167491501,11.773551346428505,True,False
26215,147936730606988566,15,4832,3489,3150,2000,1214,1171,4.398327836941204,4.386380809729334,12.238404739325079,11.621136113274641,True,False
26216,1389022068059573612,139,7145,5796,4924,2000,1098,1066,4.917757582636247,4.91435715905328,12.802718295983178,12.265615046484458,True,False
26217,9922776352413396,1,1618,491,478,491,491,478,8.93957921431469,8.88101528864837,10.659995892429977,8.900866807980748,False,False
26218,99750000000000,0,13,0,0,0,0,0,0.0,0.0,3.700439718141092,0,False,True
26219,14962500000000000,1,2696,1234,1191,1234,1234,1191,10.269126679149418,10.19366524034977,11.396604781181859,10.217957697864113,False,False
26220,1889758421337045000,189,201,173,167,2000,45,45,4.307947911109072,4.307947911109071,7.651051691178929,7.383704292474052,True,False
26221,21925050000000000000,2193,4941,4901,3918,2000,230,230,5.373331690251894,5.3733316902518915,12.270587340447511,11.935901682267588,True,False
26222,1995000000000000,0,442,0,0,0,0,0,0.0,0.0,8.787902559391432,0,False,True
26223,21661186285912577,2,746,469,458,2000,337,331,6.47925643087029,6.46123390271009,9.543031820255237,8.839203788096944,True,False
26224,1980115018466839,0,978,0,0,0,0,0,0.0,0.0,9.933690654952233,0,False,True
26225,39652327264031,0,28,0,0,0,0,0,0.0,0.0,4.807354922057604,0,False,True
26226,4459382413383768806,446,6125,5371,4479,2000,800,794,5.200484545117307,5.199883743789863,12.580494128777294,12.128960950855697,True,False
26227,9975000000000000,1,140,72,72,72,72,72,6.169925001442312,6.169925001442312,7.129283016944966,6.169925001442312,False,False
26228,997500000000000000,100,2371,2301,1847,2000,195,194,4.57981622484429,4.57895868384311,11.211279947482009,10.850968150982439,True,False
26229,11378432131595248374,1138,5111,4954,4089,2000,477,474,4.961144946136784,4.959814168669663,12.31938987600021,11.997532347526366,True,False
26230,20637452243292222102,2064,9373,8008,6586,2000,1113,1079,5.378830562822369,5.376014560766572,13.194295167381915,12.685186796595348,True,False
26231,4711566100011484959,471,7979,6746,5521,2000,1129,1087,4.597809252852379,4.591103086350329,12.961992230928898,12.430713885791938,True,False
26232,43397088958151429,4,537,494,482,2000,205,205,4.714382678038688,4.714382678038687,9.068778277985412,8.912889336229961,True,False
26233,4987500000000000,0,28,0,0,0,0,0,0.0,0.0,4.807354922057604,0,False,True
26234,2946623131619295203,295,7013,5871,4848,2000,1051,1009,4.563565023795034,4.55501500342724,12.775816012673026,12.243173983472952,True,False
26235,2603739627490947875,260,6888,5755,4765,2000,1046,1004,4.697518448615808,4.685705657836895,12.749869427396844,12.218260498797305,True,False
26236,2721719089418286158,272,6794,5676,4701,2000,1035,994,4.6419775199049855,4.6311852152472035,12.7300455028792,12.198751965193736,True,False
26237,1726500621015420220,173,6362,5250,4388,2000,1021,982,4.4144221173830855,4.400462795541497,12.635264656539514,12.099347810403193,True,False
26238,2314934175817271016,231,6504,5418,4501,2000,1012,971,4.605032204525344,4.594317152504161,12.667111542075027,12.136029849385551,True,False
26239,1835400000000000000,184,6177,5110,4273,2000,991,951,4.473002265221766,4.4585837735271685,12.59269061535341,12.061033601681112,True,False
26240,1576305012540153353,158,5972,4923,4126,2000,987,946,4.551234065281793,4.540773967483247,12.543998450134541,12.010528105886484,True,False
26241,951908913347867217,95,5347,4311,3694,2000,978,938,4.466331038075792,4.45766869874764,12.384513961398618,11.850968150982439,True,False
26242,3920877783181664380,392,6372,5363,4431,2000,940,901,4.556663248509485,4.549080892253041,12.63753055152531,12.113416611485945,True,False
26243,1654277359450636098,165,5598,4617,3884,2000,909,873,4.442928740737129,4.428758591263351,12.450695771572915,11.923327485419192,True,False
26244,2724880798520930466,272,5629,4711,3922,2000,856,821,4.65320169833932,4.6424108163194235,12.458662932867817,11.93737382019215,True,False
26245,1297630602665357350,130,5054,4167,3519,2000,842,808,4.408105001164648,4.397434815322227,12.303209948944776,11.780949798749665,True,False
26246,402121868523013918,40,3952,3098,2708,2000,816,783,4.475770557502768,4.460878260899016,11.948367231584678,11.403012023574997,True,False
26247,1966714427212309213,197,5034,4197,3531,2000,793,762,4.465447343206104,4.455317488884453,12.29748950116098,11.7858611057596,True,False
26248,1968854178603682796,197,4806,4016,3390,2000,759,731,4.460810466726509,4.451059652085517,12.230620933129867,11.727069558023706,True,False
26249,2448076951632368581,245,4863,4095,3427,2000,748,721,4.506310390881643,4.498501624604415,12.247630876238699,11.742730476519174,True,False
26250,1605104739702201260,161,4542,3789,3198,2000,734,708,4.763006607256081,4.743287052178331,12.149111990706889,11.642954223480332,True,False
26251,3245177843079552244,325,4736,4016,3332,2000,702,678,4.6048177352287905,4.598459146782205,12.20945336562895,11.702172685365548,True,False
26252,3145887113978399490,315,4644,3941,3267,2000,695,671,4.778091924785662,4.7697151866055565,12.181152256865566,11.673750739438063,True,False
26253,2056269303268460749,206,4314,3626,3043,2000,670,647,4.422379629028555,4.408356862722382,12.074810461160453,11.571278618514595,True,False
26254,2234765855597736086,223,4125,3490,2927,2000,632,613,4.466918884806372,4.4596542296929655,12.010178404020541,11.515207030408751,True,False
26255,2305113509803837964,231,4058,3442,2882,2000,622,602,4.611688691211827,4.601493915108923,11.98655314975666,11.492854620174748,True,False
26256,3313615453324540368,331,4057,3473,2884,2000,590,572,4.428481128292756,4.417779539364566,11.986197587206274,11.493855449240822,True,False
26257,1421975277681120192,142,3560,2992,2528,2000,581,563,4.4286380671412084,4.420268615347833,11.79766152585376,11.303780748177102,True,False
26258,3887701632068254093,389,3926,3370,2791,2000,566,548,4.463609607969981,4.455932095715629,11.938844457466171,11.446566409066067,True,False
26259,4699353333035364230,470,3901,3374,2781,2000,555,537,4.548551174172143,4.541645776926462,11.929628283024561,11.441388029346687,True,False
26260,2191575014069050351,219,3544,3022,2544,2000,551,532,4.503314178791204,4.490100118252126,11.791162888555018,11.312882955284355,True,False
26261,1623856368221044922,162,3338,2827,2393,2000,538,521,4.737522111848541,4.721589819508919,11.704768239362599,11.2246046815385,True,False
26262,6916868212019583924,692,3764,3266,2673,2000,530,513,5.041180965621852,5.034367894969797,11.878050912728536,11.384244122243079,True,False
26263,2867820273844179343,287,3285,2801,2341,2000,488,474,4.561777399509283,4.55016270945696,11.681677655209691,11.192909219112012,True,False
26264,2800064760100871925,280,3134,2671,2235,2000,470,458,4.4260577253219955,4.418626414246532,11.61378946447258,11.12605911607068,True,False
26265,1518963088338363921,152,2841,2391,2028,2000,460,448,4.462358138701374,4.455542386848564,11.472183116189541,10.985841937003341,True,False
26266,2592833003442932012,259,2955,2539,2130,2000,451,438,4.547861850112116,4.53614282120788,11.528942415064895,11.056637715113201,True,False
26267,1242710355486946900,124,2601,2203,1885,2000,433,421,4.499759160296981,4.493077680540989,11.34485068394299,10.880348808156027,True,False
26268,2005518765732564463,201,2711,2323,1972,2000,420,409,4.386834549513,4.378547251961247,11.404609397837712,10.945443836377912,True,False
26269,1531334156861096458,153,2553,2175,1857,2000,415,404,4.496719826122676,4.490222722392146,11.31797782240712,10.858758099935422,True,False
26270,962926212781884191,96,2277,1905,1654,2000,410,400,4.511913153940599,4.505738885259233,11.152918576136623,10.691743519171276,True,False
26271,1617784919823439467,162,2364,2029,1734,2000,386,378,4.6817432406775765,4.672372374297064,11.207014320177532,10.759888183221834,True,False
26272,1618310361094796823,162,2286,1971,1689,2000,374,367,4.675685867338008,4.667164402118722,11.158609688214478,10.721953612801386,True,False
26273,2290857376864282680,229,2263,1968,1678,2000,359,352,4.542133315867853,4.537330586323854,11.144020869266893,10.712527000439824,True,False
26274,1197453351975413618,120,2023,1743,1503,2000,355,348,4.5502800730729245,4.545378306261981,10.982280604558284,10.553629293916364,True,False
26275,1597163324970927191,160,2008,1736,1499,2000,340,333,4.710525126801386,4.70533570641231,10.971543553950772,10.54978466794786,True,False
26276,8890198523116103,1,397,138,138,138,138,138,7.108524456778168,7.108524456778168,8.632995197142957,7.108524456778169,False,False
26277,204472287484048733,20,1229,974,877,2000,315,309,4.45671629196559,4.449791451784472,10.263269200372662,9.776433032444734,True,False
26278,5647459817291942351,565,2072,1823,1554,2000,309,303,4.6813804625016076,4.677239821495892,11.016808287686555,10.60177078840771,True,False
26279,1284780238255253538,128,1605,1375,1197,2000,283,277,4.367848649078449,4.359429659806585,10.648357582009666,10.225207436943501,True,False
26280,2016542104062786412,202,1700,1472,1273,2000,282,276,4.415305993178787,4.408375780947269,10.731319031025064,10.314016703901357,True,False
26281,2879508922930228502,288,1552,1353,1180,2000,256,252,4.546620979135445,4.543865239367364,10.599912842187127,10.204571144249204,True,False
26282,2176079464445847514,218,1328,1155,1018,2000,221,217,4.4463904400296315,4.442752588181147,10.375039431346925,9.991521846075695,True,False
26283,829452516130557077,83,1042,876,788,2000,211,207,4.586485730748533,4.583357582943618,10.025139562278508,9.622051819456376,True,False
26284,1675253346142867257,168,1084,925,829,2000,185,181,4.4087928393578455,4.402524065686693,10.08214904135387,9.69522829149575,True,False
26285,337231333733575926,34,771,616,565,2000,181,177,4.4113845557521865,4.4031826494340045,9.590587049915035,9.14210705730255,True,False
26286,1765045888136147275,177,942,812,734,2000,155,153,4.3697004767011185,4.366229306072715,9.879583249612784,9.519636252843213,True,False
26287,621394736411908607,62,697,576,532,2000,140,140,4.361706749551674,4.361706749551674,9.445014845868423,9.055282435501189,True,False
26288,1935930612244153821,194,745,647,587,2000,117,117,4.321987755970637,4.321987755970637,9.541096615349524,9.197216693110052,True,False
26289,1833424378719625864,183,647,568,519,2000,107,107,4.320076376124037,4.320076376124037,9.337621901992508,9.019590728357882,True,False
26290,888682532381072355,89,474,408,382,2000,106,106,4.486550852598954,4.4865508525989535,8.888743248898258,8.57742882803575,True,False
26291,919646534775913258,92,405,349,327,2000,103,103,4.550480367860756,4.550480367860758,8.661778097771988,8.353146825498083,True,False
26292,1741055811350200133,174,389,349,330,2000,81,81,4.260278572067946,4.260278572067946,8.603626344986193,8.366322214245816,True,False
26293,2135042096859966353,214,310,277,263,2000,63,63,4.349537301951838,4.3495373019518375,8.276124405274238,8.038918989292302,True,False
26294,2672604191024043726,267,238,210,203,2000,54,54,4.501869757882375,4.501869757882375,7.894817763307944,7.6653359171851765,True,False
26295,1832877049470407443,183,175,153,147,2000,39,39,4.150417660774425,4.150417660774425,7.451211111832329,7.199672344836364,True,False
26296,763326113877560231,76,58,53,53,2000,31,31,4.42240289438891,4.42240289438891,5.857980995127572,5.727920454563199,True,False
26297,47486365001733232,5,3773,2182,2030,2000,1209,1168,6.572036088789686,6.534064478029005,11.88149638481011,10.987264012072538,True,False
26298,306850664339435265000,30685,3637,3226,2631,0,0,0,0.0,0.0,11.828533210455618,11.36139553316589,False,True
26299,33899624810039152343,3390,5348,5290,4243,2000,208,206,4.641484098613103,4.637953276130522,12.384783750093353,12.050868963290736,True,False
26300,2142630000000000000,214,7440,6048,5103,2000,1016,990,4.3885960357525775,4.382081681254457,12.861086905995395,12.317129926384542,True,False
26301,10922280710857319452,1092,8654,7401,5983,2000,1169,1125,5.4369225631265925,5.43248118345887,13.079151405421891,12.546653347654956,True,False
26302,20050125313283208,2,530,439,437,2000,344,343,6.469013072708996,6.466013072708995,9.049848549450562,8.7714894695006,True,False
26303,91525847067023404,9,1490,1299,1252,2000,560,558,5.268669233379517,5.266186467220811,10.541096615349524,10.290018846932618,True,False
26304,33040323724710015,3,1046,848,839,2000,575,573,5.2745892225445825,5.272106456385875,10.030667136246942,9.712527000439824,True,False
26305,24340843861567663,2,1054,827,816,2000,622,619,6.54951142384588,6.544503912578979,10.041659151637214,9.672425341971495,True,False
26306,12468750000000000,1,2539,1069,1032,1069,1069,1032,10.062046137720492,9.983679030600925,11.310044679647506,10.011227255423254,False,False
26307,68862211489917483,7,4202,2614,2401,2000,1214,1172,4.441771868078355,4.428342926436992,12.036860446673046,11.229419688230417,True,False
26308,11425630372413225,1,2670,1045,1005,1045,1045,1005,10.029287226968247,9.942465163855136,11.382624026574916,9.972979786066292,False,False
26309,462840000000000000,46,1859,1801,1526,2000,203,202,4.5335302865700715,4.532683937412574,10.860311054919482,10.57553924683453,True,False
26310,496256250000000000,50,513,428,402,2000,112,112,4.314195967481192,4.314195967481192,9.002815015607053,8.651051691178928,True,False
26311,1327791735225815,0,743,0,0,0,0,0,0.0,0.0,9.537218400538595,0,False,True
26312,1659267387142803,0,126,0,0,0,0,0,0.0,0.0,6.977279923499917,0,False,True
26313,1995000000000000,0,409,0,0,0,0,0,0.0,0.0,8.67595703294175,0,False,True
26314,35406391283103686459,3541,5919,5734,4744,2000,579,577,6.190844880370506,6.1907177135674,12.531137741444715,12.211888294546004,True,False
26315,297913076843740917230,29791,5701,5629,4542,0,0,0,0.0,0.0,12.476999286133061,12.149111990706889,False,True
26316,992036903730600000,99,126,109,105,2000,41,41,4.436477463311222,4.436477463311222,6.977279923499917,6.714245517666122,True,False
26317,2518687500000000000,252,8278,6757,5633,2000,1242,1202,5.205265182634301,5.202574005570348,13.015066533230291,12.459687756239548,True,False
26318,5288431705200000,1,709,114,114,114,114,114,6.8328900141647395,6.8328900141647395,9.469641817239516,6.832890014164741,False,False
26319,10710172456760273434,1071,5813,5545,4601,2000,710,706,4.922752450719445,4.921553338904616,12.505067193231886,12.167731741103244,True,False
26320,339150000000000000,34,1634,1565,1306,2000,185,184,4.486985416007644,4.484863962812205,10.674192268145683,10.350939181546432,True,False
26321,51164990097387312,5,658,589,562,2000,182,181,4.816931068450112,4.813793813548152,9.361943773735241,9.134426320220927,True,False
26322,14962500000000000,1,2709,1239,1196,1239,1239,1196,10.2749604721406,10.1994078971007,11.403544678202014,10.224001674198105,False,False
26323,996992469551612600,100,6290,5033,4334,2000,995,974,4.394518375967552,4.3854901860689885,12.618844301766652,12.081483438093674,True,False
26324,19880175000000000000,1988,7112,6347,5216,2000,793,787,4.614159143290154,4.613025569206892,12.79603960882977,12.348728154231077,True,False
26325,14962500000000000,1,2752,1248,1205,1248,1248,1205,10.285402218862249,10.209104718101933,11.426264754702098,10.234817431117325,False,False
26326,2905802227709122,0,455,0,0,0,0,0,0.0,0.0,8.829722735086058,0,False,True
26327,1799262640359952,0,251,0,0,0,0,0,0.0,0.0,7.971543553950772,0,False,True
26328,991329785115832162,99,6770,5467,4651,2000,1182,1137,4.469512360548972,4.4572296714165045,12.724940118462358,12.183325224524612,True,False
26329,1066442006730172949,107,1480,1459,1202,2000,123,122,4.97719334356391,4.976658112748419,10.531381460516313,10.231221180711186,True,False
26330,12540046831054208956,1254,4568,4502,3634,2000,200,199,4.534251380275021,4.533405063675676,12.157346935362844,11.827342704234116,True,False
26331,82311770786790301,8,932,851,818,2000,297,297,4.368790704079709,4.368790704079709,9.86418614465428,9.67595703294175,True,False
26332,3013935877945072,0,1250,0,0,0,0,0,0.0,0.0,10.287712379549449,0,False,True
26333,7565137937682603,1,1799,341,337,341,341,337,8.413627929024173,8.390167518466988,10.812979471251483,8.396604781181859,False,False
26334,510272743192249950,51,971,805,729,2000,204,200,4.354347573760912,4.348844478269699,9.923327485419192,9.509775004326936,True,False
26335,299250000000000000,30,5141,3600,3186,2000,964,935,4.554368891616264,4.548781703423946,12.327833296750327,11.63753055152531,True,False
26336,1995000000000000000,200,6801,5669,4836,2000,966,948,4.432466047272541,4.4214027362273916,12.731531176461942,12.239598529249124,True,False
26337,16708643140489482,2,267,197,195,2000,172,171,6.402044391368582,6.396044391368581,8.060695931687555,7.60733031374961,True,False
26338,30075187969924812,3,2639,1586,1490,2000,978,939,6.54280659790812,6.501231222154197,11.365775635326269,10.541096615349524,True,False
26339,356935186278300000,36,500,495,475,2000,64,63,4.2188183651103515,4.216850620798243,8.965784284662087,8.89178370321831,True,False
26340,12531328320802005,1,426,217,213,217,217,213,7.761551232444482,7.724684872997475,8.734709620225837,7.734709620225838,False,False
26341,8477108311641547612,848,6519,5751,4785,2000,805,799,4.964488121409391,4.963786685723017,12.670434959902439,12.224303209373389,True,False
26342,88643178059610767,9,4371,2829,2582,2000,1230,1189,4.408571721717208,4.399911548821455,12.093747662785669,11.33427328530719,True,False
26343,1849136638449512,0,711,0,0,0,0,0,0.0,0.0,9.473705749619416,0,False,True
26344,206438641647264248,21,1345,1288,1145,2000,202,201,4.383689592004192,4.382281051124494,10.393390457443987,10.161131882984307,True,False
26345,498750000000000,0,59,0,0,0,0,0,0.0,0.0,5.882643049361842,0,False,True
26346,9975000000000000,1,61,22,22,22,22,22,4.459431618637296,4.459431618637296,5.930737337562887,4.459431618637297,False,False
26347,1504087345613240090,150,446,443,419,2000,56,56,4.368417706194169,4.368417706194169,8.800899899920305,8.710806433699352,True,False
26348,351894149313183,0,118,0,0,0,0,0,0.0,0.0,6.882643049361842,0,False,True
26349,2604645093081677,0,469,0,0,0,0,0,0.0,0.0,8.873444112515376,0,False,True
26350,5985000000000000,1,122,25,25,25,25,25,4.643856189774724,4.643856189774724,6.930737337562887,4.643856189774724,False,False
26351,97268908819519272678,9727,3730,3708,3037,2000,136,134,5.132179382531275,5.131814862309037,11.8649599151426,11.56843119316746,True,False
26352,2477426763703313,0,505,0,0,0,0,0,0.0,0.0,8.980139577639157,0,False,True
26353,3630900000000000000,363,8476,7069,5817,2000,1242,1198,4.92216637793509,4.917532782192588,13.04916787237217,12.506059588827949,True,False
26354,867440797909543,0,239,0,0,0,0,0,0.0,0.0,7.900866807980749,0,False,True
26355,120200626566416,0,51,0,0,0,0,0,0.0,0.0,5.672425341971495,0,False,True
26356,302887931678766,0,107,0,0,0,0,0,0.0,0.0,6.741466986401147,0,False,True
26357,19950000000000,0,10,0,0,0,0,0,0.0,0.0,3.321928094887362,0,False,True
26358,19950000000000,0,10,0,0,0,0,0,0.0,0.0,3.321928094887362,0,False,True
26359,11176744110000000000,1118,4632,4578,3671,2000,213,212,4.910213051993445,4.909711565708266,12.177419537989236,11.841957399099547,True,False
26360,731875360032999542,73,4513,3750,3261,2000,786,780,5.075524563585702,5.071492843610232,12.139871063212487,11.671098725748465,True,False
26361,1267865323816884593,127,5642,4623,3896,2000,949,909,4.676109233017126,4.6615515465795045,12.461990950585571,11.927777962082342,True,False
26362,66387848715991067020,6639,4461,3934,3188,2000,587,568,5.814814927275309,5.811295386290494,12.123151432773575,11.638435913990472,True,False
26363,572244269371396,0,24,0,0,0,0,0,0.0,0.0,4.584962500721156,0,False,True
26364,907725000000000000,91,2296,2250,1872,2000,210,210,4.408609490150157,4.408609490150157,11.164906926675688,10.870364719583405,True,False
26365,9975000000000000,1,200,129,129,129,129,129,7.011227255423254,7.011227255423254,7.643856189774724,7.011227255423254,False,False
26366,3506114589551930729,351,1686,1679,1422,2000,88,87,4.4897613076730165,4.489195282735327,10.719388820942083,10.473705749619416,True,False
26367,54762750000000000000,5476,67,63,63,2000,55,55,5.690934302714168,5.690934302714169,6.066089190457772,5.977279923499917,True,False
26368,1266302699814384052,127,957,945,830,2000,67,67,4.278591617068251,4.278591617068252,9.902375114486025,9.696967526234287,True,False
26369,23827507458195000,2,1071,647,624,2000,442,431,6.513813113765091,6.4854451842264815,10.064742764750257,9.285402218862249,True,False
26370,43595350331169056746,4360,5236,5173,4198,2000,206,205,4.771904355292302,4.771293159292857,12.354249381945241,12.035486451292154,True,False
26371,223335325822480313457,22334,5771,5726,4594,0,0,0,0.0,0.0,12.49460561567122,12.165535141377925,False,True
26372,1699464431070633469,170,1792,1767,1457,2000,127,126,4.298442019780504,4.297818044042568,10.807354922057604,10.508785162064513,True,False
26373,114147761536900807,11,3236,2384,2238,2000,863,853,4.4002241658987415,4.3966942364780905,11.659995892429977,11.127994320976393,True,False
26374,25548259791114593417,2555,6546,6245,5146,2000,735,730,5.2394716009054845,5.238506840827716,12.676397887044763,12.3292357417338,True,False
26375,3241875000000000000,324,1682,1667,1382,2000,84,83,4.321327256947162,4.320294702132307,10.715961990255144,10.432541900388259,True,False
26376,10503013682036868,1,156,72,72,72,72,72,6.169925001442312,6.169925001442312,7.285402218862249,6.169925001442312,False,False
26377,29377386242557881836,2938,9878,8380,6772,2000,1261,1221,5.502144750484666,5.499772661852251,13.270003253378444,12.725366257895642,True,False
26378,4258813493608155509,426,8810,7295,6079,2000,1201,1159,5.086177561418662,5.082388890828623,13.104926303807776,12.56961830344664,True,False
26379,346132500000000000,35,4864,3736,3284,2000,1036,995,4.416770278847816,4.4010466141309355,12.247927513443585,11.681238411777805,True,False
26380,466873676745802,0,137,0,0,0,0,0,0.0,0.0,7.098032082960526,0,False,True
26381,17012580872097091,2,2547,1184,1145,2000,1084,1052,6.519083535248664,6.483696316493255,11.314583244274194,10.161131882984307,True,False
26382,7980000000000000,1,947,244,242,244,244,242,7.930737337562885,7.914343894939934,9.887220615468385,7.918863237274595,False,False
26383,189525000000000000,19,2575,1939,1743,2000,627,609,4.53893114148976,4.525892764011536,11.330356716957944,10.767356854125685,True,False
26384,1811627831467034106,181,7882,6388,5348,2000,1250,1208,4.650606628240483,4.645278168244085,12.944346034137833,12.384783750093353,True,False
26385,14885683685870471367,1489,3994,3935,3189,2000,179,177,5.435810263674009,5.43285652431957,11.963618617443972,11.638888382252262,True,False
26386,139127242392403587,14,4518,2935,2650,2000,976,946,4.429105985866597,4.415733174307117,12.141468555393084,11.371776644337924,True,False
26387,1090545108437262454,109,7443,5836,4938,2000,1220,1178,4.557127300661742,4.551209596552505,12.861668520613588,12.269711121142782,True,False
26388,27055885541623313556,2706,9807,8304,6693,2000,1281,1236,5.657986643617364,5.655737885799312,13.259596162488423,12.708437298965297,True,False
26389,128892726420199041,13,4276,2883,2655,2000,1010,984,5.086950907507218,5.070185339739676,12.06204613772049,11.374496145691516,True,False
26390,479674770782826,0,139,0,0,0,0,0,0.0,0.0,7.118941072723508,0,False,True
26391,9975000000000000,1,131,71,71,71,71,71,6.1497471195046804,6.1497471195046804,7.03342300153745,6.149747119504682,False,False
26392,7631793593722058,1,1638,368,362,368,368,362,8.523561956057012,8.485518477796141,10.677719641641009,8.499845887083206,False,False
26393,21012933342575563,2,642,395,385,2000,294,289,6.460386150610279,6.442859861176126,9.326429487122303,8.588714635582264,True,False
26394,38493765424439363,4,3489,2119,1972,2000,1217,1173,4.785498489163573,4.762405239622396,11.768597882194374,10.945443836377912,True,False
26395,39782186248892977,4,767,518,492,2000,296,291,5.221000031862489,5.209323634864991,9.583082767502933,8.94251450533924,True,False
26396,687757976072680418,69,6626,5235,4491,2000,1229,1185,4.618117597631805,4.605167724667708,12.693922488081014,12.132821006779572,True,False
26397,59600154316220312,6,337,309,304,2000,109,109,4.594829736669424,4.594829736669423,8.396604781181859,8.247927513443585,True,False
26398,2713208760294659,0,607,0,0,0,0,0,0.0,0.0,9.245552706255681,0,False,True
26399,8021196071412806,1,40,14,14,14,14,14,3.8073549220576055,3.8073549220576055,5.321928094887363,3.807354922057604,False,False
26400,18952500000000000,2,2398,1235,1184,2000,1058,1019,6.508535536642811,6.467154205446171,11.227615943414223,10.20945336562895,True,False
26401,3189965100000000000,319,8098,6807,5597,2000,1184,1139,4.700892142325452,4.691714081624262,12.983349927676457,12.450438032395652,True,False
26402,9526318960581131,1,849,268,266,268,268,266,8.066089190457772,8.051163817323445,9.729620743553038,8.055282435501189,False,False
26403,249375000000000,0,150,0,0,0,0,0,0.0,0.0,7.22881869049588,0,False,True
26404,997500000000000,0,8,0,0,0,0,0,0.0,0.0,3.0,0,False,True
26405,47475272124208532,5,1352,893,837,2000,460,449,4.917413616927066,4.90264853519327,10.400879436282183,9.709083812550343,True,False
26406,4880421216499671,0,263,0,0,0,0,0,0.0,0.0,8.038918989292302,0,False,True
26407,249223733932356348904,24922,9193,8098,6772,0,0,0,0.0,0.0,13.166320025266979,12.725366257895642,False,True
26408,15002026283099362568,1500,9687,8057,6555,2000,1222,1178,4.6576502436805605,4.6513353314271,13.241834226335136,12.678380065109117,True,False
26409,2721923576010818,0,183,0,0,0,0,0,0.0,0.0,7.515699838284043,0,False,True
26410,30922500000000000,3,3505,2016,1896,2000,1250,1206,6.169732010370378,6.13160813072383,11.775198728897985,10.888743248898258,True,False
26411,3551456727761484,0,935,0,0,0,0,0,0.0,0.0,9.868822554774999,0,False,True
26412,51867487106579718527,5187,9501,8003,6551,2000,1011,978,6.153571452970289,6.105667066187977,13.213863652749346,12.677499433285107,True,False
26413,54541400482551844,5,3601,2143,2024,2000,1006,977,4.740986924538919,4.724352513984354,11.81418188419028,10.98299357469431,True,False
26414,1339390527584083,0,878,0,0,0,0,0,0.0,0.0,9.778077129535358,0,False,True
26415,58414281261394521,6,3232,2073,1980,2000,982,965,4.762657827172873,4.753227229277746,11.658211482751796,10.951284714966972,True,False
26416,98874361685031918,10,229,216,210,2000,68,67,4.423065911610065,4.420265505001953,7.839203788096944,7.714245517666122,True,False
26417,2072802133682764470,207,1197,1186,1028,2000,78,78,4.877770923358224,4.877770923358225,10.225207436943501,10.005624549193879,True,False
26418,7095044301093313893,710,3730,3666,2936,2000,181,179,4.529727041923002,4.528526732101411,11.8649599151426,11.519636252843213,True,False
26419,8343669731396450,1,1547,395,394,395,395,394,8.625708843064468,8.620645551925227,10.595257481449035,8.622051819456376,False,False
26420,111742918720062974,11,1477,1340,1271,2000,453,451,4.584219418963476,4.582983645969451,10.52845411076479,10.311748315004959,True,False
26421,28052692500000000000,2805,5118,5069,4062,2000,213,213,5.195066076929269,5.195066076929268,12.321364432039447,11.987974524296153,True,False
26422,1972057500000000000,197,2920,2853,2323,2000,197,196,4.5791051131574205,4.578247541514457,11.51175265376738,11.181773438808808,True,False
26423,24269468595968638707,2427,4911,4851,3896,2000,262,262,5.305408358001708,5.305408358001706,12.261801107195309,11.927777962082342,True,False
26424,1995000000000000,0,1002,0,0,0,0,0,0.0,0.0,9.968666793195208,0,False,True
26425,5935125000000000000,594,3931,3863,3101,2000,202,201,4.75541767751576,4.75473757364535,11.940680648424093,11.598517810612622,True,False
26426,64536857137418559,6,3286,2137,2039,2000,983,966,4.5314621393217625,4.52378009672619,11.682116764950074,10.993646060016596,True,False
26427,84424172858569933,8,3363,2276,2081,2000,1005,966,4.545546778445505,4.528768939023811,11.715533063526584,11.023061249735335,True,False
26428,123606685802904067920,12361,7764,6999,5762,0,0,0,0.0,0.0,12.922584402713664,12.49235394515987,False,True
26429,48242849495293960,5,1145,778,730,2000,403,394,4.878648557597492,4.865488931330877,10.161131882984307,9.51175265376738,True,False
26430,84292865246239666,8,4301,2796,2562,2000,1229,1190,4.787275151217276,4.768982814163822,12.07045641594465,11.323054760341646,True,False
26431,713203517014932,0,383,0,0,0,0,0,0.0,0.0,8.581200581924957,0,False,True
26432,148925303404901063408,14893,5735,5685,4571,0,0,0,0.0,0.0,12.485577770903188,12.158294103604035,False,True
26433,14967966185243610,1,2402,1142,1101,1142,1142,1101,10.157346935362845,10.079969940637275,11.230020435705635,10.10459875356437,False,False
26434,97944907778890908,10,3823,2607,2375,2000,1088,1048,5.68442358229573,5.65578463212257,11.90048948483465,11.213711798105672,True,False
26435,60602916553476347,6,3525,2313,2124,2000,1086,1045,4.7597760467734105,4.738399159855083,11.783407542173519,11.052568050804153,True,False
26436,59779930464169754,6,3363,2208,2031,2000,1051,1011,4.751840491620485,4.7308080086904285,11.715533063526584,10.987974524296153,True,False
26437,35153994008457774,4,2745,1679,1567,2000,986,947,5.266355639614822,5.238280473432761,11.42259043389256,10.61378946447258,True,False
26438,77192982456140350,8,3167,2138,1965,2000,960,922,4.56351836337967,4.54689790699862,11.62890115202819,10.940313597145968,True,False
26439,6618996592215808205,662,3999,3931,3153,2000,195,194,4.386349087798542,4.385113965409142,11.965423565810129,11.622509454683335,True,False
26440,7332377852378800,1,954,226,223,226,226,223,7.820178962415187,7.7902900796622525,9.897845456005511,7.800899899920305,False,False
26441,1495584722568666242,150,2834,2779,2275,2000,203,201,4.444991972109138,4.439712015695107,11.468624042918018,11.151650829973422,True,False
26442,82609517098415989,8,4226,2684,2463,2000,1207,1167,5.098834545184954,5.08036842060346,12.04507705193494,11.266200912498961,True,False
26443,97188744962813313,10,4409,2940,2680,2000,1244,1200,4.401909039864592,4.384443233621672,12.106235761615748,11.388017285345136,True,False
26444,27032250000000000000,2703,7262,6497,5343,2000,815,809,5.497989054326464,5.497546888794699,12.826151214800207,12.383434301822776,True,False
26445,26932500000000000,3,2130,1270,1241,2000,878,868,5.30211013241228,5.294016089259476,11.056637715113201,10.277287400130357,True,False
26446,866229000000000000,87,248,246,236,2000,44,43,4.1690430009364405,4.168444307116155,7.954196310386875,7.882643049361842,True,False
26447,13702888942458427215,1370,2293,2286,1909,2000,86,85,4.58011164722673,4.579593672250005,11.163020639580793,10.898601387403938,True,False
26448,9147075000000000000,915,2067,2054,1713,2000,81,80,4.389058581402519,4.388122722666266,11.013322673425447,10.742309436084,True,False
26449,8754477515281252407,875,2645,2624,2156,2000,123,122,4.827039366732636,4.826783965739827,11.369052007001388,11.074141462752506,True,False
26450,98865829698713058,10,4435,2876,2640,2000,1230,1189,4.443130150895648,4.430301744296271,12.114718389188425,11.366322214245816,True,False
26451,3389366016605930244,339,8608,7000,5805,2000,1226,1180,4.965567725271992,4.961171051464735,13.071462362556623,12.50308035175293,True,False
26452,1094364518585787195,109,4985,4214,3605,2000,792,784,4.778511874346572,4.770748541719268,12.283377789285558,11.815783544128184,True,False
26453,236798229873909029,24,1550,1225,1097,2000,381,374,4.47371749578469,4.4670179634219185,10.5980525001616,10.099347810403193,True,False
26454,3186125975266500,0,832,0,0,0,0,0,0.0,0.0,9.700439718141093,0,False,True
26455,1299742500000000000,130,7148,5571,4735,2000,981,950,4.831327011758823,4.826465772671797,12.80332391904149,12.209148710355747,True,False
26456,5376896721317637,1,1267,185,181,185,185,181,7.531381460516311,7.477327406462257,10.30720080914081,7.499845887083206,False,False
26457,2493750000000000,0,1039,0,0,0,0,0,0.0,0.0,10.020979938904212,0,False,True
26458,99750000000000000,10,3213,2218,2033,2000,914,878,5.542408622869314,5.51490064823551,11.649705265471413,10.989394499844732,True,False
26459,367403904312939539,37,5749,4432,3878,2000,1197,1153,4.457613016000055,4.446877986994504,12.489095315413504,11.921097088106793,True,False
26460,2544384382283469,0,1098,0,0,0,0,0,0.0,0.0,10.100662339005199,0,False,True
26461,23699322202500000000,2370,5068,5014,4019,2000,206,202,4.6286882557013636,4.624415573615888,12.30720080914081,11.972620862058745,True,False
26462,584109674926676395,58,6102,4518,3938,2000,977,947,4.472813380431905,4.4601626656316045,12.575066464578656,11.943247395901553,True,False
26463,342963987416367117,34,5334,3776,3314,2000,952,922,4.389060536637253,4.3777220024471655,12.381002109550925,11.694357887221452,True,False
26464,44887500000000000000,4489,5364,5305,4296,2000,227,226,5.564075308907114,5.563791891407372,12.389093521904474,12.068778277985412,True,False
26465,997500000000000000,100,7116,5628,4790,2000,1261,1216,4.879908701144817,4.874954462257281,12.79685079526716,12.225809940623543,True,False
26466,49624060150375939849,4962,5382,5301,4316,2000,315,315,5.120305508500007,5.120305508500007,12.393926675640417,12.075479149488016,True,False
26467,13266540880676237,1,2554,1152,1110,1152,1152,1110,10.169925001442309,10.091483570907066,11.318542809702723,10.116343961237469,False,False
26468,1691982483879094747,169,385,383,362,2000,50,50,4.416397176212218,4.416397176212218,8.588714635582264,8.499845887083206,True,False
26469,4488750000000000,0,709,0,0,0,0,0,0.0,0.0,9.469641817239516,0,False,True
26470,1107225000000000000,111,3011,2521,2143,2000,505,489,4.391297843541588,4.381783333542389,11.556026992724677,11.065416134676548,True,False
26471,5644642871414384050,564,3491,3428,2773,2000,179,177,4.581411605352732,4.576738762816147,11.769424641552753,11.437231901039478,True,False
26472,61009914193824779314,6101,8773,7777,6515,2000,1003,992,5.883216250454318,5.882759406640945,13.098854553218757,12.669549463455496,True,False
26473,2700000000000000,0,702,0,0,0,0,0,0.0,0.0,9.45532722030456,0,False,True
26474,50000000000000000,5,2358,1547,1435,2000,770,742,5.039377643587162,5.017412207164431,11.203348002979762,10.486835021563051,True,False
26475,2100250626566416040,210,7535,6065,5119,2000,986,956,4.883791353760101,4.8799889493986885,12.879391796485187,12.321646290991382,True,False
26476,2109553692015000,0,239,0,0,0,0,0,0.0,0.0,7.900866807980749,0,False,True
26477,1296750000000000000,130,7064,5537,4712,2000,978,949,4.388537669021954,4.378302525361738,12.786269627648466,12.20212382383046,True,False
26478,2094750000000000000,209,3121,3062,2500,2000,200,199,4.352699173305293,4.3513235714794956,11.607792641919211,11.287712379549449,True,False
26479,1496250000000000000,150,2838,2783,2280,2000,201,199,4.374620549064606,4.368312257852308,11.470658874060552,11.154818109052105,True,False
26480,199500000000000000,20,625,604,531,2000,115,114,4.3095635674670065,4.309138091288444,9.287712379549449,9.052568050804153,True,False
26481,28628250000000000000,2863,5052,4985,3997,2000,207,204,5.07655806943254,5.07555854744439,12.302638923787553,11.964701857420447,True,False
26482,29426250000000000000,2943,5053,4985,4037,2000,198,197,4.771229147981358,4.770562388709236,12.302924464617952,11.97906787148051,True,False
26483,14114625000000000000,1411,4594,4531,3668,2000,199,198,4.4428882559087395,4.441888164991384,12.165535141377925,11.840777923595054,True,False
26484,47700450000000000000,4770,5366,5285,4300,2000,305,305,4.82291569680404,4.82291569680404,12.389631339260522,12.070120944476823,True,False
26485,1203007518796992481,120,3186,3079,2608,2000,419,417,4.401099242122917,4.399816121573742,11.63753055152531,11.348728154231077,True,False
26486,3082275000000000000,308,3986,3863,3229,2000,437,435,4.825436250159376,4.824909906667615,11.960725994839057,11.65687172561398,True,False
26487,1319560608574416903,132,3390,3235,2747,2000,466,464,4.549344589530861,4.548616797388279,11.727069558023706,11.423641195075856,True,False
26488,24973066632264784903,2497,6118,5881,4872,2000,663,659,5.38077005652043,5.37985649292314,12.578844391558203,12.250298417906333,True,False
26489,15177644363689454377,1518,6598,6183,5093,2000,763,758,5.172104436095733,5.171539100026527,12.687813062564931,12.314300001897534,True,False
26490,3252113955206233409,325,7942,6413,5374,2000,983,954,4.968501513402201,4.964676650354182,12.955286645524469,12.391780606013166,True,False
26491,1972408852263588744,197,7938,6424,5392,2000,1244,1204,4.92243310529241,4.9183013771365385,12.954559846999834,12.396604781181859,True,False
26492,12468786652699123615,1247,7600,6509,5262,2000,1027,986,5.000270128126637,4.994280293859581,12.89178370321831,12.36139553316589,True,False
26493,1096812859190385564,110,4159,3439,2914,2000,706,681,4.647311222806892,4.6346310924110625,12.022020969646356,11.508785162064513,True,False
26494,3875134980335717815,388,3683,3172,2629,2000,546,528,4.7516493384077325,4.740250092087925,11.846665681899738,11.360298426618046,True,False
26495,3036732828838259602,304,1941,1692,1456,2000,308,302,4.5926055443453295,4.587853878104947,10.922584402713664,10.507794640198696,True,False
26496,1643671739797228,0,943,0,0,0,0,0,0.0,0.0,9.881113960675096,0,False,True
26497,20732454840114866,2,1703,967,927,2000,713,687,6.51337946822102,6.473731495279827,10.733862719678543,9.85642552862553,True,False
26498,1478464365605257,0,430,0,0,0,0,0,0.0,0.0,8.74819284958946,0,False,True
26499,9975000000000000,1,36,10,10,10,10,10,3.321928094887362,3.321928094887362,5.169925001442312,3.321928094887362,False,False
26500,60853285500000000000,6085,7527,6501,5246,2000,1015,975,6.35803200907798,6.355971438506967,12.877859256130328,12.357002092264985,True,False
26501,9867117510015685189,987,8764,7304,6044,2000,1018,988,4.77034193916941,4.765242647968414,13.097373768990222,12.561287945164828,True,False
26502,70899948373800000,7,181,169,167,2000,66,65,4.321438976108181,4.305423711207128,7.499845887083206,7.383704292474052,True,False
26503,1000000000000000000,100,3539,3325,2857,2000,621,619,4.553536105741382,4.55307435416373,11.789126046425231,11.480285320936371,True,False
26504,340852130325814536,34,608,485,455,2000,140,140,4.384296995046474,4.384296995046473,9.247927513443585,8.829722735086058,True,False
26505,1494043807349002791,149,6313,5316,4550,2000,976,965,4.798486828619186,4.7972437637435545,12.624110035762989,12.151650829973422,True,False
26506,6982500000000000,1,1406,284,280,284,284,280,8.149747119504681,8.11453585189905,10.457380879072534,8.129283016944967,False,False
26507,3491157107004633077,349,6884,5786,4768,2000,1019,979,4.456617061130988,4.448055751444404,12.749031382040204,12.219168520462162,True,False
26508,1596000000000000,0,84,0,0,0,0,0,0.0,0.0,6.392317422778761,0,False,True
26509,997500000000000,0,48,0,0,0,0,0,0.0,0.0,5.584962500721156,0,False,True
26510,7930926252025518486,793,4780,4625,3828,2000,474,472,5.04725000421053,5.046852046940357,12.222794902868111,11.902375114486025,True,False
26511,1019189595770850000,102,941,928,815,2000,77,76,4.276744612609256,4.275265439657472,9.878050912728536,9.67065624911844,True,False
26512,1228221435969296249,123,7030,5504,4687,2000,983,952,4.655823082857815,4.649726957806305,12.779308973959898,12.194449079479025,True,False
26513,32008129236912659161,3201,2650,2638,2222,2000,92,91,5.300936528146005,5.29772835302728,11.371776644337924,11.117643101389092,True,False
26514,95614092705302368,10,886,817,746,2000,190,189,4.387867735960252,4.38586573395825,9.791162888555018,9.543031820255237,True,False
26515,6443025638206018,1,1777,280,274,280,280,274,8.129283016944967,8.079283016944967,10.795227966028678,8.098032082960527,False,False
26516,2490669987358342795,249,8342,6802,5701,2000,1211,1171,4.742026711327559,4.737380103506248,13.026177596889225,12.476999286133061,True,False
26517,9905175000000000000,991,4424,4369,3511,2000,211,210,4.683844585766335,4.683148691542256,12.111135670234708,11.777666280880755,True,False
26518,91704856107198973,9,846,790,730,2000,192,191,4.392204356078798,4.390370258538156,9.72451385311995,9.51175265376738,True,False
26519,17955000000000000,2,2838,1333,1286,2000,1194,1155,6.5630977289111225,6.524791445957473,11.470658874060552,10.328674927327947,True,False
26520,99750000000000000,10,890,828,767,2000,194,193,4.487242412760779,4.485041091968303,9.79766152585376,9.583082767502933,True,False
26521,3254837685973385990,325,7993,6608,5540,2000,1077,1045,4.5482895122933265,4.542147948943356,12.964521373897238,12.43567026093655,True,False
26522,99750000000000000,10,272,206,202,2000,98,98,4.616499441464203,4.616499441464203,8.087462841250339,7.658211482751795,True,False
26523,149625000000000000,15,956,898,797,2000,148,147,4.684075282321395,4.6747448320777645,9.900866807980748,9.638435913990472,True,False
26524,32529524078000384982,3253,10000,8407,6812,2000,1234,1191,5.164003954535239,5.1608429766712405,13.287712379549449,12.733862719678543,True,False
26525,66073940631300000,7,218,203,200,2000,78,77,4.383120209304618,4.381237922888272,7.768184324776926,7.643856189774724,True,False
26526,2104725000000000000,210,1659,1643,1383,2000,100,99,4.245486317732801,4.2444886397293695,10.696098170955864,10.433585441150495,True,False
26527,9963827036868948720,996,4283,4223,3429,2000,266,266,4.998406583782414,4.998406583782414,12.064405961891042,11.743572188935634,True,False
26528,49058047500000000000,4906,9554,8086,6636,2000,1016,984,5.840655989501775,5.837575703967221,13.221889161471266,12.696098170955864,True,False
26529,49875000000000000,5,3621,2145,1988,2000,1181,1140,4.544828399499275,4.5285774650663,11.822172461476178,10.957102041562287,True,False
26530,5012531328320802,1,502,75,75,75,75,75,6.228818690495881,6.228818690495881,8.971543553950772,6.22881869049588,False,False
26531,239403979729338882,24,4945,3418,3037,2000,969,940,4.538242488818534,4.5239134924380515,12.271754805646474,11.56843119316746,True,False
26532,513812772348348,0,38,0,0,0,0,0,0.0,0.0,5.247927513443585,0,False,True
26533,1857056839493166,0,84,0,0,0,0,0,0.0,0.0,6.392317422778761,0,False,True
26534,7000000000000000,1,1557,316,314,316,316,314,8.3037807481771,8.291122520328997,10.604553229079038,8.294620748891626,False,False
26535,2983625829130589136,298,7802,6360,5357,2000,1026,997,4.389700720711302,4.382308162789974,12.929628283024561,12.38720958071964,True,False
26536,5655134143325796391,566,2630,2605,2136,2000,133,132,4.3391395230409495,4.338767873400309,11.360847084179664,11.060695931687555,True,False
26537,99750000000000000,10,222,170,166,2000,97,97,4.718898325792547,4.718898325792545,7.794415866350106,7.3750394313469245,True,False
26538,14962500000000000,1,94,51,51,51,51,51,5.672425341971495,5.672425341971495,6.554588851677638,5.672425341971495,False,False
26539,10114650000000000000,1011,4561,4506,3613,2000,217,216,5.0356909579698215,5.035232548234866,12.155134454857755,11.818981539432443,True,False
26540,6661578678444748837,666,1446,1277,1113,2000,228,224,5.120210946071454,5.118660558474553,10.497851836951117,10.12023787734196,True,False
26541,159796406866653680,16,4591,3228,2905,2000,1086,1054,4.529385210528673,4.515230323026509,12.164592716712367,11.50432244829189,True,False
26542,9907522610664000000,991,1864,1857,1604,2000,77,75,4.564014833747506,4.511068849332259,10.86418614465428,10.64745842645492,True,False
26543,13209462573909481577,1321,2260,2253,1892,2000,91,90,4.688419191736016,4.687825495365456,11.14210705730255,10.885696373339394,True,False
26544,24281004667550400000,2428,2465,2453,2031,2000,78,77,4.561574198082104,4.56071063698935,11.267371931265274,10.987974524296153,True,False
26545,38414891616952326544,3841,4986,4923,3976,2000,198,196,5.115864781186244,5.115264718624731,12.283667167491501,11.957102041562287,True,False
26546,13547592244760472354,1355,4590,4523,3630,2000,190,189,4.485794920047639,4.484794544906961,12.16427843830117,11.825753832883112,True,False
26547,49029771307933262001,4903,2670,2659,2206,2000,95,94,5.401994483691175,5.401467798706377,11.382624026574916,11.107217075591382,True,False
26548,20091894663310865999,2009,4830,4760,3843,2000,279,279,4.682509796578732,4.682509796578733,12.237807473723135,11.908017261062803,True,False
26549,2768034396252892869,277,4316,4112,3475,2000,610,608,4.746697482573244,4.746338254912715,12.075479149488016,11.762797262498232,True,False
26550,59960432637197190,6,1418,984,918,2000,444,433,4.755521532872979,4.741346436407268,10.469641817239516,9.842350343413807,True,False
26551,1669037521369492,0,181,0,0,0,0,0,0.0,0.0,7.499845887083206,0,False,True
26552,24134771120160778749,2413,5082,5028,4039,2000,219,217,5.196071470967352,5.193979827213932,12.311180660053354,11.979782430703086,True,False
26553,19950000000000000,2,2995,1409,1354,2000,1212,1171,6.570657999934436,6.531977595261244,11.548340287676147,10.403012023574997,True,False
26554,108184076072956666,11,147,144,143,2000,57,57,4.180664043332115,4.180664043332115,7.199672344836364,7.159871336778389,True,False
26555,385471671616912367,39,585,576,538,2000,75,74,4.2407660124134985,4.239714203838412,9.192292814470767,9.071462362556623,True,False
26556,25735500000000000,3,3364,1743,1654,2000,1213,1170,5.298424958066908,5.271653269629815,11.715961990255144,10.691743519171276,True,False
26557,99849750000000000,10,9,8,8,3,3,3,1.584962500721156,1.584962500721156,3.169925001442312,3.0,False,False
26558,2465771958825010972,247,7901,6266,5281,2000,1058,1028,5.123267862485699,5.119849459539597,12.947819546020028,12.366595426071438,True,False
26559,536994001512324922,54,6176,4554,3971,2000,1019,990,4.371498064007309,4.362934342131767,12.59245703726808,11.955286645524469,True,False
26560,71046993859064258,7,761,707,663,2000,201,200,4.781712790002803,4.779148687438699,9.571752643503546,9.372865060112588,True,False
26561,3942927129203374585,394,3664,3600,2950,2000,276,276,4.732624694761425,4.732624694761425,11.839203788096944,11.526499239136566,True,False
26562,9975000000000000,1,2154,599,583,599,599,583,9.226412192788786,9.163624813031795,11.072802534544207,9.187352073200497,False,False
26563,10473750000000000,1,2539,997,963,997,997,963,9.961449694398194,9.885712708435982,11.310044679647506,9.911391987843459,False,False
27480,9727451342474682237,973,2128,2116,1778,2000,86,84,4.626513674945151,4.6255369512040145,11.055282435501189,10.79603960882977,True,False
27481,1488252652048610038,149,1671,1644,1348,2000,128,127,4.412254864788343,4.411908901216075,10.706496018061188,10.396604781181859,True,False
27482,1918057038675188,0,632,0,0,0,0,0,0.0,0.0,9.303780748177102,0,False,True
27483,299250000000000000,30,2016,1580,1397,2000,450,438,4.650853413234321,4.638531141161908,10.977279923499916,10.448116305409464,True,False
27484,99330582355085097831,9933,2922,2911,2430,2000,85,84,5.3647136033468374,5.330083648555635,11.512740462803498,11.246740598493144,True,False
27485,17928377844509169273,1793,3697,3662,2975,2000,140,138,5.184776203631302,5.184560505965427,11.852139328187244,11.538673953082668,True,False
27486,595582947708159600000,59558,1626,1621,1396,0,0,0,0.0,0.0,10.667111542075027,10.447083226209653,False,True
27487,13261079250130403,1,1535,720,692,720,720,692,9.491853096329674,9.405235696362173,10.584022940257542,9.434628227636725,False,False
27488,1812544508449830682,181,108,106,101,2000,43,43,4.429626616017881,4.429626616017881,6.754887502163468,6.658211482751795,True,False
27489,997500000000000000,100,6546,5290,4496,2000,1150,1106,4.508743317677283,4.497492578106938,12.676397887044763,12.134426320220927,True,False
27490,3564441007630650000,356,1568,1561,1352,2000,86,84,4.535084395321114,4.533963788757884,10.614709844115207,10.400879436282183,True,False
27491,72455897524882383782,7246,5422,5354,4330,2000,228,224,5.706075440559678,5.69408131466639,12.404609397837712,12.080151309614088,True,False
27492,201603435706022621,20,1080,850,770,2000,280,275,4.448028806577572,4.441465187123484,10.076815597050832,9.588714635582264,True,False
27493,498750000000000000,50,6154,4796,4167,2000,1219,1175,4.4357481110930825,4.427285192044773,12.587308728333545,12.024793384702548,True,False
27494,399000000000000000,40,5344,4123,3601,2000,1100,1058,4.4815358245556824,4.466985962249233,12.383704292474052,11.81418188419028,True,False
27495,997500000000000000,100,4562,3718,3192,2000,800,767,4.5110315933384175,4.497977632004492,12.155450731312138,11.640244936222345,True,False
27496,997500000000000000,100,4272,3494,3009,2000,754,725,4.506944599347179,4.494271080378269,12.060695931687555,11.555068391333338,True,False
27497,997500000000000000,100,4226,3457,2976,2000,749,721,4.506417640632116,4.493862778309246,12.04507705193494,11.539158811108031,True,False
27498,997500000000000000,100,3975,3255,2797,2000,705,679,4.501133864319694,4.488929104879432,11.95673914505908,11.449664538476192,True,False
27499,997500000000000000,100,2410,2019,1745,2000,430,417,4.499100657068155,4.486430176809756,11.234817431117325,10.769011321097015,True,False
27500,3013264571244859123,301,7599,6340,5328,2000,1010,985,5.084913843276351,5.081241448433632,12.891593862433657,12.379378367071261,True,False
27501,40598250000000000000,4060,7767,6701,5399,2000,1005,964,5.003518010418932,4.997510436054348,12.923141750621268,12.398476501449256,True,False
27502,51194727695681260398,5119,5322,5254,4214,2000,191,190,4.492455417549977,4.491407091000863,12.37775279502222,12.040974598817305,True,False
27503,312849950730450000,31,565,554,522,2000,78,77,4.329407723712199,4.32822428236516,9.14210705730255,9.027905996569885,True,False
27504,997500000000000,0,346,0,0,0,0,0,0.0,0.0,8.434628227636725,0,False,True
27505,1625644653544003252,163,6780,5611,4769,2000,997,980,4.376754883109568,4.372001845228752,12.727069558023706,12.219471067394357,True,False
27506,4758701443167982,0,1413,0,0,0,0,0,0.0,0.0,10.46454575033394,0,False,True
27507,243739674908120488,24,2250,2050,1872,2000,585,583,4.641016361169519,4.640291360101128,11.1357092861044,10.870364719583405,True,False
27508,97256250000000000,10,3111,2145,1969,2000,895,860,5.526234911221061,5.499400875162973,11.603162679534382,10.943247395901553,True,False
27509,5820346994087289,1,971,169,166,169,169,166,7.4008794362821835,7.353542158175674,9.923327485419192,7.3750394313469245,False,False
27510,9270982122812370,1,292,98,98,98,98,98,6.61470984411521,6.61470984411521,8.189824558880018,6.614709844115208,False,False
27511,19251750000000000,2,2837,1192,1151,2000,1044,1015,6.500888594971244,6.466756263717997,11.470150435274359,10.16867211813223,True,False
27512,2829541575622140359,283,1469,1462,1261,2000,87,86,4.393476910505515,4.392807187331839,10.52061868055628,10.30035256032822,True,False
27513,1544938924474132,0,19,0,0,0,0,0,0.0,0.0,4.247927513443585,0,False,True
27514,444345219633196,0,136,0,0,0,0,0,0.0,0.0,7.087462841250339,0,False,True
27515,260982001490744215,26,1522,1451,1232,2000,192,191,4.425540294849017,4.4239526782584235,10.571752643503546,10.266786540694902,True,False
27516,997500000000000000,100,6678,5301,4559,2000,1108,1075,4.527243094254603,4.52097513184863,12.705200378063116,12.154501693864765,True,False
27517,634577676561098289,63,723,715,667,2000,76,74,4.342557665285806,4.339179418324193,9.497851836951117,9.381542951184585,True,False
27518,1049394676196931,0,326,0,0,0,0,0,0.0,0.0,8.348728154231077,0,False,True
27519,4987500000000000,0,366,0,0,0,0,0,0.0,0.0,8.515699838284043,0,False,True
27520,6982500000000000,1,463,118,118,118,118,118,6.882643049361842,6.882643049361842,8.854868383260236,6.882643049361842,False,False
27521,4568550000000000000,457,2381,2355,1915,2000,129,128,4.571185936041133,4.570923185808855,11.217351905270334,10.903128676812319,True,False
27522,181830302767602315040,18183,2798,2510,2096,0,0,0,0.0,0.0,11.450180247164754,11.03342300153745,False,True
27523,17100487351339093,2,2375,1193,1144,2000,1065,1026,6.511735538864838,6.470354207668198,11.213711798105672,10.159871336778389,True,False
27524,47256562500000000000,4726,5260,5193,4213,2000,219,218,5.620890504937085,5.6205977898829955,12.360847084179664,12.040632200562253,True,False
27525,49875000000000000,5,3763,2218,2064,2000,1219,1179,4.550631495265187,4.535635691025746,11.877667574067882,11.011227255423254,True,False
27526,9975000000000000000,998,9497,7946,6543,2000,1251,1208,5.447649226397871,5.444556513771934,13.213256138247942,12.675736555361906,True,False
27527,11970000000000000000,1197,9693,8144,6696,2000,1251,1209,5.382101981381592,5.379434100562213,13.24272753598652,12.709083812550343,True,False
27528,8096839351468633681,810,9341,7790,6421,2000,1229,1188,4.834185028136943,4.830134289958366,13.189361290465797,12.648582283363735,True,False
27529,330293452772245972110,33029,5599,5532,4500,0,0,0,0.0,0.0,12.450953464712992,12.1357092861044,False,True
27530,17399331877866317,2,1940,1002,988,2000,931,920,6.563303688633139,6.55209000039007,10.92184093707449,9.948367231584678,True,False
27531,1437089685652271,0,759,0,0,0,0,0,0.0,0.0,9.567956075415466,0,False,True
27532,9334680935170940,1,1848,524,516,524,524,516,9.03342300153745,8.999071856499281,10.851749041416058,9.011227255423254,False,False
27533,2080513095362478,0,1105,0,0,0,0,0,0.0,0.0,10.109830654278793,0,False,True
27534,30075187969924812,3,3502,1952,1839,2000,1219,1177,5.299301425539392,5.272867532383703,11.773963368433558,10.844705764411938,True,False
27535,501253132832080200,50,6495,4979,4316,2000,1241,1200,4.701689221731576,4.68942599199658,12.665113810335244,12.075479149488016,True,False
27536,200501253132832080,20,5422,3920,3490,2000,1251,1208,4.446544425455497,4.432824048783486,12.404609397837712,11.769011321097015,True,False
27537,13738662238875138,1,47,36,36,36,36,36,5.169925001442311,5.169925001442311,5.554588851677638,5.169925001442312,False,False
27538,11537464183130726,1,2528,912,888,912,912,888,9.832890014164743,9.774645041052063,11.303780748177102,9.794415866350105,False,False
27539,1095541712613594906,110,7537,5994,5094,2000,1213,1173,4.788351906654239,4.783473368277579,12.879774677336927,12.314583244274194,True,False
27540,11649033319643246226,1165,9151,7833,6324,2000,1215,1169,5.347640325150897,5.34296916838637,13.159713691032628,12.62662165235837,True,False
27541,9053805849646172340,905,8968,7650,6198,2000,1211,1166,5.241385965771266,5.236447486807123,13.130570562805426,12.597587039586216,True,False
27542,1002506265664160,0,391,0,0,0,0,0,0.0,0.0,8.611024797307353,0,False,True
27543,157735941443532715,16,1517,1415,1298,2000,388,386,4.392733343151158,4.391459213577478,10.567005370247033,10.342074667999139,True,False
27544,8403239250000000000,840,9298,7766,6341,2000,1250,1209,5.089818678364589,5.086726425650744,13.182704710518964,12.630494661505578,True,False
27545,3170176549739015618,317,1349,1344,1179,2000,64,63,4.203968668172557,4.201719050713268,10.397674632948268,10.203348002979762,True,False
27546,3790500000000000,0,410,0,0,0,0,0,0.0,0.0,8.679480099505446,0,False,True
27547,1961088585019340761,196,3045,2985,2461,2000,255,255,4.681135555746023,4.681135555746023,11.572226512793694,11.26502894245816,True,False
27548,993759482617714719,99,2781,2679,2279,2000,389,387,4.593460132307275,4.592641049009908,11.441388029346687,11.154185209265297,True,False
27549,1162303032709799574,116,3973,3719,3167,2000,671,667,4.649928087242788,4.647514158943495,11.956013078088098,11.62890115202819,True,False
27550,2994801720227576245,299,5833,5075,4254,2000,788,782,4.51012021479796,4.508834492947294,12.510022358813766,12.054604317960672,True,False
27551,2129215797688436821,213,3135,3076,2516,2000,200,199,4.3736129283259,4.372019302827891,11.614249727689401,11.296916206879288,True,False
27552,218262637749240000,22,3145,2379,2122,2000,737,711,4.6434424243878345,4.630092903401669,11.618844301766652,11.051208940914766,True,False
27553,199500000000000000,20,2031,1841,1702,2000,563,561,4.4836025492330736,4.482907939657756,10.987974524296153,10.733015321685963,True,False
27554,67331017789017462821,6733,5363,4680,3778,2000,703,680,5.83967081640179,5.836650482152234,12.3888245380236,11.88340698638837,True,False
27555,1249283189239323683,125,1026,1017,884,2000,88,87,4.78151929057722,4.781094484110636,10.002815015607053,9.787902559391432,True,False
27556,11873470816032552961,1187,8212,7141,5978,2000,979,966,5.047281651059127,5.045574430923821,13.003517912108602,12.545447181678094,True,False
27557,7107769423558897243,711,6550,5749,4818,2000,828,819,4.435461934023195,4.433076220154581,12.677279191312175,12.23421867823847,True,False
27558,476135643691973514,48,2021,1943,1686,2000,291,291,4.507205270718142,4.507205270718142,10.980853606379736,10.719388820942083,True,False
27559,9975000000000000000,998,8775,7212,5961,2000,960,929,4.757350088885427,4.750701903642534,13.099183410079286,12.541338657970826,True,False
27560,503719751736134743,50,2015,1955,1670,2000,244,244,4.76905434172091,4.76905434172091,10.97656412341533,10.705632387361415,True,False
27561,1408566011084434,0,24,0,0,0,0,0,0.0,0.0,4.584962500721156,0,False,True
27562,9982695570832239788,998,4299,4242,3423,2000,241,241,4.536777923008335,4.536777923008335,12.069785394983302,11.741045577009837,True,False
27563,35071981245964590014,3507,9443,7902,6479,2000,1003,972,5.502315562134737,5.499590829238012,13.205029555005872,12.661555442467758,True,False
27564,59580391065180644007,5958,1879,1875,1637,2000,82,80,5.043706520181641,5.042795083025263,10.875749351420055,10.676838606474153,True,False
27565,744135967906810435,74,6241,4769,4150,2000,969,941,4.423892990877874,4.416413728148091,12.607561496354206,12.018895621121649,True,False
27566,25935000000000000,3,3312,1792,1704,2000,1228,1189,5.301329369010857,5.276939586272917,11.693486957499326,10.734709620225837,True,False
27567,4138737387808901,0,693,0,0,0,0,0,0.0,0.0,9.436711542137214,0,False,True
27568,890251080902085817,89,4767,3953,3444,2000,833,823,4.6027615879249595,4.600843391284084,12.218865910069676,11.749869427396844,True,False
27569,3028921265580958084,303,8549,6938,5757,2000,1225,1179,4.922541921259694,4.91793743176267,13.061539958530144,12.491101496916537,True,False
27570,45036444473797455000,4504,2587,2315,1943,2000,357,350,5.447460498449704,5.4455545164311,11.33706433868474,10.924070185585345,True,False
27571,78257498935923302199,7826,2736,2725,2216,2000,102,99,5.3747048867919265,5.33972947896676,11.417852514885897,11.113742166049189,True,False
27572,12957854811085005069,1296,2178,2166,1809,2000,74,74,4.597783719495908,4.597783719495909,11.088788238716907,10.82097669262124,True,False
27573,4505194759554571467,451,1085,945,840,2000,165,162,4.625622274241835,4.622606895811842,10.083479327331842,9.714245517666123,True,False
27574,99748902750000000000,9975,10214,8664,7000,2000,1274,1231,6.251225055403853,6.249745905668885,13.318260343712415,12.77313920671969,True,False
27575,428925000000000000,43,4021,3158,2762,2000,826,793,4.441336303254438,4.425386241747086,11.97333862080036,11.43149760425805,True,False
27576,1004482500000000000,100,7462,5825,4935,2000,1221,1175,4.551500571338825,4.534138280444546,12.86534664481678,12.26883436934376,True,False
27577,1004482500000000000,100,6814,5554,4661,2000,1153,1109,4.508943015169413,4.497692375510258,12.734286232096347,12.186423797538945,True,False
27578,1007475000000000000,101,6676,5442,4569,2000,1130,1087,4.568182833123799,4.556629544395539,12.704768239362599,12.157662727208448,True,False
27579,169575000000000000000,16958,10557,9009,7348,0,0,0,0.0,0.0,13.365912299470821,12.84313591111135,False,True
27580,997500000000000,0,465,0,0,0,0,0,0.0,0.0,8.861086905995395,0,False,True
27581,10694045100365600522,1069,6456,5986,4939,2000,774,768,5.379881019440124,5.378957388697382,12.656424863277781,12.270003253378444,True,False
27582,20239275000000000000,2024,8849,7669,6358,2000,1016,996,4.825775514887836,4.8235439767142605,13.111298714258261,12.634357301137976,True,False
27583,993483588345860644,99,2373,2304,1858,2000,193,192,4.405261260115653,4.403886847104544,11.212496385193948,10.859534786382653,True,False
27584,336352691046336046,34,4644,3527,3161,2000,965,949,4.392583617718865,4.387026027326846,12.181152256865566,11.626165319904498,True,False
27585,78912225000000000000,7891,9796,8430,6911,2000,1130,1096,5.870619100874621,5.8686493827664625,13.257977058563979,12.754678763822529,True,False
27586,678300000000000000,68,6708,5125,4418,2000,1216,1175,4.4414446305834545,4.4285543857261125,12.711666973564347,12.109177703355275,True,False
27587,714169817340602008,71,5997,4777,4079,2000,1103,1060,4.527411659986427,4.514831868025854,12.550025257465784,11.993999791792524,True,False
27588,3646250516467251803,365,3218,2757,2298,2000,468,455,4.504852830487105,4.492646424455245,11.651948610723446,11.166163082646113,True,False
27589,2353941202135069041,235,4844,4545,3834,2000,714,710,4.393652768350687,4.392319286852744,12.24198314969433,11.904634621668151,True,False
27590,332582496522147,0,200,0,0,0,0,0,0.0,0.0,7.643856189774724,0,False,True
27591,316683739869272287,32,5912,4299,3777,2000,1219,1178,4.5337127993352535,4.527083270840242,12.52943055414615,11.883025068440173,True,False
27592,3990000000000000000,399,1489,1483,1298,2000,68,67,4.349068494013054,4.34790023014773,10.5401280385821,10.342074667999139,True,False
27593,82558383849229360,8,186,174,171,2000,63,63,4.496818106578362,4.496818106578364,7.539158811108031,7.417852514885898,True,False
27594,40139400000000000000,4014,6220,6006,4981,2000,620,618,4.599278978220532,4.5988503455587235,12.602698865017965,12.282219695672588,True,False
27595,5058829568783468351,506,945,827,735,2000,137,137,4.475133017853169,4.475133017853169,9.884170519108435,9.521600439723727,True,False
27596,174562500000000000000,17456,8031,7194,6012,0,0,0,0.0,0.0,12.971363924361935,12.553629293916364,False,True
27597,116701840079398157734,11670,8120,7265,6074,0,0,0,0.0,0.0,12.987264012072538,12.56843119316746,False,True
27598,2992295174151167,0,1153,0,0,0,0,0,0.0,0.0,10.171176797651771,0,False,True
27599,3509531504634977688,351,3492,3428,2789,2000,209,208,4.776091654860953,4.7754740763302275,11.76983784362944,11.445532219028312,True,False
27600,7231792092977605594,723,1769,1762,1536,2000,66,65,4.227714639198232,4.226104667950594,10.788718332690458,10.584962500721156,True,False
27601,712762511054170347429,71276,9851,8398,6890,0,0,0,0.0,0.0,13.26605446829837,12.750288267591653,False,True
27602,11067051497054606720,1107,9398,7931,6417,2000,1261,1217,5.348492658201331,5.344548711068652,13.198138052401116,12.647683267886201,True,False
27603,40986419953383404821,4099,5206,5142,4154,2000,294,294,5.680096584950989,5.68009658495099,12.345959596404112,12.020285500844647,True,False
27604,60374266652209073,6,4179,2548,2350,2000,1217,1172,4.550133418395625,4.533146872597848,12.02894204332241,11.198445041452363,True,False
27605,341915884972453651,34,5975,4472,3925,2000,1245,1202,4.790165823814588,4.770087894206622,12.544722997755473,11.938476938666351,True,False
27606,1995432937158762691,200,2268,2224,1817,2000,142,141,4.712913670192412,4.712566939864079,11.147204924942228,10.827342704234116,True,False
27607,3940125000000000000,394,3692,3637,2933,2000,208,207,4.580936349753205,4.580150438989801,11.850186837645774,11.518161355756956,True,False
27608,748125000000000000,75,2195,2139,1755,2000,197,196,4.356074665114233,4.354502113291502,11.10000522442272,10.777255315191923,True,False
27609,3990000000000000000,399,3701,3645,2937,2000,202,200,4.539065970966865,4.534732443093101,11.85369942030022,11.520127550324851,True,False
27610,2446076700288657420,245,4752,4475,3774,2000,711,707,4.6509015600288475,4.6500824474008615,12.214319120800766,11.881878707600446,True,False
27611,1464001664097000000,146,1032,1021,898,2000,66,66,4.682098287640873,4.682098287640872,10.011227255423254,9.810571634741146,True,False
27612,39900000000000000,4,963,791,781,2000,494,492,5.281862387362845,5.279215133888324,9.911391987843459,9.60917873814198,True,False
27613,2803635180876663767,280,7476,6250,5161,2000,1118,1076,4.427998381635668,4.418641576965618,12.868050853745158,12.33343491528405,True,False
27614,4009950000000000000,401,2987,2933,2376,2000,159,158,4.717697445301928,4.715448943336412,11.544481522310791,11.214319120800766,True,False
27615,2084775000000000000,208,3171,3121,2545,2000,196,195,4.353284853450314,4.351974173460038,11.630722162103838,11.313449940963057,True,False
27616,29989604864427089738,2999,2525,2512,2072,2000,85,84,4.5882360738826895,4.587543616883672,11.302067672526519,11.016808287686555,True,False
27617,1497177573394771841,150,1044,1031,895,2000,73,72,4.245239399037452,4.2439302331472835,10.027905996569885,9.805743872151618,True,False
27618,934277965935409448,93,655,651,616,2000,63,61,4.254735358477804,4.25176202371894,9.355351096424812,9.266786540694902,True,False
27619,9419046171629020939,942,1778,1773,1560,2000,65,64,4.252756459380524,4.251012188025024,10.79603960882977,10.60733031374961,True,False
27620,1391710454004153924,139,870,865,790,2000,65,64,4.339979714249197,4.338329645456241,9.76487159073609,9.625708843064466,True,False
27621,242168884153669859,24,764,738,632,2000,123,122,4.592851248857397,4.5921736991838475,9.57742882803575,9.303780748177102,True,False
27622,6955221071950494039,696,3029,2994,2419,2000,137,135,5.066038153767607,5.065796996648514,11.564625862795372,11.240195053979924,True,False
27623,2174707211211584453,217,7465,6212,5156,2000,1149,1105,4.557626860008876,4.545236354242541,12.865926545021903,12.332036548361652,True,False
27624,2669821867944797730,267,8093,6743,5585,2000,1216,1173,4.435539421361638,4.427176502313329,12.982458880127355,12.447341565370678,True,False
27625,4176023505393070,0,1551,0,0,0,0,0,0.0,0.0,10.59898297103609,0,False,True
27626,50844125123731424351,5084,3737,3712,3059,2000,140,139,4.68748593715342,4.687267598055353,11.867664848380745,11.578844391558203,True,False
27627,357507894834921973114,35751,9732,8339,6889,0,0,0,0.0,0.0,13.24852060493843,12.750078862693849,False,True
27628,60084778728767986,6,867,619,581,2000,297,292,4.728112900319189,4.719355237364104,9.759888183221834,9.18239435340453,True,False
27629,991478696741854636,99,5289,4268,3659,2000,948,908,4.470464050440815,4.458047492691836,12.368779260041338,11.837233700339088,True,False
27630,180026044482659578,18,317,254,242,2000,97,97,4.282607544480425,4.282607544480425,8.308339030139408,7.918863237274595,True,False
27631,72619608787950000,7,167,162,156,2000,60,59,4.2821341063746,4.278469402152054,7.383704292474052,7.285402218862249,True,False
27632,4987500000000000,0,1112,0,0,0,0,0,0.0,0.0,10.118941072723507,0,False,True
27633,2992500000000000,0,1237,0,0,0,0,0,0.0,0.0,10.27262978497637,0,False,True
27634,380171109111839121,38,1740,1686,1447,2000,203,200,4.629518593744219,4.628229915022077,10.76487159073609,10.498849206531725,True,False
27635,30742950000000000000,3074,7369,6604,5421,2000,812,805,5.380899379445675,5.3799551461024375,12.84725313832084,12.404343291585755,True,False
27636,38902500000000000,4,3121,1784,1666,2000,1071,1039,5.121170864112077,5.100568644011158,11.607792641919211,10.702172685365548,True,False
27637,16957500000000000,2,2859,1342,1290,2000,1220,1180,6.572189672151991,6.534702587926472,11.481294904631097,10.333155350310616,True,False
27638,6377699094795956759,638,2986,2951,2390,2000,121,119,4.349222784069249,4.348548822325145,11.543998450134541,11.222794902868111,True,False
27639,100250626566416040,10,2921,2091,1907,2000,783,755,5.404937316711777,5.380455977192767,11.51224664282918,10.897089128312755,True,False
27640,224437500000000000,22,4494,3286,2961,2000,1005,984,4.641164880513084,4.636708421087885,12.133784409179908,11.531868775177553,True,False
27641,93234305048336763,9,827,784,740,2000,202,202,4.518295481138546,4.518295481138546,9.691743519171276,9.531381460516313,True,False
27642,295395160373617156,30,5453,4130,3651,2000,1204,1162,4.434820293198045,4.426593061716974,12.412834440119273,11.834075953434885,True,False
27643,618450000000000000000,61845,2831,2820,2280,0,0,0,0.0,0.0,11.467096033905747,11.154818109052105,False,True
27644,857850000000000000,86,2279,2237,1863,2000,212,212,4.3583936951951925,4.358393695195192,11.154185209265297,10.863411958941638,True,False
27645,792636998257640,0,463,0,0,0,0,0,0.0,0.0,8.854868383260236,0,False,True
27646,2992469471944276809,299,6734,5636,4659,2000,1021,980,4.603967015149064,4.593247204424719,12.717248005827646,12.185804615108458,True,False
27647,7743724262461834030,774,3116,3078,2483,2000,139,139,4.897394510879786,4.897394510879787,11.605479518061669,11.27786854617684,True,False
27648,37405212351057208211,3741,9735,8329,6699,2000,1265,1219,5.757204282053335,5.753854622918935,13.248965263607657,12.709730036543629,True,False
27649,12351325129009359870,1235,4552,4484,3630,2000,193,192,4.405159378189371,4.403958897997294,12.152284842306582,11.825753832883112,True,False
27650,9975000000000000,1,2050,574,556,574,574,556,9.164906926675688,9.092416263828236,11.001408194392809,9.118941072723507,False,False
27651,2403975000000000000,240,1702,1686,1413,2000,112,111,4.528838448897135,4.528336674768984,10.733015321685963,10.46454575033394,True,False
27652,2670882939269068,0,456,0,0,0,0,0,0.0,0.0,8.832890014164741,0,False,True
27653,4571867661734468623,457,335,333,307,2000,53,53,4.640796068926574,4.640796068926574,8.388017285345136,8.262094845370179,True,False
27654,6423884423471138485,642,1601,1597,1419,2000,68,66,4.348723255877971,4.346320783719739,10.644757592516257,10.470658874060552,True,False
27655,120523990156451392,12,4830,3287,2981,2000,1208,1168,5.44651601522136,5.427088716464357,12.237807473723135,11.541580659991169,True,False
27656,1218956185651510,0,762,0,0,0,0,0,0.0,0.0,9.573647187493322,0,False,True
27657,4985026912070813146,499,6279,5476,4618,2000,836,826,4.878656766914191,4.876073403075961,12.616319096976865,12.173052457774116,True,False
27658,1993643548810302133,199,6249,5343,4580,2000,921,910,4.603367024464548,4.601662930956509,12.609409624761803,12.161131882984307,True,False
27659,13463970531202978888,1346,7997,7030,5900,2000,955,944,4.741414252115212,4.740094994674852,12.965243172556892,12.526499239136566,True,False
27660,1495946444704479787,150,6529,5418,4636,2000,970,954,4.646466779003136,4.643874533591287,12.672646326124626,12.178664851006472,True,False
27661,1588418728188345314,159,6753,5582,4754,2000,994,976,4.690327825612389,4.686257554799306,12.721312842175312,12.214926187942435,True,False
27662,7481250000000000000,748,8477,7103,5916,2000,1025,995,5.2043636826417865,5.19941052030048,13.049338071751933,12.530406337099068,True,False
27663,199500000000000000,20,5239,3699,3298,2000,1212,1172,4.55679756652745,4.550796950257667,12.35507574666906,11.687375683437468,True,False
27664,13974414617637849976,1397,9743,8199,6723,2000,1223,1183,5.128687760609363,5.125304096726753,13.250150350472438,12.71488943423155,True,False
27665,20438659107924754299,2044,9850,8230,6682,2000,1235,1191,5.347937900380926,5.314416927538677,13.2659080092311,12.70606426733497,True,False
27666,8478750000000000000,848,9299,7678,6278,2000,1230,1186,5.086529348833031,5.082088076255223,13.182859864042896,12.616089313582115,True,False
27667,3790500000000000000,379,1725,1507,1303,2000,270,266,4.634623397280403,4.632489423755011,10.752380646552893,10.347621368568134,True,False
27668,3990000000000000000,399,1313,1147,1011,2000,208,204,4.6329606845640985,4.630007961683852,10.358651200892886,9.981567281903015,True,False
27669,1346625000000000000,135,716,618,563,2000,120,120,4.374742501336243,4.374742501336243,9.483815777264256,9.13699111208023,True,False
27670,2977639234997962494,298,46,43,43,2000,33,33,4.5803382241689325,4.5803382241689325,5.523561956057013,5.426264754702098,True,False
27671,2434907418974420,0,866,0,0,0,0,0,0.0,0.0,9.758223214726724,0,False,True
27672,1326675000000000000,133,7659,6036,5078,2000,1220,1177,4.472126325331084,4.464824513149491,12.902940323128275,12.310044679647506,True,False
27673,25432920824417375623,2543,9951,8320,6738,2000,1244,1198,5.4886472888856614,5.4850248638450845,13.280625797509177,12.718104713121757,True,False
27674,10025062656641604,1,193,126,125,126,126,125,6.977279923499918,6.961406907626902,7.592457037268081,6.965784284662087,False,False
27675,34189581026174469,3,3059,1842,1716,2000,1091,1051,6.524531461895493,6.483094310405029,11.578844391558203,10.744833837499545,True,False
27676,3990000000000000000,399,1315,1311,1179,2000,70,69,4.433580239737276,4.431945569295986,10.360847084179664,10.203348002979762,True,False
27677,9970328392798000953,997,1652,1648,1470,2000,75,73,4.455402743425599,4.453817673730437,10.689997971419446,10.521600439723727,True,False
27678,2488360359573681028,249,3773,3650,3078,2000,441,439,4.87085802246455,4.870357984961738,11.88149638481011,11.58777751632821,True,False
27679,11338774599546647153,1134,7977,6824,5517,2000,1075,1033,5.377782209788513,5.373257438381271,12.961630562578824,12.429668265133094,True,False
27680,80997000000000000000,8100,8166,7054,5677,2000,1075,1034,6.191152434173277,6.1888532295415715,12.99541385222515,12.470913026274877,True,False
27681,301245000000000000000,30125,7619,6608,5334,0,0,0,0.0,0.0,12.895385939898507,12.381002109550925,False,True
27682,149625000000000000000,14963,7232,6276,5069,0,0,0,0.0,0.0,12.820178962415188,12.307485448589476,False,True
27683,1995000000000000000,200,1097,942,844,2000,185,181,4.381954451608704,4.376513359789611,10.099347810403193,9.721099188707186,True,False
27684,11970000000000000000,1197,1192,1049,926,2000,181,178,5.3005711757433165,5.29915239461682,10.219168520462162,9.854868383260236,True,False
27685,39170665978239165,4,121,114,111,2000,77,76,5.098879381596949,5.096356888201221,6.918863237274595,6.794415866350106,True,False
27686,171917782225453836,17,414,407,387,2000,79,78,4.62176287063942,4.619883437464925,8.693486957499326,8.59618975614441,True,False
27687,49286475000000000000,4929,8667,7676,6433,2000,986,976,5.293035985039127,5.292357063991331,13.08131698928577,12.651275973346639,True,False
27688,4524190905665938,0,983,0,0,0,0,0,0.0,0.0,9.94104760634058,0,False,True
27689,7980000000000000,1,1598,351,348,351,351,348,8.455327220304563,8.438233203210544,10.642051692927977,8.442943495848729,False,False
27690,3168642632567615,0,1344,0,0,0,0,0,0.0,0.0,10.39231742277876,0,False,True
27691,7381500000000000000,738,7998,6868,5759,2000,971,954,4.467456061891909,4.462210398717864,12.965423565810129,12.49160260669611,True,False
27692,558600000000000000,56,5526,4348,3807,2000,1008,987,4.420256278385402,4.414871905909418,12.432019846812493,11.894438854562262,True,False
27693,48965798553847176,5,3844,2249,2078,2000,1212,1170,5.198461737412492,5.174553240147744,11.90839262077375,11.020979938904212,True,False
27694,486885410334727,0,359,0,0,0,0,0,0.0,0.0,8.487840033823051,0,False,True
27695,997500000000000000,100,466,403,375,2000,104,104,4.424656258013501,4.424656258013501,8.86418614465428,8.550746785383243,True,False
27696,1944862155388471177,194,4985,4553,3837,2000,760,755,4.784630014934641,4.7838602636722225,12.283377789285558,11.905763049602793,True,False
27697,2456140350877192981,246,5687,4922,4144,2000,796,790,4.694093150601397,4.693128879304059,12.473452088952232,12.016808287686555,True,False
27698,2145363408521303258,215,8274,6724,5660,2000,1232,1191,4.658321531405701,4.6529734648784995,13.014369242235137,12.466586337719244,True,False
27699,995690561146131615,100,5448,4557,3972,2000,922,911,4.633703775989037,4.631804944637781,12.411510988012072,11.955649907528374,True,False
27700,49941412173808758217,4994,1712,1707,1483,2000,70,69,4.485573721460805,4.461749128553666,10.741466986401146,10.53430288245463,True,False
27701,51143751732830441846,5114,1775,1771,1546,2000,92,90,5.465649474873207,5.44696228582123,10.793603309279407,10.594324603924848,True,False
27702,51994447090152445,5,842,594,561,2000,297,292,4.825412308409639,4.8163272986757,9.717676423066395,9.131856960608793,True,False
27703,14853658763642574438,1485,2331,2319,1949,2000,84,82,4.562588139017233,4.555300918919753,11.186733289128867,10.92851837525789,True,False
27704,227406305435530310,23,3879,2982,2733,2000,914,903,4.603684874165283,4.601878620721087,11.921469060531411,11.416269744523207,True,False
27705,7064460102210000000,706,2028,2021,1717,2000,87,86,4.401860563435055,4.401051016504744,10.985841937003341,10.745674324002135,True,False
27706,503134519956144670946,50313,9268,8164,6829,0,0,0,0.0,0.0,13.178042328864821,12.737458618570459,False,True
27707,94898254124859727,9,4424,2921,2670,2000,1249,1206,4.554545542736545,4.538081914117408,12.111135670234708,11.382624026574916,True,False
27708,412482992871664665,41,343,339,335,2000,50,50,4.256589699406312,4.256589699406313,8.422064766172813,8.388017285345136,True,False
27709,2118953232466148400,212,0,0,0,0,0,0,0.0,0.0,0,0,False,True
27710,6533625000000000000,653,3965,3898,3130,2000,191,190,4.579075602263616,4.578218306317911,11.953105150591341,11.61194694181998,True,False
27711,7583991974202851712,758,5734,5443,4530,2000,726,722,4.959980494694466,4.959435027752035,12.485326189240524,12.145295334933598,True,False
27712,29925000000000000000,2993,1799,1605,1378,2000,286,282,6.0239035349014145,6.023271906088613,10.812979471251483,10.428360172704291,True,False
27713,12967500000000000000,1297,880,784,696,2000,131,131,5.142387530584733,5.142387530584734,9.78135971352466,9.442943495848729,True,False
27714,13965000000000000000,1397,605,545,491,2000,119,119,5.209431471457779,5.209431471457777,9.240791332161956,8.939579214314692,True,False
27715,12965505000000000000,1297,969,858,757,2000,141,141,5.145991930504538,5.145991930504536,9.92035285541508,9.564149489985732,True,False
27716,9974839212822413033,997,9261,7797,6333,2000,1260,1217,5.415391671930059,5.412931953684701,13.176952268336281,12.628673364068312,True,False
27717,20042967000000000000,2004,5778,5574,4618,2000,628,626,5.598950987158091,5.598800985283067,12.496354488564615,12.173052457774116,True,False
27718,9256800000000000000,926,4229,4162,3348,2000,200,199,4.773180791923787,4.772510662923956,12.046100845028802,11.709083812550343,True,False
27719,5329584822076200000,533,1927,1921,1628,2000,90,89,4.587883421860198,4.5873757479834225,10.912140856295721,10.668884984266247,True,False
27720,184537500000000000000,18454,5714,5669,4550,0,0,0,0.0,0.0,12.480285320936371,12.151650829973422,False,True
27721,578358107662318318,58,718,707,651,2000,80,79,4.313489414406938,4.312562015195839,9.487840033823051,9.346513733165635,True,False
27722,274898138961496,0,79,0,0,0,0,0,0.0,0.0,6.303780748177103,0,False,True
27723,69820853862333567512,6982,10150,8595,6943,2000,1248,1205,5.672820069680719,5.6703781698364555,13.309192106959902,12.761343456100649,True,False
27724,28795879470388820208,2880,5187,5131,4121,2000,215,214,5.231744253694556,5.231364897565367,12.340684654363438,12.0087787482805,True,False
27725,40861149271788258,4,2333,1496,1454,2000,850,840,5.082825462425971,5.0757545270439515,11.187970591984199,10.505811553919594,True,False
27726,8000000000000000000,800,4173,4133,3303,2000,223,223,5.042286422530982,5.042286422530982,12.026869205263395,11.689561254285525,True,False
27727,9975000000000000,1,119,77,77,77,77,77,6.266786540694903,6.266786540694903,6.894817763307944,6.266786540694901,False,False
27728,897750000000000000,90,2223,2156,1743,2000,187,186,4.4428061423866865,4.441670626111851,11.11829223302699,10.767356854125685,True,False
27729,99248120300751879,10,1159,1057,1002,2000,389,387,4.37552527411834,4.37409187834795,10.178664851006472,9.968666793195208,True,False
27730,401002506265664160,40,5006,3835,3404,2000,990,973,4.383200093413052,4.377911586268958,12.289442575688332,11.733015321685963,True,False
27731,9975000000000000000,998,8593,7334,5943,2000,1169,1125,5.338257532396782,5.333384241127418,13.068946179648783,12.536975665610642,True,False
27732,35151900000000000000,3515,6539,5675,4584,2000,841,807,5.089194201267547,5.083271023130784,12.67485430794662,12.162391328756906,True,False
27733,1197000000000000,0,641,0,0,0,0,0,0.0,0.0,9.324180546618742,0,False,True
27734,6488386872242049,1,1848,245,243,245,245,243,7.936637939002567,7.920311408390322,10.851749041416058,7.924812503605781,False,False
27735,288776250000000000000,28878,2429,2422,2004,0,0,0,0.0,0.0,11.246146774635864,10.968666793195208,False,True
27736,16039094995352638,2,215,111,111,2000,103,103,6.279654947958742,6.2796549479587425,7.7481928495894605,6.794415866350106,True,False
27737,4065599548019986388,407,2621,2296,1925,2000,390,381,4.682392597913824,4.675020777284676,11.355901638328417,10.910642730469625,True,False
27738,110965600264549835,11,3681,2622,2383,2000,983,944,5.270200126321479,5.242120277042473,11.845882034384061,11.21856323619027,True,False
27739,886953406934490000,89,2094,1759,1533,2000,392,382,4.5471432357644765,4.537493941134786,11.032045726930809,10.582141981658777,True,False
27740,128325743886940354,13,1085,1019,929,2000,194,193,4.3697453179299,4.36835396958687,10.083479327331842,9.859534786382653,True,False
27741,19950000000000000,2,2659,1128,1086,2000,963,934,6.541594457175552,6.500563875438799,11.376668061857668,10.084808387804362,True,False
27742,3820009406090745000,382,3072,2657,2216,2000,450,437,4.734879435616411,4.725774285336735,11.584962500721156,11.113742166049189,True,False
27743,43773111487048190,4,3748,2241,2072,2000,1249,1206,4.7910715694959,4.770491004487882,11.871905237659186,11.016808287686555,True,False
27744,23057644110275689,2,2930,1632,1557,2000,1173,1130,6.557777402422271,6.515630455582848,11.51668494930961,10.604553229079038,True,False
27745,6268823272556710745,627,3602,3539,2852,2000,183,181,4.868028622453851,4.86723271326251,11.814582465906277,11.477758266443889,True,False
27746,436684447802400000,44,663,655,616,2000,87,86,4.263270312610139,4.26234282200224,9.372865060112588,9.266786540694902,True,False
27747,1948720378245703330,195,3598,3447,2910,2000,461,459,4.7005915516133,4.699965445168843,11.812979471251483,11.506803437795647,True,False
27748,1532788483891542968,153,3058,2977,2496,2000,305,305,4.586536826189488,4.586536826189488,11.578372691360805,11.285402218862249,True,False
27749,2920893362066647066,292,8403,6857,5708,2000,1232,1190,4.649830361116687,4.644543053754814,13.036688768795663,12.478769619475763,True,False
27750,27817636674023873130,2782,5033,4965,3977,2000,209,208,5.27085574079145,5.270434777214858,12.297202882496903,11.95746484680521,True,False
27751,3772401421230291,0,946,0,0,0,0,0,0.0,0.0,9.885696373339394,0,False,True
27752,27687810487260000,3,1744,1046,994,2000,671,650,6.14423114585232,6.114401940634691,10.768184324776927,9.957102041562287,True,False
27753,128384479491409105314,12838,5457,5389,4378,0,0,0,0.0,0.0,12.413892328372642,12.096056239180946,False,True
27754,546463004945196938,55,2510,2039,1768,2000,475,462,4.472206505964732,4.45796739800018,11.293471648838134,10.787902559391432,True,False
27755,389025000000000,0,66,0,0,0,0,0,0.0,0.0,6.044394119358453,0,False,True
27756,994903241865167900,99,7159,5528,4728,2000,1225,1179,4.53749176872464,4.525510187095028,12.805542364358724,12.207014320177532,True,False
27757,1303258145363408521,130,7609,6122,5150,2000,1243,1202,4.437368611582523,4.428004996734762,12.893491147084914,12.330356716957944,True,False
27758,1002506265664160401,100,7362,5893,4961,2000,1246,1202,4.395316189371949,4.379971636299754,12.845882034384061,12.276415241892678,True,False
27759,100250626566416040,10,4212,2977,2700,2000,1125,1085,5.7338512727688835,5.705407881078445,12.040289721025717,11.398743691938193,True,False
27760,10025062656641604,1,2024,854,826,854,854,826,9.738092259620489,9.669292625543017,10.98299357469431,9.689997971419446,False,False
27761,222996828172796138092,22300,5648,5579,4501,0,0,0,0.0,0.0,12.46352437327118,12.136029849385551,False,True
27762,19741607148597997,2,1752,925,884,2000,777,749,6.552771269568986,6.513324348813242,10.774787059601174,9.787902559391432,True,False
27763,9591876043872360,1,501,176,176,176,176,176,7.459431618637299,7.459431618637299,8.968666793195208,7.459431618637297,False,False
27764,49129792405510016582,4913,2991,2976,2497,2000,96,95,4.911357560993473,4.910891161989214,11.546412195119352,11.285980105928212,True,False
27765,10025062656641604,1,2100,879,850,879,879,850,9.779719355143403,9.710601166858803,11.036173612553485,9.731319031025064,False,False
27766,23481150000000000000,2348,1976,1971,1684,2000,81,79,4.994803914247168,4.993877942534293,10.948367231584678,10.717676423066395,True,False
27767,30943550720025343,3,2022,1251,1177,2000,743,717,6.293835680276101,6.259201337319939,10.981567281903015,10.200898605038445,True,False
27768,53865000000000000,5,690,492,469,2000,243,239,4.804496928650601,4.795217382317312,9.430452551665532,8.873444112515376,True,False
27769,997500000000000,0,366,0,0,0,0,0,0.0,0.0,8.515699838284043,0,False,True
27770,23057644110275689,2,352,285,281,2000,179,178,6.421340921417309,6.4148229971255075,8.459431618637296,8.134426320220927,True,False
27771,94413517811919041,9,75,73,72,2000,37,37,4.188336540944966,4.188336540944967,6.22881869049588,6.169925001442312,True,False
27772,12518208149688854928,1252,4554,4485,3632,2000,203,202,4.915261378751271,4.914704914288251,12.152918576136623,11.826548487290914,True,False
27773,2476122260105151249,248,1649,1634,1376,2000,102,101,4.376455644732532,4.3758172711098355,10.687375683437468,10.426264754702098,True,False
27774,34459546127920614,3,1970,1235,1159,2000,711,686,6.229314692600876,6.196143762899104,10.943979914343739,10.178664851006472,True,False
27775,3354203047437585000,335,988,864,775,2000,152,150,4.420575952160136,4.417288168331924,9.948367231584678,9.5980525001616,True,False
27776,3973415638615500000,397,1740,1733,1467,2000,88,86,4.681980618634872,4.680388675120217,10.76487159073609,10.51865315567339,True,False
27777,151235909251653787,15,322,309,294,2000,74,73,4.496250924585784,4.494484263321488,8.330916878114618,8.199672344836364,True,False
27778,168304778616303194077,16830,10602,9060,7388,0,0,0,0.0,0.0,13.372048825272772,12.850968150982439,False,True
27779,262732803347937202,26,5030,3559,3172,2000,980,950,4.416200961322659,4.408185548518275,12.29634268469289,11.63117705570398,True,False
27780,140000000000000000,14,4612,3045,2749,2000,1072,1041,4.598861584470398,4.5871648048041695,12.171176797651771,11.424691191512954,True,False
27781,24466550238536084811,2447,4992,4925,3993,2000,204,203,4.950263042042431,4.94971740148315,12.285402218862249,11.963257356633047,True,False
27782,99748772141304885024,9975,9971,8330,6826,2000,1099,1068,6.2109528714344995,6.209428353477948,13.283522485644026,12.736824699098866,True,False
27783,540841272395985657,54,5361,4227,3721,2000,975,958,4.384433057134046,4.379304922557271,12.388286419762647,11.861474675125773,True,False
27784,28603371791400000,3,99,91,90,2000,82,81,5.112550038844806,5.109951315337045,6.6293566200796095,6.491853096329675,True,False
27785,1274805000000000000,127,3955,3719,3172,2000,656,652,5.21452169751763,5.213392993563583,11.949461979360153,11.63117705570398,True,False
27786,54581274733139494549,5458,5443,5384,4355,2000,212,211,4.868033926897632,4.867478623752596,12.410186320725094,12.088457003486226,True,False
27787,1084579735050000000,108,2593,2525,2075,2000,190,189,4.413981190200756,4.4124776141876865,11.340406490853294,11.018895621121649,True,False
27788,1000000000000000000,100,2469,2402,1971,2000,191,190,4.473644393366364,4.472353723831542,11.269711121142782,10.944712061043486,True,False
27789,248379234199702495,25,1420,1354,1198,2000,195,194,4.417155060525303,4.4155180339608275,10.471675214392045,10.226412192788786,True,False
27790,13228845000000000000,1323,9222,7839,6470,2000,1141,1108,5.655475282467675,5.653766346944375,13.170863950411928,12.65954999687987,True,False
27791,5551940933907900000,555,1503,1499,1344,2000,62,60,4.236846437552591,4.233680319913118,10.553629293916364,10.39231742277876,True,False
27792,49875000000000000,5,533,470,451,2000,176,174,4.703462034681816,4.699557008699468,9.057991722759176,8.81698362325538,True,False
27793,267847783188714,0,126,0,0,0,0,0,0.0,0.0,6.977279923499917,0,False,True
27794,20939646184315759649,2094,4909,4842,3885,2000,197,196,4.825942154471549,4.825296055295325,12.261213451366048,11.923698883295073,True,False
27795,13633086630442424331,1363,4633,4566,3680,2000,190,189,4.402770039210957,4.40156955901888,12.177730967033272,11.845490050944376,True,False
27796,2402398710405497,0,1096,0,0,0,0,0,0.0,0.0,10.098032082960527,0,False,True
27797,3990000000000000,0,1481,0,0,0,0,0,0.0,0.0,10.532355925288847,0,False,True
27798,43265133123678684,4,31,29,29,1508,29,29,4.299213482058087,4.299213482058088,4.954196310386875,4.857980995127572,False,False
27799,5220416250000000000,522,3886,3819,3076,2000,194,193,4.355290133117958,4.353914703296137,11.924070185585345,11.586839787961827,True,False
27800,1841418064760542,0,972,0,0,0,0,0,0.0,0.0,9.92481250360578,0,False,True
27801,823965888636970955,82,2379,2307,1952,2000,283,283,4.454015786961009,4.454015786961009,11.216139556425135,10.930737337562887,True,False
27802,9376500000000000,1,1647,460,451,460,460,451,8.845490050944377,8.802011790074813,10.685624839726355,8.81698362325538,False,False
27803,1496250000000000,0,576,0,0,0,0,0,0.0,0.0,9.169925001442312,0,False,True
27804,201495000000000000,20,5479,3861,3428,2000,1214,1171,4.442020314924539,4.42624019587889,12.41969688830598,11.7431513941125,True,False
27805,498750000000000000,50,6373,4774,4162,2000,1213,1169,4.441097568085356,4.426962325673457,12.637756945412145,12.023061249735335,True,False
27806,200000000000000000,20,4687,3466,3091,2000,1098,1057,4.566944450890277,4.55149391967223,12.194449079479025,11.593857938858223,True,False
27807,8349650250341707,1,1491,386,378,386,386,378,8.592457037268082,8.545824912915752,10.542064542283443,8.562242424221072,False,False
27808,1027425000000000000,103,4984,4216,3602,2000,791,785,4.544232140246208,4.54114666494898,12.283088353024002,11.814582465906277,True,False
27809,345199863026025000,35,494,489,469,2000,63,62,4.240861750985954,4.238836113005349,8.948367231584678,8.873444112515376,True,False
27810,123647926990542077,12,121,119,118,2000,46,46,4.252476516464545,4.252476516464545,6.918863237274595,6.882643049361842,True,False
27811,1239061158190008,0,72,0,0,0,0,0,0.0,0.0,6.169925001442312,0,False,True
27812,9975000000000000,1,1479,482,480,482,482,480,8.912889336229963,8.90459058104324,10.530406337099068,8.906890595608518,False,False
27813,1977914953112049062,198,2929,2861,2290,2000,191,190,4.443020985046027,4.441838360529312,11.516192477879367,11.161131882984307,True,False
27814,4455362669629863,0,1412,0,0,0,0,0,0.0,0.0,10.46352437327118,0,False,True
27815,249713429880471673,25,4177,3181,2893,2000,968,957,4.47978265506276,4.476341553952498,12.028251428162793,11.4983506079296,True,False
27816,57924825000000000000,5792,7637,6874,5658,2000,822,816,5.711363070077166,5.711009304192003,12.898790308381212,12.466076461396252,True,False
27817,8977500000000000,1,2014,511,502,511,511,502,8.997179480937621,8.958040537689088,10.975847968006784,8.971543553950772,False,False
27818,30088992897729920,3,3302,1964,1848,2000,1203,1160,5.297082898268698,5.269192556270003,11.689124404913258,10.851749041416058,True,False
27819,5885635739749417,1,1554,236,232,236,236,232,7.882643049361841,7.840270168005909,10.60177078840771,7.857980995127572,False,False
27820,2438887500000000000,244,7299,6068,5119,2000,1009,987,4.927228790300681,4.924831637833758,12.833483105659585,12.321646290991382,True,False
27821,502485166580250000,50,3017,2447,2117,2000,582,564,4.427053422573064,4.416298676098065,11.558898981146703,11.047805554007589,True,False
27822,1453301336789925000,145,1051,1038,905,2000,73,72,4.3052567817282785,4.30410760058173,10.037546953962178,9.821773981970567,True,False
27823,54028057389141711105,5403,2061,2056,1764,2000,75,74,4.804612398799369,4.80370989563899,11.009128789539256,10.784634845557521,True,False
27824,106609459626580314,11,4654,3146,2868,2000,1197,1158,4.547167186451811,4.531844673270352,12.184255495405349,11.485829308701904,True,False
27825,43722074558691443,4,3684,2137,1992,2000,1214,1173,6.133698206091067,6.1019672013321,11.847057346091336,10.960001932068081,True,False
27826,41807421164417129,4,3760,2152,1996,2000,1217,1172,5.201421108415042,5.176122920186447,11.876516946565,10.96289600533726,True,False
27827,47559626013765987,5,3795,2236,2067,2000,1216,1174,5.299115266995285,5.27267696745634,11.889884170302828,11.013322673425447,True,False
27828,11954968877662037,1,2616,1083,1044,1083,1083,1044,10.080817527608325,9.998888574742947,11.353146825498083,10.027905996569885,False,False
27829,15301165242427989,2,2830,1307,1260,2000,1231,1191,6.577101369575447,6.539604911235345,11.466586337719244,10.29920801838728,True,False
27830,81719035172886599,8,4305,2808,2567,2000,1245,1203,4.401501146610617,4.3900809514665164,12.071797522284207,11.325867580575418,True,False
27831,10904173324552179,1,2423,1023,990,1023,1023,990,9.99859042974533,9.930164232286874,11.242578689451346,9.951284714966972,False,False
27832,62856360684481926,6,3936,2600,2394,2000,1207,1164,4.78471266747564,4.763805369854868,11.94251450533924,11.225207436943501,True,False
27833,45595231752829197,5,3405,2139,1974,2000,1152,1110,5.166814026534999,5.1423967446421255,11.733439082899434,10.946906274456397,True,False
27834,54736544540721817,5,3536,2310,2127,2000,1111,1070,5.14410601329501,5.119943555964577,11.787902559391432,11.054604317960672,True,False
27835,87881792596008640,9,3545,2398,2188,2000,1049,1009,5.023413227401381,5.001881190699548,11.791569912126878,11.095397022792557,True,False
27836,109767638863480036,11,3909,2768,2512,2000,1041,1001,5.252326557790241,5.224065103153697,11.93258386928929,11.294620748891626,True,False
27837,4887032464850932,0,823,0,0,0,0,0,0.0,0.0,9.684748620421626,0,False,True
27838,39909443313234248,4,1985,1257,1175,2000,707,683,5.25700622008438,5.23231936704515,10.95492329203032,10.198445041452363,True,False
27839,57224123639974185,6,2212,1492,1381,2000,698,674,4.749599300968295,4.7309463538817695,11.111135670234708,10.43149760425805,True,False
27840,4899441043142755,0,494,0,0,0,0,0,0.0,0.0,8.948367231584678,0,False,True
27841,104737500000000000,10,946,715,660,2000,279,274,4.932607764233866,4.922564073983072,9.885696373339394,9.366322214245816,True,False
27842,100000000000000000,10,843,636,593,2000,253,249,4.905507090252363,4.89685531304295,9.719388820942083,9.211888294546004,True,False
27843,16887753564932475530,1689,4249,3725,3028,2000,572,553,5.411578037917926,5.406716391441717,12.052907628313287,11.564149489985732,True,False
27844,6485221883691127,1,640,138,138,138,138,138,7.108524456778168,7.108524456778168,9.321928094887362,7.108524456778169,False,False
27845,3491250000000000000,349,8583,7080,5854,2000,1253,1210,4.923448252612707,4.919171784692271,13.06726628304434,12.515207030408751,True,False
27846,99649707371505165000,9965,4089,3598,2913,2000,549,532,5.981484899953499,5.9784073835635,11.997532347526366,11.508289986140348,True,False
27847,14097195985387098107,1410,2285,2272,1889,2000,77,76,4.313939799415443,4.312775670359246,11.157978449945432,10.88340698638837,True,False
27848,1458070821280685125,146,2939,2865,2392,2000,284,284,4.368335801292213,4.368335801292213,11.521109643651332,11.224001674198105,True,False
27849,997500000000000000,100,2369,2310,1895,2000,200,199,4.384806297557738,4.383570758975239,11.21006248324023,10.887982133058454,True,False
27850,5974394396591185043,597,3820,3753,2997,2000,197,196,4.773259998999323,4.772534086723029,11.899356922923111,11.549303368513575,True,False
27851,598949486520181063265,59895,3086,3074,2558,0,0,0,0.0,0.0,11.591522346570734,11.320800548881637,False,True
27852,3080408539988663,0,884,0,0,0,0,0,0.0,0.0,9.787902559391432,0,False,True
27853,17315979900386786032,1732,4765,4698,3769,2000,191,188,4.5325557561675325,4.527244729595981,12.218260498797305,11.879966079664356,True,False
27854,200841978281291800541,20084,5827,5773,4651,0,0,0,0.0,0.0,12.508537595347322,12.183325224524612,False,True
27855,29925000000000000,3,3257,1767,1674,2000,1177,1137,6.094134488832649,6.060759785406982,11.669328004395904,10.709083812550343,True,False
27856,160900863305648682,16,220,216,213,2000,50,50,4.256589699406312,4.256589699406313,7.78135971352466,7.734709620225838,True,False
27857,272412412955927444,27,247,244,242,2000,55,55,4.203769849897229,4.2037698498972285,7.948367231584678,7.918863237274595,True,False
27858,997500000000000,0,290,0,0,0,0,0,0.0,0.0,8.179909090014934,0,False,True
27859,17973852750000000,2,2405,1221,1171,2000,1068,1029,6.513096104107177,6.471714772910536,11.231821178657404,10.193525360501216,True,False
27860,5247486601839455970,525,2632,2604,2128,2000,114,114,4.259362289609434,4.259362289609433,11.361943773735241,11.055282435501189,True,False
27861,13567074105435334075,1357,6855,6087,5034,2000,803,797,4.754472930696151,4.753472744208022,12.742940950666588,12.29748950116098,True,False
27862,413264250000000000,41,6069,4564,4006,2000,1199,1160,4.390764852613663,4.381187084654256,12.56724310527944,11.967946705812707,True,False
27863,27480845781414759692,2748,3361,3335,2741,2000,131,130,4.7447400630423955,4.74453092323378,11.714674827308002,11.420486612825774,True,False
27864,65835000000000000,7,2980,1985,1833,2000,911,875,4.551325650189274,4.534320620356633,11.541096615349524,10.839991070539886,True,False
27865,2155825380126493011,216,3100,3031,2428,2000,195,193,4.62782978566838,4.602756517063169,11.5980525001616,11.245552706255681,True,False
27866,10025062656641604,1,1139,502,492,502,502,492,8.971543553950774,8.930199156536105,10.153552031708111,8.94251450533924,False,False
27867,23195865000000000000,2320,5008,4949,3998,2000,209,208,4.817895295732763,4.817316256937165,12.290018846932618,11.965062756744627,True,False
27868,2440925712396567,0,1124,0,0,0,0,0,0.0,0.0,10.134426320220927,0,False,True
27869,1749514926810000,0,251,0,0,0,0,0,0.0,0.0,7.971543553950772,0,False,True
27870,4948982111089799,0,1630,0,0,0,0,0,0.0,0.0,10.67065624911844,0,False,True
27871,16448933799644041,2,1661,848,812,2000,767,739,6.546629359805369,6.506905919893092,10.697836357962377,9.665335917185176,True,False
27872,2892750000000000000,289,3701,3602,3011,2000,385,383,4.915718235416593,4.914103616584422,11.85369942030022,11.556026992724677,True,False
27873,22488202042477718899,2249,9831,8285,6713,2000,1237,1195,5.089461601323937,5.086289470702641,13.263122458263917,12.712741927075735,True,False
27874,94762500000000000,9,860,800,737,2000,199,198,4.594965622367129,4.592907624238038,9.74819284958946,9.52552080909507,True,False
27875,11558851888508123019,1156,4505,4438,3593,2000,209,208,5.37151895199509,5.371155288081157,12.137311390700901,11.810973220002165,True,False
27876,252759157247944,0,41,0,0,0,0,0,0.0,0.0,5.357552004618084,0,False,True
27877,125758892728341407,13,2128,1589,1436,2000,555,538,4.760843577566648,4.7441627688131955,11.055282435501189,10.487840033823051,True,False
27878,37675027379043071,4,3599,2126,1980,2000,1238,1195,5.303534524706127,5.276035571629512,11.813380386924727,10.951284714966972,True,False
27879,289099311893308172,29,2039,1902,1698,2000,454,452,4.378716917937107,4.37753436374381,10.993646060016596,10.729620743553038,True,False
27880,5870471883498082598,587,3270,3212,2603,2000,158,157,4.624693120194592,4.6221306861701965,11.675074920385445,11.345959596404112,True,False
27881,35939750587437378,4,1380,889,834,2000,501,486,5.247460480478203,5.225039105912202,10.430452551665532,9.703903573444663,True,False
27882,778139267383180140,78,2082,2015,1628,2000,183,181,4.353145000444281,4.350915032426199,11.023754353299417,10.668884984266247,True,False
27883,19950000000000000,2,2629,1164,1122,2000,1009,979,6.485143680349137,6.451181805498393,11.360298426618046,10.131856960608793,True,False
27884,4404744373226890706,440,8255,6786,5667,2000,1024,994,4.6486092645826,4.643733550728169,13.01105249980062,12.468369487109525,True,False
27885,3271800000000000000,327,7932,6464,5429,2000,977,947,4.5088912423363325,4.500877604620602,12.953468962228849,12.406470768529283,True,False
27886,1136010018329533431,114,6939,5445,4644,2000,962,933,4.51017869798634,4.504008515893977,12.760512051357347,12.181152256865566,True,False
27887,3610950000000000000,361,7993,6493,5434,2000,967,938,4.467794149613564,4.461115379022343,12.964521373897238,12.407798850221974,True,False
27888,3591000000000000000,359,8050,6510,5455,2000,977,948,4.501541531214523,4.494982274201423,12.974773067889341,12.41336348121097,True,False
27889,3534019799943821044,353,8009,6477,5423,2000,977,947,4.466244090607289,4.45842544420738,12.96740640431177,12.404875455015208,True,False
27890,2114772176391870552,211,7646,6062,5108,2000,991,961,4.723904641723561,4.718344719032281,12.90048948483465,12.318542809702723,True,False
27891,3809672603026868521,381,8289,6673,5600,2000,1071,1040,4.827449535118228,4.823231124369382,13.016982347533649,12.451211111832329,True,False
27892,4544540494277695766,454,8305,6892,5759,2000,1074,1043,4.781839869972748,4.777460717053764,13.019764452849738,12.49160260669611,True,False
27893,1987995885753779061,199,7408,6063,5135,2000,1084,1051,4.641996896334598,4.636525176973731,12.854868383260236,12.326148561205557,True,False
27894,40189275000000000000,4019,10252,8713,7107,2000,1235,1190,5.657353255667894,5.62547361220949,13.323617763291578,12.795024983961387,True,False
27895,2602798982349150385,260,8271,6772,5627,2000,1260,1214,5.090114451957852,5.084294909107436,13.013846052731347,12.458150248057557,True,False
27896,109900497275756794,11,4126,2776,2574,2000,1009,983,4.373508544703158,4.365132946062717,12.010528105886484,11.329796338220701,True,False
27897,102300020010257414,10,4239,2781,2570,2000,1007,978,4.717371593955796,4.702577436736987,12.049508251055096,11.32755264408124,True,False
27898,375698936867285515,38,5486,3910,3426,2000,967,938,4.432463344920661,4.42068035650619,12.421538906848276,11.742309436084,True,False
27899,126732734783068050000,12673,2854,2841,2328,0,0,0,0.0,0.0,11.478769619475763,11.184875342908283,False,True
27900,1700565181875000000,170,5361,4607,3889,2000,785,779,4.4613575581673794,4.459684579098234,12.388286419762647,11.925183519434208,True,False
27901,2298286027062449155,230,8160,6653,5539,2000,1255,1211,4.835805839937527,4.830815814942293,12.994353436858859,12.43540982316332,True,False
27902,2000000000000000000,200,5060,4229,3554,2000,789,759,4.4458466604052616,4.434800540184488,12.304921669581672,11.795227966028678,True,False
27903,10000000000000000000,1000,4987,4309,3508,2000,684,661,5.310727495377663,5.305944928742118,12.283956487665113,11.776433032444734,True,False
27904,10000000000000000000,1000,3541,3078,2513,2000,488,475,5.311497616636095,5.3065250538301605,11.789941128390916,11.295194955880655,True,False
27905,9975000000000000000,998,2832,2501,2080,2000,410,401,5.347417320584707,5.344034258402139,11.467605550082997,11.022367813028454,True,False
27906,53950642390555572,5,214,199,196,2000,89,88,4.571779116125759,4.569996780268152,7.741466986401147,7.614709844115208,True,False
27907,77065404323250000,8,124,120,119,2000,51,51,4.20514278276515,4.205142782765149,6.954196310386875,6.894817763307944,True,False
27908,169575000000000000,17,388,377,359,2000,71,70,4.534276551907346,4.532788357091106,8.599912842187127,8.487840033823051,True,False
27909,13032581453634085,1,1681,781,748,781,781,748,9.60917873814198,9.516522492333273,10.715104009236168,9.546894459887637,False,False
27910,12094398278813206,1,1014,486,469,486,486,469,8.924812503605782,8.845873145629238,9.985841937003341,8.873444112515376,False,False
27911,547025947410401937,55,2693,2194,1905,2000,519,502,4.4671029120211045,4.45153955807376,11.394998514501673,10.895575282380685,True,False
27912,2889590643681385193,289,8422,6789,5649,2000,1236,1191,4.922904718967675,4.918878681255062,13.039947160169094,12.463779785335385,True,False
27913,1094875950000000000,109,173,147,141,2000,48,48,4.513918725009999,4.513918725009999,7.434628227636725,7.139551352398794,True,False
27914,14042168165085145798,1404,5401,5213,4308,2000,581,579,5.888135938044534,5.887978249754861,12.39901083295199,12.072802534544207,True,False
27915,700000000000000000,70,1362,1139,1003,2000,276,270,4.502078974980942,4.49619406134099,10.411510988012072,9.970105890612182,True,False
27916,114702601064019434991,11470,10211,8717,7026,0,0,0,0.0,0.0,13.317836541004578,12.778487861222372,False,True
27917,1814526937228472,0,994,0,0,0,0,0,0.0,0.0,9.957102041562287,0,False,True
27918,4906322885949927330,491,863,760,679,2000,127,127,4.611352353776776,4.611352353776776,9.753216749178955,9.407267764244732,True,False
27919,10000000000000000,1,340,243,243,243,243,243,7.924812503605784,7.924812503605784,8.409390936137703,7.924812503605781,False,False
27920,2321585674165801408,232,5230,4389,3672,2000,799,767,4.6009233483164325,4.589793293391754,12.352595231134304,11.842350343413807,True,False
27921,23441250000000000,2,2627,1472,1400,2000,1056,1016,6.508761144583758,6.46668039647032,11.359200485133632,10.451211111832329,True,False
27922,56521579251364,0,57,0,0,0,0,0,0.0,0.0,5.832890014164741,0,False,True
27923,7481250000000000,1,1435,320,314,320,320,314,8.321928094887364,8.278178094887362,10.486835021563051,8.294620748891626,False,False
27924,2684012997672208454,268,4938,4640,3911,2000,719,715,4.453946776546749,4.452702221475188,12.269711121142782,11.933321820732946,True,False
27925,4970410148667600000,497,1861,1854,1566,2000,86,85,4.473591047016074,4.472810664190498,10.861862340059151,10.612868497291041,True,False
27926,26811162979568923883,2681,4985,4913,3965,2000,292,292,4.956550644191354,4.956550644191353,12.283377789285558,11.953105150591341,True,False
27927,8199600762717122200,820,8773,7408,6141,2000,1103,1070,4.697657341187249,4.692440874499723,13.098854553218757,12.584257887744567,True,False
27928,21700000000000000000,2170,6097,5275,4274,2000,810,780,5.684234864093925,5.680580545862612,12.573883830656468,12.061371192659811,True,False
27929,530670000000000000,53,4580,3629,3149,2000,891,855,4.472065595227799,4.461344983564393,12.161131882984307,11.62067804213541,True,False
27930,917700000000000,0,299,0,0,0,0,0,0.0,0.0,8.224001674198105,0,False,True
27931,2205832015639311,0,449,0,0,0,0,0,0.0,0.0,8.810571634741146,0,False,True
27932,220949414671910409,22,4199,3117,2841,2000,966,953,4.72727487691732,4.7216317252575415,12.035830072835017,11.472183116189541,True,False
27933,10143412469259789535,1014,8888,7346,6065,2000,974,945,4.786146548150031,4.782111511877474,13.117643101389092,12.566291930007873,True,False
27934,259138099073753655,26,5222,3600,3193,2000,1018,989,4.371375046801694,4.362811324926152,12.350386742312843,11.640696837570093,True,False
27935,289436455378678787,29,5345,3708,3279,2000,1038,1008,4.37393907973061,4.365201539097313,12.383974232607853,11.679040186393062,True,False
27936,408975000000000000,41,893,874,746,2000,111,110,4.698563647444901,4.69781965420388,9.802516365121223,9.543031820255237,True,False
27937,93329632544498776,9,864,796,734,2000,179,178,5.195167660705936,5.190825643337866,9.754887502163468,9.519636252843213,True,False
27022,27930000000000000,3,1145,714,683,2000,444,433,5.842877732431235,5.820944165137851,10.161131882984307,9.41574176829009,True,False
27023,1019445000000000000,102,2634,2219,1889,2000,448,435,4.55916845951237,4.5472863330475075,11.363039630256514,10.88340698638837,True,False
27024,93765000000000000,9,1423,1033,949,2000,421,410,4.680134029570606,4.669746460975138,10.474719946526482,9.89026427702111,True,False
27025,41895000000000000,4,1131,754,713,2000,407,397,5.233812780607758,5.215464156754548,10.14338321398982,9.477758266443889,True,False
27026,38403750000000000,4,1069,706,668,2000,398,389,5.250057002116261,5.233376434976979,10.06204613772049,9.383704292474052,True,False
27027,69326250000000000,7,1161,836,779,2000,379,372,4.523408394829811,4.515618412371579,10.181152256865566,9.605479518061669,True,False
27028,146133750000000000,15,1209,937,857,2000,331,325,4.517063721430587,4.509860840278126,10.239598529249124,9.7431513941125,True,False
27029,129350498760588664269,12935,10191,8688,7008,0,0,0,0.0,0.0,13.315008003600356,12.774787059601174,False,True
27030,174562500000000000,17,3719,2724,2459,2000,917,881,4.485613676609514,4.471309084720654,11.860699032611988,11.263856019596082,True,False
27031,5000000000000000,1,348,41,41,41,41,41,5.357552004618084,5.357552004618084,8.442943495848729,5.357552004618084,False,False
27032,4900000000000000000,490,2338,2061,1745,2000,350,343,4.589580919950633,4.585070088032117,11.191059214531656,10.769011321097015,True,False
27033,159000000000000000,16,1243,969,883,2000,335,329,4.414440812498798,4.408437310455939,10.279610581052484,9.786269627648466,True,False
27034,102592875000000000000,10259,8479,7573,6365,0,0,0,0.0,0.0,13.049678410286393,12.63594479878872,False,True
27035,170904144675843741,17,4075,2983,2686,2000,1012,973,4.464525755707591,4.450298338682001,11.992584344005802,11.391243589427443,True,False
27036,8270536794832088,1,1434,368,360,368,368,360,8.523561956057012,8.47464891257875,10.485829308701904,8.491853096329674,False,False
27037,29925000000000000,3,2558,1518,1429,2000,973,934,6.547676072495802,6.506203124373694,11.320800548881637,10.480790201095816,True,False
27038,110275689223057644,11,3309,2368,2156,2000,883,848,5.304999148128648,5.277166948594171,11.692179576312538,11.074141462752506,True,False
27039,984290916707534,0,246,0,0,0,0,0,0.0,0.0,7.94251450533924,0,False,True
27040,18655294374655993115,1866,4883,4832,3870,2000,211,208,5.036437994251172,5.035627020800257,12.253552062637464,11.918117851031772,True,False
27041,21949044021186340414,2195,5010,4961,3976,2000,207,207,4.958819503706684,4.958819503706685,12.290594888082572,11.957102041562287,True,False
27042,2194587719464314267,219,3756,3619,3050,2000,456,454,4.503870916504777,4.503082563467626,11.874981347653774,11.57459352733761,True,False
27043,7359922951493998,1,1219,335,335,335,335,335,8.388017285345136,8.388017285345136,10.251482410620213,8.388017285345136,False,False
27044,6835730227108335000,684,2200,1945,1651,2000,334,328,5.175231500455915,5.172807230793209,11.103287808412022,10.689124404913258,True,False
27045,170319848917506083056,17032,7727,6961,5733,0,0,0,0.0,0.0,12.915692682615404,12.485074563698612,False,True
27046,56967225000000000000,5697,1825,1631,1400,2000,287,283,5.979236817308212,5.978582194489153,10.833680748654741,10.451211111832329,True,False
27047,201495000000000000,20,5055,3439,3053,2000,1063,1033,4.739224552181447,4.723998183152544,12.303495376790377,11.57601187420678,True,False
27048,169575000000000000,17,4666,3220,2882,2000,1062,1032,4.754152764744402,4.73714787724224,12.187970591984199,11.492854620174748,True,False
27049,9154236435127635,1,1994,501,487,501,501,487,8.968666793195208,8.904794537706186,10.961449694398196,8.927777962082342,False,False
27050,39900000000000000,4,3500,2002,1867,2000,1183,1142,4.77918080654559,4.756946345380557,11.77313920671969,10.866506212226202,True,False
27051,1296750000000000000,130,7691,6147,5201,2000,1214,1175,4.602498706159733,4.596998634030973,12.908955477289462,12.3445733225962,True,False
27052,3600975000000000000,360,8628,7073,5891,2000,1220,1180,4.473848784971486,4.465762774498021,13.074810461160453,12.524296837662625,True,False
27053,578550000000000000,58,6560,4991,4322,2000,1224,1183,4.711292979387858,4.700503608663124,12.679480099505446,12.077483356859508,True,False
27054,1805475000000000000,181,7949,6363,5346,2000,1218,1175,4.392403350613854,4.381080891703965,12.956557662570523,12.384244122243079,True,False
27055,1296750000000000000,130,7608,6078,5122,2000,1235,1194,4.722683342061371,4.7172266887265994,12.893301530860564,12.322491537597468,True,False
27056,1097250000000000000,110,7472,5958,5035,2000,1240,1200,4.6968418818857645,4.691559434147598,12.867278739709661,12.297776062894147,True,False
27057,9992019436663365932,999,9336,7840,6383,2000,1264,1221,5.447899400134515,5.44528109895913,13.188588845707349,12.640018932455785,True,False
27058,9973039613101104009,997,9309,7806,6356,2000,1280,1235,5.6008971337936995,5.597484870719542,13.184410482249875,12.63390340934852,True,False
27059,79800000000000000,8,4035,2715,2483,2000,1192,1150,5.1880958544681555,5.163939688027037,11.978352958165143,11.27786854617684,True,False
27060,23482564662014856,2,2369,1336,1271,2000,960,922,6.551481205423205,6.509794450831658,11.21006248324023,10.311748315004959,True,False
27061,7309739713962900160,731,4021,3954,3175,2000,198,197,4.722704912616229,4.721998801815676,11.97333862080036,11.63254087654689,True,False
27062,7371095474206240672,737,4027,3960,3184,2000,200,199,4.861892277725107,4.861292127687597,11.975489756945754,11.63662462054365,True,False
27063,167212467294385803289,16721,5518,5451,4436,0,0,0,0.0,0.0,12.429929741353273,12.11504365016171,False,True
27064,4987500000000000,0,68,0,0,0,0,0,0.0,0.0,6.087462841250339,0,False,True
27065,9542795061357857084,954,4903,4748,3922,2000,467,465,4.549416394378515,4.5486886022359325,12.259449046285685,11.93737382019215,True,False
27066,35151900000000000000,3515,10201,8660,7065,2000,1242,1203,5.866374061266854,5.864834199479214,13.31642296550359,12.786473845221302,True,False
27067,14044800000000000,1,2736,1179,1139,1179,1179,1139,10.203348002979762,10.12403521671655,11.417852514885897,10.153552031708111,False,False
27068,25848273223796680,3,1836,1093,1036,2000,718,692,6.243721890976786,6.209028829952735,10.842350343413807,10.016808287686555,True,False
27069,1995000000000000,0,144,0,0,0,0,0,0.0,0.0,7.169925001442312,0,False,True
27070,405100743222676297125,40510,6,5,5,0,0,0,0.0,0.0,2.584962500721156,2.321928094887362,False,True
27071,561143453413383543,56,2038,1996,1686,2000,209,209,4.3592558245231805,4.359255824523181,10.992938336165814,10.719388820942083,True,False
27072,1514203923151480786,151,4566,4255,3599,2000,722,718,4.395007682945552,4.393737903903812,12.156715144224702,11.813380386924727,True,False
27073,498750000000000000,50,588,576,529,2000,66,66,4.288596024869019,4.288596024869021,9.199672344836364,9.047123912114026,True,False
27074,1833125939267547973,183,1593,1575,1332,2000,109,108,4.500471434968912,4.499789116273556,10.63753055152531,10.379378367071261,True,False
27075,5041432059136698522,504,1508,1504,1341,2000,68,65,4.5581084154586575,4.53163742867885,10.558420713268664,10.389093521904474,True,False
27076,89834850000000000000,8983,7643,6842,5704,2000,845,836,5.190562074587585,5.189684480850102,12.899923315016059,12.477758266443889,True,False
27077,60847500000000000,6,3279,2164,1995,2000,1022,983,4.744929706429917,4.723991596234223,11.679040186393062,10.962173031109709,True,False
27078,205433722335386161,21,3440,2661,2445,2000,811,801,4.693265539309759,4.687274495501943,11.74819284958946,11.255618749839597,True,False
27079,5015618059349310000,502,471,430,396,2000,92,92,4.678768625686919,4.678768625686917,8.879583249612784,8.62935662007961,True,False
27080,94762500000000000,9,3440,2353,2152,2000,1005,965,4.996371788118995,4.974572228591235,11.74819284958946,11.071462362556623,True,False
27081,5556816150994129463,556,2017,2002,1663,2000,95,94,4.9233202161507394,4.922869536311699,10.977995368612962,10.699572453287269,True,False
27082,40100250626566416,4,508,439,422,2000,185,184,4.819713370200711,4.816574884520053,8.988684686772165,8.721099188707186,True,False
27083,1000000000000000000,100,2501,2430,1970,2000,191,190,4.3930913269107315,4.391539736530592,11.28828934218097,10.943979914343739,True,False
27084,9975000000000000000,998,4333,4263,3412,2000,204,203,4.908415727471525,4.907841757031003,12.08115052127187,11.73640193131829,True,False
27085,20275689223057644110,2028,5048,4994,4000,2000,210,209,4.630257630186741,4.629590874619332,12.30149619498255,11.965784284662087,True,False
27086,10025062656641604010,1003,4454,4411,3535,2000,215,215,5.09094964319606,5.090949643196062,12.12088584278779,11.787494499696761,True,False
27087,20050125313283208020,2005,5068,4972,4069,2000,370,369,4.500025845938942,4.499525804268801,12.30720080914081,11.99045856507371,True,False
27088,12531328320802005012,1253,6814,6038,5017,2000,825,816,5.278837509658291,5.278001041607538,12.734286232096347,12.292609222764296,True,False
27089,10025062656641604010,1003,6875,6061,5069,2000,842,832,5.089227874848006,5.087684713396942,12.747143998186747,12.307485448589476,True,False
27090,1238114520707069388,124,5908,5002,4312,2000,919,908,4.472520744752473,4.470390692792103,12.52845411076479,12.074141462752506,True,False
27091,25629864750000000000,2563,3411,3014,2472,2000,463,450,5.76207673929352,5.758590599948827,11.735979039613404,11.271463027904375,True,False
27092,255957926900463817680,25596,2836,2825,2281,0,0,0,0.0,0.0,11.469641817239516,11.155450731312138,False,True
27093,350420445241553287,35,551,540,492,2000,83,81,4.3569600441725616,4.354901100259353,9.105908508571158,8.94251450533924,True,False
27094,4987500000000000,0,70,0,0,0,0,0,0.0,0.0,6.129283016944966,0,False,True
27095,2086518111300000000,209,3197,3135,2588,2000,275,275,5.1973014930795784,5.19730149307958,11.64250302878052,11.337621901992508,True,False
27096,4272802632150955650,427,8191,6722,5610,2000,1001,971,5.005113408802491,5.001898198788238,12.999823879015725,12.453785055496155,True,False
27097,7726444558748281,1,1799,330,326,330,330,326,8.366322214245814,8.342079790003389,10.812979471251483,8.348728154231077,False,False
27098,4987500000000000,0,67,0,0,0,0,0,0.0,0.0,6.066089190457772,0,False,True
27099,50000000000000000,5,3578,1981,1847,2000,1000,971,5.5745985316531925,5.5508609841426715,11.804937672051908,10.850968150982439,True,False
27100,66540993997602562857,6654,9785,8304,6821,2000,1088,1057,5.043909421282919,5.0409520790107045,13.256356135514165,12.735767547266637,True,False
27101,28696250000000000000,2870,9989,8498,6952,2000,1206,1165,5.509827559958776,5.507351571721371,13.286124541533368,12.7632123668144,True,False
27102,7441350000000000000,744,9342,7799,6442,2000,1209,1169,4.471306032344012,4.464215709178561,13.189515729800194,12.653292945382814,True,False
27103,3990000000000000000,399,8692,7150,5922,2000,1238,1197,4.965927591309026,4.962385500092592,13.085472459181283,12.531868775177553,True,False
27104,3930150000000000000,393,8638,7136,5888,2000,1262,1218,5.049865458154411,5.044680662597946,13.076481601207021,12.523561956057012,True,False
27105,6319162500000000000,632,9091,7588,6202,2000,1268,1224,5.242750635031055,5.239532408048113,13.15022328267779,12.598517810612622,True,False
27106,5695725000000000000,570,6320,5378,4413,2000,892,856,4.6503736150311825,4.644099781256333,12.625708843064466,12.107544031975987,True,False
27107,7182000000000000000,718,5117,4397,3587,2000,713,687,4.8716034231386,4.864117992001635,12.32108251801004,11.808562029957525,True,False
27108,10094700000000000000,1009,4583,3984,3243,2000,618,599,5.046778076979369,5.0409463584538425,12.162076570374312,11.663113308455806,True,False
27109,6982500000000000000,698,3462,2999,2457,2000,485,472,5.231435758141701,5.225301160173677,11.757390009366638,11.262682142362165,True,False
27110,25635750000000000000,2564,2764,2468,2058,2000,396,389,5.7874772975530115,5.786110316411319,11.432541900388259,11.007027266893969,True,False
27111,14416100226097637105,1442,1837,1634,1396,2000,270,266,5.1603936580339225,5.159093057420476,10.84313591111135,10.447083226209653,True,False
27112,26982375007897104569,2698,507,467,432,2000,119,119,5.947514600527226,5.947514600527229,8.985841937003341,8.754887502163468,True,False
27113,729819415693929383,73,6279,4922,4257,2000,1095,1063,4.828641753481423,4.8249163909426915,12.616319096976865,12.055621374781708,True,False
27114,111147222448606368,11,1981,1472,1339,2000,530,514,5.252214351941766,5.229055409706734,10.952013164889486,10.386940245324311,True,False
27115,1002506265664160,0,177,0,0,0,0,0,0.0,0.0,7.467605550082998,0,False,True
27116,3730135706562917854,373,1682,1676,1414,2000,90,89,4.426375412774045,4.425756030865436,10.715961990255144,10.4655664048094,True,False
27117,2311347150000000000,231,8229,6721,5640,2000,1213,1174,5.1254660306047475,5.122450440834527,13.006501407569434,12.461479447286155,True,False
27118,297946920643334120419,29795,5669,5601,4522,0,0,0,0.0,0.0,12.468878553819426,12.14274527675153,False,True
27119,2670412140729750,0,1163,0,0,0,0,0,0.0,0.0,10.183635381473218,0,False,True
27120,179859617355896752,18,1218,1150,1003,2000,181,180,4.559838289513062,4.557145105340698,10.250298417906333,9.970105890612182,True,False
27121,41465056781063589949,4147,5256,5187,4167,2000,206,204,5.193592031488435,5.154988070383981,12.35974956032233,12.024793384702548,True,False
27122,95760000000000000,10,4333,2794,2557,2000,1201,1161,4.4403360209174805,4.427165531603869,12.08115052127187,11.32023644524165,True,False
27123,7980000000000000,1,542,152,152,152,152,152,7.247927513443583,7.247927513443583,9.08214904135387,7.247927513443585,False,False
27124,44852088449112880,4,1092,741,699,2000,395,386,5.252721629543369,5.2360410624040865,10.092757140919852,9.449148645375436,True,False
27125,58932993667070484,6,1419,1211,1184,2000,609,607,4.668185039771245,4.666907628657768,10.470658874060552,10.20945336562895,True,False
27126,60288900000000000,6,3050,2055,1969,2000,974,963,4.942699467644014,4.937762235616245,11.57459352733761,10.943247395901553,True,False
27127,347411253688955102,35,3895,3013,2651,2000,836,802,4.442151067758842,4.4262979947923125,11.92740761294903,11.37232095486726,True,False
27128,323728368973486,0,64,0,0,0,0,0,0.0,0.0,6.0,0,False,True
27129,2114098191503364,0,208,0,0,0,0,0,0.0,0.0,7.700439718141092,0,False,True
27130,7810425000000000000,781,7563,6616,5567,2000,950,938,5.049909400755965,5.048492671926205,12.884742903579696,12.442684367865834,True,False
27131,49875000000000000,5,71,68,67,2000,52,52,4.231995886917581,4.231995886917581,6.149747119504682,6.066089190457772,True,False
27132,34643821304666351440,3464,5161,5087,4112,2000,290,290,4.731093393229127,4.731093393229127,12.33343491528405,12.005624549193879,True,False
27133,220244548196363592,22,410,397,380,2000,73,72,4.265664643427986,4.263897088839949,8.679480099505446,8.569855608330949,True,False
27134,73461760183216082,7,186,175,172,2000,67,66,4.253016645688227,4.250242560178364,7.539158811108031,7.426264754702098,True,False
27135,2961332129457380,0,1178,0,0,0,0,0,0.0,0.0,10.20212382383046,0,False,True
27136,3715486978029739,0,676,0,0,0,0,0,0.0,0.0,9.400879436282183,0,False,True
27137,596102952520955725913,59610,1626,1621,1396,0,0,0,0.0,0.0,10.667111542075027,10.447083226209653,False,True
27138,17535724912614092,2,1471,769,740,2000,675,653,6.4830514032520075,6.447046316483105,10.522581531254831,9.531381460516313,True,False
27139,1107225000000000000,111,1057,895,799,2000,192,188,4.371965992587576,4.366687024984705,10.045759661382682,9.642051692927977,True,False
27140,20432889694561504,2,347,279,275,2000,186,185,6.424823734224386,6.419318228718881,8.43879185257826,8.103287808412022,True,False
27141,1923168706609582635,192,1133,1122,990,2000,64,64,4.4313473817915465,4.431347381791546,10.145932145820515,9.951284714966972,True,False
27142,9970455883492555198,997,8654,7263,6035,2000,1022,995,4.914311906758882,4.911001094518248,13.079151405421891,12.559138055642384,True,False
27143,9973506713317641112,997,9447,7939,6538,2000,1206,1167,4.602083169044909,4.596610842908673,13.205640542856566,12.674633661767267,True,False
27144,179549567603652925309,17955,10425,8839,7186,0,0,0,0.0,0.0,13.347759763219388,12.810973220002165,False,True
27145,72817500000000000,7,4203,2617,2426,2000,1212,1172,4.440981378178284,4.428257799987609,12.037203741151973,11.24436383512051,True,False
27146,5384462792595707223,538,7180,6284,5307,2000,927,916,4.788944150427451,4.787586998558671,12.809768128710413,12.373680833411614,True,False
27147,3240921295289614545,324,6745,5848,4957,2000,915,903,4.561623771866064,4.557644965662494,12.71960272783563,12.275251543470327,True,False
27148,4985296089380855234,499,7060,6159,5216,2000,924,913,4.834458115443363,4.8331724302155346,12.785452468158542,12.348728154231077,True,False
27149,5485658406725363493,549,7213,6307,5339,2000,928,917,4.834323146403957,4.833090126588898,12.816383708474726,12.382353833664512,True,False
27150,2141310967591635000,214,2589,2225,1890,2000,404,394,4.458673096190455,4.4520597353982625,11.338179249900112,10.884170519108435,True,False
27151,651966046391173788,65,779,771,717,2000,91,90,4.390789171533152,4.390104288364798,9.605479518061669,9.485829308701904,True,False
27152,9970266963162423519,997,4146,4079,3271,2000,191,189,4.511062070948837,4.505955608510762,12.017504401109415,11.675516044082778,True,False
27153,1050647271646714078,105,3283,2756,2335,2000,554,536,4.503758747887428,4.4962895210736695,11.680799034572981,11.189206834597025,True,False
27154,6501873390237586,1,916,188,186,188,188,186,7.554588851677638,7.529296896878896,9.839203788096944,7.539158811108031,False,False
27155,248137548591862255,25,5390,3891,3458,2000,1188,1147,4.433839310708844,4.424850695000432,12.396069557639867,11.755722153642282,True,False
27156,56588380051795155,6,857,609,573,2000,297,292,4.728112900319189,4.719355237364104,9.7431513941125,9.162391328756906,True,False
27157,39893017500000000000,3989,7314,6672,5481,2000,799,793,5.683971846178665,5.683290983977871,12.836444911341369,12.420223419348645,True,False
27158,276207750000000000000,27621,7948,7185,5905,0,0,0,0.0,0.0,12.95637615724967,12.527721344284519,False,True
27159,1249867500000000000,125,2252,2193,1783,2000,162,161,4.765689791098354,4.763560900900768,11.13699111208023,10.800090987624994,True,False
27160,9770000000000000000,977,4256,4189,3349,2000,198,196,4.723799910908758,4.722718736744252,12.055282435501189,11.709514660706716,True,False
27161,49844740881180780953,4984,5504,5410,4433,2000,376,375,4.8707061489751355,4.870406133974386,12.426264754702098,12.114067647165264,True,False
27162,1162328527369372289,116,7075,5493,4687,2000,995,966,4.42439059839368,4.417364132143032,12.788514432606608,12.194449079479025,True,False
27163,883585558328771104,88,2226,2159,1780,2000,191,190,4.351931932227553,4.35043061857811,11.12023787734196,10.79766152585376,True,False
27164,13685362480106341,1,1346,644,622,644,644,622,9.330916878114618,9.255816679393186,10.394462694610317,9.280770770130603,False,False
27165,2397739938668826299,240,7203,5990,4961,2000,1100,1057,4.652916264892719,4.642802757132234,12.814382188951573,12.276415241892678,True,False
27166,4987500000000000,0,1583,0,0,0,0,0,0.0,0.0,10.62844554013718,0,False,True
27167,15044419839497978002,1504,6120,5843,4830,2000,713,709,4.808656884132355,4.8078121111650916,12.579315937580015,12.237807473723135,True,False
27168,20911483268481536,2,2417,1333,1276,2000,995,957,6.502347483947911,6.4611446185269,11.239001757765582,10.31741261376487,True,False
27169,6289680077763429428,629,9024,7566,6170,2000,1245,1202,4.791689183249402,4.786914708299921,13.139551352398794,12.591054774036781,True,False
27170,9077250000000000000,908,2042,2033,1684,2000,92,91,5.0111888738839205,5.010868977545325,10.995767150877802,10.717676423066395,True,False
27171,9975000000000000000,998,2073,2060,1716,2000,81,80,4.393349088956625,4.392400011955192,11.017504401109415,10.744833837499545,True,False
27172,82493250000000000000,8249,2805,2794,2306,2000,101,100,5.620045800548832,5.619606266578822,11.453785055496155,11.171176797651771,True,False
27173,9975000000000000000,998,2032,2020,1696,2000,81,80,4.748227742178203,4.747900211835635,10.988684686772165,10.727920454563199,True,False
27174,582056225972661591,58,6622,5119,4410,2000,1250,1206,4.395032014091651,4.383491191913089,12.693051295397,12.106562940444883,True,False
27175,15331031126226498,2,1763,905,895,2000,873,863,6.575766060417641,6.563624995688434,10.783816759320182,9.805743872151618,True,False
27176,227593038672620274,23,2952,2240,1996,2000,693,670,4.519515547270409,4.50505850487156,11.527477006060396,10.96289600533726,True,False
27177,9975000000000000,1,1344,448,446,448,448,446,8.807354922057604,8.798426350629033,10.39231742277876,8.800899899920305,False,False
27178,3352098884138958252,335,7354,6219,5256,2000,977,960,4.466244090607289,4.462515067977867,12.844313461203296,12.35974956032233,True,False
27179,23514540350254365,2,2830,1342,1287,2000,955,926,6.55018841024,6.513159603029544,11.466586337719244,10.329796338220701,True,False
27180,4072180271810884487,407,7436,6341,5343,2000,965,950,4.911609812313239,4.901921450271374,12.860311054919482,12.383434301822776,True,False
27181,993057886971786408,99,6561,5122,4425,2000,1026,997,4.499534414163568,4.493989841698114,12.679700005769249,12.111461739857722,True,False
27182,1525952736142519091,153,1797,1772,1450,2000,138,137,4.5355368230451605,4.535272036457488,10.811374693509942,10.501837184902296,True,False
27183,4706358829825105569,471,8862,7241,5979,2000,1224,1181,4.603026047969534,4.596111801756503,13.113416611485945,12.545688495560213,True,False
27184,60150375939849624,6,1044,925,904,2000,422,420,4.516266793630173,4.514265192349147,10.027905996569885,9.820178962415188,True,False
27185,4389000000000000000,439,4910,4681,3931,2000,640,637,4.599195129965248,4.598480512464266,12.261507309202056,11.940680648424093,True,False
27186,2641513031356804531,264,4814,4067,3389,2000,729,702,4.5041572484195225,4.496312589319105,12.233020426474496,11.726643921483994,True,False
27187,3658780872720345712,366,7732,6472,5425,2000,1004,980,4.563559636060586,4.5591719536351505,12.916625922211235,12.405407422219204,True,False
27188,3495269497287251613,350,3638,3566,2927,2000,285,285,4.515112057949887,4.515112057949888,11.828929827651486,11.515207030408751,True,False
27189,50163025817529225526,5016,5443,5363,4365,2000,366,366,6.3913254058538564,6.3913254058538564,12.410186320725094,12.091765938516803,True,False
27190,252838877252252345,25,493,484,459,2000,73,72,4.353567224734624,4.3523102483329525,8.945443836377912,8.842350343413807,True,False
27191,96721299344343517,10,4020,2439,2230,2000,975,945,4.429474913047104,4.416167943687469,11.972979786066292,11.122827994807666,True,False
27192,583380006293322865007,58338,2163,2158,1834,0,0,0,0.0,0.0,11.078817949961978,10.840777923595054,False,True
27193,426584173361023001164,42658,2162,2157,1833,0,0,0,0.0,0.0,11.07815080773465,10.839991070539886,False,True
27194,135919680645925429,14,4913,3370,3051,2000,1209,1169,4.66682384726825,4.656622724178842,12.262388523751019,11.575066464578656,True,False
27195,33867422920605067254,3387,9122,7919,6556,2000,1022,1001,5.3093417097747535,5.3073028718452,13.155134454857755,12.678600139099458,True,False
27196,5985000000000000000,599,16,15,15,36,14,14,3.797727997565854,3.7977279975658536,4.0,3.9068905956085187,False,False
27197,5065634108278808065,507,15,14,14,24,14,14,3.7159438301553336,3.715943830155334,3.9068905956085187,3.807354922057604,False,False
27198,328306971354811547,33,238,235,231,2000,50,50,4.27236373278824,4.27236373278824,7.894817763307944,7.851749041416057,True,False
27199,1475985787500000,0,1,0,0,0,0,0,0.0,0.0,0.0,0,False,True
27200,2817669872675175000,282,3408,3354,2738,2000,218,216,5.119432902617847,5.117190765643305,11.734709620225837,11.4189067312579,True,False
27201,220551378446115288,22,5487,3992,3553,2000,1238,1199,4.691026241517341,4.679129753717352,12.421801860469873,11.794821973331223,True,False
27202,62657176883280462029,6266,5466,5406,4374,2000,225,224,5.338344720783298,5.338000922436654,12.416269744523207,12.094737505048093,True,False
27203,17213952572297057730,1721,2297,2286,1906,2000,76,75,4.446616296553617,4.445182615247214,11.165535141377925,10.896332403909941,True,False
27204,13958739475270064934,1396,2207,2196,1829,2000,83,82,4.807175368899263,4.806215133032819,11.107870914279614,10.836839359748716,True,False
27205,7202487741603016,1,1839,378,374,378,378,374,8.562242424221074,8.535787397766047,10.844705764411938,8.546894459887637,False,False
27206,260751760751400,0,32,0,0,0,0,0,0.0,0.0,5.0,0,False,True
27207,5985000000000000,1,636,125,125,125,125,125,6.965784284662088,6.965784284662088,9.312882955284355,6.965784284662087,False,False
27208,48921285122438203,5,2462,1607,1551,2000,870,860,5.302677235048416,5.294581842663549,11.265615046484458,10.59898297103609,True,False
27209,22000000000000000000,2200,7886,6778,5470,2000,1056,1015,5.813483912653512,5.810379004510949,12.945077995107816,12.417325117679919,True,False
27210,942000000000000000,94,3862,3150,2716,2000,696,672,4.420228901294298,4.411541931706352,11.91513244895065,11.407267764244732,True,False
27211,115099863913522482,12,4201,2809,2595,2000,1012,986,5.242524341684696,5.222974761663659,12.036517070486518,11.341518823245243,True,False
27212,9970392851017232003,997,4367,4308,3467,2000,203,202,4.374147849688055,4.3729248800955265,12.092426815780255,11.759472121202833,True,False
27213,51292614280557173093,5129,9561,8093,6645,2000,993,963,5.165147043534135,5.1624664811987895,13.222945804499009,12.698053484163538,True,False
27214,6084982769489408192,608,7634,6487,5284,2000,1061,1019,4.786139912672892,4.777772672267197,12.898223471215559,12.367414751246828,True,False
27215,250000000000000000,25,1639,1558,1398,2000,294,294,4.42238424929662,4.42238424929662,10.678600139099458,10.449148645375436,True,False
27216,939617024942483018,94,2548,2468,2090,2000,315,315,4.867770307711595,4.867770307711595,11.3151495622563,11.029287226968245,True,False
27217,5397039289841998305,540,1697,1690,1472,2000,76,75,4.4630072837889605,4.462230899491767,10.728770849542663,10.523561956057012,True,False
27218,4010025062656641,0,513,0,0,0,0,0,0.0,0.0,9.002815015607053,0,False,True
27219,229458634527697793270,22946,9598,8311,6877,0,0,0,0.0,0.0,13.228518097716194,12.747563630255119,False,True
27220,143640000000000000,14,4349,2959,2713,2000,1014,988,4.374300124985616,4.365923329660129,12.086467993464069,11.405673332281866,True,False
27221,9022556390977443609,902,9474,7934,6534,2000,1224,1183,5.204796641516173,5.201276427371681,13.209757956581393,12.673750739438063,True,False
27222,115288220551378446115,11529,9981,8581,6907,0,0,0,0.0,0.0,13.284968651604022,12.753843508311638,False,True
27223,1160327104098940429,116,6421,5248,4399,2000,1075,1033,4.525329936215037,4.516091802080595,12.648582283363735,12.102959885910124,True,False
27224,53155174010505000,5,567,402,386,2000,197,193,4.771451357247734,4.760176533416858,9.147204924942228,8.59245703726808,True,False
27225,21175349596579516768,2118,9860,8231,6685,2000,1231,1185,5.049032090645011,5.043602053710176,13.267371931265274,12.706711844980715,True,False
27226,7581000000000000,1,92,38,38,38,38,38,5.247927513443588,5.247927513443588,6.523561956057013,5.247927513443585,False,False
27227,8778000000000000,1,657,194,193,194,194,193,7.599912842187127,7.5896035638366115,9.35974956032233,7.592457037268081,False,False
27228,5792147973163539492,579,3722,3656,2929,2000,192,190,4.816720670634141,4.8158994741989485,11.861862340059151,11.516192477879367,True,False
27229,4090120950292776105,409,1313,1148,1010,2000,205,201,4.493547544994499,4.489850842621046,10.358651200892886,9.980139577639157,True,False
27230,500169442500000000000,50017,9266,8159,6824,0,0,0,0.0,0.0,13.177730967033272,12.73640193131829,False,True
27231,2699879082691506,0,528,0,0,0,0,0,0.0,0.0,9.044394119358454,0,False,True
27232,528978695097613,0,30,0,0,0,0,0,0.0,0.0,4.906890595608519,0,False,True
27233,3000480000000000000,300,7901,6361,5345,2000,980,951,4.831315565455979,4.827492798914435,12.947819546020028,12.383974232607853,True,False
27234,33804557008562217314,3380,3107,2763,2282,2000,404,393,4.786042582448859,4.777688435833123,11.60130652612184,11.156083076288681,True,False
27235,7459019640069123727,746,2751,2426,2023,2000,401,392,5.162407547138901,5.158440791158638,11.42574042431621,10.982280604558284,True,False
27236,548625000000000000,55,558,554,531,2000,62,60,4.2072009360754,4.202800385307445,9.124121311829187,9.052568050804153,True,False
27237,6903358165621937360,690,1953,1943,1612,2000,87,86,4.8199244127628385,4.819569695878364,10.93147623388679,10.654636028527968,True,False
27238,7163349930184197,1,1899,355,349,355,355,349,8.471675214392043,8.432238594673734,10.891024190149498,8.447083226209653,False,False
27239,60170651398478966820,6017,5364,5293,4273,2000,313,313,5.979414231355484,5.979414231355483,12.389093521904474,12.061033601681112,True,False
27240,3622792633208955397,362,7917,6661,5475,2000,1151,1108,4.569337147498781,4.561028405395225,12.950738136047425,12.418643249375899,True,False
27241,46367219661407242,5,3488,1891,1760,2000,1070,1039,5.120617307651608,5.1005950936412985,11.768184324776927,10.78135971352466,True,False
27242,36550395000000000000,3655,5299,5250,4213,2000,213,211,5.338721154336261,5.303489114863014,12.371504412043336,12.040632200562253,True,False
27243,3990000000000000000,399,7659,6478,5445,2000,1018,998,4.732297624476793,4.7282636971688365,12.902940323128275,12.410716333604269,True,False
27244,199500000000000001,20,2587,2283,2108,2000,716,712,4.663853154215074,4.662177176561443,11.33706433868474,11.041659151637214,True,False
27245,4060150375939849624,406,5834,4948,4079,2000,848,813,4.6034292699679575,4.593556802157115,12.510269670898177,11.993999791792524,True,False
27246,27568922305764411,3,1636,995,947,2000,635,617,6.140909959622195,6.1142844972669455,10.67595703294175,9.887220615468385,True,False
27247,14962500000000000,1,2450,953,924,953,953,924,9.896332403909943,9.822602432759375,11.258566033889933,9.851749041416058,False,False
27248,3718906788925094,0,1361,0,0,0,0,0,0.0,0.0,10.410451351503994,0,False,True
27249,3491250000000000,0,1279,0,0,0,0,0,0.0,0.0,10.320800548881637,0,False,True
27250,3548156371425813,0,959,0,0,0,0,0,0.0,0.0,9.905387005018131,0,False,True
27251,63832513961824928762,6383,5429,5360,4313,2000,213,212,5.233243533887289,5.232825866559315,12.406470768529283,12.074476000734501,True,False
27252,2836120301868000000,284,1477,1470,1267,2000,92,91,4.334068275824437,4.333324979330207,10.52845411076479,10.30720080914081,True,False
27253,345794641705764606988,34579,6131,5358,4331,0,0,0,0.0,0.0,12.581906689308768,12.080484457067568,False,True
27254,56534480389635296728,5653,5891,5128,4141,2000,779,751,5.957381611235374,5.954410526694035,12.524296837662625,12.01576348736988,True,False
27255,2633400000000000000,263,7719,6177,5191,2000,982,952,4.598816359986185,4.593606781060061,12.914198242454956,12.34179677239183,True,False
27256,2048417118912140,0,471,0,0,0,0,0,0.0,0.0,8.879583249612784,0,False,True
27257,7229279383329097605,723,8688,7104,5886,2000,996,966,5.004402427989193,5.0008721004185785,13.084808387804362,12.523071826940395,True,False
27258,70918103567289667,7,339,312,305,2000,120,119,4.399992143881691,4.399235924809798,8.405141463136344,8.252665432450248,True,False
27259,1334838774628313,0,785,0,0,0,0,0,0.0,0.0,9.61654884377899,0,False,True
27260,61095121111011631,6,190,179,175,2000,75,74,4.544705525526528,4.543088877423408,7.569855608330948,7.451211111832329,True,False
27261,2493750000000000,0,14,0,0,0,0,0,0.0,0.0,3.807354922057604,0,False,True
27262,3618262446096488,0,5,0,0,0,0,0,0.0,0.0,2.321928094887362,0,False,True
27263,697165020353235000,70,2551,2086,1803,2000,476,463,4.519558147806624,4.5071546065615555,11.316847183602473,10.816183681432342,True,False
27264,525419134610051775,53,2398,1945,1690,2000,462,450,4.44674438963441,4.439105108590242,11.227615943414223,10.722807531169547,True,False
27265,2319629411103957381,232,2568,2218,1880,2000,404,393,4.592940068205131,4.582482705555987,11.326429487122303,10.876516946565,True,False
27266,304157851439856555,30,1642,1321,1172,2000,379,371,4.6014202817980205,4.59182074782914,10.681238411777805,10.194756854422248,True,False
27267,9500774567373811465,950,2597,2301,1931,2000,378,371,5.272971787600589,5.270831859812606,11.342630298678408,10.91513244895065,True,False
27268,3654532662947159829,365,2330,2048,1743,2000,356,349,4.496228032914578,4.490997896080536,11.186114239541643,10.767356854125685,True,False
27269,741027773467376716,74,2126,2059,1697,2000,186,185,4.436062933030791,4.43481940971473,11.053925881531105,10.728770849542663,True,False
27270,9940665438423724114,994,8404,7200,5991,2000,1008,987,4.700928000735638,4.695551946209445,13.036860446673046,12.548581118165128,True,False
27271,28945721674435490191,2895,9092,7840,6476,2000,1008,987,4.793041767754437,4.788928216954986,13.150381968817848,12.660887270302567,True,False
27272,3439182674586247176,344,7768,6436,5417,2000,1018,992,4.915179437788945,4.912387172680448,12.923327485419192,12.403278375471052,True,False
27273,1929308131961367780,193,1089,1080,959,2000,83,82,4.630536765549858,4.630066029455189,10.088788238716907,9.905387005018131,True,False
27274,9971098808898272434,997,8734,7237,5987,2000,970,941,4.8770485605526135,4.873346513000561,13.092426815780255,12.547617554902802,True,False
27275,50125313283208020,5,763,685,670,2000,289,289,4.5099496392413165,4.5099496392413165,9.57553924683453,9.388017285345136,True,False
27276,968867256926174320,97,3368,3150,2725,2000,615,613,4.4371188248412174,4.4361185747787015,11.717676423066395,11.41204051455165,True,False
27277,47235033407625000,5,816,565,535,2000,299,294,4.828832322604161,4.819744954046456,9.672425341971495,9.06339508128851,True,False
27278,32908725100727564548,3291,10048,8419,6827,2000,1232,1188,5.0893293956997185,5.085678304048773,13.294620748891626,12.737036036540228,True,False
27279,33915000000000000,3,2888,1633,1568,2000,995,974,5.257024981525436,5.241291954744689,11.49585502688717,10.614709844115207,True,False
27280,3700000000000000000,370,8674,7047,5844,2000,1228,1182,4.6031896552593565,4.596892542331085,13.082481727863103,12.512740462803498,True,False
27281,190476190476190476,19,1518,1174,1062,2000,392,383,4.52347936467076,4.5133808821969,10.567956075415466,10.052568050804153,True,False
27282,4987500000000000,0,1230,0,0,0,0,0,0.0,0.0,10.264442600226602,0,False,True
27283,517300971146938082,52,6534,5001,4344,2000,1203,1163,4.512092980918137,4.504834257367474,12.673750739438063,12.084808387804362,True,False
27284,500143972178241609,50,1937,1867,1545,2000,195,194,4.491523399499218,4.490515207942821,10.919608238603253,10.593391122791736,True,False
27285,2394500626566416040,239,2814,2751,2231,2000,173,172,4.484030667617488,4.482863660573768,11.458406613236532,11.12347479824414,True,False
27286,2888697890501004363,289,5350,4509,3748,2000,798,766,4.623360692639584,4.609037543908146,12.385323176175872,11.871905237659186,True,False
27287,234308787717253948553,23431,4006,3981,3261,0,0,0,0.0,0.0,11.967946705812707,11.671098725748465,False,True
27288,85693938897740642969,8569,3996,3968,3247,2000,139,139,5.316835041320696,5.316835041320695,11.964340867792417,11.664891669286089,True,False
27289,30149218425089746,3,467,304,292,2000,186,182,5.4130652416859695,5.396412652721017,8.867278739709661,8.189824558880018,True,False
27290,185036250000000000,19,1286,1008,918,2000,345,339,4.506098402587984,4.498894800787083,10.328674927327947,9.842350343413807,True,False
27291,154612500000000000,15,1186,927,843,2000,321,315,4.517102953712848,4.5092053489832455,10.211888294546004,9.719388820942083,True,False
27292,525033894148579798,53,53,51,50,2000,34,34,4.338714894818613,4.338714894818613,5.727920454563199,5.643856189774724,True,False
27293,42100256892230576441,4210,9953,8527,6996,2000,1187,1150,6.091492235355442,6.089701351126042,13.280915728185574,12.772314573921653,True,False
27294,1840593724674680,0,381,0,0,0,0,0,0.0,0.0,8.573647187493322,0,False,True
27295,3484779576728218930,348,5371,5018,4193,2000,745,739,4.862819996047359,4.8610222672549135,12.390975006155534,12.03376711484639,True,False
27296,1982301143879114353,198,5475,4710,3972,2000,790,784,4.468977992670483,4.467575440146628,12.418643249375899,11.955649907528374,True,False
27297,99378919562629395124,9938,9384,8117,6527,2000,1199,1154,5.96027198600177,5.957398168969185,13.19598729802851,12.672204323964033,True,False
27298,99750000000000000,10,246,234,228,2000,80,79,4.633728234048796,4.630912375575911,7.94251450533924,7.832890014164741,True,False
27299,5246850000000000000,525,3881,3814,3071,2000,198,197,4.539555612548909,4.538703229751544,11.922212717785449,11.584492796975875,True,False
27300,10174500000000000000,1017,4922,4798,3952,2000,444,442,4.871471750764688,4.870971750764689,12.26502894245816,11.948367231584678,True,False
27301,78386709752735951,8,2868,2000,1905,2000,884,873,4.444858550983403,4.438564646037046,11.485829308701904,10.895575282380685,True,False
27302,186505213449049800,19,1291,1231,1116,2000,248,248,4.8126169204982165,4.8126169204982165,10.33427328530719,10.124121311829187,True,False
27303,7905521260555767942,791,4773,4618,3825,2000,467,465,4.549439994877965,4.548712230730619,12.220680621052203,11.901244032467376,True,False
27304,1545749938681305000,155,1751,1504,1303,2000,306,300,4.5476532562109915,4.542549144071287,10.773963368433558,10.347621368568134,True,False
27305,1574022854663139065,157,3617,3452,2929,2000,504,501,4.787898958722683,4.786347637215047,11.820577882655774,11.516192477879367,True,False
27306,9914084169888570890,991,8771,7493,6073,2000,1183,1139,5.1659604201554625,5.16067659051104,13.098525621379464,12.568193653850074,True,False
27307,17854985040730754,2,2797,1312,1263,2000,1177,1137,6.558076871951315,6.514809925973141,11.449664538476192,10.302638923787553,True,False
27308,99347477744843519644,9935,9972,8328,6823,2000,1113,1082,6.567222324808977,6.552914363217944,13.283667167491501,12.736190500960927,True,False
27309,5141188518833241,1,1562,206,202,206,206,202,7.6865005271832185,7.63795683786283,10.60917873814198,7.658211482751795,False,False
27310,37500047017673545289,3750,5250,5205,4172,2000,211,211,5.002830713863244,5.002830713863245,12.358101707440847,12.026523442519766,True,False
27311,19618781639360500974,1962,6452,5570,4507,2000,866,831,5.628378052090426,5.624777268343111,12.655530723155643,12.137951734715358,True,False
27312,2128687546876789212,213,2187,2159,1759,2000,113,111,4.599339943246907,4.5843916595251155,11.094737505048093,10.78053976747196,True,False
27313,365979819966926850,37,6015,4425,3882,2000,1210,1169,4.788407701284839,4.771138456268125,12.55434902206344,11.922584402713664,True,False
27314,73694051211795000,7,1527,1065,984,2000,461,450,4.530146197644967,4.519005916889036,10.576484346796851,9.94251450533924,True,False
27315,2618450883404919850,262,7722,6267,5267,2000,1017,987,4.4144120006964584,4.401759489418317,12.914758838941857,12.362765744153958,True,False
27316,638181923161056161283,63818,5362,5298,4291,0,0,0,0.0,0.0,12.38855550398256,12.067098185748385,False,True
27317,5705018036986449,1,879,151,149,151,151,149,7.2384047393250786,7.206915418118698,9.779719355143405,7.219168520462161,False,False
27318,1366575000000000000,137,2806,2746,2273,2000,253,253,4.7751726319547565,4.775172631954755,11.454299293619899,11.150381968817848,True,False
27319,770132851546690726,77,6120,4894,4182,2000,1119,1076,4.555567867970494,4.543253057046739,12.579315937580015,12.029977346589579,True,False
27320,9965677215375000000,997,2112,2101,1743,2000,94,93,4.91445418673952,4.9141382853621645,11.044394119358454,10.767356854125685,True,False
27321,1843510265861602,0,577,0,0,0,0,0,0.0,0.0,9.172427508645482,0,False,True
27322,8768025000000000000,877,9286,7723,6347,2000,1233,1193,5.201517727275052,5.198744912798743,13.180841565566661,12.63185912728278,True,False
27323,37905000000000000,4,3194,1709,1622,2000,960,931,5.570505784689683,5.533549834866651,11.641148597411233,10.663558104217273,True,False
27324,985607574736425377,99,2697,2600,2212,2000,370,369,4.73398696431732,4.733214017457417,11.397139806235604,11.111135670234708,True,False
27325,49875000000000000,5,3373,2001,1857,2000,1098,1065,4.762394510198532,4.7443542848548885,11.719816603018126,10.858758099935422,True,False
27326,990477015073871647,99,7097,5568,4766,2000,1235,1194,4.7106406360224184,4.705409950941587,12.792993591002716,12.21856323619027,True,False
27327,496047529681184423,50,1853,1797,1518,2000,198,197,4.460038021881774,4.459020774921955,10.855647166027266,10.567956075415466,True,False
27328,753112500000000000,75,6866,5352,4596,2000,1239,1199,4.696734571492963,4.692036340409878,12.745254141957256,12.166163082646113,True,False
27329,15570611144924506300,1557,4709,4641,3758,2000,195,194,4.488068769458351,4.487111543904043,12.201205007299528,11.875749351420055,True,False
27330,164606274079950140,16,275,270,267,2000,61,61,4.6701905210044785,4.6701905210044785,8.103287808412022,8.060695931687555,True,False
27331,2755520980652871,0,985,0,0,0,0,0,0.0,0.0,9.943979914343739,0,False,True
27332,2097272144116800000,210,955,951,868,2000,73,71,4.5016101568694875,4.499897733207667,9.899356922923111,9.761551232444479,True,False
27333,2783025000000000000,278,2848,2785,2253,2000,170,169,4.397885472606884,4.396435629173521,11.475733430966399,11.137631598235428,True,False
27334,3591000000000000000,359,3305,3241,2606,2000,182,180,4.5010971299240765,4.499769417766227,11.690434556395054,11.347621368568134,True,False
27335,5087250000000000000,509,3740,3672,2929,2000,188,187,4.50115246330979,4.5000457506719815,11.868822554774999,11.516192477879367,True,False
27336,5805450000000000000,581,3842,3774,3009,2000,192,191,4.676011262812315,4.6751985088266945,11.907641803665527,11.555068391333338,True,False
27337,4589497500000000000,459,3677,3609,2871,2000,192,191,4.443077595647797,4.441894917336299,11.844313461203296,11.487337615207181,True,False
27338,2294250000000000000,229,3127,3060,2448,2000,193,191,4.497243387905734,4.49570219832902,11.610563503925041,11.257387842692651,True,False
27339,7650825000000000000,765,4032,3965,3159,2000,185,184,4.352088873329286,4.350588029104411,11.977279923499916,11.625252221746873,True,False
27340,5117175000000000000,512,3816,3749,2992,2000,186,185,4.411982109140059,4.410722340277187,11.897845456005511,11.546894459887637,True,False
27341,4588500000000000000,459,3723,3653,2925,2000,195,194,4.442387049935974,4.441295545478999,11.862249900851513,11.51422090935813,True,False
27342,3142125000000000000,314,3443,3374,2703,2000,195,194,4.547446507095263,4.546375078523834,11.749450465569916,11.400345796534694,True,False
27343,4408950000000000000,441,3666,3599,2902,2000,195,194,4.683808760654507,4.6830461538101105,11.839991070539886,11.502831804066744,True,False
27344,9516150000000000000,952,4239,4171,3361,2000,199,198,4.817579907924584,4.816948245863786,12.049508251055096,11.714674827308002,True,False
27345,6753075000000000000,675,3981,3913,3142,2000,197,196,4.644309855580797,4.643525300751735,11.958915156091349,11.617467465294196,True,False
27346,1914786967418546365,191,2918,2850,2337,2000,189,188,4.391551551984955,4.389636701866102,11.510764167917891,11.190442018782825,True,False
27347,2723175000000000000,272,3287,3220,2626,2000,196,195,4.406092408653721,4.404992133584956,11.68255574108031,11.358651200892886,True,False
27348,3990000000000000000,399,3559,3493,2823,2000,199,198,4.406009734803507,4.40490934966871,11.797256217509785,11.463013413449692,True,False
27349,3591000000000000000,359,3512,3448,2802,2000,200,199,4.534251380275021,4.533405063675676,11.778077129535358,11.452241240430817,True,False
27350,6882750000000000000,688,3990,3928,3158,2000,201,200,4.498444036082686,4.497512543153564,11.962173031109709,11.624795455860237,True,False
27351,3201975000000000000,320,3471,3412,2777,2000,201,200,4.44463476494272,4.4436344011740765,11.761135649828645,11.439311461818846,True,False
27352,4488750000000000000,449,3741,3681,2968,2000,202,201,4.374137716173759,4.372914814561751,11.869208250550827,11.535275376620802,True,False
27353,1296750000000000000,130,2696,2636,2172,2000,203,202,4.397520743927114,4.39627173745499,11.396604781181859,11.084808387804362,True,False
27354,2842875000000000000,284,3356,3299,2682,2000,204,203,4.403859224165805,4.4027587289429535,11.712527000439824,11.389093521904474,True,False
27355,1945125000000000000,195,3007,2952,2404,2000,205,204,4.487996503881739,4.4870794551114175,11.554109152574004,11.231221180711186,True,False
27356,9276750000000000000,928,4360,4304,3449,2000,201,200,4.534498738711491,4.533652291864507,12.090112419664289,11.751962413460854,True,False
27357,49875000000000000,5,575,519,498,2000,190,189,5.2004648309919705,5.196795106221327,9.167418145831737,8.960001932068081,True,False
27358,9177000000000000000,918,4402,4344,3478,2000,204,202,4.488260396979783,4.487179740231653,12.103943429891558,11.764042217306587,True,False
27359,7511175000000000000,751,4220,4166,3342,2000,223,221,5.303461152048463,5.301580077114035,12.043027283594547,11.706496018061188,True,False
27360,13127100000000000000,1313,4665,4615,3698,2000,208,208,5.082998202768794,5.082998202768793,12.187661365739121,11.852529509404196,True,False
27361,698250000000000000,70,2141,2100,1749,2000,208,208,4.417885488555304,4.417885488555305,11.06406908038551,10.772314573921653,True,False
27362,8780992500000000000,878,4228,4188,3350,2000,224,224,5.161937729432298,5.161937729432297,12.045759661382682,11.709945380232497,True,False
27363,7189980000000000000,719,4085,4042,3235,2000,221,221,4.95903794187056,4.95903794187056,11.996120363033047,11.65954999687987,True,False
27364,12708150000000000000,1271,4542,4480,3624,2000,276,275,5.307520194324787,5.306221610784344,12.149111990706889,11.823367240046235,True,False
27365,598500000000000000,60,2120,2056,1748,2000,262,262,4.3994542846246105,4.3994542846246105,11.049848549450562,10.7714894695006,True,False
27366,12418875000000000000,1242,4525,4456,3609,2000,296,296,5.534427481468753,5.534427481468752,12.143702076857931,11.817383427897232,True,False
27367,7989975000000000000,799,4352,4266,3499,2000,347,346,5.20255888273695,5.201528629949451,12.087462841250339,11.77272694923985,True,False
27368,13845300000000000000,1385,4827,4730,3872,2000,377,376,4.780077146732911,4.77974379488003,12.236911111444602,11.918863237274595,True,False
27369,16987425000000000000,1699,5182,5058,4159,2000,442,440,4.780459488972455,4.779903902550986,12.339293300180094,12.022020969646356,True,False
27370,8179500000000000000,818,4929,4758,3954,2000,517,514,5.310926804329645,5.31001371943609,12.26707926567123,11.949097155729207,True,False
27371,10324125000000000000,1032,5335,5136,4258,2000,585,583,4.597917279665539,4.597385258345817,12.381272555711787,12.055960234452295,True,False
27372,5486250000000000000,549,5007,4789,4011,2000,632,629,4.924579691038414,4.923337158047933,12.289730740083755,11.96974625081451,True,False
27373,14653275000000000000,1465,6324,6012,4955,2000,755,751,5.70993954308078,5.709679827027504,12.62662165235837,12.274669342073851,True,False
27374,11122125000000000000,1112,6402,5995,4949,2000,763,757,5.0457081712653125,5.044459088980842,12.644306961545581,12.272921326867003,True,False
27375,2710207500000000000,271,5368,4890,4103,2000,763,757,4.791304388758167,4.7896525728570225,12.390168956200183,12.002463438892535,True,False
27376,8677252500000000000,868,6661,5898,4887,2000,798,792,4.810116196189778,4.809199373435505,12.701523066574435,12.254733389246674,True,False
27377,3253845000000000000,325,5849,5080,4271,2000,801,795,5.248183147683161,5.246766232135206,12.513974273740658,12.060358182642142,True,False
27378,22134525000000000000,2213,7235,6431,5355,2000,844,835,5.241925018278973,5.241102327115632,12.820777301419087,12.386670859637618,True,False
27379,9177000000000000000,918,7299,6433,5397,2000,897,886,4.9362328639558575,4.934222837269262,12.833483105659585,12.397941971972639,True,False
27380,877800000000000000,88,5322,4425,3876,2000,915,904,4.698973497678372,4.695813423100605,12.37775279502222,11.92035285541508,True,False
27381,23291625000000000000,2329,8107,7197,6041,2000,931,919,4.878946285907328,4.877232260128405,12.984952427732367,12.56057167123656,True,False
27382,1236900000000000000,124,6007,5069,4355,2000,937,925,4.602544334583614,4.600184041456096,12.55242894852647,12.088457003486226,True,False
27383,967575000000000000,97,5786,4703,4093,2000,966,953,4.529223383246283,4.52557811204637,12.4983506079296,11.998942951443086,True,False
27384,15271725000000000000,1527,8422,7327,6123,2000,981,966,5.009108013238132,5.006766575638664,13.039947160169094,12.580022967753875,True,False
27385,24099600000000000000,2410,8744,7610,6348,2000,997,980,5.3461798084218035,5.344870248649071,13.094077685671905,12.632086412835182,True,False
27386,9392985469095150590,939,8579,7225,6014,2000,1017,991,4.637762286176444,4.633853673477573,13.066593776312251,12.554109152574004,True,False
27387,10792950000000000000,1079,8843,7423,6156,2000,1025,996,4.828945865657081,4.822846783606014,13.110320173609699,12.58777751632821,True,False
27388,8227380000000000000,823,8661,7228,6009,2000,1048,1020,5.408465234708578,5.4065385260912056,13.080317892957138,12.552909206533863,True,False
27389,8768025000000000000,877,8742,7271,6028,2000,1022,990,5.161775753175399,5.157791103926709,13.093747662785669,12.557463701597824,True,False
27390,14214375000000000000,1421,9008,7481,6159,2000,985,955,4.597861571962003,4.591668829206633,13.13699111208023,12.588480412829758,True,False
27391,2783025000000000000,278,8014,6370,5358,2000,1054,1025,4.780895965238279,4.7770682595787015,12.968306794430799,12.387478865842379,True,False
27392,18154500000000000000,1815,9834,8349,6848,2000,1199,1157,4.964036281650676,4.95929020075305,13.263562639820615,12.741466986401146,True,False
27393,4279275000000000000,428,8825,7321,6095,2000,1201,1162,4.6950703993214145,4.690231812687381,13.107380563045904,12.573410505507574,True,False
27394,8048827500000000000,805,9305,7676,6286,2000,1236,1190,5.0849733234758405,5.079922491863634,13.183790434946514,12.617926556798752,True,False
27395,8303190000000000000,830,9270,7756,6331,2000,1250,1210,5.205465147346535,5.202436387469386,13.178353623512892,12.628217680223434,True,False
27396,9147075000000000000,915,9308,7813,6373,2000,1255,1216,5.382178971576436,5.379942819378288,13.184255495405349,12.637756945412145,True,False
27397,5067300000000000000,507,8963,7464,6126,2000,1255,1213,4.964641399203453,4.960903128122258,13.129765981310651,12.580729651598958,True,False
27398,7750575000000000000,775,8772,7479,6069,2000,1193,1148,5.006587234015612,5.000576876866352,13.098690096673593,12.56724310527944,True,False
27399,6652327500000000000,665,8545,7269,5917,2000,1179,1135,5.087754239102173,5.08185665758814,13.060864776563502,12.530650179750014,True,False
27400,7830375000000000000,783,8127,6910,5608,2000,1113,1070,5.2046602718453086,5.198441488114218,12.98850717892317,12.453270634010623,True,False
27401,14463750000000000000,1446,7764,6651,5376,2000,1044,1003,5.23643984353607,5.231336247246376,12.922584402713664,12.39231742277876,True,False
27402,9875250000000000000,988,7349,6270,5091,2000,1019,978,5.17230149534026,5.1666531007061565,12.843332236217577,12.313733350263819,True,False
27403,12648300000000000000,1265,6004,5174,4199,2000,804,774,5.240765640478944,5.235404861809384,12.55170826162069,12.035830072835017,True,False
27404,8199450000000000000,820,5101,4389,3575,2000,707,682,5.042377974488612,5.036179291833523,12.316564385396942,11.803727526553114,True,False
27405,5486250000000000000,549,4236,3666,3007,2000,587,569,4.60964440628161,4.603502055059749,12.048486873992337,11.554109152574004,True,False
27406,14663250000000000000,1466,4247,3719,3020,2000,573,554,5.344502811138551,5.339344460754173,12.052228393347402,11.560332834212442,True,False
27407,9376500000000000000,938,3852,3353,2740,2000,539,522,5.238914927796477,5.232904815752702,11.911391987843459,11.419960177847889,True,False
27408,21735525000000000000,2174,2725,2430,2026,2000,392,385,5.762873133416406,5.761457144127579,11.41204051455165,10.984418458801137,True,False
27409,10423875000000000000,1042,2344,2085,1761,2000,347,340,5.343779762642671,5.341632614587507,11.194756854422248,10.782179193831208,True,False
27410,24189375000000000000,2419,1104,981,869,2000,170,170,5.588781188973705,5.588781188973705,10.108524456778168,9.7632123668144,True,False
27411,11770500000000000000,1177,746,673,604,2000,123,123,5.098782845119632,5.098782845119632,9.543031820255237,9.238404739325079,True,False
27412,5114827255118385000,511,511,464,418,2000,94,94,4.588575478002007,4.588575478002007,8.997179480937621,8.707359132080883,True,False
27413,30969382500000000000,3097,5756,5582,4613,2000,548,544,6.172262724934321,6.151910209816907,12.490850876740298,12.171489577065655,True,False
27414,2934891723340615,0,627,0,0,0,0,0,0.0,0.0,9.29232163280204,0,False,True
27415,3278143999406292,0,661,0,0,0,0,0,0.0,0.0,9.368506461507693,0,False,True
27416,50125313283208020,5,295,270,267,2000,129,128,4.41199995860526,4.411230407973028,8.204571144249204,8.060695931687555,True,False
27417,164112853508511159,16,2385,2110,1965,2000,700,696,4.375299033909566,4.37379734450899,11.219773550892874,10.940313597145968,True,False
27418,12469794206957875,1,984,475,459,475,475,459,8.89178370321831,8.815226802214942,9.94251450533924,8.842350343413807,False,False
27419,1758603286541341019,176,2939,2884,2356,2000,203,201,4.525293375407458,4.520476275634808,11.521109643651332,11.20212382383046,True,False
27420,4536747458515237,0,978,0,0,0,0,0,0.0,0.0,9.933690654952233,0,False,True
27421,174989069160847619,17,3859,2867,2653,2000,969,959,4.5623837347727765,4.558757590270918,11.914011328541255,11.373408960228696,True,False
27422,98752500000000000000,9875,9231,7982,6413,2000,1200,1156,6.305769944833105,6.303656604845953,13.1722712290547,12.646783691837793,True,False
27423,738710877645213905,74,784,772,701,2000,74,73,4.3678055552026995,4.365733373898241,9.614709844115207,9.453270634010623,True,False
27424,42530942280126386,4,781,533,507,2000,297,292,5.223599938793208,5.211917695802553,9.60917873814198,8.985841937003341,True,False
27425,81468925239654423057,8147,9649,8111,6642,2000,989,959,5.377265988067433,5.374533741420145,13.236163717219272,12.697402007502708,True,False
27426,55712903152749276593,5571,5310,5242,4254,2000,205,204,5.035760205007028,5.035260111239447,12.374496145691516,12.054604317960672,True,False
27427,8276523997301430284,828,364,362,329,2000,49,49,4.630010410964222,4.630010410964222,8.507794640198696,8.361943773735241,True,False
27428,4993940769632948597,499,344,342,315,2000,49,49,4.528363818850694,4.528363818850693,8.426264754702098,8.29920801838728,True,False
27429,60432069676804259,6,3685,2245,2119,2000,1029,1000,4.5189807091486465,4.505673513426478,11.847448903982432,11.04916787237217,True,False
27430,60130287028855719,6,3688,2218,2084,2000,1002,972,4.993596227313675,4.9759350916237945,11.848622940429339,11.025139562278508,True,False
27431,299250000000000000,30,5720,4133,3656,2000,1209,1168,4.458568227363925,4.44886434598256,12.481799431665753,11.83605035505807,True,False
27432,99750000000000000,10,4503,2958,2698,2000,1224,1182,5.3004331143477925,5.2739992211921045,12.136670762341845,11.397674632948268,True,False
27433,24388875000000000,2,2727,1525,1447,2000,1077,1037,6.51945081718023,6.4773595409837,11.413098984915264,10.498849206531725,True,False
27434,164088750000000000,16,1424,1102,1000,2000,379,372,4.419259858514238,4.41267980413559,10.475733430966399,9.965784284662087,True,False
27435,12902933001593945116,1290,2247,2240,1881,2000,89,88,4.629680026379652,4.629116661292606,11.133784409179908,10.877284133523196,True,False
27436,820350890885627749,82,2099,2033,1642,2000,184,182,4.464019479811527,4.462362695288267,11.035486451292154,10.681238411777805,True,False
27437,595625965250649900000,59563,1626,1621,1396,0,0,0,0.0,0.0,10.667111542075027,10.447083226209653,False,True
27438,149850591766872211,15,1413,1317,1223,2000,364,363,4.518793181362458,4.517592941314448,10.46454575033394,10.256208688527387,True,False
27439,1831057185277853772,183,2886,2825,2326,2000,207,206,4.829163656118757,4.828569976112281,11.494855584491198,11.183635381473218,True,False
27440,483896350232550,0,179,0,0,0,0,0,0.0,0.0,7.483815777264256,0,False,True
27441,109745280385919445,11,2653,1922,1748,2000,711,687,5.259298981630254,5.234608010683928,11.373408960228696,10.7714894695006,True,False
27442,19582495757194682622,1958,3195,3169,2601,2000,135,134,4.929080407803302,4.9289092570704724,11.641600215834357,11.34485068394299,True,False
27443,23678294781505295938,2368,9288,7750,6366,2000,990,960,5.413697777742661,5.41123556191047,13.181152256865566,12.636171441635922,True,False
27444,1177050000000000000,118,208,206,196,2000,39,39,4.224245211331231,4.224245211331232,7.700439718141092,7.614709844115208,True,False
27445,975772048468915147,98,229,227,215,2000,42,41,4.132106965825512,4.131422641846061,7.839203788096944,7.7481928495894605,True,False
27446,4987500000000000000,499,431,429,397,2000,43,43,4.256253703698264,4.256253703698264,8.751544059089099,8.632995197142957,True,False
27447,2613884439123595395,261,3259,2775,2321,2000,484,471,4.425992979115505,4.418423289924138,11.670213636738564,11.180530807344482,True,False
27448,992013750000000000,99,4709,3955,3404,2000,786,780,4.509956524373676,4.50867080252301,12.201205007299528,11.733015321685963,True,False
27449,29925000000000000,3,1931,1165,1143,2000,786,780,5.288935020101157,5.283790846547928,10.91513244895065,10.158609688214478,True,False
27450,99577247329157148,10,2632,1933,1844,2000,778,772,4.542280558607234,4.539193848626014,11.361943773735241,10.848622940429339,True,False
27451,1496250000000000000,150,2849,2794,2300,2000,231,230,4.724558874207535,4.724395652395316,11.476239906323851,11.167418145831737,True,False
27452,19551000000000000000,1955,8147,7000,5642,2000,1083,1041,5.654242132028068,5.650675348797591,12.992053192852639,12.461990950585571,True,False
27453,595875302519065275000,59588,1626,1621,1396,0,0,0,0.0,0.0,10.667111542075027,10.447083226209653,False,True
27454,317354625000000000,32,3665,2828,2493,2000,787,756,4.82288917411681,4.800363193734638,11.839597483021175,11.283667167491501,True,False
27455,225760579495071248,23,4927,3564,3165,2000,1090,1058,5.007662146261557,4.9914740315518555,12.266493756312183,11.627989784315703,True,False
27456,3389319366933135546,339,1603,1591,1326,2000,83,81,4.331873279514926,4.330338778245531,10.646558710154547,10.372865060112588,True,False
27457,3456361816802721063,346,3474,3408,2763,2000,202,201,4.677559919700516,4.67687229077009,11.762382038710392,11.432019846812493,True,False
27458,18058630560542371857,1806,4793,4753,3793,2000,216,216,4.661609302332107,4.661609302332107,12.226713224618962,11.889123656294238,True,False
27459,1964208003927053737,196,8057,6517,5498,2000,1213,1173,4.8335881102098694,4.829430631873159,12.976027040189834,12.424691191512954,True,False
27460,595768244542302463,60,6666,5125,4438,2000,1209,1169,4.463534613714776,4.452992574020483,12.702605602110248,12.115693952197011,True,False
27461,1386256663554689408,139,7737,6194,5241,2000,1210,1170,5.083232750690119,5.068858785119446,12.91755855851037,12.355626393637916,True,False
27462,501334279665125393,50,6539,4993,4343,2000,1228,1188,4.593755220404953,4.587393171233012,12.67485430794662,12.084476237453893,True,False
27463,589244030652103603,59,6695,5137,4465,2000,1236,1194,4.597798839023008,4.590089961370457,12.708868340211673,12.124444460008585,True,False
27464,315167420841712687,32,5835,4282,3784,2000,1216,1176,4.441538983886408,4.428877257843744,12.51051694059471,11.885696373339394,True,False
27465,202570111929850559,20,5417,3841,3426,2000,1222,1182,4.5876175486250155,4.578405973965028,12.403278375471052,11.742309436084,True,False
27466,236990133042556143,24,5534,3950,3517,2000,1218,1177,4.5129802259353875,4.5057756281303885,12.434106928609955,11.780129619625306,True,False
27467,271811680540806738,27,5658,4072,3611,2000,1208,1167,4.397788157639926,4.386143490166802,12.466076461396252,11.81818270494864,True,False
27468,61527051698688563,6,4109,2514,2323,2000,1209,1168,5.297497502820015,5.272185205531806,12.004571615167656,11.181773438808808,True,False
27469,2783731384859475394,278,8353,6733,5606,2000,1215,1172,4.39842721303497,4.38479126966318,13.028078722704887,12.452756029032495,True,False
27470,1043040283604429099,104,7050,5759,4832,2000,1177,1133,4.469169361012279,4.460563609577571,12.783407542173519,12.238404739325079,True,False
27471,48774757500000000,5,3367,1859,1752,2000,967,938,4.736617397863766,4.720761138227675,11.717248005827646,10.774787059601174,True,False
27472,19983421905920611,2,3029,1431,1371,2000,1215,1172,6.572906711060883,6.53116883676358,11.564625862795372,10.421012855779226,True,False
27473,27007849179295175269,2701,5028,4985,3995,2000,209,209,4.65761357018785,4.65761357018785,12.295768934420508,11.963979787815338,True,False
27474,5097225000000000,1,368,70,70,70,70,70,6.129283016944968,6.129283016944968,8.523561956057012,6.129283016944966,False,False
27475,99750000000000000,10,1154,858,787,2000,353,347,4.992015857864175,4.98230414752378,10.172427508645482,9.620219825507487,True,False
27476,676305000000000000,68,71,64,63,2000,29,29,4.28554717087087,4.28554717087087,6.149747119504682,5.977279923499917,True,False
27477,3898204932154544992,390,1320,1316,1184,2000,69,67,4.297607718852396,4.295215734303095,10.366322214245816,10.20945336562895,True,False
27478,14769029786114100000,1477,2298,2286,1928,2000,83,82,4.854940678249226,4.8501312326500745,11.166163082646113,10.912889336229961,True,False
27479,10947285190058600800,1095,2193,2181,1839,2000,82,81,4.80785313476099,4.803918091724474,11.098690096673593,10.844705764411938,True,False
28854,3303977004220515,0,616,0,0,0,0,0,0.0,0.0,9.266786540694902,0,False,True
28855,596005981950515465385,59601,1627,1622,1397,0,0,0,0.0,0.0,10.667998535672528,10.448116305409464,False,True
28856,272856150000000000,27,5662,4159,3680,2000,1254,1210,4.515004074007669,4.507271123776731,12.467096033905747,11.845490050944376,True,False
28857,3990000000000000000,399,1566,1554,1282,2000,73,73,4.648160430651071,4.64816043065107,10.612868497291041,10.324180546618742,True,False
28858,1496250000000000000,150,1028,1017,895,2000,62,62,4.379517825618263,4.3795178256182625,10.005624549193879,9.805743872151618,True,False
28859,323734615631152865,32,402,398,390,2000,60,59,4.280156945131425,4.276430757870872,8.651051691178928,8.60733031374961,True,False
28860,7367325262657506085,737,3739,3675,2944,2000,183,181,4.625573084779084,4.624532864293839,11.868436755858168,11.523561956057012,True,False
28861,17944862155388471,2,2898,1411,1356,2000,1246,1202,6.581994180775472,6.53983280069692,11.50084187955693,10.405141463136344,True,False
28862,71664489750000000000,7166,2299,2290,1910,2000,93,92,5.082139079918899,5.081855364478836,11.16679075071818,10.899356922923111,True,False
28863,53865000000000000000,5387,2335,2328,1939,2000,90,88,4.775469426590698,4.774547759022603,11.189206834597025,10.921097088106793,True,False
28864,199500000000000000000,19950,2593,2585,2121,0,0,0,0.0,0.0,11.340406490853294,11.050528905530555,False,True
28865,199500000000000000000,19950,2595,2587,2122,0,0,0,0.0,0.0,11.341518823245243,11.051208940914766,False,True
28866,183785004450940818,18,1378,1078,978,2000,366,359,4.53863344854308,4.532763875088085,10.428360172704291,9.933690654952233,True,False
28867,16225492093589538,2,216,112,112,2000,103,103,6.279654947958742,6.2796549479587425,7.754887502163468,6.807354922057604,True,False
28868,1981120132118799368,198,2977,2908,2386,2000,192,191,4.3551883894108485,4.353813045574889,11.539643506238036,11.220378327695228,True,False
28869,29703771856362843750,2970,5209,5155,4140,2000,238,236,5.705995926449275,5.704664589665992,12.346790721750702,12.015415052386688,True,False
28870,16121677575173476,2,27,24,24,233,24,24,4.484595975033204,4.484595975033204,4.754887502163468,4.584962500721156,False,False
28871,45930238048721775000,4593,2682,2669,2232,2000,78,78,4.932091990494265,4.932091990494266,11.389093521904474,11.124121311829187,True,False
28872,6109964545732457105,611,1949,1941,1667,2000,88,87,4.490375107234812,4.489684293348331,10.92851837525789,10.703038388986418,True,False
28873,1594016432582088,0,559,0,0,0,0,0,0.0,0.0,9.12670447284319,0,False,True
28874,5000000000000000,1,1135,136,136,136,136,136,7.087462841250339,7.087462841250339,10.148476582178278,7.087462841250339,False,False
28875,1575763867520642801,158,2474,2412,1957,2000,179,178,5.03396421835832,5.032404421548615,11.27262978497637,10.934428040626804,True,False
28876,3393465008158741,0,1405,0,0,0,0,0,0.0,0.0,10.456354415108288,0,False,True
28877,186033750000000000,19,1460,1133,1027,2000,382,375,4.5239179752359835,4.516220693362424,10.51175265376738,10.004220466318195,True,False
28878,9957910810967700000,996,2102,2093,1734,2000,79,78,4.42040326821448,4.41981989371162,11.037546953962178,10.759888183221834,True,False
28879,3186603673339052224,319,1546,1537,1270,2000,80,79,4.470280297567954,4.469715355538787,10.594324603924848,10.310612781659529,True,False
28880,5375717593376650322,538,6674,5663,4644,2000,951,911,4.741815256060079,4.733623232227419,12.704335971182319,12.181152256865566,True,False
28881,26006530879415620134,2601,6314,5470,4419,2000,831,798,5.738770340506599,5.735155550417048,12.624338545312986,12.109504215757006,True,False
28882,1401029681451391353,140,2809,2760,2259,2000,197,197,4.591084589078583,4.591084589078583,11.455840909126398,11.141468555393084,True,False
28883,61090095188096783,6,203,195,186,2000,80,79,4.592884922888032,4.591014446930843,7.6653359171851765,7.539158811108031,True,False
28884,68206212139849525,7,708,663,636,2000,196,196,4.3927516650521685,4.3927516650521685,9.467605550082997,9.312882955284355,True,False
28885,49811315025000372433,4981,4242,4200,3416,2000,141,141,4.853597764841818,4.853597764841818,12.050528905530555,11.73809225962049,True,False
28886,2563575000000000000,256,3022,2958,2378,2000,178,176,4.386443404507856,4.383841248150114,11.561287945164828,11.215532999745657,True,False
28887,4092490347256987,0,53,0,0,0,0,0,0.0,0.0,5.727920454563199,0,False,True
28888,461991972548401618,46,803,787,688,2000,100,99,4.250826545916214,4.2498261671906805,9.649256177517314,9.426264754702098,True,False
28889,124766312636843153367,12477,5508,5439,4419,0,0,0,0.0,0.0,12.427312844134963,12.109504215757006,False,True
28890,1198123595475277,0,135,0,0,0,0,0,0.0,0.0,7.076815597050831,0,False,True
28891,41885994959296409177,4189,5203,5135,4148,2000,295,295,5.505081011575542,5.505081011575539,12.345127991976693,12.018200178813226,True,False
28892,4021110324874140,0,344,0,0,0,0,0,0.0,0.0,8.426264754702098,0,False,True
28893,224902975724223339,22,4805,3583,3185,2000,1102,1061,4.773453761426906,4.757721944279673,12.230320715661113,11.637077657143664,True,False
28894,18439317696986106600,1844,4787,4726,3815,2000,207,206,4.817275348894709,4.81669637105377,12.224906090719767,11.897467341721892,True,False
28895,483297626886508905,48,4269,3432,3033,2000,857,847,4.512353006583032,4.509590536143958,12.059682447247638,11.56652978262417,True,False
28896,72421497478432331,7,3785,2335,2194,2000,1023,994,4.723897420822874,4.7092139477775214,11.886077584873094,11.099347810403193,True,False
28897,102254098051750034491,10225,5445,5377,4325,0,0,0,0.0,0.0,12.410716333604269,12.078484417411449,False,True
28898,4984507500000000000,498,8612,7202,6013,2000,1155,1118,5.16514419956315,5.16118914688889,13.072132604167233,12.553869243196068,True,False
28899,5121688397825524716,512,3992,3911,3210,2000,308,308,4.639776743055899,4.639776743055898,11.96289600533726,11.648357582009666,True,False
28900,4007436676672612,0,1123,0,0,0,0,0,0.0,0.0,10.133142212400601,0,False,True
28901,18000000000000000,2,1573,825,790,2000,719,693,6.517715212462101,6.4780672395209065,10.619302955415687,9.625708843064466,True,False
28902,234412500000000000,23,3545,2750,2518,2000,819,810,4.4403797869935815,4.436403663487911,11.791569912126878,11.298062567719017,True,False
28903,9936058677898500000,994,2362,2347,1970,2000,103,102,4.8807145741988665,4.880384403438402,11.205793249397157,10.943979914343739,True,False
28904,98191088936347006,10,4440,2954,2702,2000,1242,1201,5.125514862548072,5.103291319397972,12.116343961237469,11.399811959325685,True,False
28905,5012531328320802005,501,8999,7516,6231,2000,1200,1160,4.922709289270163,4.918678953309025,13.135548977749227,12.605248001565803,True,False
28906,4887750000000000000,489,8879,7381,6144,2000,1198,1157,4.963788461515464,4.959565353962635,13.116181486431183,12.584962500721156,True,False
28907,5182957393483709273,518,8413,7141,5829,2000,1163,1120,4.569938360006273,4.562363480249695,13.038404628941894,12.509032686306501,True,False
28908,2205513784461152882,221,2179,1900,1629,2000,355,348,4.550649704906157,4.545747846605703,11.089450481115907,10.669770888525518,True,False
28909,3989974937343358395,399,1912,1671,1436,2000,301,295,4.642452549384598,4.638009912274394,10.900866807980748,10.487840033823051,True,False
28910,5012531328320802005,501,1288,1123,987,2000,200,196,4.678814016140667,4.675828801694507,10.330916878114618,9.946906274456397,True,False
28911,4992481203007518796,499,68,64,64,2000,35,35,4.626886458796685,4.626886458796684,6.087462841250339,6.0,True,False
28912,72245121735959726,7,740,691,652,2000,192,191,4.356726235238388,4.355153683415658,9.531381460516313,9.348728154231077,True,False
28913,13965000000000000,1,585,310,304,310,310,304,8.276124405274237,8.237414727854883,9.192292814470767,8.247927513443585,False,False
28914,10555232132154210202,1056,5088,4392,3569,2000,695,672,5.3084000131133555,5.303677397900579,12.312882955284355,11.801304186049023,True,False
28915,4977525000000000000,498,8552,6908,5762,2000,1069,1039,5.083526342307801,5.0803292155879465,13.06204613772049,12.49235394515987,True,False
28916,1509018000000000000,151,7783,6251,5253,2000,1242,1201,4.783878797937204,4.777596406985351,12.926110641785304,12.358925869154714,True,False
28917,6015037593984962406,602,6167,5583,4639,2000,768,762,4.919453358631081,4.918716256155967,12.590353130978018,12.179598130849836,True,False
28918,9696548082517905,1,501,178,177,178,178,177,7.475733430966398,7.464497475910218,8.968666793195208,7.467605550082998,False,False
28919,269325000000000000,27,5645,4059,3599,2000,1208,1167,4.397788157639926,4.386143490166802,12.462757865660363,11.813380386924727,True,False
28920,277591538874516545,28,234,231,229,2000,54,54,4.526434116482074,4.526434116482074,7.870364719583405,7.839203788096944,True,False
28921,9975000000000000,1,279,99,98,99,99,98,6.62935662007961,6.60915459987759,8.124121311829187,6.614709844115208,False,False
28922,98020731917899652,10,3538,2423,2215,2000,1023,985,5.597762091687287,5.570127624994919,11.788718332690458,11.113090983442381,True,False
28923,3003407948033905,0,123,0,0,0,0,0,0.0,0.0,6.94251450533924,0,False,True
28924,80601503759398496,8,181,140,137,2000,80,80,4.285792506846687,4.285792506846688,7.499845887083206,7.098032082960526,True,False
28925,17952359518851964353,1795,7086,6278,5236,2000,845,834,5.102314652438353,5.099568769986682,12.790755750118313,12.354249381945241,True,False
28926,2000000000000000,0,386,0,0,0,0,0,0.0,0.0,8.59245703726808,0,False,True
28927,312781954887218045,31,3433,2662,2345,2000,749,721,4.767842012947304,4.7447343925480805,11.745254141957256,11.19537220740274,True,False
28928,11082914225217945,1,1360,612,591,612,612,591,9.257387842692651,9.182224443999841,10.409390936137703,9.207014320177532,False,False
28929,903883417670082118,90,789,776,693,2000,72,71,4.288737628017753,4.287244524488644,9.623881490013458,9.436711542137214,True,False
28930,982822678223762754,98,620,616,591,2000,72,69,4.539304477903075,4.473582155673343,9.276124405274238,9.207014320177532,True,False
28931,776055000000000000,78,2200,2155,1798,2000,207,207,4.377508878316801,4.377508878316801,11.103287808412022,10.812177305514448,True,False
28932,30479186941841835615,3048,8853,7720,6439,2000,993,975,5.411078815154204,5.408959461275839,13.111950706153163,12.652620934638165,True,False
28933,98221336424282672,10,873,819,761,2000,198,196,4.389125607890556,4.38687677107931,9.76983784362944,9.571752643503546,True,False
28934,14521258830169338,1,535,285,280,285,285,280,8.154818109052107,8.119730389753862,9.06339508128851,8.129283016944967,False,False
28935,255639097744360902,26,4416,3326,2955,2000,1008,969,4.3734876012445,4.3615218983470685,12.108524456778168,11.528942415064895,True,False
28936,5984002127242420974,598,8466,7034,5868,2000,1032,1003,4.733094639028419,4.728665301870807,13.04746477331842,12.51865315567339,True,False
28937,38889493626895295580,3889,2199,2192,1837,2000,79,78,4.675214725609669,4.674614574091631,11.102631888854969,10.84313591111135,True,False
28938,97872605978023414,10,3159,2227,2109,2000,932,921,4.397386603442601,4.39418269251601,11.625252221746873,11.042343379793692,True,False
28939,6958487727657595709,696,2872,2844,2315,2000,104,104,4.36151058970349,4.36151058970349,11.487840033823051,11.1767964781476,True,False
28940,596134669653532019325,59613,1626,1621,1396,0,0,0,0.0,0.0,10.667111542075027,10.447083226209653,False,True
28941,2992500000000000000,299,4041,3884,3262,2000,469,467,4.50491958938301,4.50413123634586,11.98049663618346,11.671541066711884,True,False
28942,1327895271647021918,133,4585,4228,3585,2000,737,732,4.426452748037423,4.42500993824832,12.162706018482417,11.807757403589267,True,False
28943,72258555762063720,7,1468,1034,955,2000,445,434,4.526129322434672,4.514788961646727,10.519636252843213,9.899356922923111,True,False
28944,3555057384196725982,356,8604,7119,5951,2000,1197,1156,4.833005406341613,4.828231068772162,13.070791809423062,12.538916402464112,True,False
28945,36907500000000000,4,1732,1098,1028,2000,622,604,5.281533625620493,5.259348600248736,10.758223214726724,10.005624549193879,True,False
28946,99750000000000000,10,1303,1161,1106,2000,454,452,4.5287276363515065,4.526835100136788,10.347621368568134,10.111135670234708,True,False
28947,1096114854040841878,110,7238,5902,4956,2000,1211,1168,4.407263742191718,4.397967478242952,12.82137539237254,12.274960472140602,True,False
28948,586374801436553,0,436,0,0,0,0,0,0.0,0.0,8.768184324776927,0,False,True
28949,119699251272564319916,11970,4346,3835,3111,0,0,0,0.0,0.0,12.085472459181283,11.603162679534382,False,True
28950,49974750000000000000,4997,8866,7797,6519,2000,969,957,4.657496054634143,4.655745099084898,13.114067647165264,12.670434959902439,True,False
28951,4986757617266355000,499,4603,3957,3252,2000,648,629,4.598021448036,4.592472899294197,12.168358727223886,11.667111542075027,True,False
28952,4987468671679197994,499,4461,3838,3150,2000,628,609,4.599166341068644,4.5933001113140115,12.123151432773575,11.621136113274641,True,False
28953,49875000000000000,5,318,288,282,2000,109,107,4.432435796467801,4.430840649958678,8.312882955284355,8.139551352398794,True,False
28954,44887500000000000,4,2423,1567,1518,2000,871,861,4.788169853878006,4.782098562601994,11.242578689451346,10.567956075415466,True,False
28955,393040181141943180,39,1861,1788,1555,2000,288,288,4.742681561944703,4.742681561944703,10.861862340059151,10.602698865017965,True,False
28956,1053016527733680465,105,2776,2699,2262,2000,294,294,4.778053128885478,4.778053128885478,11.43879185257826,11.14338321398982,True,False
28957,2258425730831641393,226,3434,3352,2802,2000,319,319,4.498352772473308,4.49835277247331,11.745674324002135,11.452241240430817,True,False
28958,20369675406217542245,2037,3198,3175,2607,2000,124,123,4.635772578645543,4.6355355461647125,11.642954223480332,11.348174867535556,True,False
28959,10025062656641604,1,2486,966,935,966,966,935,9.915879378835776,9.846500962677748,11.279610581052484,9.868822554774999,False,False
28960,50125313283208020,5,3973,2474,2283,2000,1240,1198,4.797461176883355,4.779219881501413,11.956013078088098,11.156715144224702,True,False
28961,30373887214737620599,3037,8925,7690,6189,2000,1133,1091,4.507590871469359,4.499777797310811,13.123636453803824,12.59549060660764,True,False
28962,97746857679032041823,9775,5473,5405,4374,2000,231,227,5.73309332629399,5.72139660410064,12.418116141207488,12.094737505048093,True,False
28963,3770446273805400000,377,1675,1669,1409,2000,85,84,4.3673003721580494,4.3664913913937005,10.709945380232497,10.460455896309636,True,False
28964,20797772591709861957,2080,7089,6314,5232,2000,818,809,4.921859268160659,4.920696032060459,12.791366414695004,12.353146825498083,True,False
28965,7577110800237825000,758,3091,2705,2243,2000,431,419,5.1598558028655335,5.154094691228558,11.593857938858223,11.131213905086272,True,False
28966,4047296854939330,0,62,0,0,0,0,0,0.0,0.0,5.954196310386875,0,False,True
28967,52360288407000000,5,145,132,132,2000,63,63,4.278829893940021,4.278829893940022,7.1799090900149345,7.044394119358453,True,False
28968,89783005514681460,9,1840,1571,1513,2000,665,661,4.830685275151721,4.825548782894747,10.845490050944376,10.563196272216738,True,False
28969,299250000000000000,30,4123,3127,2774,2000,918,881,4.967355853042258,4.94734584328039,12.009478745888066,11.437752072323603,True,False
28970,947147596613126394,95,1891,1608,1410,2000,354,347,4.4532281598251,4.447544868920108,10.884933647949762,10.461479447286155,True,False
28971,100250626566416040,10,2146,1570,1430,2000,581,564,5.2130393470883325,5.194168404006472,11.067434360756522,10.481799431665753,True,False
28972,14695379509583993,1,1962,966,955,966,966,955,9.915879378835776,9.893105051713622,10.938109326219239,9.899356922923111,False,False
28973,9159787772937433,1,2048,530,519,530,530,519,9.04984854945056,9.004565530582635,11.0,9.019590728357882,False,False
28974,19950000000000000,2,2869,1370,1314,2000,1182,1141,6.558730407378961,6.514819904184765,11.486332252768664,10.35974956032233,True,False
28975,67223819250000000000,6722,9667,8354,6708,2000,1229,1183,5.862394132702672,5.859353253626143,13.238852526315656,12.711666973564347,True,False
28976,14439732121827986972,1444,4654,4587,3721,2000,195,194,4.746350476084544,4.745602393047328,12.184255495405349,11.861474675125773,True,False
28977,20051800186126357,2,2338,1242,1210,2000,962,947,6.547966041778379,6.530290798626828,11.191059214531656,10.240791332161956,True,False
28978,18180634500000000,2,510,294,289,2000,252,248,6.460086248788619,6.444074239781863,8.994353436858859,8.174925682500678,True,False
28979,26529484545016950000,2653,2568,2556,2149,2000,89,88,5.154310849868111,5.151395030579424,11.326429487122303,11.069449767427784,True,False
28980,46877875081141177,5,1244,838,784,2000,431,420,4.895494395951976,4.880379013321182,10.280770770130603,9.614709844115207,True,False
28981,75121595990964417,8,1288,923,854,2000,403,394,4.473046800862758,4.4644238811421415,10.330916878114618,9.73809225962049,True,False
28982,5746240578621013,1,235,53,53,53,53,53,5.727920454563199,5.727920454563199,7.876516946564999,5.727920454563199,False,False
28983,151216115610702791,15,5208,3575,3215,2000,1218,1172,4.78541203833799,4.763709174720142,12.346513733165635,11.650603022215309,True,False
28984,24917550000000000000,2492,5639,5468,4525,2000,526,523,5.6826681902430325,5.682009911349795,12.461223627613371,12.143702076857931,True,False
28985,170073750000000000000,17007,5752,5700,4581,0,0,0,0.0,0.0,12.489847960439297,12.161446847518008,False,True
28986,983526731588343257,98,7149,5532,4735,2000,1221,1175,4.742446045256199,4.736686301381392,12.803525736911427,12.209148710355747,True,False
28987,3990000000000000,0,675,0,0,0,0,0,0.0,0.0,9.398743691938193,0,False,True
28988,6383182705604166307,638,1960,1950,1620,2000,80,79,4.372823365855488,4.372189028706557,10.936637939002571,10.661778097771988,True,False
28989,9925612782065800347,993,2071,2060,1706,2000,81,80,4.395134706359845,4.394441894232736,11.016111838220512,10.73640193131829,True,False
28990,7981714885774308333,798,6678,5860,4910,2000,842,832,4.9686613371355115,4.967417370442338,12.705200378063116,12.261507309202056,True,False
28991,61772074347966728,6,1432,998,929,2000,444,433,4.755521532872979,4.741346436407268,10.483815777264256,9.859534786382653,True,False
28992,2256273012072828036,226,5483,4831,4059,2000,777,771,4.467818455956333,4.466377114777036,12.420749758296799,11.986908624697694,True,False
28993,6982500000000000,1,1840,322,316,322,322,316,8.330916878114614,8.28743861724505,10.845490050944376,8.303780748177102,False,False
28994,16708743438119286,2,1847,937,896,2000,841,808,6.5751086756662005,6.534277160975165,10.850968150982439,9.807354922057604,True,False
28995,5015281227449645924,502,7155,6246,5283,2000,928,917,4.834349567306388,4.833116515042585,12.80473605161403,12.367141694552364,True,False
28996,5457919798581294,1,1295,192,188,192,192,188,7.584962500721157,7.532879167387824,10.338736382573916,7.554588851677638,False,False
28997,6649111715344561768,665,7907,6785,5695,2000,972,956,4.599599539701794,4.5968218362923015,12.94891470931216,12.475480126595475,True,False
28998,6158709725436268769,616,9056,7467,6154,2000,1236,1193,5.5102845503592,5.507470775288712,13.144658242831882,12.587308728333545,True,False
28999,5324027585655871738,532,1642,1636,1433,2000,84,82,5.074099441698737,5.032822394357726,10.681238411777805,10.484822894262146,True,False
29000,4987500000000000000,499,8895,7403,6097,2000,1246,1206,4.604397954913262,4.598413189359974,13.118778890154521,12.573883830656468,True,False
29001,94861851000000000000,9486,10095,8609,6943,2000,1320,1275,6.755313548348493,6.740186927030215,13.301353290218836,12.761343456100649,True,False
29002,2105263157894736,0,138,0,0,0,0,0,0.0,0.0,7.108524456778169,0,False,True
29003,6763076133636474,1,171,43,43,43,43,43,5.426264754702098,5.426264754702098,7.417852514885898,5.426264754702098,False,False
29004,10473750000000000,1,2433,954,922,954,954,922,9.89784545600551,9.823296802463828,11.24852060493843,9.848622940429339,False,False
29005,4987441354945117861,499,7414,6275,5136,2000,1048,1007,4.592650541144876,4.585838021776334,12.856036399819155,12.326429487122303,True,False
29006,29671174857121850347,2967,5771,5586,4616,2000,561,559,5.762144766243745,5.761970853200266,12.49460561567122,12.172427508645482,True,False
29007,760081563726940,0,481,0,0,0,0,0,0.0,0.0,8.909893083770042,0,False,True
29008,1491604598563661268,149,5099,4447,3757,2000,786,780,4.843697821063971,4.842796752747032,12.315998622628559,11.87536540064177,True,False
29009,149593156172041841,15,3949,2859,2583,2000,1008,969,4.514862106074574,4.4981120367221035,11.947271652460348,11.334831928118,True,False
29010,18354000000000000000,1835,7361,6323,5106,2000,1001,960,5.475943319791029,5.471734436131111,12.845686055977064,12.31797782240712,True,False
29011,4010025062656641,0,652,0,0,0,0,0,0.0,0.0,9.348728154231077,0,False,True
29012,2121853851418277,0,844,0,0,0,0,0,0.0,0.0,9.721099188707186,0,False,True
29013,1298752506265664160,130,7555,6090,5106,2000,1246,1203,4.604054677991586,4.598125420929965,12.883216040052192,12.31797782240712,True,False
29014,6100010081151272411,610,958,840,745,2000,139,139,4.663893068327969,4.663893068327969,9.90388184573618,9.541096615349524,True,False
29015,168224032463031453128,16822,5515,5448,4433,0,0,0,0.0,0.0,12.429145170478744,12.114067647165264,False,True
29016,687776250000000000,69,6809,5213,4483,2000,1218,1174,4.49964651594185,4.4914880382860005,12.733227217851562,12.13024878405069,True,False
29017,9931785889242000000,993,2050,2038,1722,2000,69,69,4.649382942950211,4.649382942950211,11.001408194392809,10.749869427396844,True,False
29018,18244275000000000000,1824,2368,2356,1986,2000,73,73,4.758103244110082,4.758103244110082,11.20945336562895,10.955649907528374,True,False
29019,28345776354000000000,2835,2583,2571,2164,2000,96,95,5.472069317170259,5.469132408580198,11.334831928118,11.079484783826816,True,False
29020,9091330399288865870,909,868,865,753,2000,60,60,4.610574528797951,4.610574528797952,9.761551232444479,9.556506054671928,True,False
29021,1539108313657081956,154,521,518,492,2000,59,59,4.482771909090028,4.482771909090027,9.025139562278508,8.94251450533924,True,False
29022,376817870282934,0,119,0,0,0,0,0,0.0,0.0,6.894817763307944,0,False,True
29023,227226954593856334,23,4406,3236,2925,2000,993,975,4.421288278964866,4.413355026201958,12.105253779700883,11.51422090935813,True,False
29024,108835142149557777921,10884,2217,2210,1846,0,0,0,0.0,0.0,11.114393054867307,10.850186837645774,False,True
29025,140815113436866325,14,363,356,342,2000,72,70,4.5202888503885355,4.500887558714978,8.50382573799575,8.417852514885897,True,False
29026,1500000000000000000,150,6579,5457,4663,2000,969,953,4.468075868875422,4.464539702889813,12.68365259739475,12.187042714339894,True,False
29027,180403945064327492745,18040,7469,7062,5813,0,0,0,0.0,0.0,12.866699382882029,12.505067193231886,False,True
29028,320394520348506360,32,3145,2792,2510,2000,736,731,4.463302247838786,4.460965763561413,11.618844301766652,11.293471648838134,True,False
29029,5551167092583970909,555,5440,5163,4316,2000,708,704,4.422198731832301,4.420998611820299,12.409390936137703,12.075479149488016,True,False
29030,88364277555363066,9,1274,1117,1076,2000,462,460,4.384321854751808,4.382970255627751,10.3151495622563,10.071462362556623,True,False
29031,7880250000000000,1,1304,309,303,309,309,303,8.271463027904371,8.226155584538676,10.348728154231077,8.243173983472952,False,False
29032,14870552427564707,1,1785,906,896,906,906,896,9.823367240046236,9.8012921848586,10.801708358916462,9.807354922057604,False,False
29033,493053182444966168,49,688,680,638,2000,85,83,4.513311409608,4.510192250471142,9.426264754702098,9.31741261376487,True,False
29034,1082706766917293233,108,2569,2503,2061,2000,200,199,4.444929007176555,4.443928688893465,11.326991174900817,11.009128789539256,True,False
29035,24985233671944244206,2499,2438,2426,2009,2000,80,79,4.757928191196003,4.757080445094133,11.251482410620213,10.972261848733291,True,False
29036,149591724851125032367,14959,5842,5745,4713,0,0,0,0.0,0.0,12.51224664282918,12.202429966015352,False,True
29037,17066206915469963930,1707,4695,4635,3736,2000,259,259,4.954529450285386,4.954529450285388,12.196909442541138,11.867278739709661,True,False
29038,34006823740990698,3,678,580,573,2000,364,363,5.475313796599318,5.473185004688727,9.405141463136344,9.162391328756906,True,False
29039,49875000000000000,5,256,231,228,2000,126,125,4.573756393368336,4.57282227863671,8.0,7.832890014164741,True,False
29040,500000000000000,0,393,0,0,0,0,0,0.0,0.0,8.618385502258606,0,False,True
29041,10004012535460540,1,1775,689,670,689,689,670,9.42836017270429,9.369209392585041,10.793603309279407,9.388017285345136,False,False
29042,9975000000000000,1,445,260,260,260,260,260,8.022367813028454,8.022367813028454,8.79766152585376,8.022367813028454,False,False
29043,11012531328320802,1,2659,1025,987,1025,1025,987,10.001408194392809,9.919579606118734,11.376668061857668,9.946906274456397,False,False
29044,5012531328320802,1,1604,197,193,197,197,193,7.622051819456377,7.571290398136581,10.64745842645492,7.592457037268081,False,False
29045,285250387555682027,29,5682,4133,3669,2000,1223,1182,4.670138517712508,4.65996616436953,12.472183116189541,11.841171189248543,True,False
29046,2826429330975600000,283,1089,942,843,2000,177,174,4.48932715797031,4.48601340850263,10.088788238716907,9.719388820942083,True,False
29047,149625000000000000,15,6,5,5,0,0,0,0.0,0.0,2.584962500721156,2.321928094887362,False,False
29048,31367106381354084940,3137,5111,5043,4038,2000,195,194,4.679025015178734,4.678207893333297,12.31938987600021,11.979425195331473,True,False
29049,4488750000000000,0,1136,0,0,0,0,0,0.0,0.0,10.149747119504681,0,False,True
29050,50125313283208020,5,3812,2468,2280,2000,1213,1170,5.199065065395464,5.174428391221628,11.896332403909941,11.154818109052105,True,False
29051,109690806671135,0,3,0,0,0,0,0,0.0,0.0,1.584962500721156,0,False,True
29052,651629072681704260,65,2055,1987,1598,2000,186,183,4.378392280834115,4.375325409271454,11.004922678569045,10.642051692927977,True,False
29053,11698757482202858,1,2570,1080,1046,1080,1080,1046,10.076815597050832,10.007959552628053,11.32755264408124,10.030667136246942,False,False
29054,4492545914979302,0,1451,0,0,0,0,0,0.0,0.0,10.502831804066744,0,False,True
29055,110722500000000000,11,4483,3193,2893,2000,1170,1127,5.289011166203537,5.2609132016439215,12.13024878405069,11.4983506079296,True,False
29056,45386250000000000,5,552,486,466,2000,192,191,4.71134682978273,4.708594765734693,9.108524456778168,8.86418614465428,True,False
29057,952704863834631703,95,2347,2292,1883,2000,203,202,4.404352103309994,4.403251718175197,11.196602126523171,10.878817284614229,True,False
29058,14974158214713732216,1497,6958,6161,5136,2000,831,822,4.7948291480341085,4.793473032348239,12.76445696361989,12.326429487122303,True,False
29059,3780596346133621961,378,401,399,369,2000,49,48,4.376295906250844,4.375947974240102,8.64745842645492,8.527477006060396,True,False
29060,7082250000000000000,708,6488,5532,4518,2000,909,872,4.902681212254322,4.895235351099099,12.663558104217273,12.141468555393084,True,False
29061,1403508771929824561,140,7002,5625,4787,2000,1013,987,4.874563152200917,4.871556912463291,12.773551346428505,12.224906090719767,True,False
29062,481203007518796992,48,5715,4245,3719,2000,1006,975,4.501069347332213,4.494304894549618,12.480537783101841,11.860699032611988,True,False
29063,44870654782391857275,4487,2649,2638,2191,2000,86,85,5.030209379305069,5.029576256681913,11.371232128369622,11.097373768990222,True,False
29064,1037433337973917703,104,6869,5386,4598,2000,966,937,4.4682928920688,4.456976434193149,12.74588436914204,12.16679075071818,True,False
29065,9967816038053032847,997,4848,4706,3886,2000,472,470,5.382791319512754,5.3824966616838115,12.243173983472952,11.924070185585345,True,False
29066,75441887264855157,8,2359,1628,1496,2000,712,688,4.51973900873654,4.5066257583092515,11.203959703239462,10.546894459887637,True,False
29067,55566543633998824129,5557,2648,2642,2171,2000,90,89,4.424022846313484,4.423172194895933,11.370687406807217,11.084144010615145,True,False
29068,139650000000000000,14,5063,3449,3112,2000,1215,1171,4.407327332216552,4.39790279010394,12.30577676890981,11.603626344986193,True,False
29069,41660220448728000000,4166,2740,2728,2300,2000,82,81,4.997447663035434,4.951810551906801,11.419960177847889,11.167418145831737,True,False
29070,149625000000000000,15,3002,2206,1995,2000,760,733,4.538184588650113,4.522306009245485,11.55170826162069,10.962173031109709,True,False
29071,49894950000000000000,4989,9240,8030,6640,2000,1030,1006,5.707743662949624,5.705429253466363,13.17367713630342,12.696967526234287,True,False
29072,498750000000000000,50,5743,4397,3842,2000,1077,1044,4.527916169275884,4.511791492584752,12.48758884638603,11.907641803665527,True,False
29073,41145794238449088243,4115,10111,8497,6886,2000,1246,1204,5.541129960099324,5.538849231290573,13.303638069539703,12.749450465569916,True,False
29074,49875000000000000,5,3055,1872,1787,2000,1003,984,5.083155847543002,5.0714326266202665,11.576956664706092,10.80332391904149,True,False
29075,375477325632256067,38,5404,3949,3481,2000,1022,993,4.4570228886158105,4.451029457181803,12.399811959325685,11.765286098723683,True,False
29076,402174324985024763699,40217,10099,8699,6994,0,0,0,0.0,0.0,13.301924824361555,12.771902080697716,False,True
29077,89382912537098953,9,4359,2858,2606,2000,1242,1200,6.163513196607251,6.1303587182556525,12.089781488353998,11.347621368568134,True,False
29078,4995891204233040031,500,8384,7018,5866,2000,1111,1078,5.1250859810380325,5.121950134932124,13.03342300153745,12.518161355756956,True,False
29079,4253704607458183339,425,6955,5871,4816,2000,1006,966,4.421206630757119,4.411798727206264,12.7638347994296,12.233619676759702,True,False
29080,286885579815562285,29,1542,1488,1303,2000,203,201,4.574663345104392,4.571174916300953,10.590587049915035,10.347621368568134,True,False
29081,113752757044332065,11,1038,984,910,2000,197,194,4.389817718236392,4.386771905620833,10.019590728357882,9.829722735086058,True,False
29082,407642078294944565,41,1790,1741,1473,2000,195,195,4.501366924252227,4.501366924252228,10.805743872151618,10.524541715035848,True,False
29083,4080185506943931958,408,3922,3830,3189,2000,355,354,4.588392678573458,4.587964107144885,11.93737382019215,11.638888382252262,True,False
29084,4142596071579544,0,1551,0,0,0,0,0,0.0,0.0,10.59898297103609,0,False,True
29085,3434851360786466155,343,2574,2542,2058,2000,123,121,4.810236113750948,4.809808918098486,11.329796338220701,11.007027266893969,True,False
29086,7561297017856858796,756,1960,1952,1678,2000,88,86,4.286723135670603,4.285112453523384,10.936637939002571,10.712527000439824,True,False
29087,528675000000000000,53,4949,4000,3538,2000,945,934,4.788211705957986,4.786965705986532,12.272921326867003,11.788718332690458,True,False
29088,48245965728113210,5,3721,2179,2023,2000,1204,1164,4.548166325456753,4.5326769401577955,11.861474675125773,10.982280604558284,True,False
29089,1067291116122000000,107,871,864,782,2000,67,66,4.323360000175575,4.321332547207463,9.766528908598865,9.611024797307353,True,False
29090,1815719690106449627,182,1134,1127,997,2000,88,86,4.471937131157509,4.4707716746017985,10.147204924942228,9.961449694398196,True,False
29091,5888580712932785127,589,1835,1823,1505,2000,73,72,4.39997881266814,4.398624322813819,10.841564347730575,10.555547771647065,True,False
29092,1919905119590333292,192,1124,1113,976,2000,72,71,4.398820997865123,4.39721261058873,10.134426320220927,9.930737337562887,True,False
29093,116420661456281392,12,2096,1830,1731,2000,667,664,5.259615185711052,5.256610177363806,11.03342300153745,10.757390009366638,True,False
29094,9162224878236807942,916,4358,4303,3447,2000,201,200,4.404754749009765,4.403493208783835,12.089450481115907,11.75112558336727,True,False
29095,223938750000000000,22,1380,1314,1165,2000,195,194,4.385860022523954,4.384624900134554,10.430452551665532,10.186114239541643,True,False
29096,79800000000000000,8,3791,2372,2185,2000,1065,1034,4.756254757048444,4.7387476811617955,11.888362741170644,11.093417564387961,True,False
29097,5169115047195637,1,43,6,6,6,6,6,2.584962500721156,2.584962500721156,5.426264754702098,2.584962500721156,False,False
29098,8287570740771824,1,45,13,13,13,13,13,3.7004397181410926,3.7004397181410926,5.491853096329675,3.700439718141092,False,False
29099,618898550563044553,62,4476,3662,3216,2000,825,815,4.549181633739986,4.54381068314553,12.127994320976393,11.651051691178928,True,False
29100,427949537461488292,43,6282,4662,4068,2000,1219,1173,4.407608272816361,4.396941818383235,12.617008227651965,11.9901039638575,True,False
29101,4322744496434830,0,1443,0,0,0,0,0,0.0,0.0,10.494855584491198,0,False,True
29102,69825000000000000,7,2525,1760,1700,2000,787,781,4.394228002019279,4.392023303700432,11.302067672526519,10.731319031025064,True,False
29103,249375000000000000000,24938,7967,7140,5961,0,0,0,0.0,0.0,12.959820859580754,12.541338657970826,False,True
29104,7979123904522933809,798,7034,6179,5178,2000,881,871,4.879471632304341,4.87825752583142,12.780129619625306,12.338179249900112,True,False
29105,171651974974291950,17,407,397,377,2000,79,78,4.243790298133233,4.242790356719458,8.668884984266247,8.558420713268664,True,False
29106,20525851187808405,2,65,52,51,612,52,51,5.221401525719476,5.215973879496971,6.022367813028454,5.672425341971495,False,False
29107,29338838871468182,3,1984,1203,1177,2000,814,805,5.837004125899643,5.827806226160961,10.954196310386875,10.200898605038445,True,False
29108,1136499802709458,0,37,0,0,0,0,0,0.0,0.0,5.20945336562895,0,False,True
29109,758100000000000000,76,2158,2098,1731,2000,202,201,4.3539366339347785,4.352560774022335,11.075479149488016,10.757390009366638,True,False
29110,86782500000000000,9,348,251,245,2000,114,114,4.3932489333850295,4.3932489333850295,8.442943495848729,7.936637939002571,True,False
29111,3613975731225565794,361,3608,3549,2886,2000,250,250,5.0375043558461705,5.0375043558461705,11.81698362325538,11.494855584491198,True,False
29112,4648350000000000000,465,8846,7348,6117,2000,1202,1161,5.381047188516026,5.378272042241521,13.110809526898654,12.578608560737752,True,False
29113,38410209660026032,4,639,557,551,2000,313,313,4.741541445173075,4.741541445173074,9.319672120946995,9.105908508571158,True,False
29114,5812680082482648219,581,4140,4054,3339,2000,335,334,4.733048101038219,4.7314281624936285,12.015415052386688,11.705200378063116,True,False
29115,93309248914212063,9,1288,1134,1088,2000,458,456,4.540205961178977,4.5387093874929665,10.330916878114618,10.087462841250339,True,False
29116,2458648111250520000,246,2365,2058,1752,2000,375,368,4.555312711200455,4.550789715933657,11.207624468226758,10.774787059601174,True,False
29117,17512638059776599294,1751,9256,7672,6319,2000,993,964,4.425019714836175,4.417993248585526,13.17617314910749,12.62548055047108,True,False
29118,246772231109667527,25,2069,1906,1732,2000,492,490,4.4227158163902285,4.421381927269762,11.014717929860009,10.758223214726724,True,False
29119,1995000000000000000,200,7522,6237,5199,2000,1171,1127,4.454494729293355,4.443293692921314,12.876900591040306,12.344018439881326,True,False
29120,3693494206538771205,369,7110,6117,5180,2000,974,963,4.508405710878076,4.505865084492425,12.795633844506778,12.338736382573916,True,False
29121,40081680183115200000,4008,2643,2630,2206,2000,84,84,5.101455514809434,5.101455514809432,11.36796070964157,11.107217075591382,True,False
29122,249375000000000000,25,176,174,172,2000,46,46,4.156468682463205,4.1564686824632044,7.459431618637297,7.426264754702098,True,False
29123,21933977827937488972,2193,6304,6028,4978,2000,711,707,4.871562260058629,4.8709622600586275,12.622051819456376,12.281350514981035,True,False
29124,6458070403367277099,646,2502,2482,2030,2000,122,121,4.733687712112073,4.73347030021285,11.28886607416582,10.987264012072538,True,False
29125,9967077262515209427,997,2926,2901,2383,2000,137,136,4.654572056323841,4.654341255864744,11.514714054138487,11.21856323619027,True,False
29126,9975000000000000000,998,2952,2927,2404,2000,144,143,4.874271651355436,4.874094462004869,11.527477006060396,11.231221180711186,True,False
29127,5469021893418774239,547,3753,3686,2944,2000,199,197,4.676231172362699,4.675255648517391,11.873828574886977,11.523561956057012,True,False
29128,35560875000000000,4,3042,1840,1712,2000,1078,1038,5.263212159214705,5.235163004336823,11.570804437724497,10.741466986401146,True,False
29129,149226000000000000,15,3395,2467,2232,2000,862,828,4.552527901880431,4.536037551154295,11.729195859132094,11.124121311829187,True,False
29130,31595921568537696567,3160,9967,8378,6812,2000,1230,1189,5.204973123917429,5.202261544070428,13.282943613115089,12.733862719678543,True,False
29131,390249785780741096,39,6053,4463,3911,2000,1214,1172,4.471639957053974,4.46461189273294,12.563434635710198,11.933321820732946,True,False
29132,799459115181358996,80,2242,2192,1811,2000,195,194,4.3716635848138905,4.370498827195863,11.130570562805426,10.822570830950168,True,False
29133,50772679575402844652,5077,7589,6834,5617,2000,817,811,5.598140649233759,5.597741761642329,12.889694079382085,12.455584087578611,True,False
29134,17304340637403496004,1730,7094,6332,5210,2000,808,802,5.380767628525209,5.380300118101072,12.792383614935188,12.347067657165871,True,False
29135,50000000000000000,5,3994,2370,2188,2000,1217,1172,4.785240393822445,4.763787530204597,11.963618617443972,11.095397022792557,True,False
29136,183174255732300127,18,5243,3752,3359,2000,1246,1202,4.4669941906625406,4.45357134214034,12.356176830516356,11.713816080234498,True,False
29137,4515055395546546,0,267,0,0,0,0,0,0.0,0.0,8.060695931687555,0,False,True
29138,919729582726506,0,436,0,0,0,0,0,0.0,0.0,8.768184324776927,0,False,True
29139,1770562500000000000,177,4221,3976,3372,2000,661,658,4.737272960781829,4.736717178518527,12.04336911395769,11.719388820942083,True,False
29140,49875000000000000,5,2530,1660,1599,2000,891,881,4.787472295676093,4.781794919189957,11.304921669581672,10.642954223480332,True,False
29141,3939605265535174878,394,2703,2665,2164,2000,128,128,4.470928588290882,4.470928588290882,11.400345796534694,11.079484783826816,True,False
29142,59850000000000000,6,1699,1188,1103,2000,536,519,4.7524524595114865,4.734651405109271,10.73047013718422,10.107217075591382,True,False
29143,911816133321030000,91,26,23,23,2000,23,23,4.218832248051283,4.218832248051283,4.700439718141092,4.523561956057013,True,False
29144,595958211480037156958,59596,1626,1621,1396,0,0,0,0.0,0.0,10.667111542075027,10.447083226209653,False,True
29145,299250000000000000,30,1602,1543,1352,2000,243,243,4.5022318760335995,4.5022318760336,10.64565843240871,10.400879436282183,True,False
29146,99271200000000000000,9927,5526,5480,4407,2000,236,236,5.505335088108077,5.505335088108076,12.432019846812493,12.105581181277437,True,False
29147,7957593198009851146,796,3219,3174,2558,2000,145,143,4.716472604854387,4.715777215060168,11.652396861477678,11.320800548881637,True,False
29148,10542454262462780784,1054,4526,4467,3602,2000,207,206,4.533089901450215,4.5322434871688975,12.144020869266893,11.814582465906277,True,False
29149,9717575887478955980,972,9480,7929,6529,2000,1247,1204,5.123160655308146,5.118644941768155,13.210671343785622,12.672646326124626,True,False
29150,212731539784443958,21,4894,3476,3085,2000,1069,1038,4.4764878774957335,4.4656615071812915,12.25679838607939,11.591054774036781,True,False
29151,14430286282400450,1,2149,981,964,981,981,964,9.93810932621924,9.90114229002506,11.069449767427784,9.912889336229961,False,False
29152,1482550513801590,0,826,0,0,0,0,0,0.0,0.0,9.689997971419446,0,False,True
29153,494323575167931227,49,5702,4457,3867,2000,1133,1091,4.389678514206152,4.376377914994646,12.477252323937952,11.916999049082808,True,False
29154,4064065464480957366,406,8205,6741,5627,2000,1026,996,4.825192740222131,4.819153842766191,13.002287618401075,12.458150248057557,True,False
29155,104708963342814075000,10471,2567,2559,2105,0,0,0,0.0,0.0,11.325867580575418,11.039604517953759,False,True
29156,10717026361914677155,1072,6835,6077,5013,2000,794,788,4.832163318312465,4.831351265649757,12.738725622493423,12.291458518782344,True,False
29157,80969883996576928634,8097,8875,7831,6557,2000,995,981,5.446085433309902,5.4376949693808,13.115531404166768,12.678820179524028,True,False
29158,1071357389552520,0,49,0,0,0,0,0,0.0,0.0,5.614709844115208,0,False,True
29159,4380125539012902,0,205,0,0,0,0,0,0.0,0.0,7.679480099505446,0,False,True
29160,99414312193942554188,9941,5416,5348,4302,2000,209,207,5.337959781503337,5.3373648221314784,12.403012023574997,12.070791809423062,True,False
29161,5099587532563524185,510,8331,6834,5675,2000,973,943,4.6463382670419175,4.64125142460505,13.024273962540002,12.47040467706564,True,False
29162,21417242444446952,2,1717,981,938,2000,715,689,6.5166244499543815,6.476956633182886,10.745674324002135,9.873444112515376,True,False
29163,787961946526755000,79,608,510,472,2000,121,121,4.461052247238834,4.461052247238834,9.247927513443585,8.88264304936184,True,False
29164,16801473475587289574,1680,4233,3711,3016,2000,575,556,5.47834368106909,5.473651672881138,12.04746477331842,11.558420713268664,True,False
29165,35910000000000000,4,3466,1961,1841,2000,1194,1155,4.78118865766211,4.762035516185285,11.75905593916017,10.846273911349906,True,False
29166,6195689492970289460,620,1898,1891,1626,2000,87,85,4.2939192723916655,4.292371977517802,10.89026427702111,10.667111542075027,True,False
29167,280297500000000000,28,2887,2232,1982,2000,648,628,4.585614105652942,4.5755182813195425,11.495355392235982,10.952741247186488,True,False
29168,1136127521470493,0,332,0,0,0,0,0,0.0,0.0,8.375039431346925,0,False,True
29169,74799510651845448,7,175,169,161,2000,63,62,4.47634093971236,4.473816834738511,7.451211111832329,7.330916878114617,True,False
29170,49873994995978789788,4987,10161,8528,6904,2000,1247,1202,5.510501182874584,5.507973645449039,13.310754772215313,12.753216749178955,True,False
29171,14825496766500000,1,415,221,217,221,221,217,7.787902559391429,7.751703464368805,8.696967526234287,7.7615512324444795,False,False
29172,99620325000000006,10,527,384,366,2000,165,162,4.795083842297667,4.784160565314572,9.041659151637214,8.515699838284043,True,False
29173,9961902966693600,1,30,10,10,10,10,10,3.321928094887362,3.321928094887362,4.906890595608519,3.321928094887362,False,False
29174,8413912500000000000,841,4130,4064,3259,2000,203,202,4.629285892892324,4.6285524373163955,12.011926066306808,11.670213636738564,True,False
29175,1582220581789069521,158,5991,5108,4371,2000,917,907,4.551311609578136,4.548934088295761,12.548581118165128,12.093747662785669,True,False
29176,1296750000000000,0,65,0,0,0,0,0,0.0,0.0,6.022367813028454,0,False,True
29177,942714983899852,0,36,0,0,0,0,0,0.0,0.0,5.169925001442312,0,False,True
29178,386930250000000000000,38693,2812,2802,2254,0,0,0,0.0,0.0,11.457380879072534,11.138271800172221,False,True
29179,139650000000000000000,13965,2820,2809,2275,0,0,0,0.0,0.0,11.461479447286155,11.151650829973422,False,True
29180,199500000000000000000,19950,2824,2813,2274,0,0,0,0.0,0.0,11.46352437327118,11.151016538892248,False,True
29181,94673248390801260,9,3385,2303,2181,2000,960,947,4.5406566450712145,4.534971169773987,11.724940118462358,11.09077405464075,True,False
29182,399315586806844885429,39932,3212,3197,2665,0,0,0,0.0,0.0,11.649256177517314,11.379919817646538,False,True
29183,41333609905436221,4,2104,1342,1253,2000,734,708,5.2698709490182924,5.243577112652946,11.038918989292302,10.29117069932186,True,False
29184,247776521370105000,25,3172,2419,2156,2000,734,708,4.426128384901699,4.412915698745252,11.63117705570398,11.074141462752506,True,False
29185,6982500000000000000,698,6402,5629,4704,2000,818,809,5.128002876309892,5.126578900135857,12.644306961545581,12.199672344836364,True,False
29186,6982500000000000000,698,9276,7728,6381,2000,1229,1187,5.007735467938606,5.003930401315643,13.179287104646004,12.639566818681828,True,False
29187,6982500000000000000,698,6756,5747,4695,2000,958,918,5.166013341749601,5.158996311818895,12.721953612801386,12.196909442541138,True,False
29188,187661803607650921,19,4400,3123,2830,2000,1005,979,4.514144031776504,4.502418193679887,12.103287808412022,11.466586337719244,True,False
29189,2005012531328320,0,968,0,0,0,0,0,0.0,0.0,9.918863237274595,0,False,True
29190,37711978775527664,4,3202,1744,1663,2000,1006,977,5.241221764896043,5.219252841974689,11.644757592516257,10.699572453287269,True,False
29191,54143248104314270558,5414,4786,4723,3844,2000,191,190,5.370709915078953,5.370284641688916,12.2246046815385,11.90839262077375,True,False
29192,1971788981940674557,197,1747,1725,1429,2000,122,121,4.597963771579129,4.597701512321164,10.77066389291676,10.480790201095816,True,False
29193,96759130687501728,10,3398,2317,2190,2000,963,950,4.77170412932537,4.764597285203836,11.73047013718422,11.096715154488535,True,False
29194,1204465290666102,0,343,0,0,0,0,0,0.0,0.0,8.422064766172813,0,False,True
29195,1109286248917333,0,332,0,0,0,0,0,0.0,0.0,8.375039431346925,0,False,True
29196,720357477919844590,72,3117,2910,2543,2000,611,608,4.391411736979129,4.390296444004391,11.605942439625368,11.312315746690107,True,False
29197,209185595724000000,21,329,325,319,2000,63,62,4.204447601946125,4.20145748367996,8.361943773735241,8.31741261376487,True,False
29198,31669922012714190879,3167,10024,8412,6819,2000,1229,1187,4.964220577673228,4.960066131026329,13.29117069932186,12.735344469539005,True,False
29199,26892600000000000000,2689,5172,5118,4107,2000,218,217,5.116910657157598,5.116487498857925,12.336506559810255,12.003869231979056,True,False
29200,25573211462504489805,2557,4159,3654,2964,2000,565,547,5.788203799828135,5.784622089235809,12.022020969646356,11.533329732305834,True,False
29201,277652385187018376,28,2652,2386,2155,2000,666,661,4.379848013021969,4.37620572267498,11.372865060112588,11.07347215397646,True,False
29202,4297474295577655678,430,1778,1772,1501,2000,96,95,4.686309051968747,4.685700908785644,10.79603960882977,10.55170826162069,True,False
29203,2306182269650881864,231,1980,1955,1605,2000,132,131,4.441044412621607,4.440731052333286,10.951284714966972,10.648357582009666,True,False
29204,10025062656641604,1,1580,724,720,724,724,720,9.499845887083206,9.488796163326299,10.625708843064466,9.491853096329674,False,False
29205,70623000000000000000,7062,5604,5549,4481,2000,230,228,5.564186183603102,5.562582617898358,12.452241240430817,12.129605011152504,True,False
29206,87392584960825010416,8739,5490,5426,4392,2000,297,297,5.735755000903296,5.735755000903296,12.42259043389256,12.100662339005199,True,False
29207,26722407144500989,3,3130,1486,1416,2000,1039,1010,6.500898267231445,6.46645465785374,11.61194694181998,10.467605550082997,True,False
29208,71533876976528436,7,95,92,91,2000,48,48,4.28209103022529,4.28209103022529,6.569855608330948,6.507794640198696,True,False
29209,121142466828146511,12,1064,1004,916,2000,198,197,4.447000947473933,4.4451076600384765,10.055282435501189,9.839203788096944,True,False
29210,4775161965810845446,478,4488,4314,3614,2000,511,509,4.960067922963969,4.959704237006791,12.131856960608793,11.8193807908646,True,False
29211,1073722000293887,0,639,0,0,0,0,0,0.0,0.0,9.319672120946995,0,False,True
29212,1129426797540497,0,139,0,0,0,0,0,0.0,0.0,7.118941072723508,0,False,True
29213,141485378966653027,14,1108,1052,955,2000,191,190,4.614226901780352,4.611896640155525,10.113742166049189,9.899356922923111,True,False
29214,31295959664815591,3,3453,1908,1806,2000,1215,1175,5.29838699620708,5.273398987742756,11.753634618853386,10.818582177480858,True,False
29215,399000000000000000,40,6,5,5,0,0,0,0.0,0.0,2.584962500721156,2.321928094887362,False,False
29216,40907475000000000,4,2610,1635,1525,2000,903,867,5.302889090485029,5.274536975202021,11.349834091457247,10.57459352733761,True,False
29217,277320260964396405646,27732,8572,7675,6448,0,0,0,0.0,0.0,13.065416134676548,12.654636028527968,False,True
29218,26191609989131986,3,49,46,46,2000,43,43,4.816551946064367,4.816551946064367,5.614709844115208,5.523561956057013,True,False
29219,14817399513709824,1,1836,920,909,920,920,909,9.845490050944374,9.821577007466114,10.842350343413807,9.828136484194108,False,False
29220,7585987500000000000,759,9142,7673,6254,2000,1257,1213,5.167935040173508,5.163272476460861,13.158294103604035,12.610563503925041,True,False
29221,1540167823153785000,154,999,855,774,2000,173,170,4.532018012582688,4.5287668611332155,9.964340867792417,9.59618975614441,True,False
29222,233473557509329345,23,1080,855,775,2000,271,266,4.505171840332981,4.497270331678084,10.076815597050832,9.5980525001616,True,False
29223,23961831753825024,2,2435,1327,1291,2000,962,947,6.542510639654157,6.525134964691901,11.249706056969705,10.33427328530719,True,False
29224,16234400858456444,2,2437,1060,1031,2000,1003,977,6.481039121235531,6.451724525993986,11.250890535723341,10.00982861736811,True,False
29225,9928549257047644048,993,9491,7963,6557,2000,1210,1170,4.922454611082465,4.918041698197185,13.212344386559145,12.678820179524028,True,False
29226,1197000000000000000,120,7480,5888,4976,2000,1225,1180,5.039381090004401,5.033752027729807,12.868822554774999,12.280770770130603,True,False
29227,19551000000000000000,1955,5182,5077,4151,2000,427,425,5.043104006041418,5.042683793834253,12.339293300180094,12.019243216603607,True,False
29228,88979241927039623,9,797,754,716,2000,206,206,4.493434237318312,4.493434237318312,9.638435913990472,9.483815777264256,True,False
29229,826380631405323345,83,2780,2649,2283,2000,448,446,4.502738429717338,4.501950043829407,11.44086916761087,11.156715144224702,True,False
29230,549256887172875000,55,457,452,443,2000,58,58,4.27053890443937,4.270538904439369,8.83605035505807,8.791162888555018,True,False
29231,10701730592904868,1,206,139,138,139,139,138,7.1189410727235085,7.104552583514875,7.6865005271832185,7.108524456778169,False,False
29232,1395577389179268646,140,7098,5672,4831,2000,1035,1006,5.160442295382167,5.157954590374655,12.793196859060945,12.238106137432077,True,False
29233,153889672450420979,15,4533,3092,2817,2000,1024,995,4.519614593797421,4.506303404319034,12.146250445885986,11.45994384837493,True,False
29234,979973609918047313,98,6545,5088,4400,2000,1022,992,4.638407191498179,4.633301272210039,12.676177476832603,12.103287808412022,True,False
29235,65907313029127481,7,2377,1625,1500,2000,732,706,4.531167045175336,4.515311028788531,11.214926187942435,10.550746785383243,True,False
29236,31958237245544400,3,1976,1228,1153,2000,720,694,6.247809391591893,6.2130859313906015,10.948367231584678,10.171176797651771,True,False
29237,16084268231570867,2,1530,787,753,2000,715,689,6.513944317242591,6.47430625877325,10.579315937580015,9.556506054671928,True,False
29238,80879744782210623,8,2370,1643,1505,2000,707,683,4.517771056779308,4.504562200155652,11.210671343785622,10.555547771647065,True,False
29239,30544939454095242,3,1881,1161,1093,2000,693,670,6.191581670486669,6.160480167380668,10.877284133523196,10.094077685671905,True,False
29240,2042048021724209283,204,1187,1176,1018,2000,58,58,4.266192909438143,4.266192909438143,10.213104219641906,9.991521846075695,True,False
29241,563531434413588764,56,631,619,564,2000,62,62,4.307762355073011,4.307762355073012,9.30149619498255,9.139551352398794,True,False
29242,44973637816119631426,4497,5462,5407,4339,2000,236,233,5.759366830302604,5.731956005598365,12.415213598765286,12.083146870816742,True,False
29243,6718561500000000000,672,9125,7601,6228,2000,1238,1197,4.834509532300694,4.83044102285506,13.155608843542105,12.604553229079038,True,False
29244,8234807310639416379,823,2065,2058,1746,2000,89,88,4.489309849867025,4.488744941374989,11.011926066306808,10.76983784362944,True,False
29245,30100000000000000000,3010,5129,5062,4091,2000,214,213,5.303038294352046,5.302651135132818,12.324461855977317,11.998237821888047,True,False
29246,242939768695989808,24,3498,2730,2493,2000,790,784,4.54405538500759,4.540969909710363,11.772314573921653,11.283667167491501,True,False
29247,972746734961591,0,245,0,0,0,0,0,0.0,0.0,7.936637939002571,0,False,True
29248,23132334043625298,2,3179,1672,1600,2000,1227,1188,6.574550302434553,6.537654350203184,11.634357301137976,10.643856189774725,True,False
29249,13780403888088239,1,2681,1189,1149,1189,1189,1149,10.215532999745658,10.140495757568303,11.38855550398256,10.166163082646113,False,False
29250,129507142976527494,13,4928,3436,3105,2000,1247,1204,4.473722192877476,4.462430277804996,12.266786540694902,11.600377553107844,True,False
29251,45727168296221128,5,3761,2260,2089,2000,1240,1197,5.3044739676662385,5.277702279229144,11.876900591040306,11.028596777067108,True,False
29252,99660547452088767751,9966,7381,6377,5140,2000,965,926,5.914660760061984,5.9117301145168595,12.849600574837481,12.32755264408124,True,False
29253,996436669518501308,100,6606,5247,4517,2000,1093,1061,4.526653844098936,4.519515366363212,12.689561254285525,12.141149198437516,True,False
29254,1966112639400000,0,8,0,0,0,0,0,0.0,0.0,3.0,0,False,True
29255,82302035415199099,8,2630,1858,1784,2000,797,789,4.779366337975574,4.77400949385404,11.360847084179664,10.800899899920305,True,False
29256,46472718017588036741,4647,2623,2616,2148,2000,110,109,5.381034864558181,5.3808190379676,11.357002092264985,11.068778277985412,True,False
29257,208078500000000000,21,3824,2849,2547,2000,906,870,4.443615773285666,4.429442079502365,11.900866807980748,11.314583244274194,True,False
29258,143768576016283416708,14377,1749,1744,1516,0,0,0,0.0,0.0,10.772314573921653,10.566054038171092,False,True
29259,22116856740110155032,2212,2400,2387,1996,2000,67,67,4.428531654382441,4.428531654382441,11.228818690495881,10.96289600533726,True,False
29260,2508894445935036808,251,1275,1264,1092,2000,72,72,4.688585532843,4.688585532843,10.31628153174622,10.092757140919852,True,False
29261,71670622866944148860,7167,9596,8070,6608,2000,1011,979,5.592461217294895,5.589868127074333,13.228217442293435,12.689997971419446,True,False
29262,155752821904385022,16,1809,1638,1520,2000,495,493,4.52449352637546,4.522893046231417,10.82097669262124,10.569855608330949,True,False
29263,1002506265664160401,100,2700,2260,1921,2000,457,444,4.503818538334995,4.491572282881777,11.398743691938193,10.907641803665527,True,False
29264,59924684176962764,6,136,132,126,2000,59,57,4.460706272450264,4.454023092344563,7.087462841250339,6.977279923499917,True,False
29265,31931149987740491603,3193,9123,7892,6525,2000,1003,983,4.876538051412958,4.874281506493892,13.155292601751954,12.671762186344608,True,False
29266,912321729384409361,91,4631,3858,3352,2000,801,793,4.389683168987787,4.38700474692702,12.177108041703693,11.710806433699352,True,False
29267,18045112781954887,2,2751,1392,1336,2000,1211,1167,6.569100081028601,6.526785485787055,11.42574042431621,10.383704292474052,True,False
29268,139174731832290000,14,1389,1064,969,2000,380,373,4.60341499788897,4.595323065575503,10.439830883981392,9.92035285541508,True,False
29269,14523201281816587,1,615,335,329,335,335,329,8.388017285345136,8.352196389822748,9.264442600226602,8.361943773735241,False,False
29270,274023855846817,0,130,0,0,0,0,0,0.0,0.0,7.022367813028454,0,False,True
29271,3725672380068564,0,1024,0,0,0,0,0,0.0,0.0,10.0,0,False,True
29272,27030854336403750000,2703,2443,2431,2022,2000,74,74,4.591947915584414,4.591947915584413,11.254438148267257,10.981567281903015,True,False
29273,25967713010566754198,2597,3030,3014,2503,2000,116,115,4.914620926203415,4.91430516179836,11.565102078360313,11.289442575688332,True,False
29274,520538687760000000,52,1958,1889,1548,2000,187,186,4.387645443658622,4.3858870730820225,10.935165049603695,10.59618975614441,True,False
29275,5336421432071883718,534,9048,7516,6179,2000,1247,1206,4.966211320883678,4.962697368592973,13.14338321398982,12.593157658103001,True,False
29276,89016168850179624,9,4353,2825,2578,2000,1228,1187,4.393737582742305,4.384070643523013,12.0877943047879,11.332036548361652,True,False
29277,207970057730892720,21,5253,3895,3470,2000,1215,1170,4.594279115688874,4.576875541358557,12.358925869154714,11.760719947465624,True,False
29278,2947368421052631577,295,8488,6944,5811,2000,1218,1178,4.761573872248698,4.756501008484097,13.051208940914766,12.50457073932441,True,False
29279,8020050125313283,1,1993,442,433,442,442,433,8.787902559391433,8.742653690613153,10.960725994839057,8.758223214726724,False,False
29280,44814125569207378,4,2792,1711,1647,2000,960,947,5.282617527025819,5.273140155301819,11.447083226209653,10.685624839726355,True,False
29281,16081077178574068547,1608,3224,2842,2339,2000,434,422,5.199505091440127,5.193908102913021,11.654636028527968,11.191676146352428,True,False
29282,299250000000000,0,3,0,0,0,0,0,0.0,0.0,1.584962500721156,0,False,True
29283,37877116749791910082,3788,9996,8452,6838,2000,1265,1222,5.961171306421857,5.958880283894807,13.287135186086704,12.739358707433395,True,False
29284,289275000000000000,29,5698,4199,3716,2000,1245,1203,4.4378555115824785,4.42996032469547,12.476239906323851,11.859534786382653,True,False
29285,353590406469176747,35,597,590,557,2000,89,88,4.276574764444773,4.275636836781173,9.221587121264806,9.121533517340032,True,False
29286,461347902804802200,46,3797,2993,2617,2000,767,739,4.385570128825225,4.374018278950951,11.890644283619089,11.353698209048035,True,False
29287,70811289369845692625,7081,9390,8137,6724,2000,1023,1002,5.443981889623147,5.44192533635125,13.196909442541138,12.715104009236168,True,False
29288,1813844830953487512,181,2069,2041,1671,2000,117,115,4.795744717526045,4.795332176541159,11.014717929860009,10.706496018061188,True,False
29289,119634981201119219265,11963,5711,5657,4555,0,0,0,0.0,0.0,12.479527669256347,12.153235338689413,False,True
29290,1795119663460547934,180,7955,6357,5346,2000,1223,1180,4.677419850043736,4.670212973415914,12.95764621521841,12.384244122243079,True,False
29291,1731611320771140687,173,7837,6252,5262,2000,1214,1172,4.648970157022398,4.642779939097011,12.936085781679678,12.36139553316589,True,False
29292,23116351197171277992,2312,2925,2909,2426,2000,109,108,4.57525862478189,4.574794306207483,11.51422090935813,11.24436383512051,True,False
29293,124140316238542448,12,1071,1016,926,2000,198,197,4.491503327701179,4.489300905036249,10.064742764750257,9.854868383260236,True,False
29294,19253368592806219,2,2980,1393,1340,2000,1205,1164,6.567006406094817,6.5290442882368245,11.541096615349524,10.388017285345136,True,False
29295,38277828030224966814,3828,5202,5134,4114,2000,200,199,4.994980993730864,4.994413555930777,12.34485068394299,12.006326078524934,True,False
29296,6313000872919131,1,235,130,130,130,130,130,7.022367813028455,7.022367813028455,7.876516946564999,7.022367813028454,False,False
29297,9599610359063797,1,1311,385,378,385,385,378,8.58871463558226,8.54715619402382,10.356451970221755,8.562242424221072,False,False
29298,730170000000000000,73,3844,3114,2689,2000,716,691,4.423375926438306,4.414513887633149,11.90839262077375,11.392854039872873,True,False
29299,247676430917806142,25,1419,1355,1202,2000,196,195,4.391866785826663,4.3900320764613046,10.470658874060552,10.231221180711186,True,False
29300,376702408747517,0,133,0,0,0,0,0,0.0,0.0,7.05528243550119,0,False,True
29301,22643250000000000000,2264,9378,7976,6556,2000,1087,1055,5.411336805144547,5.408695128662324,13.19506456372082,12.678600139099458,True,False
29302,4389000000000000000,439,8364,6981,5843,2000,1128,1095,5.202124632424852,5.199561213881277,13.029977346589579,12.512493573945038,True,False
29303,3341625000000000000,334,8664,7126,5942,2000,1207,1166,4.648686079907947,4.641819108234808,13.080817527608327,12.536732889835415,True,False
29304,2294250000000000000,229,8226,6631,5547,2000,1224,1181,4.837969521450827,4.833280109877068,13.005975356500382,12.437492010125352,True,False
29305,24139500000000000000,2414,9836,8302,6733,2000,1243,1202,4.966086702313657,4.962544691599293,13.263856019596082,12.717033749490891,True,False
29306,13665750000000000000,1367,9487,8009,6471,2000,1255,1212,4.922322660797115,4.9182751257549295,13.211736231827455,12.659772961881611,True,False
26564,3697075943506505547,370,1667,1659,1422,2000,92,90,4.5788325271283465,4.577839906204929,10.703038388986418,10.473705749619416,True,False
26565,33867662329738661,3,1495,966,908,2000,550,533,6.001199026773767,5.9733779345487275,10.545929769085467,9.826548487290914,True,False
26566,287233296190902911,29,2073,1610,1427,2000,468,456,4.426144642524553,4.416557593916254,11.017504401109415,10.478769619475763,True,False
26567,264874184796365635,26,1401,1125,1008,2000,339,333,4.374417613998199,4.369272184140412,10.452241240430817,9.977279923499916,True,False
26568,248553349730201699,25,1323,1064,957,2000,326,320,4.414641196591611,4.408403002974463,10.369597346278677,9.902375114486025,True,False
26569,857691414548739074,86,1509,1268,1119,2000,301,295,4.69229909398946,4.688092029943832,10.559377090526683,10.127994320976393,True,False
26570,1895250000000000000,190,1026,1019,913,2000,70,69,4.2420075464499485,4.240749330727863,10.002815015607053,9.834471049984222,True,False
26571,1892257500000000000,189,1193,1185,1036,2000,90,89,4.264919254100865,4.263842533045604,10.220378327695228,10.016808287686555,True,False
26572,387888767994671224,39,494,482,455,2000,69,69,4.280416443348666,4.280416443348666,8.948367231584678,8.829722735086058,True,False
26573,38034675000000000000,3803,10039,8441,6833,2000,1236,1193,5.2384584582549145,5.235520071922338,13.293327946956358,12.738303411474638,True,False
26574,9715603157601711,1,136,67,67,67,67,67,6.066089190457772,6.066089190457772,7.087462841250339,6.066089190457772,False,False
26575,6174525000000000000,617,7546,6557,5527,2000,973,963,4.857030963736531,4.855961019441219,12.88149638481011,12.432280897214161,True,False
26576,1591012500000000,0,474,0,0,0,0,0,0.0,0.0,8.888743248898258,0,False,True
26577,650515580046615103,65,3012,2808,2461,2000,600,598,4.638078212513722,4.637586613941174,11.556506054671928,11.26502894245816,True,False
26578,1496250000000000,0,908,0,0,0,0,0,0.0,0.0,9.826548487290914,0,False,True
26579,490000000000000000,49,1885,1845,1562,2000,205,205,4.7843862891128905,4.784386289112891,10.880348808156027,10.60917873814198,True,False
26580,46553055116536107678,4655,5522,5466,4398,2000,208,207,4.863912633634683,4.863362509856833,12.430975172588068,12.102631888854969,True,False
26581,3092966974741795,0,166,0,0,0,0,0,0.0,0.0,7.3750394313469245,0,False,True
26582,18684118808585645038,1868,9621,8154,6582,2000,1268,1224,5.536862478844178,5.534115469218855,13.231971139162804,12.68431031112435,True,False
26583,1695750000000000,0,90,0,0,0,0,0,0.0,0.0,6.491853096329675,0,False,True
26584,55316081306050561385,5532,2111,2105,1782,2000,93,91,5.469115993698833,5.4584898374611415,11.043710863347156,10.799281621521923,True,False
26585,5984093367326340000,598,1014,891,793,2000,151,150,4.570711518858407,4.569496625697542,9.985841937003341,9.63117705570398,True,False
26586,7020081018621821,1,32,6,6,6,6,6,2.584962500721156,2.584962500721156,5.0,2.584962500721156,False,False
26587,1699723191403795,0,468,0,0,0,0,0,0.0,0.0,8.870364719583405,0,False,True
26588,11242895456338518349,1124,2496,2481,2077,2000,95,94,4.3491103321486735,4.348375988536738,11.285402218862249,11.020285500844647,True,False
26589,4170326481221978309,417,3617,3550,2837,2000,186,185,4.379904999026485,4.3783714527006055,11.820577882655774,11.470150435274359,True,False
26590,402004418166957779,40,6243,4619,4034,2000,1220,1175,4.513088003791286,4.505937049252003,12.608023750456491,11.977995368612962,True,False
26591,2868098435662793,0,385,0,0,0,0,0,0.0,0.0,8.588714635582264,0,False,True
26592,258569392028489252,26,2360,2156,1958,2000,607,604,4.583656943859627,4.5816480750427795,11.204571144249204,10.935165049603695,True,False
26593,16950710203974260558,1695,4758,4691,3802,2000,200,199,5.035062752495641,5.034562710825503,12.216139556425135,11.892542816648552,True,False
26594,6182000000000000000,618,7277,6372,5389,2000,921,910,4.730243295379299,4.7285747017465845,12.829128095368542,12.395801871389747,True,False
26595,11100000000000000000,1110,8310,7184,6009,2000,988,972,5.34448014614583,5.343166641393685,13.020632761657707,12.552909206533863,True,False
26596,21000000000000000000,2100,9317,7846,6451,2000,1033,1003,5.272349138546671,5.269993398135565,13.185649777969497,12.655307101510479,True,False
26597,5500000000000000000,550,8514,6937,5759,2000,980,951,4.831315565455979,4.8275948339107995,13.055621374781708,12.49160260669611,True,False
26598,5000000000000000000,500,8683,7264,6048,2000,1159,1122,5.126616658265461,5.122895965300391,13.083977868501655,12.562242424221072,True,False
26599,2650000000000000000,265,8234,6766,5678,2000,1189,1148,5.159956961642757,5.154988369782801,13.007377733321269,12.471167133724391,True,False
26600,2493750000000000,0,1064,0,0,0,0,0,0.0,0.0,10.055282435501189,0,False,True
26601,3343100780995947,0,709,0,0,0,0,0,0.0,0.0,9.469641817239516,0,False,True
26602,30244646958592777344,3024,2172,2165,1817,2000,88,86,5.037998415978073,4.995221044219589,11.084808387804362,10.827342704234116,True,False
26603,3342278465278415,0,392,0,0,0,0,0,0.0,0.0,8.614709844115207,0,False,True
26604,1955414065259025000,196,1200,1192,1037,2000,90,88,4.388367125213935,4.3873664584760075,10.228818690495881,10.018200178813226,True,False
26605,9975000000000000,1,2135,501,490,501,501,490,8.968666793195208,8.917549746340047,11.060020354507852,8.936637939002571,False,False
26606,20947500000000000000,2095,5144,5045,4135,2000,392,391,5.309736448732108,5.3095417352043865,12.328674927327947,12.013671614058637,True,False
26607,611835674264972473,61,2656,2501,2172,2000,463,461,4.425597261268018,4.424651182433207,11.375039431346925,11.084808387804362,True,False
26608,49875000000000000,5,1307,1089,1072,2000,612,609,4.823036881477017,4.817905313890842,10.352043425795433,10.066089190457772,True,False
26609,135187736817548167,14,4927,3466,3133,2000,1239,1196,4.4371252663783505,4.428761929163182,12.266493756312183,11.613329054371054,True,False
26610,2664100339554048684,266,3236,3168,2524,2000,189,188,4.382634657629703,4.381233201888325,11.659995892429977,11.30149619498255,True,False
26611,223240500000000000,22,3086,2342,2090,2000,724,698,4.635703006691371,4.622325287405447,11.591522346570734,11.029287226968245,True,False
26612,1345607626296046922,135,6647,5472,4665,2000,1003,984,4.502099423114549,4.498373537049542,12.698487638557692,12.187661365739121,True,False
26613,34467246663753912660,3447,2435,2427,2007,2000,97,96,4.7273495479061935,4.726940266376348,11.249706056969705,10.970824901362617,True,False
26614,90225563909774436,9,850,782,722,2000,193,192,4.395462752741901,4.393776486889493,9.731319031025064,9.49585502688717,True,False
26615,5971832815442266258,597,3280,3222,2609,2000,157,156,4.492378159920031,4.487267287988001,11.679480099505446,11.349281228817452,True,False
26616,2139149012107353698,214,5712,4903,4154,2000,830,820,4.407372547795223,4.403128914695477,12.479780264029099,12.020285500844647,True,False
26617,92498175000000000,9,4405,2884,2638,2000,1234,1194,4.394111457483637,4.384736170694711,12.104926303807776,11.365228849251544,True,False
26618,6847746773428798,1,1366,269,265,269,269,265,8.071462362556623,8.034287641367033,10.41574176829009,8.049848549450562,False,False
26619,149361442399555149714,14936,5649,5606,4502,0,0,0,0.0,0.0,12.463779785335385,12.136350341454156,False,True
26620,22004850000000000,2,2896,1485,1422,2000,1137,1101,6.541400797976925,6.502824857345974,11.499845887083206,10.473705749619416,True,False
26621,75510750000000000,8,2321,1600,1468,2000,701,677,4.515368908124171,4.502167065673428,11.180530807344482,10.519636252843213,True,False
26622,598500000000000000,60,4830,3828,3310,2000,927,888,4.5680413099782236,4.552109214587605,12.237807473723135,11.69261550169458,True,False
26623,971259955375002277,97,563,558,536,2000,59,59,4.28592071702178,4.28592071702178,9.13699111208023,9.066089190457772,True,False
26624,459841883488448343,46,454,449,445,2000,62,62,4.339861742089621,4.339861742089621,8.826548487290914,8.79766152585376,True,False
26625,79434669295253297,8,3162,2138,1963,2000,954,916,4.564472843156632,4.547784868164211,11.62662165235837,10.938844457466171,True,False
26626,144925774536149175117,14493,10196,8692,7011,0,0,0,0.0,0.0,13.315715658022201,12.775404519503981,False,True
26627,2340016801945222,0,505,0,0,0,0,0,0.0,0.0,8.980139577639157,0,False,True
26628,425557101708995323,43,4954,3825,3401,2000,965,948,4.432765253604735,4.423428048974642,12.274378153246364,11.731743290707842,True,False
26629,1296750000000000000,130,1025,1019,888,2000,80,79,4.2855592828237095,4.284499142234685,10.001408194392809,9.794415866350105,True,False
26630,369028954703844750,37,3658,2847,2506,2000,774,745,4.441487839793403,4.429219487706854,11.836839359748716,11.29117069932186,True,False
26631,4434588276174433,0,32,0,0,0,0,0,0.0,0.0,5.0,0,False,True
26632,171074558538403301,17,4741,3475,3114,2000,1157,1115,4.4920010292984625,4.477618784620556,12.210975677726395,11.604553229079038,True,False
26633,1751001806295000,0,299,0,0,0,0,0,0.0,0.0,8.224001674198105,0,False,True
26634,44092936915391238,4,2214,1439,1404,2000,805,796,4.781494892323458,4.77538652110912,11.112439506781552,10.45532722030456,True,False
26635,10139248269621450000,1014,2124,2112,1762,2000,78,76,4.610115360926994,4.557841198768605,11.052568050804153,10.782998208920414,True,False
26636,2992500000000000000,299,3395,3350,2722,2000,206,206,4.727965934794123,4.727965934794125,11.729195859132094,11.410451351503994,True,False
26637,163681107173859398,16,1701,1298,1171,2000,430,419,4.4161159002861865,4.4065761735524624,10.732167425663386,10.193525360501216,True,False
26638,10025062656641604,1,1611,741,737,741,741,737,9.533329732305834,9.522533510983296,10.653740778706569,9.52552080909507,False,False
26639,395279630559749233733,39528,5843,5763,4681,0,0,0,0.0,0.0,12.512493573945038,12.192601049711953,False,True
26640,8166190976758536,1,1115,301,296,301,301,296,8.2336196767597,8.193752567125149,10.122827994807666,8.20945336562895,False,False
26641,19476187500000000000,1948,9206,7663,6302,2000,999,970,5.886502320080405,5.8847939120982415,13.168358727223886,12.62159403901754,True,False
26642,220447500000000000,22,5482,3979,3539,2000,1250,1207,4.79123136275781,4.770650797749793,12.420486612825774,11.789126046425231,True,False
26643,495757500000000000,50,3288,2624,2288,2000,651,631,4.429235896021924,4.418980596771116,11.682994583681683,11.159871336778389,True,False
26644,2348813250000000000,235,4608,3883,3248,2000,714,688,4.687643357194853,4.67836332310191,12.169925001442312,11.665335917185176,True,False
26645,10070928706230955997,1007,7875,6904,5798,2000,956,945,4.694675976763298,4.693274265732914,12.943064208162003,12.501339618061397,True,False
26646,1895250000000000000,190,2964,2919,2387,2000,202,202,4.677243718865401,4.6772437188654035,11.533329732305834,11.220982851081777,True,False
26647,1994636275240116503,199,6324,5238,4374,2000,1008,968,4.371624090344015,4.359897395827408,12.62662165235837,12.094737505048093,True,False
26648,966935885391000000,97,879,867,763,2000,81,79,4.242272036299392,4.24012343007063,9.779719355143405,9.57553924683453,True,False
26649,6982500000000000,1,343,92,92,92,92,92,6.523561956057014,6.523561956057014,8.422064766172813,6.523561956057013,False,False
26650,47303650478179057,5,2097,1362,1266,2000,713,688,4.999774846349623,4.978918436578294,11.034111146096592,10.306061689428342,True,False
26651,420344393415667410,42,5591,4049,3559,2000,966,937,4.770904067144112,4.752744133925951,12.448890629629261,11.797256217509785,True,False
26652,31564489931514788757,3156,7284,6505,5384,2000,839,828,5.478559023602972,5.477015705031455,12.830515206976838,12.394462694610317,True,False
26653,149625000000000000,15,368,356,340,2000,76,75,4.250992173677481,4.249532095896974,8.523561956057012,8.409390936137703,True,False
26654,1745625000000000000,175,1077,1065,932,2000,71,71,4.413638959541133,4.413638959541134,10.072802534544207,9.86418614465428,True,False
26655,31926554994441174547,3193,9405,7876,6453,2000,994,965,5.446135117823651,5.443828604567317,13.199212228410557,12.655754310144218,True,False
26656,2442131491002035156,244,2844,2781,2255,2000,186,184,5.080887190752679,5.077993357416257,11.473705749619416,11.138911718142744,True,False
26657,5446350000000000,1,709,118,118,118,118,118,6.882643049361842,6.882643049361842,9.469641817239516,6.882643049361842,False,False
26658,9975000000000000,1,307,202,202,202,202,202,7.658211482751797,7.658211482751797,8.262094845370179,7.658211482751795,False,False
26659,4485685329639094308,449,8403,6787,5681,2000,1020,990,4.499440677215183,4.492116541476643,13.036688768795663,12.47192918764169,True,False
26660,8894703166618268,1,1866,423,414,423,423,414,8.724513853119952,8.677232529242882,10.86573327085176,8.693486957499326,False,False
26661,20500000000000000000,2050,9826,8228,6669,2000,1241,1198,5.447451810322939,5.445067947390031,13.262388523751019,12.703254733748146,True,False
26662,30922500000000000000,3092,9945,8393,6787,2000,1234,1191,5.089384196257012,5.085773467750599,13.279755655721106,12.728558297786716,True,False
26663,50626566416040100250,5063,9744,8375,6736,2000,1243,1199,5.510429399811189,5.507868879951774,13.250298417906333,12.717676423066395,True,False
26664,99750000000000000,10,2732,1964,1872,2000,789,783,4.917186208239177,4.913524357660934,11.41574176829009,10.870364719583405,True,False
26665,48541455543853624,5,806,558,528,2000,297,292,4.825412308409639,4.8163272986757,9.654636028527968,9.044394119358454,True,False
26666,6630444740349422,1,90,24,24,24,24,24,4.584962500721156,4.584962500721156,6.491853096329675,4.584962500721156,False,False
26667,14413875000000000000,1441,6851,6083,5037,2000,804,798,4.921309962604207,4.920575325628676,12.742098869778307,12.298349015658186,True,False
26668,536919773036413079408,53692,368,336,318,0,0,0,0.0,0.0,8.523561956057012,8.312882955284355,False,True
26669,7182000000000000,1,1968,357,351,357,357,351,8.4797802640291,8.44056457775459,10.94251450533924,8.45532722030456,False,False
26670,4076982143189443222,408,5071,4800,4035,2000,672,668,4.593751280969245,4.592091176253044,12.308054559066635,11.978352958165143,True,False
26671,93853583441768884682,9385,6176,6017,4982,2000,493,491,4.96127328828954,4.960888723784265,12.59245703726808,12.282509306240836,True,False
26672,9000000000000000,1,2132,508,495,508,508,495,8.988684686772167,8.92962956866193,11.057991722759176,8.951284714966972,False,False
26673,30052628915398156,3,425,371,363,2000,195,193,5.196693533630541,5.192195484889316,8.731319031025064,8.50382573799575,True,False
26674,61538691575670602651,6154,5487,5428,4390,2000,222,221,5.2353337889284886,5.234948270406074,12.421801860469873,12.10000522442272,True,False
26675,22793137507722012788,2279,5511,5354,4414,2000,471,468,4.595884875502441,4.593834549955341,12.428098411832506,12.107870914279614,True,False
26676,29925000000000000,3,980,633,603,2000,393,384,5.760796254247219,5.741642835361947,9.936637939002571,9.236014191900084,True,False
26677,997500000000000,0,544,0,0,0,0,0,0.0,0.0,9.087462841250339,0,False,True
26678,5429310245685649,1,1779,161,160,161,161,160,7.330916878114615,7.318494517866168,10.79685079526716,7.321928094887363,False,False
26679,122010299053379468339,12201,6785,6538,5425,0,0,0,0.0,0.0,12.728133100306216,12.405407422219204,False,True
26680,6060376883236059,1,65,14,14,14,14,14,3.8073549220576055,3.8073549220576055,6.022367813028454,3.807354922057604,False,False
26681,1296287528738335405,130,7652,6020,5063,2000,1219,1174,4.4357481110930825,4.427255687521484,12.901621158346112,12.30577676890981,True,False
26682,1565996476644487724,157,7765,6273,5252,2000,1245,1201,4.402001995625546,4.386773398618286,12.922770209274663,12.358651200892886,True,False
26683,2473662074023777818,247,8174,6703,5561,2000,1257,1213,5.00872077454742,5.003260472335574,12.996826528020659,12.441128621804697,True,False
26684,385559049415264855,39,671,656,589,2000,91,90,4.2868692893036835,4.285690686558404,9.390168956200183,9.20212382383046,True,False
26685,346262175000000000,35,6018,4404,3861,2000,1219,1177,4.513123973347485,4.505945272015884,12.555068391333338,11.914758838941857,True,False
26686,2921708977917375914,292,1337,1329,1177,2000,79,78,4.32167057483925,4.320965873749144,10.384783750093353,10.200898605038445,True,False
26687,189500339580348652161,18950,5536,5469,4453,0,0,0,0.0,0.0,12.434628227636725,12.120561896442904,False,True
26688,115730016229233608224,11573,10232,8713,7048,0,0,0,0.0,0.0,13.320800548881637,12.782998208920414,False,True
26689,603134736618824438,60,648,637,583,2000,72,71,4.343047615345482,4.341579952961682,9.339850002884624,9.187352073200497,True,False
26690,92439355342041660,9,4433,2820,2584,2000,1214,1173,4.550164031933732,4.535050139372984,12.114067647165264,11.335390354693924,True,False
26691,2992500000000000000,299,5964,5144,4352,2000,834,824,4.472187390647133,4.469745161384468,12.542064542283443,12.087462841250339,True,False
26692,9077250000000000000,908,7499,6603,5555,2000,917,906,4.436188176578803,4.433702701281576,12.872482508106724,12.439571196276454,True,False
26693,9204420965438501,1,1379,388,381,388,388,381,8.599912842187129,8.558675728785067,10.429406741513981,8.573647187493322,False,False
26694,10930159464178139161,1093,9423,7925,6433,2000,1260,1218,5.267869581101282,5.265030707223577,13.201970728373121,12.651275973346639,True,False
26695,14962500000000000,1,431,233,229,233,233,229,7.864186144654282,7.829851380705785,8.751544059089099,7.839203788096944,False,False
26696,19950000000000000,2,1257,690,663,2000,566,549,6.531886014715602,6.4990625484263145,10.295768934420508,9.372865060112588,True,False
26697,3132120275809674,0,384,0,0,0,0,0,0.0,0.0,8.584962500721156,0,False,True
26698,262166064894599232,26,3583,2807,2553,2000,812,803,4.460545454515152,4.457889438805013,11.806952328210736,11.31797782240712,True,False
26699,14104741571255594167,1410,6939,6151,5108,2000,834,825,5.075149264873094,5.074139451872428,12.760512051357347,12.318542809702723,True,False
26700,8249840049125350507,825,6629,5827,4880,2000,834,825,4.649389642868124,4.6477990078763085,12.694575537525989,12.252665432450248,True,False
26701,7753663530508035000,775,2029,1789,1529,2000,309,303,4.9994038134587235,4.996492549942774,10.98655314975666,10.578372691360805,True,False
26702,6256494105841948,1,1856,231,229,231,231,229,7.851749041416056,7.834433024100038,10.857980995127573,7.839203788096944,False,False
26703,2432985715385012,0,970,0,0,0,0,0,0.0,0.0,9.92184093707449,0,False,True
26704,3763942775363792,0,1352,0,0,0,0,0,0.0,0.0,10.400879436282183,0,False,True
26705,138708672155109727,14,1109,1043,951,2000,194,193,4.490850940355559,4.488649399276802,10.11504365016171,9.893301530860564,True,False
26706,64312820693427187521,6431,9712,8377,6729,2000,1236,1194,5.687260443881855,5.685185141788873,13.245552706255681,12.71617640580743,True,False
26707,56659888331173122847,5666,5820,5690,4673,2000,464,462,5.596699922826026,5.596449922826023,12.506803437795647,12.1901333218648,True,False
26708,3508771929824561403,351,5242,4932,4124,2000,731,727,4.883013073970832,4.882420567477372,12.355901638328417,12.00982861736811,True,False
26709,4041969750000000000,404,3608,3540,2868,2000,197,196,4.785245837520952,4.784558945706413,11.81698362325538,11.485829308701904,True,False
26710,713338955344514372,71,4429,3661,3200,2000,796,790,4.74068824996187,4.739780730535644,12.112765281885316,11.643856189774725,True,False
26711,2296893375000000000,230,8229,6675,5594,2000,1222,1182,4.5572293932281,4.551385781905128,13.006501407569434,12.449664538476192,True,False
26712,4500372592990645142,450,3874,3793,3127,2000,301,301,4.411861642747194,4.411861642747196,11.919608238603253,11.610563503925041,True,False
26713,923641124913399302,92,7061,5514,4728,2000,1227,1185,4.408189373031644,4.399378075313082,12.785656801427193,12.207014320177532,True,False
26714,11270819620205881,1,2581,1054,1018,1054,1054,1018,10.041659151637214,9.964695759342373,11.33371442609397,9.991521846075695,False,False
26715,2303514323962205380,230,1491,1294,1133,2000,251,247,4.5901049351457806,4.58751127520342,10.542064542283443,10.145932145820515,True,False
26716,2114601412625103616,211,338,303,286,2000,70,70,4.522146425882757,4.522146425882758,8.400879436282183,8.159871336778389,True,False
26717,49875000000000000,5,2754,1758,1632,2000,916,880,5.103149511506478,5.079158644552354,11.427312844134963,10.672425341971495,True,False
26718,882135264734723,0,42,0,0,0,0,0,0.0,0.0,5.392317422778761,0,False,True
26719,199493291100484848567,19949,5581,5512,4438,0,0,0,0.0,0.0,12.446307931050345,12.115693952197011,False,True
26720,769348009315756143,77,6564,4922,4258,2000,1056,1026,4.458992347775836,4.450812053919204,12.680359523513713,12.055960234452295,True,False
26721,1420614941550000000,142,2846,2784,2313,2000,273,273,4.8675849417042025,4.867584941704202,11.474719946526482,11.175549550636191,True,False
26722,417968503999023,0,159,0,0,0,0,0,0.0,0.0,7.312882955284356,0,False,True
26723,30062597218126478,3,1425,907,856,2000,540,523,5.979575923787289,5.950907032168297,10.476746203939467,9.741466986401146,True,False
26724,18332828318988034598,1833,4784,4722,3812,2000,205,204,4.682272811392747,4.6815770492169095,12.224001674198105,11.896332403909941,True,False
26725,149625000000000000,15,6,5,5,0,0,0,0.0,0.0,2.584962500721156,2.321928094887362,False,False
26726,31708295425109602793,3171,9157,7894,6355,2000,1158,1115,4.467835258180331,4.459285989188327,13.160659307217383,12.63367640989232,True,False
26727,99379110871258027588,9938,9382,8116,6526,2000,1199,1154,5.96027198600177,5.957398168969185,13.195679785495981,12.671983272091865,True,False
26728,30496613000235642667,3050,4486,4425,3597,2000,167,166,4.624170046851784,4.621682032779807,12.131213905086272,11.81257844413538,True,False
26729,13529190800222413348,1353,9612,8023,6556,2000,1233,1192,5.381717383289497,5.379049451051725,13.230620933129867,12.678600139099458,True,False
26730,198801750000000000000,19880,9806,8361,6866,0,0,0,0.0,0.0,13.259449046285685,12.745254141957256,False,True
26731,9486286355688549818,949,1226,1221,1074,2000,61,61,4.439270823360349,4.439270823360349,10.259743263690781,10.068778277985412,True,False
26732,18582263565542162845,1858,9875,8334,6825,2000,1217,1177,4.833738329868438,4.829662068572363,13.26956503283919,12.736613330694578,True,False
26733,3667155956001507949,367,1499,1492,1308,2000,72,71,4.277172561898184,4.2760533130288,10.54978466794786,10.353146825498083,True,False
26734,78580159464427601446,7858,7510,6489,5234,2000,998,958,6.268099031307675,6.2658563402233,12.874597192401634,12.353698209048035,True,False
26735,116040204177178714,12,3409,2512,2361,2000,910,898,4.591338907436685,4.584242519095191,11.735132884139947,11.205182326228643,True,False
26736,25387173000000,0,44,0,0,0,0,0,0.0,0.0,5.459431618637297,0,False,True
26737,5027147914106754782,503,3814,3747,3013,2000,194,193,4.688856010462828,4.688089065778714,11.897089128312755,11.556984957594462,True,False
26738,1004797285769015032,100,5041,4261,3646,2000,815,806,4.4400111435203815,4.435939235454681,12.299494239009364,11.832098846039134,True,False
26739,29991284209037390819,2999,8524,7532,6307,2000,1001,990,5.734949624416267,5.734242692595577,13.057314877782703,12.622738217871143,True,False
26740,49862032500000000000,4986,3923,3895,3195,2000,158,157,5.943405863321286,5.9395415011568575,11.937741620077096,11.641600215834357,True,False
26741,95008882500000000000,9501,4133,4105,3347,2000,135,134,5.579767531205681,5.574153947091789,12.01297364837454,11.70865283568653,True,False
26742,99849750000000000000,9985,4177,4149,3384,2000,125,123,5.100334773514869,5.096962684334046,12.028251428162793,11.72451385311995,True,False
26743,75356723008081647610,7536,4216,4186,3408,2000,125,123,5.0617945787079766,5.061478406355376,12.041659151637214,11.734709620225837,True,False
26744,24837476477418617581,2484,4836,4768,3841,2000,189,187,4.456349209583247,4.45086861205839,12.239598529249124,11.907266248531066,True,False
26745,15391954854412685042,1539,4592,4525,3635,2000,195,194,4.631817356544812,4.630945341519324,12.164906926675688,11.827739648806956,True,False
26746,2489853623499514132,249,3169,3102,2475,2000,197,196,4.645589438084992,4.6447657996622596,11.629811944382233,11.273212809854334,True,False
26747,16957115342590955077,1696,9744,8132,6617,2000,1233,1191,5.128791731296273,5.125463331211539,13.250298417906333,12.691961564216788,True,False
26748,789441230841698696,79,4509,3754,3263,2000,784,778,4.509827603855932,4.508541989148753,12.13859179463752,11.671983272091865,True,False
26749,39101370036911026223,3910,7492,6730,5532,2000,827,820,5.904850672754903,5.903987364888408,12.871135184243045,12.433585441150495,True,False
26750,2866691703083208978,287,1344,1332,1140,2000,76,75,4.450631088057377,4.449412426115793,10.39231742277876,10.154818109052105,True,False
26751,324586500000000000,32,5083,3874,3396,2000,1084,1043,4.760290680870579,4.737093025513856,12.311464515448444,11.729620743553038,True,False
26752,7292120499371652,1,982,279,279,279,279,279,8.124121311829185,8.124121311829185,9.939579214314692,8.124121311829187,False,False
26753,6483750000000000000,648,4991,4285,3499,2000,705,680,5.166900455917242,5.161155934322474,12.285113188501493,11.77272694923985,True,False
26754,8599416263289741,1,1090,308,303,308,308,303,8.266786540694904,8.227825501733864,10.090112419664289,8.243173983472952,False,False
26755,693262500000000000,69,2087,2021,1683,2000,193,192,4.489836863725867,4.487635763175593,11.027214885159834,10.71681946132995,True,False
26756,71022000000000000000,7102,3495,3477,2880,2000,158,156,6.156047928605786,6.135698397026977,11.7710767402628,11.491853096329674,True,False
26757,8702087714902267483,870,3593,3534,2853,2000,169,167,4.858531374145985,4.840102693701569,11.810973220002165,11.47826403158172,True,False
26758,1488712358157583591,149,2877,2815,2330,2000,264,264,4.494853351777378,4.494853351777378,11.490349505739287,11.186114239541643,True,False
26759,187529430537463313601,18753,9195,8080,6753,0,0,0,0.0,0.0,13.1666338592993,12.721312842175312,False,True
26760,1396500000000000000,140,7683,6061,5096,2000,1219,1176,4.474300804354505,4.465753980931902,12.907454038318624,12.3151495622563,True,False
26761,595882726478429060423,59588,1626,1621,1396,0,0,0,0.0,0.0,10.667111542075027,10.447083226209653,False,True
26762,10025062656641604,1,1654,765,760,765,765,760,9.579315937580015,9.566244042155178,10.691743519171276,9.569855608330949,False,False
26763,99874660974520253989,9987,2862,2850,2340,2000,92,91,5.301478661346025,5.300988602489515,11.482807956726667,11.192292814470767,True,False
26764,2055315504429961986,206,1138,1131,998,2000,73,72,4.317041584348115,4.316028485493113,10.152284842306582,9.96289600533726,True,False
26765,40717052847472903574,4072,5221,5153,4130,2000,202,201,4.950972761418021,4.950381637372912,12.350110443347928,12.011926066306808,True,False
26766,20553746433020831,2,3125,1634,1568,2000,1242,1199,6.5794833031887645,6.539021185330773,11.609640474436812,10.614709844115207,True,False
26767,199500000000000000,20,4728,3255,2925,2000,1009,978,4.388692066260186,4.378791148366184,12.207014320177532,11.51422090935813,True,False
26768,12967500000000000,1,2673,1139,1099,1139,1139,1099,10.15355203170811,10.073895266165353,11.384244122243079,10.101975670949232,False,False
26769,47897601650430641,5,560,492,470,2000,188,187,5.312128946481339,5.308344976753098,9.129283016944967,8.876516946565,True,False
26770,3382061622037162502,338,3535,3496,2830,2000,215,215,4.682155643657923,4.682155643657922,11.787494499696761,11.466586337719244,True,False
26771,3052797882939300,0,1356,0,0,0,0,0,0.0,0.0,10.405141463136344,0,False,True
26772,99365962500000000000,9937,2780,2769,2248,2000,96,95,5.233154430885272,5.23281200953383,11.44086916761087,11.134426320220927,True,False
26773,8268158996806626996,827,6709,5891,4937,2000,838,828,4.742559159377626,4.740979375097828,12.711882028352088,12.269418929741096,True,False
26774,1179368835917010617,118,3666,3462,2963,2000,602,600,4.432383010385731,4.431383010385731,11.839991070539886,11.532842910961282,True,False
26775,49775250000000000000,4978,5898,5741,4747,2000,483,480,5.2385763564437715,5.237558494181544,12.526010107061737,12.212800334429431,True,False
26776,95550525000000000000,9555,6217,6043,5015,2000,570,566,6.628999098086658,6.614086798647653,12.602002863537445,12.292033985499543,True,False
26777,99750000000000000,10,4116,2839,2588,2000,1161,1120,5.781974244741811,5.753037834282001,12.007027266893969,11.337621901992508,True,False
26778,1148408644613062740,115,5905,4827,4057,2000,1000,960,4.524793044451631,4.515823969267728,12.527721344284519,11.986197587206274,True,False
26779,10000000000000000000,1000,5925,5094,4149,2000,807,776,5.31269274748699,5.307547125366579,12.532599438672984,12.01854794187165,True,False
26780,5418701786925003668,542,7285,6361,5364,2000,938,926,4.882533550571628,4.8807945601232445,12.830713256951874,12.389093521904474,True,False
26781,41737442344607660610,4174,8734,7690,6435,2000,986,972,5.126828465329978,5.124165885367532,13.092426815780255,12.651724433108065,True,False
26782,971667738350400000,97,907,894,781,2000,82,81,4.430143715388116,4.428605732370122,9.824958740528523,9.60917873814198,True,False
26783,39386298039335691827,3939,7410,6390,5162,2000,969,929,5.478930174466351,5.474734741510888,12.855257827193196,12.33371442609397,True,False
26784,78343650000000000,8,4209,2665,2454,2000,1226,1184,4.443145150496974,4.428728423074575,12.039261794341055,11.260919533662905,True,False
26785,3408817947213819022,341,4932,4661,3919,2000,684,680,5.123862968586891,5.122962142600591,12.26795708440284,11.936269857602209,True,False
26786,14482971441960000,1,1312,639,619,639,639,619,9.319672120946997,9.250244064645587,10.357552004618084,9.273795599214264,False,False
26787,251840820000000000000,25184,3232,2881,2376,0,0,0,0.0,0.0,11.658211482751796,11.214319120800766,False,True
26788,1748848630725000000,175,2981,2921,2401,2000,252,252,4.915326822117635,4.915326822117635,11.541580659991169,11.229419688230417,True,False
26789,2647041930166229383,265,3339,3284,2699,2000,241,241,4.866598841828942,4.866598841828941,11.705200378063116,11.398209261466851,True,False
26790,140602395806730980,14,1871,1676,1576,2000,571,569,5.273850974555575,5.271367380532194,10.869593843240784,10.622051819456376,True,False
26791,498750000000000000,50,1881,1838,1564,2000,206,206,5.198974708009524,5.198974708009526,10.877284133523196,10.611024797307353,True,False
26792,99750000000000000000,9975,6124,5969,4929,2000,478,476,5.124837511095145,5.124473629021472,12.580258567499788,12.26707926567123,True,False
26793,14962500000000000000,1496,8186,7189,6030,2000,985,974,5.293012859784567,5.29226751659792,12.998942951443086,12.557942286787448,True,False
26794,43890000000000000000,4389,9331,8046,6654,2000,1040,1013,5.762488127318764,5.75986545464332,13.187815987146577,12.700006150882865,True,False
26795,49875000000000000000,4988,9489,7993,6549,2000,1023,992,6.427828305475289,6.411503899744233,13.21204034123855,12.677058915711948,True,False
26796,49875000000000000000,4988,9464,7953,6529,2000,992,963,5.202527542766919,5.1999244009670855,13.208234358339789,12.672646326124626,True,False
26797,24937500000000000000,2494,9238,7717,6341,2000,995,965,5.1647267996780215,5.154551066021336,13.173364830849037,12.630494661505578,True,False
26798,24937500000000000000,2494,9804,8277,6702,2000,1241,1199,5.049283284726562,5.045813472804493,13.25915476886684,12.71037597120447,True,False
26799,24937500000000000000,2494,9257,7972,6422,2000,1203,1158,5.67394326367174,5.670322682556213,13.176329006617596,12.64880694972577,True,False
26800,17955000000000000000,1796,8086,6945,5598,2000,1069,1027,5.410989325175311,5.406595817166805,12.981210488271694,12.450695771572915,True,False
26801,13526100000000000000,1353,6961,5959,4828,2000,940,901,5.049074077980244,5.043194966406746,12.765078859616684,12.237209960755022,True,False
26802,29925000000000000000,2993,5981,5191,4206,2000,801,772,6.027041427206333,6.024260174420856,12.54617100226735,12.03823313473178,True,False
26803,19950000000000000000,1995,1675,1492,1287,2000,261,257,5.733168603601554,5.732279596178339,10.709945380232497,10.329796338220701,True,False
26804,199500000000000000000,19950,1177,1054,929,0,0,0,0.0,0.0,10.200898605038445,9.859534786382653,False,True
26805,399997500000000,0,97,0,0,0,0,0,0.0,0.0,6.599912842187128,0,False,True
26806,197998762500000,0,47,0,0,0,0,0,0.0,0.0,5.554588851677638,0,False,True
26807,4987500000000000,0,1275,0,0,0,0,0,0.0,0.0,10.31628153174622,0,False,True
26808,7556144062037908,1,986,241,237,241,241,237,7.912889336229965,7.871395560296356,9.945443836377912,7.888743248898259,False,False
26809,396007500000000000,40,5895,4541,3976,2000,1219,1174,4.472326433827504,4.463683169004416,12.525276097867126,11.957102041562287,True,False
26810,5080657494969000000,508,1478,1474,1322,2000,73,71,4.420456478027009,4.41828282524026,10.52943055414615,10.368506461507693,True,False
26811,62442261996208124,6,1311,926,865,2000,412,402,4.736370316380089,4.722750248287237,10.356451970221755,9.756556322524087,True,False
26812,2312205000000000000,231,3197,3138,2566,2000,207,206,4.6143615139034555,4.61353680255243,11.64250302878052,11.325305455089682,True,False
26813,2845867500000000000,285,3331,3271,2662,2000,207,206,4.580854196882538,4.580068229964601,11.70173963867435,11.378294855911891,True,False
26814,199500000000000000,20,722,694,616,2000,137,136,4.375985613040923,4.375648112188503,9.49585502688717,9.266786540694902,True,False
26815,25338907385582886,3,1076,668,643,2000,433,422,5.819179075695525,5.797129232000467,10.071462362556623,9.328674927327947,True,False
26816,3108486943041800,0,1267,0,0,0,0,0,0.0,0.0,10.30720080914081,0,False,True
26817,186504810084859926729,18650,8344,7228,5830,0,0,0,0.0,0.0,13.026523442519766,12.509280168087859,False,True
26818,1044395302012557531,104,7510,5966,5072,2000,1213,1174,4.648922908300727,4.6437898987895325,12.874597192401634,12.308339030139408,True,False
26819,428482266618068023,43,6301,4667,4073,2000,1225,1179,4.55738902332077,4.550710962282161,12.621365094314863,11.991876099003415,True,False
26820,1294837045936618174,129,6658,5471,4660,2000,1011,992,4.544835742927604,4.541680028806079,12.700873155140263,12.186114239541643,True,False
26821,12847907542286587444,1285,8706,7448,6175,2000,1006,984,4.8279396818701015,4.822941012754149,13.0877943047879,12.592223421359403,True,False
26822,3332727434383677970,333,7698,6413,5394,2000,1024,998,5.086075372494484,5.083525279393573,12.91026795581084,12.397139806235604,True,False
26823,79800000000000000,8,4236,2678,2468,2000,1227,1186,4.787548078348456,4.768302260545761,12.048486873992337,11.269126679149418,True,False
26824,3575596769906561713,358,3643,3588,2897,2000,209,208,4.589405220377537,4.5886084076285325,11.830911279742782,11.500343969270403,True,False
26825,34240162125403260,3,1967,1232,1157,2000,711,686,6.229314692600876,6.196143762899104,10.94178124227853,10.17617314910749,True,False
26826,203732094438820954,20,1370,1302,1148,2000,191,190,4.420366869679752,4.4191446248233675,10.419960177847889,10.164906926675688,True,False
26827,5346643969703968,1,1774,156,155,156,156,155,7.285402218862249,7.272581706041736,10.792790294301064,7.2761244052742375,False,False
26828,14557515000000000000,1456,9603,8089,6560,2000,1235,1196,4.408788223641657,4.400589123145798,13.229269462266737,12.679480099505446,True,False
26829,843438228450659,0,100,0,0,0,0,0,0.0,0.0,6.643856189774724,0,False,True
26830,299250000000000000,30,1534,1476,1295,2000,199,198,4.395379383495548,4.394131156545193,10.583082767502933,10.338736382573916,True,False
26831,13003654313739586112,1300,5773,5534,4589,2000,662,659,5.086434311023406,5.086034287021967,12.495105510007784,12.163964091412273,True,False
26832,127081500000000000,13,4896,3426,3096,2000,1245,1201,4.409521583109717,4.395988550495981,12.257387842692651,11.59618975614441,True,False
26833,32114559169919745974,3211,4050,4009,3263,2000,155,154,5.55750273801669,5.550128349643272,11.98370619265935,11.671983272091865,True,False
26834,24078359847507518538,2408,9232,7724,6343,2000,1009,980,6.005787528783241,6.0044756157035994,13.172427508645482,12.63094962683287,True,False
26835,1159895431184611371,116,7502,6007,5071,2000,1244,1205,4.79540269351771,4.791039974129831,12.87305954766147,12.308054559066635,True,False
26836,5785500000000000000,579,9063,7477,6171,2000,1234,1193,5.274196229572029,5.271224574040006,13.145772969449098,12.59128857924609,True,False
26837,256220961306443490,26,1470,1405,1236,2000,198,197,4.4298858659159634,4.428424848516574,10.521600439723727,10.271463027904375,True,False
26838,2197995856109644002,220,3113,3049,2499,2000,199,198,4.372375925745308,4.371153363922581,11.604089861469179,11.287135186086704,True,False
26839,4883447589399167267,488,3709,3647,2952,2000,197,196,4.372464623959317,4.371242197999435,11.85681455250301,11.527477006060396,True,False
26840,34325491278029481,3,452,393,381,2000,191,190,5.197632672368024,5.193962947597382,8.820178962415188,8.573647187493322,True,False
26841,237861877813145021,24,1405,1345,1189,2000,198,197,4.570723971251548,4.568436593418319,10.456354415108288,10.215532999745657,True,False
26842,2588029058602408428,259,3254,3185,2552,2000,190,189,4.390896675914068,4.388895341691253,11.667998535672528,11.31741261376487,True,False
26843,1494997802515182480,149,2824,2769,2274,2000,197,196,4.392403984681132,4.390569275315773,11.46352437327118,11.151016538892248,True,False
26844,246390589224728324,25,2013,1550,1378,2000,466,455,4.425362637108125,4.416080462694831,10.97513145692134,10.428360172704291,True,False
26845,1988775239772497940,199,3045,2993,2443,2000,201,198,4.487700478563364,4.486096788862497,11.572226512793694,11.254438148267257,True,False
26846,174435362818848456,17,4470,3261,2922,2000,1087,1046,4.479547041897162,4.46495894642288,12.12605911607068,11.512740462803498,True,False
26847,95589000000000000000,9559,9795,8348,6843,2000,1114,1081,6.131788527166436,6.130093698723673,13.25782977715495,12.740413232033294,True,False
26848,179801237108468,0,46,0,0,0,0,0,0.0,0.0,5.523561956057013,0,False,True
26849,2150000000000000000,215,33,30,30,2000,28,28,4.464301954586892,4.464301954586893,5.044394119358453,4.906890595608519,True,False
26850,25758952371639740387,2576,5076,5017,4060,2000,205,204,4.628880196947183,4.628146716917843,12.309476353841106,11.987264012072538,True,False
26851,4698583705765155255,470,1817,1810,1516,2000,82,81,4.592672996576828,4.592047141493638,10.827342704234116,10.566054038171092,True,False
26852,27902667729790350000,2790,2024,2018,1716,2000,76,74,4.898007974131496,4.882280764428107,10.98299357469431,10.744833837499545,True,False
26853,8020050125313283,1,98,44,44,44,44,44,5.459431618637296,5.459431618637296,6.614709844115208,5.459431618637297,False,False
26854,7168760680028700427,717,6122,5681,4713,2000,773,768,5.477109873194458,5.4767091127365095,12.579787329526992,12.202429966015352,True,False
26855,183198872646873048,18,4645,3149,2829,2000,962,932,4.540978574394979,4.525715502899894,12.181462881270015,11.466076461396252,True,False
26856,4488750000000000,0,1459,0,0,0,0,0,0.0,0.0,10.510764167917891,0,False,True
26857,3423430119839677,0,1328,0,0,0,0,0,0.0,0.0,10.375039431346925,0,False,True
26858,148264327486800000,15,408,400,384,2000,87,85,4.269515077056262,4.267094379781314,8.672425341971495,8.584962500721156,True,False
26859,1510686908835101,0,45,0,0,0,0,0,0.0,0.0,5.491853096329675,0,False,True
26860,10624881404789400000,1062,2164,2152,1794,2000,78,77,4.61962599517978,4.618807019233118,11.079484783826816,10.80896417491926,True,False
26861,3852345000000000000,385,5840,4929,4071,2000,854,819,4.603490764220348,4.5936199691944815,12.51175265376738,11.99116750614001,True,False
26862,9975000000000000,1,1437,442,429,442,442,429,8.787902559391433,8.722846252825452,10.488844346457336,8.744833837499545,False,False
26863,3430030184152580810,343,2733,2688,2174,2000,143,141,4.620152017579199,4.619369175538699,11.416269744523207,11.086136225027309,True,False
26864,1895250000000000000,190,2923,2865,2353,2000,198,197,4.374072916362909,4.372850286597432,11.513234113806053,11.200285605224298,True,False
26865,78893628328800128,8,92,90,89,2000,49,49,4.503763193618385,4.503763193618385,6.523561956057013,6.475733430966398,True,False
26866,5917686345943459368,592,3276,3218,2606,2000,154,153,4.394590970571379,4.390781740946576,11.677719641641009,11.347621368568134,True,False
26867,7281750000000000000,728,5011,4308,3514,2000,699,675,4.914641463284737,4.907672896506988,12.290882822429577,11.778898476008376,True,False
26868,1717931766320700000,172,1068,1056,929,2000,61,61,4.3193907748583396,4.31939077485834,10.060695931687555,9.859534786382653,True,False
26869,8438875000000000000,844,4201,4129,3350,2000,283,283,4.867932519403334,4.867932519403333,12.036517070486518,11.709945380232497,True,False
26870,423937500000000000,42,3865,3033,2653,2000,788,758,4.588187683991252,4.574368400251106,11.91625269881221,11.373408960228696,True,False
26871,617964696144118489,62,6746,5113,4405,2000,1222,1176,4.4083478238852445,4.39531695067585,12.719816603018126,12.104926303807776,True,False
26872,31719649122807017,3,1285,815,773,2000,469,458,5.886966428988912,5.865211066792259,10.32755264408124,9.594324603924848,True,False
26873,13033049423558896,1,870,417,406,417,417,406,8.703903573444663,8.642489567510761,9.76487159073609,8.665335917185176,False,False
26874,39613653734186426559,3961,7668,6837,5706,2000,872,862,5.4477198651219325,5.446985234346153,12.904634621668151,12.47826403158172,True,False
26875,4709009077301861468,471,6556,5705,4801,2000,873,862,5.0912348585152865,5.089227778818118,12.678600139099458,12.229119220658594,True,False
26876,210073500000000000000,21007,2558,2550,2097,0,0,0,0.0,0.0,11.320800548881637,11.034111146096592,False,True
26877,30311831544127786854,3031,4559,4496,3654,2000,183,182,4.992274271049079,4.991665469518379,12.154501693864765,11.835260918627489,True,False
26878,160247144891549288004,16025,5541,5473,4398,0,0,0,0.0,0.0,12.435930651703595,12.102631888854969,False,True
26879,203803477621826125,20,1865,1714,1568,2000,457,455,4.611887615348843,4.610807971172938,10.8649599151426,10.614709844115207,True,False
26880,32564279375410042,3,3462,1918,1808,2000,1204,1164,5.296822942485832,5.268575475171767,11.757390009366638,10.820178962415188,True,False
26881,18241576433866346243,1824,2318,2307,1923,2000,77,76,4.709696330775592,4.708633630663491,11.178664851006472,10.909143047339898,True,False
26882,54862500000000000,5,112,79,77,2000,48,48,4.438255940857361,4.438255940857361,6.807354922057604,6.266786540694901,True,False
26883,115851189411027568,12,4213,2992,2705,2000,1096,1056,5.269141275812753,5.2415165081524435,12.040632200562253,11.401412878714178,True,False
26884,589802884291723767,59,6490,5099,4392,2000,1224,1181,4.436092910222558,4.427792246799141,12.6640027628865,12.100662339005199,True,False
26885,1047375000000000000,105,6943,5472,4672,2000,1012,981,4.455984186134667,4.448612343636068,12.761343456100649,12.189824558880018,True,False
26886,5236875000000000000,524,8427,6955,5785,2000,1007,977,4.695932815294478,4.691292328583434,13.040803409847555,12.498101243994853,True,False
26887,2824906392453730828,282,3328,3269,2660,2000,212,211,4.8640083910128205,4.863458225963305,11.700439718141093,11.377210530388552,True,False
26888,3101508725327510408,310,4445,4241,3563,2000,606,603,4.962925935375046,4.961707047202617,12.117967703717133,11.798876768133299,True,False
26889,20658994985758972241,2066,4910,4843,3921,2000,217,216,5.526908497343283,5.526579977734768,12.261507309202056,11.937005926516589,True,False
26890,493891586257970263,49,2178,1770,1545,2000,436,424,4.378510092127528,4.367364936183731,11.088788238716907,10.593391122791736,True,False
26891,4114796227500000,0,1530,0,0,0,0,0,0.0,0.0,10.579315937580015,0,False,True
26892,1940137500000000000,194,8028,6487,5478,2000,1219,1179,5.005122785481847,5.001499722934448,12.970824901362617,12.419433550705378,True,False
26893,52628100000000000,5,4014,2493,2305,2000,1231,1191,4.7947895669847265,4.777695593329678,11.970824901362617,11.1705510353167,True,False
26894,4055820661446256069,406,7744,6524,5347,2000,1106,1063,4.596526088437384,4.5867802343480495,12.918863237274595,12.384513961398618,True,False
26895,24000001338306000000,2400,2429,2417,2002,2000,81,80,4.75117101774793,4.750186180370292,11.246146774635864,10.967226258835993,True,False
26896,6825020081922202873,683,5529,5252,4377,2000,711,706,4.919678437241913,4.918351324158427,12.43280285635187,12.095726668639047,True,False
26897,58413087861180729216,5841,7579,6545,5279,2000,1017,977,6.1534485157000836,6.151077451240441,12.887791791341588,12.366048950670628,True,False
26898,648375000000000000,65,4825,3833,3314,2000,917,880,4.500105773705041,4.490221946829844,12.236313227042805,11.694357887221452,True,False
26899,407975292083625000,41,970,794,717,2000,219,215,4.357564402854503,4.351845214979181,9.92184093707449,9.485829308701904,True,False
26900,2290000000000000000,229,4685,3942,3300,2000,726,698,4.54847526565381,4.5368031324448745,12.19383333254655,11.688250309133178,True,False
26901,210755766254088272,21,479,472,450,2000,83,82,4.3102199785608475,4.308984696033726,8.90388184573618,8.813781191217037,True,False
26902,1492317831894485071,149,1104,1092,953,2000,79,78,4.384244258289917,4.3833029817764375,10.108524456778168,9.896332403909941,True,False
26903,805977769065829860,81,809,797,719,2000,76,75,4.489305066684621,4.487863259793764,9.659995892429977,9.489847960439297,True,False
26904,3491250000000000,0,470,0,0,0,0,0,0.0,0.0,8.876516946565,0,False,True
26905,147804320626909920750,14780,10349,8797,7118,0,0,0,0.0,0.0,13.337203749714552,12.797256217509785,False,True
26906,1107225000000000000,111,299,264,251,2000,69,69,4.573646986689558,4.573646986689559,8.224001674198105,7.971543553950772,True,False
26907,202135609477226304,20,745,720,638,2000,131,130,4.2683347447429405,4.267800608914786,9.541096615349524,9.31741261376487,True,False
26908,15019239391246734694,1502,3217,3191,2615,2000,153,152,5.246649317207186,5.246525803695633,11.65150022065274,11.352595231134304,True,False
26909,176145971307116393,18,391,380,362,2000,75,74,4.375445188648711,4.373368673596882,8.611024797307353,8.499845887083206,True,False
26910,986861233453612050,99,2386,2342,1931,2000,202,202,4.35813947773289,4.358139477732891,11.220378327695228,10.91513244895065,True,False
26911,1945449691939856130,195,6460,5345,4466,2000,1026,986,4.37237906598199,4.360654631195697,12.657318449581288,12.124767535822473,True,False
26912,399000000000000000,40,1737,1694,1449,2000,209,209,4.377096092768282,4.377096092768283,10.762382038710392,10.50084187955693,True,False
26913,4232477778968669888,423,8870,7327,6097,2000,1216,1176,4.6957424076205605,4.69090182344638,13.114718389188425,12.573883830656468,True,False
26914,75086116380796915362,7509,5227,4579,3703,2000,698,678,6.323767325442347,6.321770139325764,12.351767443959893,11.85447883417163,True,False
26915,34063796883751874547,3406,5146,5078,4066,2000,203,202,5.0367839527441625,5.036240235811563,12.3292357417338,11.989394499844732,True,False
26916,5986452776495236,1,1840,225,220,225,225,220,7.813781191217039,7.760447857883705,10.845490050944376,7.78135971352466,False,False
26917,5456817747377642,1,1300,230,230,230,230,230,7.845490050944374,7.845490050944374,10.344295907915816,7.845490050944375,False,False
26918,10025062656641604,1,2056,797,782,797,797,782,9.63843591399047,9.598900437197086,11.005624549193879,9.611024797307353,False,False
26919,26615708259521554,3,2868,1478,1416,2000,1012,986,5.242079245237566,5.222532924023,11.485829308701904,10.467605550082997,True,False
26920,3740625000000000000,374,7144,6149,5203,2000,984,973,4.754286536439078,4.752887448698206,12.802516365121223,12.345127991976693,True,False
26921,100250626566416040,10,4584,3225,2932,2000,1220,1176,4.640179606175702,4.625544207907982,12.162391328756906,11.517669388133811,True,False
26922,1095385932726350857,110,4288,3980,3383,2000,727,721,4.461901420786537,4.460196010497267,12.066089190457772,11.724087461793989,True,False
26923,1197000000000000000,120,5730,4859,4179,2000,897,887,4.454536744878293,4.451882214668528,12.484319423644267,12.02894204332241,True,False
26924,1500000000000000000,150,6761,5583,4747,2000,1006,986,4.458914714536544,4.452660101277246,12.723020931812032,12.212800334429431,True,False
26925,284287500000000000,28,5087,3738,3303,2000,1086,1053,4.525698529364145,4.518556336644229,12.312599378862629,11.689561254285525,True,False
26926,23359838921518802403,2336,9417,7953,6548,2000,1093,1062,5.467333105402304,5.46477636134525,13.201051814303272,12.676838606474153,True,False
26927,823004524171561338,82,5279,4382,3849,2000,913,902,4.454338471814824,4.451430462809059,12.366048950670628,11.91026795581084,True,False
26928,41624876437748387,4,2042,1307,1221,2000,713,688,5.260013124260173,5.234659159813338,10.995767150877802,10.253847484987404,True,False
26929,1203007518796992,0,454,0,0,0,0,0,0.0,0.0,8.826548487290914,0,False,True
26930,9476250000000000000,948,4225,4165,3357,2000,196,194,4.434558923449956,4.3911081802168574,12.044735626056909,11.71295682169755,True,False
26931,27692433911299282175,2769,10044,8499,6940,2000,1244,1204,5.510448241417742,5.508422186677388,13.2940463132715,12.760719947465624,True,False
26932,932662500000000000,93,2293,1917,1665,2000,413,402,4.434902287138328,4.427004411045549,11.163020639580793,10.701306461958625,True,False
26933,2753512669557763613,275,7708,6212,5224,2000,964,935,4.694084303057762,4.687672775206188,12.912140856295721,12.350939181546432,True,False
26934,864333750000000000,86,4240,3436,2973,2000,772,743,4.689577267561197,4.679600190544132,12.049848549450562,11.537703747907644,True,False
26935,1462528754400000,0,3,0,0,0,0,0,0.0,0.0,1.584962500721156,0,False,True
26936,2128405883973264521,213,8132,6580,5503,2000,1227,1184,4.696223150472349,4.690596757656107,12.989394499844732,12.426002613329361,True,False
26937,1995000000000000,0,335,0,0,0,0,0,0.0,0.0,8.388017285345136,0,False,True
26938,329435159779935048,33,3851,3037,2733,2000,827,817,4.3982503069523355,4.394413913670583,11.911017407796985,11.416269744523207,True,False
26939,78475028271150000,8,202,189,185,2000,70,69,4.567767620366895,4.565150902639161,7.658211482751795,7.531381460516312,True,False
26940,137095012254880329,14,309,296,282,2000,70,69,4.343989841849949,4.341864402932555,8.271463027904375,8.139551352398794,True,False
26941,154612500000000000,15,306,295,281,2000,66,65,4.3127953734195605,4.309418999917336,8.257387842692651,8.134426320220927,True,False
26942,149625000000000000,15,407,392,367,2000,84,83,4.255944314945767,4.2542641632036045,8.668884984266247,8.519636252843213,True,False
26943,54083452500000000000,5408,5688,4953,3997,2000,752,725,5.839430714984575,5.836287592864574,12.473705749619416,11.964701857420447,True,False
26944,8031272634672119284,803,4129,4063,3262,2000,206,205,4.8639963511942375,4.863446227416388,12.011576703176177,11.671541066711884,True,False
26945,7980000000000000,1,1341,321,315,321,321,315,8.3264294871223,8.282815779957192,10.389093521904474,8.29920801838728,False,False
26946,1009243563464789,0,323,0,0,0,0,0,0.0,0.0,8.335390354693924,0,False,True
26947,995402384733408497,100,4842,4041,3506,2000,830,821,4.602963006381938,4.601258182156655,12.241387363998937,11.775610280759539,True,False
26948,360000000000000000,36,5967,4501,3945,2000,1242,1198,4.530172572841941,4.514693248297834,12.5427900615549,11.945809584900822,True,False
26949,360000000000000000,36,5832,4475,3924,2000,1221,1177,4.408271303494952,4.398868060107942,12.509775004326936,11.938109326219239,True,False
26950,411967500000000000,41,1794,1466,1290,2000,384,376,4.380204836592335,4.3716619468047435,10.80896417491926,10.333155350310616,True,False
26951,478800000000000000,48,1821,1500,1320,2000,382,373,4.487724800273881,4.480096316221804,10.830515206976838,10.366322214245816,True,False
26952,10094599484311123242,1009,4543,4489,3599,2000,214,210,5.117176840704496,5.114621980496683,12.149429590056743,11.813380386924727,True,False
26953,10744571428571428,1,2302,989,956,989,989,956,9.949826710759112,9.879048146552844,11.16867211813223,9.900866807980748,False,False
26954,778050000000000000,78,3378,2763,2383,2000,620,600,4.467319726322645,4.454763966668871,11.721953612801386,11.21856323619027,True,False
26955,9975000000000000,1,84,46,46,46,46,46,5.523561956057012,5.523561956057012,6.392317422778761,5.523561956057013,False,False
26956,95076396349135208,10,169,165,162,2000,63,61,4.208579654835477,4.132134486230898,7.400879436282184,7.339850002884624,True,False
26957,65258131305323476,7,157,152,146,2000,61,60,4.287830414776072,4.284663844894022,7.294620748891627,7.189824558880018,True,False
26958,1728432416734408475,173,2846,2780,2280,2000,196,195,4.3562754526423975,4.35470323796363,11.474719946526482,11.154818109052105,True,False
26959,370759137729376515,37,5405,3934,3466,2000,1004,973,4.547024932888081,4.541384621377968,12.400078902622013,11.75905593916017,True,False
26960,107048363807503261,11,4247,2814,2605,2000,1026,998,4.415764251418117,4.405003983782135,12.052228393347402,11.347067657165871,True,False
26961,5512488728047237983,551,1851,1631,1401,2000,277,272,4.633015521813225,4.630383090682265,10.854089179870574,10.452241240430817,True,False
26962,10059827817183283232,1006,8868,7427,6158,2000,1035,1006,4.779795918720141,4.7760997424367435,13.114393054867307,12.588246152044817,True,False
26963,10653847682871565190,1065,4485,4445,3549,2000,210,210,4.408609490150157,4.408609490150158,12.130892269806624,11.793196859060945,True,False
26964,249375000000000000,25,5171,3547,3148,2000,1019,990,4.436906051896906,4.4277641016694815,12.33622758948339,11.620219825507487,True,False
26965,51812210345977138332,5181,3191,3176,2649,2000,102,100,4.627545462848111,4.612424296625434,11.639792893279312,11.371232128369622,True,False
26966,34975244677870922,3,3404,1914,1795,2000,1178,1138,5.290527982248825,5.263685773291604,11.733015321685963,10.809768128710413,True,False
26967,413904662417033611189,41390,4601,4557,3707,0,0,0,0.0,0.0,12.167731741103244,11.856036399819155,False,True
26968,2437724993550000000,244,8012,6653,5519,2000,1218,1174,4.5261846123410665,4.515317998257465,12.967946705812707,12.430191170191696,True,False
26969,3062483306175035327,306,7959,6600,5546,2000,1098,1066,4.7368083633405105,4.732644058818087,12.958371460949852,12.437231901039478,True,False
26970,2848092045544000,0,1194,0,0,0,0,0,0.0,0.0,10.221587121264806,0,False,True
26971,479527177500000000,48,1860,1811,1544,2000,208,208,4.359755734827563,4.359755734827562,10.861086905995395,10.59245703726808,True,False
26972,559929894369448548,56,6543,4953,4283,2000,1217,1175,4.572762217218607,4.565790122007879,12.675736555361906,12.064405961891042,True,False
26973,432915000000000000,43,6187,4604,4030,2000,1228,1187,4.8343881842874215,4.82981753872672,12.595024318613637,11.97656412341533,True,False
26974,3690559729743406519,369,8033,6766,5560,2000,1162,1118,4.649233965878075,4.638332500818635,12.97172316117676,12.44086916761087,True,False
26975,2992500000000000,0,224,0,0,0,0,0,0.0,0.0,7.807354922057604,0,False,True
26976,19939566489938025000,1994,2407,2394,1984,2000,82,81,4.4475536594566005,4.446656986764438,11.233020426474496,10.954196310386875,True,False
26977,2642934480845079838,264,8426,6886,5767,2000,1209,1169,4.471306032344012,4.464215709178561,13.040632200562253,12.49360530705712,True,False
26978,11507750633637195000,1151,293,263,251,2000,77,77,5.411014252032937,5.4110142520329365,8.194756854422248,7.971543553950772,True,False
26979,6765797637530400000,677,2009,2002,1700,2000,91,90,4.337091873046691,4.336345937126316,10.972261848733291,10.731319031025064,True,False
26980,97648077975000000,10,54,40,40,2000,35,35,4.118202479665306,4.118202479665306,5.754887502163468,5.321928094887363,True,False
26981,8285284035567953015,829,96,89,89,2000,40,40,4.956428876527667,4.956428876527667,6.584962500721156,6.475733430966398,True,False
26982,507983001144255000,51,755,625,575,2000,154,152,4.341244725692047,4.337491676339448,9.560332834212442,9.167418145831737,True,False
26983,27285723890651282862,2729,3343,3317,2727,2000,143,142,5.353147096754012,5.353033344741829,11.706927639617403,11.413098984915264,True,False
26984,99750000000000000,10,172,168,165,2000,63,61,4.208579654835477,4.132134486230898,7.426264754702098,7.366322214245816,True,False
26985,94762500000000000,9,4510,2877,2632,2000,1220,1174,4.441998647839006,4.427528866278646,12.138911718142744,11.361943773735241,True,False
26986,419518724626086764,42,4191,3265,2853,2000,862,827,4.612521275852221,4.598250246503962,12.03307880613062,11.47826403158172,True,False
26987,983549933807186,0,246,0,0,0,0,0,0.0,0.0,7.94251450533924,0,False,True
26988,342776691418140700469,34278,5711,5651,4540,0,0,0,0.0,0.0,12.479527669256347,12.148476582178278,False,True
26989,535393034469310260,54,5965,4424,3858,2000,977,947,4.534435008239874,4.519819650155324,12.542306422582591,11.913637428049103,True,False
26990,40698000000000000000,4070,4517,4458,3622,2000,173,172,5.19525769224334,5.193847678195139,12.141149198437516,11.822570830950168,True,False
26991,49866539281437758296,4987,5267,5207,4202,2000,267,267,5.374383012225154,5.374383012225152,12.362765744153958,12.036860446673046,True,False
26992,968642667107616610,97,2545,2464,2092,2000,304,304,4.634699030009076,4.634699030009076,11.313449940963057,11.030667136246942,True,False
26993,20079098966588854314,2008,5530,5371,4438,2000,516,514,5.656064581538348,5.65585612889028,12.43306376512207,12.115693952197011,True,False
26994,1004898190695620302,100,7466,5922,5037,2000,1217,1178,4.742328399599522,4.737798642905003,12.86611979330307,12.298349015658186,True,False
26995,1822043928628281014,182,952,947,867,2000,70,69,4.34733977016737,4.345909221882028,9.894817763307943,9.759888183221834,True,False
26996,5294231250000000000,529,5105,4377,3588,2000,718,693,4.59385365051971,4.587490403771504,12.317695245765163,11.80896417491926,True,False
26997,7952784368780894638,795,6324,5740,4750,2000,758,753,4.527361339623422,4.5261695329161284,12.62662165235837,12.213711798105672,True,False
26998,697262740225612174,70,4618,3788,3330,2000,853,843,4.7890686797376025,4.787576583228418,12.173052457774116,11.701306461958625,True,False
26999,19349002437368454,2,1933,1027,1011,2000,913,902,6.570181910199657,6.558468221956587,10.916625922211235,9.981567281903015,True,False
27000,10003343964022163971,1000,9472,7848,6408,2000,1232,1186,5.167304378092621,5.164039264574247,13.20945336562895,12.64565843240871,True,False
27001,19949968866616606516,1995,9726,8235,6652,2000,1259,1214,5.24254745628322,5.237402227911964,13.247630876238699,12.699572453287269,True,False
27002,19949840596514771191,1995,9633,8172,6594,2000,1270,1227,5.68108629275759,5.678699986322961,13.233769450446927,12.686938171670388,True,False
27003,9974225985818020200,997,8771,7493,6073,2000,1184,1140,5.3121693480164645,5.307394037971099,13.098525621379464,12.568193653850074,True,False
27004,19949878852562863408,1995,8465,7256,5843,2000,1120,1077,5.737006119829676,5.733657666522939,13.047294352783004,12.512493573945038,True,False
27005,1197000000000000,0,641,0,0,0,0,0,0.0,0.0,9.324180546618742,0,False,True
27006,21845250000000000,2,3161,1664,1594,2000,1246,1203,6.580769745594424,6.54011890586089,11.626165319904498,10.638435913990472,True,False
27007,4134908569780736944,413,5640,4794,3952,2000,809,776,4.615601149071948,4.608191709219924,12.461479447286155,11.948367231584678,True,False
27008,32169375000000000000,3217,6624,6333,5223,2000,728,724,4.963436117032169,4.962881716477768,12.693486957499326,12.350662988372257,True,False
27009,39896770140294393433,3990,8499,7534,6314,2000,981,970,6.024846238943646,6.024446278596853,13.053077387099254,12.624338545312986,True,False
27010,7556146449600000000,756,1801,1794,1562,2000,71,70,4.295639025430188,4.2943194883552565,10.814582465906277,10.60917873814198,True,False
27011,30436633253931125878,3044,2507,2500,2060,2000,91,90,4.540332933734769,4.539807514889709,11.291746280833939,11.00842862207058,True,False
27012,3149004115110000,0,571,0,0,0,0,0,0.0,0.0,9.157346935362844,0,False,True
27013,972431077694235588,97,6524,5056,4375,2000,990,960,4.784882970645571,4.780861121624435,12.671541066711884,12.095067301607054,True,False
27014,23940000000000000,2,1854,1091,1074,2000,783,777,6.5545768069013475,6.546861189753992,10.85642552862553,10.068778277985412,True,False
27015,52169250000000000000,5217,7377,6609,5466,2000,814,808,5.347122939223089,5.346640833707897,12.848818520317238,12.416269744523207,True,False
27016,3690750000000000,0,520,0,0,0,0,0,0.0,0.0,9.022367813028454,0,False,True
27017,44233188390545813,4,3063,1916,1773,2000,1047,1007,5.253756772473628,5.225707617595747,11.580729651598958,10.79197682089869,True,False
27018,205617515168674746,21,485,478,460,2000,85,83,4.289281537310417,4.286827106379089,8.92184093707449,8.845490050944376,True,False
27019,5630789899685144,1,1565,171,170,171,171,170,7.417852514885897,7.4061566084531485,10.61194694181998,7.409390936137702,False,False
27020,3978030000000000000,398,6903,5816,4781,2000,1014,973,4.648762793036178,4.638759665268946,12.753007768945245,12.223096690347695,True,False
27021,88359956921277814238,8836,2850,2839,2361,2000,72,72,4.977352614760651,4.977352614760651,11.476746203939467,11.205182326228643,True,False
28396,19420121177610879,2,275,225,224,2000,187,187,6.416718802129218,6.416718802129218,8.103287808412022,7.807354922057604,True,False
28397,49875000000000000,5,584,518,496,2000,193,192,4.710462770215352,4.707710706167315,9.189824558880018,8.954196310386875,True,False
28398,1012531328320802004,101,2513,2445,1964,2000,187,185,4.456937577326611,4.455210884947761,11.295194955880655,10.939579214314692,True,False
28399,100250626566416040,10,4776,3220,2922,2000,1219,1176,4.5504086170686096,4.5327070286520525,12.221587121264806,11.512740462803498,True,False
28400,232611174802464083,23,5542,4013,3560,2000,1230,1189,4.393513720226697,4.383849198195433,12.436190995481416,11.79766152585376,True,False
28401,24228191176350001,2,1465,867,829,2000,594,577,6.547504273537587,6.515432980627247,10.51668494930961,9.69522829149575,True,False
28402,7536947026757306494,754,8667,7194,5968,2000,1019,987,4.969229672271221,4.9639552579616435,13.08131698928577,12.543031820255237,True,False
28403,194679927259702124274,19468,7879,7122,5853,0,0,0,0.0,0.0,12.94379681959879,12.514960563330183,False,True
28404,23426723181406182811,2343,9213,7692,6321,2000,997,967,5.2377976962515005,5.235041848375354,13.16945529769703,12.625937099538463,True,False
28405,981977083817083612,98,210,208,197,2000,42,42,4.364542851298146,4.364542851298146,7.714245517666122,7.622051819456376,True,False
28406,25610812500000000000,2561,4915,4869,3905,2000,222,222,5.079737751621933,5.079737751621932,12.262975701227942,11.931106833029341,True,False
28407,4281779710213572,0,1239,0,0,0,0,0,0.0,0.0,10.274960472140602,0,False,True
28408,890673558425681985,89,6446,5003,4341,2000,1028,999,4.499700230391769,4.494155888959794,12.654188473059545,12.083811707252881,True,False
28409,1221544150852727596,122,3347,3191,2714,2000,469,467,4.54959374399399,4.5488659518514085,11.70865283568653,11.406205005418855,True,False
28410,190420919697015525000,19042,2914,2901,2374,0,0,0,0.0,0.0,11.508785162064513,11.213104219641906,False,True
28411,508501043400735000,51,3453,2765,2404,2000,667,645,4.376135590061109,4.36561094912483,11.753634618853386,11.231221180711186,True,False
28412,24956540213098013,2,159,99,99,1868,99,99,6.0063370864925725,6.0063370864925725,7.312882955284356,6.6293566200796095,False,False
28413,18326762125350000,2,145,82,82,2000,76,76,6.074824509816542,6.074824509816541,7.1799090900149345,6.357552004618084,True,False
28414,2992500000000000,0,1073,0,0,0,0,0,0.0,0.0,10.067434360756522,0,False,True
28415,5160155791040578,1,171,27,27,27,27,27,4.754887502163469,4.754887502163469,7.417852514885898,4.754887502163468,False,False
28416,6870816580927324815,687,7644,6651,5601,2000,980,969,4.87623666433251,4.874693843689991,12.900112062977456,12.451468712947358,True,False
28417,947625000000000000,95,6480,4978,4299,2000,969,940,4.509548556453941,4.503425074353217,12.661778097771988,12.069785394983302,True,False
28418,45685500000000000000,4569,5497,5439,4373,2000,217,216,5.268169598260297,5.2678029010355285,12.424428764037762,12.094407633081207,True,False
28419,7007037865590000,1,44,11,11,11,11,11,3.4594316186372978,3.4594316186372978,5.459431618637297,3.4594316186372973,False,False
28420,99750000000000000,10,210,203,194,2000,62,61,4.229213548697844,4.226598242577281,7.714245517666122,7.599912842187128,True,False
28421,152878951541871686,15,355,348,337,2000,70,69,4.549020135687826,4.547626053290259,8.471675214392045,8.396604781181859,True,False
28422,875136894816343710,88,6689,5048,4364,2000,1047,1018,4.459081147522378,4.4528183884192,12.707574829926973,12.091435386323607,True,False
28423,89775000000000000,9,2990,2107,2003,2000,910,900,4.400161472330069,4.396976946181946,11.545929769085467,10.967946705812707,True,False
28424,471052776053200381,47,652,639,577,2000,86,85,4.399385498857274,4.398058128749115,9.348728154231077,9.172427508645482,True,False
28425,9763487220360544,1,1851,543,532,543,543,532,9.084808387804362,9.03921927638233,10.854089179870574,9.055282435501189,False,False
28426,8921858921325000000,892,6611,5857,4848,2000,794,788,5.006017522927233,5.005346738263286,12.690652799348483,12.243173983472952,True,False
28427,11172000000000000,1,214,145,144,145,145,144,7.1799090900149345,7.166115986566658,7.741466986401147,7.169925001442312,False,False
28428,5781534001073579274,578,1888,1875,1558,2000,78,77,4.364454660838255,4.363532302644055,10.88264304936184,10.605479518061669,True,False
28429,899251879699248120,90,2275,2206,1828,2000,196,195,4.37485808464787,4.373635251008828,11.151650829973422,10.83605035505807,True,False
28430,1554800293765730779,155,2808,2739,2193,2000,194,192,4.58888195627156,4.562151793256127,11.45532722030456,11.098690096673593,True,False
28431,2663969643775010595,266,3232,3165,2560,2000,194,193,4.456336815506475,4.455227655695032,11.658211482751796,11.321928094887362,True,False
28432,1396500000000000000,140,1092,1080,945,2000,81,79,4.5883641159582,4.585404654028971,10.092757140919852,9.884170519108435,True,False
28433,6548361750249369,1,90,22,22,22,22,22,4.459431618637296,4.459431618637296,6.491853096329675,4.459431618637297,False,False
28434,179332684380660204050,17933,214,195,190,0,0,0,0.0,0.0,7.741466986401147,7.569855608330948,False,True
28435,1513407000000000000,151,588,515,473,2000,110,110,4.504412607948929,4.50441260794893,9.199672344836364,8.885696373339394,True,False
28436,2513700000000000000,251,1742,1726,1440,2000,106,104,4.47521483238242,4.456495944451371,10.766528908598865,10.491853096329674,True,False
28437,25421143887575112773,2542,4900,4287,3467,2000,649,629,5.7382078943380295,5.734988428925206,12.258566033889933,11.759472121202833,True,False
28438,6346509572402245540,635,8525,7055,5858,2000,998,968,4.961996679804585,4.958706782440701,13.057484118798897,12.516192477879367,True,False
28439,16937543955152397713,1694,4750,4711,3762,2000,215,215,4.664116015682761,4.66411601568276,12.213711798105672,11.877284133523196,True,False
28440,7976701262298746121,798,4162,4118,3308,2000,208,208,4.725271659401306,4.725271659401306,12.023061249735335,11.691743519171276,True,False
28441,5669020908268200000,567,1958,1951,1655,2000,85,84,4.292280291299261,4.291354105677144,10.935165049603695,10.69261550169458,True,False
28442,493452902814422724,49,1883,1831,1551,2000,197,194,4.406217002700922,4.404419697462695,10.878817284614229,10.59898297103609,True,False
28443,1209022556390977443,121,7608,5981,5050,2000,1225,1179,4.557383832483999,4.550602568450203,12.893301530860564,12.302067672526519,True,False
28444,5722198650000000000,572,7886,6734,5655,2000,994,976,4.829665794382508,4.82679912778665,12.945077995107816,12.465311308877183,True,False
28445,4210626736750147765,421,7638,6478,5443,2000,993,976,4.6544661336575555,4.651867121839728,12.898979204622513,12.410186320725094,True,False
28446,99750000000000000,10,222,210,205,2000,69,68,4.303483325338605,4.301141212829184,7.794415866350106,7.679480099505446,True,False
28447,3032766073434894,0,1147,0,0,0,0,0,0.0,0.0,10.163649676015824,0,False,True
28448,588764744062441,0,202,0,0,0,0,0,0.0,0.0,7.658211482751795,0,False,True
28449,992855220853601737,99,851,838,747,2000,76,75,4.303859813765933,4.302129507885154,9.733015321685963,9.544964432789238,True,False
28450,856940922275079424,86,760,747,669,2000,74,73,4.245690516437814,4.244381015272432,9.569855608330949,9.38586240064146,True,False
28451,953537831402105127,95,1675,1638,1338,2000,126,126,4.375500090363442,4.375500090363439,10.709945380232497,10.38586240064146,True,False
28452,2374928278294300225,237,1287,1275,1088,2000,78,77,4.4580493066381,4.457049645941963,10.329796338220701,10.087462841250339,True,False
28453,107389010537820593,11,4819,3285,2978,2000,1233,1192,4.40041958021642,4.389374116264564,12.234518085739989,11.5401280385821,True,False
28454,110742047446435550,11,2220,1629,1482,2000,588,571,5.280285118800958,5.258729119097109,11.116343961237469,10.533329732305834,True,False
28455,74137657184192881362,7414,10255,8637,6991,2000,1243,1199,5.62921412437818,5.597936476098524,13.324039871367214,12.771283119641005,True,False
28456,2317369382533785690,232,3293,3239,2654,2000,212,210,4.863303891529514,4.860440740653308,11.685186796595348,11.373952655370193,True,False
28457,10289568283407732133,1029,8876,7409,6125,2000,1001,971,5.345961082369308,5.343699377532806,13.115693952197011,12.580494128777294,True,False
28458,4036117494089116964,404,8097,6580,5499,2000,978,949,4.552398906433535,4.546888856209993,12.983171762188007,12.424953571261042,True,False
28459,110018343462676692,11,2488,2082,1976,2000,739,734,4.76415495327764,4.760547658244227,11.280770770130603,10.948367231584678,True,False
28460,3732991577860632,0,1085,0,0,0,0,0,0.0,0.0,10.083479327331842,0,False,True
28461,30919292871495342573,3092,9390,7932,6504,2000,1033,1003,5.30799571036333,5.305492920542076,13.196909442541138,12.667111542075027,True,False
28462,132787826059001509,13,1599,1444,1353,2000,458,456,4.759967582373276,4.757601734613048,10.642954223480332,10.401946123976536,True,False
28463,5536125000000000000,554,3869,3802,3061,2000,195,194,4.628140229509204,4.627340069477199,11.917745013443216,11.579787329526992,True,False
28464,50000000000000000,5,291,266,263,2000,129,128,4.41199995860526,4.411230407973028,8.184875342908283,8.038918989292302,True,False
28465,1751651397634593205,175,7290,5779,4909,2000,977,948,4.670156386696864,4.665053034395209,12.8317030992143,12.261213451366048,True,False
28466,17039784219185116,2,1259,662,639,2000,589,572,6.542625820995917,6.510578593588009,10.298062567719017,9.319672120946995,True,False
28467,2043877500000000000,204,2259,1962,1672,2000,364,356,4.470415145455099,4.464519626069409,11.141468555393084,10.707359132080883,True,False
28468,1879323938649968862,188,7864,6273,5282,2000,1217,1176,4.557031640260051,4.5511904157858245,12.94104760634058,12.366868586167094,True,False
28469,3391500000000000,0,729,0,0,0,0,0,0.0,0.0,9.509775004326936,0,False,True
28470,80027278404322799,8,810,751,694,2000,196,195,4.489276206956539,4.487074225172934,9.661778097771988,9.43879185257826,True,False
28471,994351006105275000,99,1436,1215,1073,2000,275,269,4.4508892493689896,4.444557278078948,10.487840033823051,10.067434360756522,True,False
28472,9932416006507997835,993,761,684,611,2000,125,125,5.21663422758979,5.21663422758979,9.571752643503546,9.25502856981873,True,False
28473,30294075000000000000,3029,7243,6475,5334,2000,801,795,4.921160727496624,4.92042607302932,12.822371659963327,12.381002109550925,True,False
28474,3261930589216692798,326,4249,4075,3418,2000,509,507,4.687711103628108,4.687211041120296,12.052907628313287,11.73893668167614,True,False
28475,9123078808672800,1,120,60,60,60,60,60,5.906890595608518,5.906890595608518,6.906890595608519,5.906890595608519,False,False
28476,9535162274133615,1,2085,539,526,539,539,526,9.074141462752504,9.020792877405263,11.025831668332026,9.038918989292302,False,False
28477,99750000000000000,10,2727,1962,1870,2000,785,779,4.543331658733276,4.540245566217546,11.413098984915264,10.868822554774999,True,False
28478,40929388225236000000,4093,2179,2172,1827,2000,78,77,4.696590872187107,4.69600832954921,11.089450481115907,10.835260918627489,True,False
28479,10185379052926520776,1019,2135,2127,1811,2000,95,93,4.525232148985806,4.524203186921863,11.060020354507852,10.822570830950168,True,False
28480,77255951069962021,8,4266,2765,2526,2000,1241,1198,4.444345557558816,4.430960828920252,12.058668250340572,11.302638923787553,True,False
28481,344436750000000000,34,272,231,219,2000,80,80,4.282912865742412,4.2829128657424125,8.087462841250339,7.774787059601174,True,False
28482,480816656609450534,48,1885,1547,1358,2000,391,381,4.490058387462675,4.481852029879719,10.880348808156027,10.407267764244732,True,False
28483,6144600000000000000,614,8561,7092,5886,2000,1035,1005,5.199048740254508,5.194864525848375,13.06356361058499,12.523071826940395,True,False
28484,159012419708794870,16,4596,3184,2856,2000,1065,1034,4.754043763044767,4.7396769229388305,12.166163082646113,11.479780264029099,True,False
28485,100201108108916958984,10020,10219,8706,7040,0,0,0,0.0,0.0,13.31896640501995,12.78135971352466,False,True
28486,558297600473217835,56,6580,5079,4384,2000,1243,1201,4.40112195562998,4.389758128206424,12.683871868622603,12.098032082960527,True,False
28487,640694250000000000,64,3275,2665,2304,2000,614,595,4.430630462355341,4.4224645983653375,11.677279191312175,11.169925001442312,True,False
28488,2552572085136249461,255,8327,6739,5623,2000,1232,1188,5.089317282560458,5.084834246471509,13.023581108623029,12.457124331540804,True,False
28489,260997414737385,0,125,0,0,0,0,0,0.0,0.0,6.965784284662087,0,False,True
28490,32000000000000000,3,440,386,377,2000,193,190,5.193507170411816,5.187541423217389,8.78135971352466,8.558420713268664,True,False
28491,7415656958289097746,742,2011,2005,1697,2000,83,82,4.3129084979228605,4.3117778838087055,10.973697366305352,10.728770849542663,True,False
28492,2944607397305143,0,1031,0,0,0,0,0,0.0,0.0,10.00982861736811,0,False,True
28493,1029207285044190000,103,3683,3068,2596,2000,621,601,4.602506445251073,4.590983578730036,11.846665681899738,11.342074667999139,True,False
28494,9573172456575000,1,416,147,147,147,147,147,7.1996723448363635,7.1996723448363635,8.700439718141093,7.199672344836364,False,False
28495,276321113020607606,28,1308,1051,943,2000,318,312,4.473945889162876,4.468464446968992,10.353146825498083,9.881113960675096,True,False
28496,280879880938651752,28,1151,921,831,2000,280,275,4.458403093677667,4.4532451156309,10.16867211813223,9.698704666770345,True,False
28497,7481080876322433921,748,8364,7115,5781,2000,1153,1109,5.126444601252544,5.120745248370675,13.029977346589579,12.497103357016877,True,False
28498,289639074134554329,29,1552,1483,1298,2000,192,191,4.566140620137837,4.564123011920669,10.599912842187127,10.342074667999139,True,False
28499,398722491147237085,40,2798,2567,2280,2000,636,633,4.432107015767415,4.4308058642483195,11.450180247164754,11.154818109052105,True,False
28500,451127819548872180,45,4238,3401,3017,2000,856,846,4.57669047084396,4.57323024646041,12.04916787237217,11.558898981146703,True,False
28501,99750000000000000,10,4466,2976,2721,2000,1240,1200,4.394261921727482,4.3838620485927,12.124767535822473,11.409921241249679,True,False
28502,2314200000000000000,231,1706,1690,1412,2000,105,103,4.4277638431375035,4.407684699381538,10.73640193131829,10.46352437327118,True,False
28503,1967525000000000000,197,3046,2989,2442,2000,203,202,4.677447539525105,4.6767599320864415,11.572700226487292,11.253847484987404,True,False
28504,6683250000000000,1,113,29,29,29,29,29,4.85798099512757,4.85798099512757,6.820178962415188,4.857980995127572,False,False
28505,8352520101267460,1,780,218,216,218,218,216,7.768184324776927,7.749835700923715,9.60733031374961,7.754887502163468,False,False
28506,1097250000000000000,110,969,960,835,2000,76,75,4.284842002596006,4.2840634760516005,9.92035285541508,9.705632387361415,True,False
28507,239400000000000000,24,485,475,451,2000,76,75,4.527670736970331,4.525929821491017,8.92184093707449,8.81698362325538,True,False
28508,6034875000000000000,603,1846,1835,1520,2000,77,76,4.503104328837072,4.50197408395659,10.850186837645774,10.569855608330949,True,False
28509,119201250000000000000,11920,9819,8505,6844,0,0,0,0.0,0.0,13.261360387765919,12.740624044489413,False,True
28510,192000000000000000,19,4587,3367,3010,2000,1097,1056,4.531575868003614,4.5147221479131945,12.163335192081961,11.555547771647065,True,False
28511,1182210536325000000,118,2648,2580,2123,2000,192,191,4.355744619448272,4.354029353582064,11.370687406807217,11.051888655905378,True,False
28512,4983091597048340911,498,3757,3698,2996,2000,200,199,4.4518720891326495,4.4508633775324675,11.87536540064177,11.54882190845875,True,False
28513,5023522088244717,1,860,124,121,124,124,121,6.954196310386871,6.889680181354614,9.74819284958946,6.918863237274595,False,False
28514,19140532859663453010,1914,4852,4785,3866,2000,197,196,4.800075738872206,4.799367502675434,12.24436383512051,11.916625922211235,True,False
28515,29835225000000000000,2984,2965,2950,2467,2000,105,104,4.5863616162508825,4.585897563028132,11.533816389433365,11.268542000300123,True,False
28516,1531106718253612149830,153111,10451,8861,7201,0,0,0,0.0,0.0,13.351353372192145,12.813981551614678,False,True
28517,149197502292491482,15,3146,2302,2080,2000,791,761,4.544528303701191,4.5279524520275425,11.619302955415687,11.022367813028454,True,False
28518,54104742362947500000,5410,1957,1953,1686,2000,90,87,5.4323780518733695,5.420003905672046,10.934428040626804,10.719388820942083,True,False
28519,987506684733457171,99,4722,3966,3414,2000,789,783,4.600276187605548,4.599174074697552,12.205182326228643,11.737247343027738,True,False
28520,19644587156602247082,1964,8950,7665,6350,2000,1029,1002,5.270022387599523,5.267621219211473,13.127671967038982,12.63254087654689,True,False
28521,30924376811321892805,3092,9420,7949,6525,2000,1034,1002,5.888717816471262,5.885767872855427,13.201511344500146,12.671762186344608,True,False
28522,510796820642174087,51,5932,4465,3900,2000,979,949,5.1523104866165,5.136455264311587,12.53430288245463,11.929258408636972,True,False
28523,1197000000000000000,120,1074,1061,919,2000,87,85,4.338834563415933,4.337306220594892,10.068778277985412,9.843921051289035,True,False
28524,1825425000000000000,183,2746,2342,1990,2000,433,421,4.417306827288167,4.404321614377791,11.4231159101471,10.958552715431011,True,False
28525,32917500000000000,3,978,651,621,2000,379,372,5.745078484545677,5.730421534207281,9.933690654952233,9.278449458220482,True,False
28526,21395371112505227740,2140,4246,4187,3400,2000,169,167,4.906043495765366,4.901319839515198,12.051888655905378,11.731319031025064,True,False
28527,13909830119697548,1,1460,695,669,695,695,669,9.44086916761087,9.356891429515041,10.51175265376738,9.38586240064146,False,False
28528,997500000000000,0,420,0,0,0,0,0,0.0,0.0,8.714245517666123,0,False,True
28529,277141205191943757,28,699,681,596,2000,101,100,4.373472865671055,4.372064529604445,9.449148645375436,9.219168520462162,True,False
28530,1108822282386000000,111,909,896,785,2000,89,89,4.638113693803456,4.638113693803456,9.828136484194108,9.61654884377899,True,False
28531,1943135806647000000,194,874,870,804,2000,67,65,4.527800261511137,4.525350148843929,9.7714894695006,9.651051691178928,True,False
28532,2547991168997719008,255,1075,1071,972,2000,65,63,4.3772515196398825,4.374656166807049,10.070120944476823,9.92481250360578,True,False
28533,204341065162907268,20,5392,3843,3417,2000,1222,1180,4.472173404656074,4.4651410834027505,12.396604781181859,11.738514532429267,True,False
28534,10054800000000000000,1005,6543,5967,4923,2000,767,762,4.919422113734987,4.9187623007541195,12.675736555361906,12.26532202423487,True,False
28535,131670000000000000,13,4408,2972,2725,2000,1021,992,4.4144221173830855,4.403332048202724,12.105908508571158,11.41204051455165,True,False
28536,3407675777869625905,341,8246,6607,5556,2000,1046,1016,4.733901213884858,4.729790201016892,13.009478745888066,12.439830883981392,True,False
28537,3743617500000000000,374,7409,6282,5306,2000,985,968,5.183493159068013,5.180871465696814,12.855063118367624,12.373408960228696,True,False
28538,103241250000000000,10,3790,2675,2433,2000,1022,984,5.596431106301556,5.568805908254734,11.887982133058454,11.24852060493843,True,False
28539,31918676591868729520,3192,10121,8575,7004,2000,1257,1217,5.91461145964029,5.913169552613045,13.305064221337224,12.773963368433558,True,False
28540,114823051664067075,11,1678,1247,1134,2000,445,434,5.2608879331676635,5.2419791347629445,10.712527000439824,10.147204924942228,True,False
28541,7134289594487449344,713,6895,5863,4787,2000,973,933,4.842504088282081,4.835014596113404,12.751334836401343,12.224906090719767,True,False
28542,14962500000000000000,1496,2179,1932,1632,2000,324,318,5.375330283573041,5.373286066452671,11.089450481115907,10.672425341971495,True,False
28543,595924099124694767228,59592,1626,1621,1396,0,0,0,0.0,0.0,10.667111542075027,10.447083226209653,False,True
28544,132667500000000000,13,4560,3283,2966,2000,1161,1119,4.77552659110729,4.754708449888984,12.154818109052105,11.53430288245463,True,False
28545,1117200000000000000,112,5617,4591,3877,2000,960,921,4.468230456673542,4.458369146906989,12.455584087578611,11.920725019751181,True,False
28546,82859047860664153,8,2392,1661,1522,2000,712,688,4.51973900873654,4.5066257583092515,11.224001674198105,10.571752643503546,True,False
28547,104737500000000000,10,426,410,385,2000,100,99,4.365064601230575,4.363646250708844,8.734709620225837,8.588714635582264,True,False
28548,14465585776692418,1,241,182,181,182,182,181,7.507794640198698,7.496805629209687,7.912889336229962,7.499845887083206,False,False
28549,162333834650752193,16,822,787,695,2000,119,117,4.379223638981593,4.378611625675023,9.682994583681683,9.44086916761087,True,False
28550,181299141855825000,18,427,420,400,2000,82,81,4.404021046016519,4.402526387615948,8.73809225962049,8.643856189774725,True,False
28551,3127402094296126091,313,8169,6531,5491,2000,1045,1015,4.694858317044589,4.690344805112567,12.995943767764953,12.422853195944265,True,False
28552,129674368788339364,13,1591,1434,1346,2000,463,461,4.384422250021453,4.3830706508973964,10.635718120331047,10.394462694610317,True,False
28553,96672363375000000,10,3539,2420,2212,2000,1027,989,5.603086808517645,5.575415204964276,11.789126046425231,11.111135670234708,True,False
28554,14589246086808493,1,1885,933,922,933,933,922,9.865733270851761,9.842153420905353,10.880348808156027,9.848622940429339,False,False
28555,49875000000000000000,4988,5988,5828,4828,2000,520,518,5.73750943584205,5.737320435545604,12.547858506058416,12.237209960755022,True,False
28556,14799382437219498623,1480,6315,6004,4951,2000,763,759,5.887385519057298,5.8871582600859425,12.624567018674915,12.27350423396216,True,False
28557,5972130853796270,1,81,18,18,18,18,18,4.169925001442312,4.169925001442312,6.339850002884624,4.169925001442312,False,False
28558,1230634578439744000,123,3984,3314,2808,2000,658,638,4.463602134206577,4.456377792210404,11.960001932068081,11.45532722030456,True,False
28559,2804144322749200684,280,1567,1365,1190,2000,253,249,4.413038089454336,4.409488792571169,10.61378946447258,10.216745858195306,True,False
28560,997500000000000000,100,2350,2282,1818,2000,184,182,4.558143748212755,4.555348811591006,11.198445041452363,10.828136484194108,True,False
28561,31620750000000000000,3162,5115,5047,4042,2000,191,190,4.443020985046027,4.441838360529312,12.320518524632691,11.980853606379736,True,False
28562,27289080856968875030,2729,7251,6486,5337,2000,810,804,5.413954749392541,5.413495751549988,12.823964258486738,12.381813295988316,True,False
28563,1975739652088650000,198,683,679,637,2000,57,57,4.325686678707531,4.325686678707531,9.41574176829009,9.3151495622563,True,False
28564,1895250000000000000,190,7788,6330,5354,2000,1166,1128,4.435366928520146,4.422503460275582,12.927037168720295,12.386401423640777,True,False
28565,598500000000000,0,448,0,0,0,0,0,0.0,0.0,8.807354922057604,0,False,True
28566,39900000000000000,4,3562,2024,1889,2000,1201,1161,5.193266642803183,5.170328404668364,11.798471801101618,10.88340698638837,True,False
28567,6000000000000000,1,67,20,20,20,20,20,4.321928094887363,4.321928094887363,6.066089190457772,4.321928094887363,False,False
28568,19119844296998736,2,2338,1128,1102,2000,998,978,6.490548227622556,6.46882476437516,11.191059214531656,10.105908508571158,True,False
28569,1635900000000000000,164,7270,5729,4859,2000,980,951,4.494236986311278,4.487457300966037,12.827739648806956,12.246443717117286,True,False
28570,1129170000000000000,113,6556,5347,4481,2000,1089,1047,4.425490616880616,4.415909016464946,12.678600139099458,12.129605011152504,True,False
28571,53848202865591252005,5385,5334,5279,4248,2000,260,259,5.8613122675533,5.860425276552627,12.381002109550925,12.052568050804153,True,False
28572,388735499889341193,39,5449,3896,3417,2000,967,938,4.432160653113006,4.420283209361924,12.411775775576528,11.738514532429267,True,False
28573,3590769571314137587,359,8605,7116,5890,2000,1252,1212,4.922526763407504,4.918376284025599,13.070959476927566,12.524051918717824,True,False
28574,8997450000000000000,900,6656,5891,4875,2000,795,789,4.671329814855264,4.670244678997761,12.700439718141093,12.251186503524336,True,False
28575,16159500000000000,2,2863,1359,1305,2000,1249,1206,6.581726527585077,6.540575687851543,11.483311954999353,10.349834091457247,True,False
28576,1502087183041494935897,150209,8446,7575,6352,0,0,0,0.0,0.0,13.044052531801302,12.632995197142957,False,True
28577,6571564736186280023,657,1427,1260,1099,2000,228,224,5.078315182554487,5.0766762292788545,10.478769619475763,10.101975670949232,True,False
28578,9973005000000000000,997,8769,7207,5957,2000,957,926,4.631828999573087,4.623685909645539,13.09819661452721,12.540370243743567,True,False
28579,9376500000000000000,938,8839,7423,6136,2000,1081,1050,5.1240355240404805,5.121006094994754,13.109667444250803,12.583082767502933,True,False
28580,2971713482767379,0,766,0,0,0,0,0,0.0,0.0,9.581200581924957,0,False,True
28581,10574392626895680,1,1695,739,713,739,739,713,9.529430554146154,9.453652475661714,10.727069558023706,9.477758266443889,False,False
28582,448875000000000000,45,488,484,467,2000,71,67,4.390445807716797,4.386813572237773,8.930737337562887,8.867278739709661,True,False
28583,4967550000000000000,497,3980,3442,2830,2000,566,547,4.698390930669883,4.689001621523316,11.958552715431011,11.466586337719244,True,False
28584,2144625000000000000,214,3557,3032,2550,2000,552,534,4.461606417305049,4.45347312328348,11.79644525906185,11.31628153174622,True,False
28585,10978865359952635448,1098,4045,3534,2876,2000,559,541,5.23737097899031,5.231625399411236,11.981923987317339,11.489847960439297,True,False
28586,5680762500000000000,568,3822,3314,2721,2000,538,521,4.603325609219088,4.596875735403413,11.900112062977456,11.409921241249679,True,False
28587,1825425000000000000,183,3192,2700,2281,2000,506,490,4.413671379343683,4.3995991013627735,11.640244936222345,11.155450731312138,True,False
28588,1875449963634314671,188,3064,2587,2189,2000,477,464,4.513582723157018,4.50423347743869,11.581200581924957,11.096056239180946,True,False
28589,2274300000000000000,227,3084,2620,2203,2000,475,462,4.574945649334189,4.563975776313825,11.590587049915035,11.105253779700883,True,False
28590,957600000000000000,96,2469,2057,1779,2000,443,431,4.515254141335218,4.508505398006351,11.269711121142782,10.79685079526716,True,False
28591,329175000000000000,33,1990,1584,1394,2000,433,421,4.521346854368117,4.505946040245903,10.958552715431011,10.445014845868423,True,False
28592,19310405828411250000,1931,3217,2839,2337,2000,440,428,5.566306250474451,5.562264574089928,11.65150022065274,11.190442018782825,True,False
28593,501657400747524525,50,2091,1718,1501,2000,408,397,4.401189887193687,4.391362266069079,11.029977346589579,10.55170826162069,True,False
28594,169575000000000000,17,1467,1132,1026,2000,387,379,4.419918339255307,4.413333712976233,10.51865315567339,10.002815015607053,True,False
28595,979545000000000000,98,2014,1709,1495,2000,374,366,4.5248716614865785,4.518212242675029,10.975847968006784,10.545929769085467,True,False
28596,55017628129313372115,5502,9252,8065,6685,2000,1025,1004,5.44377190920647,5.44130974946283,13.175549550636191,12.706711844980715,True,False
28597,15013774342945827,2,688,381,375,2000,361,355,6.492872370722801,6.475405204559678,9.426264754702098,8.550746785383243,True,False
28598,3182790753376605000,318,2377,2081,1770,2000,364,357,4.6370045589454865,4.63282007313448,11.214926187942435,10.78953364497036,True,False
28599,67304284811695068456,6730,4237,4204,3422,2000,129,127,4.985526934591243,4.985258998587405,12.04882741336389,11.740624044489413,True,False
28600,99750000000000000,10,3958,2560,2340,2000,1066,1035,4.381446577741457,4.371442355708501,11.950555897047511,11.192292814470767,True,False
28601,9178111521316476842,918,2082,2074,1766,2000,85,84,4.392859565419876,4.392189015196054,11.023754353299417,10.786269627648466,True,False
28602,20000000000000000,2,328,259,255,2000,181,180,6.416159555157657,6.410153549151651,8.357552004618084,7.994353436858858,True,False
28603,69680107058981979175,6968,5447,5379,4331,2000,198,197,4.676272014372159,4.675521826825271,12.411246151840444,12.080484457067568,True,False
28604,2844893631392098864,284,7827,6551,5412,2000,1167,1123,4.5587481399541705,4.5463678035979935,12.934243729538608,12.401946123976536,True,False
28605,9975000000000000,1,162,51,51,51,51,51,5.672425341971495,5.672425341971495,7.339850002884624,5.672425341971495,False,False
28606,2987258988475618232,299,5711,4942,4175,2000,795,789,4.554896183921005,4.553709462652839,12.479527669256347,12.027560482248777,True,False
28607,99720075000000000000,9972,7087,6783,5606,2000,756,751,5.814471952836918,5.813890744203187,12.790959333698824,12.452756029032495,True,False
28608,19230473031240360,2,1100,793,786,2000,711,707,6.511021423901977,6.505019923526882,10.103287808412022,9.618385502258606,True,False
28609,220563537686635935,22,1691,1318,1182,2000,407,397,4.510359401278142,4.5017669938418035,10.723660944409984,10.207014320177532,True,False
28610,248735784476851486,25,1533,1221,1095,2000,374,367,4.418230017439296,4.411649963060649,10.582141981658777,10.096715154488535,True,False
28611,34632169917294655930,3463,9388,7984,6589,2000,1036,1010,5.505869071790076,5.504284477660884,13.196602126523171,12.685843811426082,True,False
28612,12252516907635058059,1225,8974,7537,6242,2000,1037,1008,4.825750420639663,4.822248785069622,13.131535468676345,12.607792641919211,True,False
28613,123480238743823078,12,1093,1024,917,2000,187,186,4.523118346831248,4.520672611582089,10.094077685671905,9.840777923595054,True,False
28614,77486777450239998,8,3807,2362,2178,2000,1062,1032,4.420834947658122,4.409497411195307,11.894438854562262,11.088788238716907,True,False
28615,3290868070837439350,329,7933,6490,5448,2000,1029,1000,4.6385524803993885,4.634117192065192,12.953650833649307,12.411510988012072,True,False
28616,4936615114242135,0,1615,0,0,0,0,0,0.0,0.0,10.657318449581288,0,False,True
28617,1978574200140574,0,171,0,0,0,0,0,0.0,0.0,7.417852514885898,0,False,True
28618,40153230451439223,4,3440,2134,1981,2000,1178,1135,5.290527982248825,5.262642290190442,11.74819284958946,10.952013164889486,True,False
28619,5618389537145175000,562,93,87,87,2000,34,34,4.682807673575228,4.682807673575228,6.539158811108031,6.442943495848728,True,False
28620,37321389572909612167,3732,5228,5157,4151,2000,215,214,5.371673730384753,5.371310033404956,12.352043425795433,12.019243216603607,True,False
28621,4363678564916300302,436,6198,5246,4326,2000,899,862,4.610912038505629,4.599568408078753,12.597587039586216,12.078817949961978,True,False
28622,1787053200097528047,179,2909,2838,2288,2000,191,190,4.350900909105114,4.349399783260729,11.506307581100307,11.159871336778389,True,False
28623,105551485319511707,11,2642,1911,1739,2000,711,687,5.259298981630254,5.234608010683928,11.367414751246828,10.764042217306587,True,False
28624,298480427964724990,30,5802,4179,3684,2000,1216,1173,4.640805705882031,4.626939071541319,12.502334580197997,11.847057346091336,True,False
28625,991657496014480299,99,6923,5566,4743,2000,1218,1174,4.639900627741114,4.6252766100319205,12.757181632816716,12.211584153079526,True,False
28626,655395151635000,0,55,0,0,0,0,0,0.0,0.0,5.78135971352466,0,False,True
28627,86564828343000000,9,233,221,217,2000,77,76,4.662115372751471,4.6603700152056655,7.864186144654281,7.7615512324444795,True,False
28628,50257872922317882341,5026,4528,4471,3639,2000,170,169,5.230549242571528,5.228297845939629,12.144658242831882,11.829326335841666,True,False
28629,668325000000000000,67,6657,5171,4469,2000,1185,1144,4.395411590290351,4.382536882764797,12.700656452918167,12.12573632939501,True,False
28630,783037500000000000,78,6885,5370,4634,2000,1204,1164,4.512160509055416,4.505660799941458,12.749240939022327,12.178042328864821,True,False
28631,52363724906627247030,5236,9938,8445,6799,2000,1299,1252,6.13414825991499,6.1321787715929705,13.27873982655011,12.731106854388033,True,False
28632,74552869033779941,7,1329,1154,1120,2000,513,511,4.372210005838857,4.3710671486959995,10.376125389276174,10.129283016944967,True,False
28633,183019076105359305,18,4280,3070,2794,2000,1000,980,4.519124650351786,4.510435265052829,12.06339508128851,11.448116305409464,True,False
28634,9367142851080258,1,385,135,135,135,135,135,7.07681559705083,7.07681559705083,8.588714635582264,7.076815597050831,False,False
28635,24917550000000000000,2492,9933,8309,6733,2000,1229,1184,5.048932560200897,5.04530096652439,13.278013796118156,12.717033749490891,True,False
28636,488244639895320000,49,1670,1388,1225,2000,352,345,4.36990711184204,4.3612935460207956,10.705632387361415,10.258566033889933,True,False
28637,997500000000000,0,493,0,0,0,0,0,0.0,0.0,8.945443836377912,0,False,True
28638,9935040030539400000,994,2359,2344,1966,2000,102,101,4.834801581432585,4.834454864076928,11.203959703239462,10.94104760634058,True,False
28639,57771923934848467,6,858,610,574,2000,297,292,4.728112900319189,4.719355237364104,9.744833837499545,9.164906926675688,True,False
28640,161427724368347961,16,817,782,692,2000,115,113,4.340338187724167,4.339322557131395,9.674192268145683,9.434628227636725,True,False
28641,2344125000000000000,234,3255,3195,2639,2000,256,256,4.821211034492267,4.821211034492267,11.668441828052998,11.365775635326269,True,False
28642,4767775719034359966,477,8839,7339,6037,2000,1259,1215,5.006159452313516,5.0002317397036995,13.109667444250803,12.559616085812724,True,False
28643,6831170366540063275,683,3696,3632,2911,2000,187,185,4.641071211608768,4.640007946806171,11.851749041416058,11.507299124122765,True,False
28644,76797145933158424157,7680,5467,5396,4352,2000,219,218,5.469799908107351,5.469466514577965,12.416533660199583,12.087462841250339,True,False
28645,149869016317996177,15,398,391,373,2000,84,83,4.57103041214178,4.569351661813252,8.63662462054365,8.543031820255237,True,False
28646,5186256815759679242,519,7648,6560,5513,2000,975,961,5.047499315414477,5.045485810625872,12.900866807980748,12.428621886091111,True,False
28647,16189350276243817680,1619,8476,7368,6156,2000,987,971,5.2485798124063985,5.246983975827193,13.04916787237217,12.58777751632821,True,False
28648,12714772909338844462,1271,8350,7238,6053,2000,989,973,5.5995210999830025,5.597921921842746,13.027560482248777,12.563434635710198,True,False
28649,878083027915871074,88,1984,1921,1569,2000,170,169,4.348904041325694,4.347153165887975,10.954196310386875,10.615629636968098,True,False
28650,550506499392768399612,55051,9251,8152,6820,0,0,0,0.0,0.0,13.175393608892442,12.735556023911535,False,True
28651,891117756572871714,89,6554,5274,4498,2000,1171,1127,4.55436187505096,4.543973847165088,12.67815995754276,12.135067945777816,True,False
28652,2423925000000000000,242,1718,1702,1421,2000,107,105,4.451322891349642,4.431019088839939,10.746514321138463,10.47269083924278,True,False
28653,501253132832080,0,433,0,0,0,0,0,0.0,0.0,8.758223214726724,0,False,True
28654,15292128122919018734,1529,8107,6952,5606,2000,1079,1037,5.307337258582587,5.302477509639501,12.984952427732367,12.452756029032495,True,False
28655,4441368750000000000,444,8167,6693,5589,2000,976,947,4.8317436993224865,4.827584659030849,12.9955905123663,12.448374459662794,True,False
28656,45227127532524189,5,3013,1891,1751,2000,1027,988,5.095182946269338,5.071170911365343,11.556984957594462,10.773963368433558,True,False
28657,9909502645096189,1,1473,449,437,449,449,437,8.810571634741144,8.750983912019176,10.524541715035848,8.7714894695006,False,False
28658,498750000000000000,50,5720,4280,3755,2000,1027,998,4.419781108093977,4.413127177503089,12.481799431665753,11.874597192401634,True,False
28659,6618979262459635327,662,3334,3276,2647,2000,159,158,4.596921351137786,4.592394102930358,11.703038388986418,11.3701424794954,True,False
28660,3071251265846158009,307,5623,4751,3940,2000,839,805,4.557331995175481,4.546546874582618,12.457124331540804,11.943979914343739,True,False
28661,69825000000000000,7,2451,1735,1677,2000,778,772,4.908792908414155,4.905141026182853,11.25915476886684,10.711666973564347,True,False
28662,530296520505009457,53,6209,4585,3991,2000,1041,1011,4.374158823218037,4.364292408780541,12.600145216358667,11.962534563511271,True,False
28663,796510182964490634,80,5446,4454,3914,2000,969,959,4.385596763205267,4.3830966069455,12.410981267043796,11.934428040626804,True,False
28664,10915015661092396,1,1896,814,807,814,814,807,9.66888498426625,9.651685967067234,10.888743248898258,9.656424863277781,False,False
28665,59850000000000000,6,323,298,293,2000,128,127,4.595195540456568,4.594274089718194,8.335390354693924,8.194756854422248,True,False
28666,119700000000000000000,11970,3295,3280,2733,0,0,0,0.0,0.0,11.686062749895415,11.416269744523207,False,True
28667,89775000000000000000,8978,3258,3243,2709,2000,107,106,5.042879375412764,5.042477562075247,11.669770888525518,11.403544678202014,True,False
28668,5685750000000000000,569,2213,2197,1820,2000,110,109,4.678781592132925,4.678351994466579,11.11178773580101,10.829722735086058,True,False
28669,168577500000000000000,16858,3513,3497,2897,0,0,0,0.0,0.0,11.778487861222372,11.500343969270403,False,True
28670,100747500000000000000,10075,3651,3632,2981,0,0,0,0.0,0.0,11.834075953434885,11.541580659991169,False,True
28671,109725000000000000000,10973,3673,3654,2999,0,0,0,0.0,0.0,11.842743180731658,11.55026580686874,False,True
28672,111520500000000000000,11152,3699,3678,3016,0,0,0,0.0,0.0,11.852919585123995,11.558420713268664,False,True
28673,20272883153500920294,2027,4714,4647,3749,2000,189,187,4.627847887765348,4.626807667280104,12.202736043250168,11.872290110288091,True,False
28674,96989122435291567,10,3885,2471,2299,2000,1010,982,4.515259837522573,4.49622070282676,11.923698883295073,11.16679075071818,True,False
28675,1863820061957121367,186,7716,6357,5307,2000,1223,1178,4.557277624231385,4.5499554628025916,12.913637428049103,12.373680833411614,True,False
28676,738016038125673516,74,798,790,727,2000,92,91,4.334316235258493,4.333571678586115,9.640244936222345,9.505811553919594,True,False
28677,7043137132641976093,704,4090,4030,3226,2000,208,207,4.580825620299957,4.580039625301742,11.997885127829111,11.655530723155643,True,False
28678,526255688862846932,53,2284,2190,1906,2000,361,360,4.543323745990387,4.542862207528849,11.157346935362844,10.896332403909941,True,False
28679,2116446889870172,0,868,0,0,0,0,0,0.0,0.0,9.761551232444479,0,False,True
28680,131199141824470339,13,4310,2910,2670,2000,1005,979,4.740519560617765,4.725862262996992,12.07347215397646,11.382624026574916,True,False
28681,2754648924782643349,275,5218,4395,3666,2000,788,759,4.613716850744306,4.606823455700738,12.349281228817452,11.839991070539886,True,False
28682,6982500000000000,1,1324,327,327,327,327,327,8.35314682549808,8.35314682549808,10.370687406807217,8.353146825498083,False,False
28683,28889006748315000,3,1376,866,820,2000,534,518,5.966237433221246,5.938629611383925,10.426264754702098,9.679480099505446,True,False
28684,72405762075482171,7,935,681,634,2000,312,307,4.512728033444767,4.50582875826443,9.868822554774999,9.308339030139408,True,False
28685,1021356970106917133,102,1056,1042,906,2000,83,82,4.625914402837,4.624431532101776,10.044394119358454,9.823367240046235,True,False
28686,586967917462500000,59,709,700,638,2000,79,78,4.429796420721504,4.429195030064794,9.469641817239516,9.31741261376487,True,False
28687,399990118085627012,40,596,585,550,2000,76,75,4.255274459085407,4.2543548794931105,9.219168520462162,9.103287808412022,True,False
28688,6424840765192500000,642,1975,1966,1643,2000,85,84,4.576428476995108,4.575751224840052,10.947636937951827,10.682116764950074,True,False
28689,838363678093986594,84,2376,1975,1715,2000,436,423,4.591745627407523,4.580771345896221,11.214319120800766,10.743992861060175,True,False
28690,4746667208274166,0,348,0,0,0,0,0,0.0,0.0,8.442943495848729,0,False,True
28691,289275000000000000,29,5784,4170,3686,2000,1217,1172,4.392880200885511,4.381022609569343,12.497851836951117,11.847840355630714,True,False
28692,9975000000000000000,998,8916,7619,6166,2000,1199,1154,5.3378030903956315,5.333055118275432,13.122180901259753,12.590119174107175,True,False
28693,139650000000000000,14,4491,3242,2922,2000,1142,1100,4.766420004296069,4.747544213644204,12.132821006779572,11.512740462803498,True,False
28694,199401568088548838,20,4559,3347,2991,2000,1088,1047,4.564440477225507,4.548775973885484,12.154501693864765,11.546412195119352,True,False
28695,4641386651450352194,464,6652,5620,4625,2000,969,929,4.646800022233589,4.637749542507419,12.699572453287269,12.175237650291036,True,False
28696,3325524460531354682,333,4367,3730,3098,2000,635,616,4.400913563751995,4.392132596715729,12.092426815780255,11.597121428789569,True,False
28697,1689310757806282230,169,7309,5852,4958,2000,1028,998,4.916633344038537,4.912887884162598,12.835458318236594,12.275542556086723,True,False
28698,94797463179444317,9,865,797,735,2000,185,184,4.707643922512197,4.70464167082343,9.756556322524087,9.521600439723727,True,False
28699,2189271330439502,0,1066,0,0,0,0,0,0.0,0.0,10.057991722759176,0,False,True
28700,157118782361605655,16,4056,2952,2663,2000,1019,980,4.414165737099836,4.4002052516905374,11.985841937003341,11.378836713210614,True,False
28701,12325593105216231,1,1344,624,600,624,624,600,9.285402218862249,9.200274950466794,10.39231742277876,9.228818690495881,False,False
28702,184461152882205513,18,2769,2068,1863,2000,680,657,4.6704504816641705,4.657241125749794,11.43514933836693,10.863411958941638,True,False
28703,138440481040206462,14,2546,1877,1700,2000,650,631,4.6685697401478645,4.65473086232042,11.314016703901357,10.731319031025064,True,False
28704,502854035537308107,50,2856,2327,2019,2000,554,536,4.42039696349293,4.409245450759083,11.479780264029099,10.979425195331473,True,False
28705,12341613430704862,1,2626,1106,1068,1106,1106,1068,10.111135670234706,10.034174173418464,11.358651200892886,10.060695931687555,False,False
28706,45742745119448645,5,3753,2239,2077,2000,1231,1192,5.301996243824387,5.2773989423368075,11.873828574886977,11.020285500844647,True,False
28707,32707109700989272,3,3523,2025,1903,2000,1233,1194,5.302438291892429,5.278048509154489,11.782588759494963,10.894059846274022,True,False
28708,13167000000000000,1,2660,1169,1131,1169,1169,1131,10.191059214531656,10.119536853133507,11.377210530388552,10.14338321398982,False,False
28709,1951035450867365236,195,2792,2726,2203,2000,187,185,4.442868017252695,4.441448799139104,11.447083226209653,11.105253779700883,True,False
28710,917345714212217,0,242,0,0,0,0,0,0.0,0.0,7.918863237274595,0,False,True
28711,9211370380388080415,921,4387,4333,3481,2000,227,225,5.2215032427740775,5.219578005357995,12.09901899101923,11.765286098723683,True,False
28712,109725000000000000,11,4658,3143,2862,2000,1190,1148,4.589209349602797,4.572518562020487,12.185494924210866,11.482807956726667,True,False
28713,100283047069727819259,10028,9487,8228,6793,0,0,0,0.0,0.0,13.211736231827455,12.729833138848363,False,True
28714,10098850061774506331,1010,9362,7875,6393,2000,1280,1233,5.657976255597763,5.655075981984659,13.192601049711953,12.64227737850386,True,False
28715,198137917440207652,20,1262,1219,1097,2000,209,209,4.377096092768282,4.377096092768283,10.30149619498255,10.099347810403193,True,False
28716,12036720071430138,1,2446,1086,1044,1086,1086,1044,10.084808387804365,10.00159979850731,11.256208688527387,10.027905996569885,False,False
28717,10623114625767232230,1062,5693,5448,4524,2000,665,662,5.12593305856767,5.125548324803435,12.474973384391147,12.14338321398982,True,False
28718,1628994180048916149,163,7844,6313,5305,2000,1245,1203,4.8804291736502226,4.876182481081763,12.93737382019215,12.373137035802127,True,False
28719,186571567420344684,19,5259,3740,3343,2000,1221,1181,4.791776237890374,4.774615770524825,12.360572781480695,11.706927639617403,True,False
28720,407967330266302652765,40797,6492,6307,5206,0,0,0,0.0,0.0,12.664447284547972,12.345959596404112,False,True
28721,138438444320817405,14,4425,3056,2757,2000,1074,1042,4.377986141003741,4.3690615167837725,12.111461739857722,11.428883552010191,True,False
28722,95760000000000000,10,4365,2819,2581,2000,1215,1174,4.549857011131293,4.534662686620248,12.091765938516803,11.33371442609397,True,False
28723,179332372817551280,18,2264,1716,1542,2000,560,542,4.635116638322505,4.623530405343329,11.144658242831882,10.590587049915035,True,False
28724,964024518575812,0,15,0,0,0,0,0,0.0,0.0,3.9068905956085187,0,False,True
28725,1496250000000000,0,905,0,0,0,0,0,0.0,0.0,9.821773981970567,0,False,True
28726,2999508771929824561,300,8438,6807,5663,2000,1225,1180,4.696137510128574,4.688774864369007,13.042685372219351,12.467350814487581,True,False
28727,1695750000000000000,170,7896,6263,5257,2000,1224,1179,4.557401832910542,4.550868445541541,12.946906274456397,12.360024019571876,True,False
28728,16195173221393975343,1620,6309,6003,4950,2000,732,727,5.084548835616916,5.083445802581099,12.623195635452936,12.273212809854334,True,False
28729,9975000000000000,1,2140,591,575,591,591,575,9.207014320177528,9.143377026650564,11.06339508128851,9.167418145831737,False,False
28730,599000626566416040,60,2016,1957,1641,2000,201,200,4.37226578025326,4.371043082537482,10.977279923499916,10.680359523513713,True,False
28731,201866542819268010,20,1664,1565,1421,2000,369,368,4.416877390614998,4.415877140552482,10.700439718141093,10.47269083924278,True,False
28732,8977500000000000000,898,8696,7247,6004,2000,1046,1017,5.271384055578583,5.269148904958329,13.086136225027309,12.55170826162069,True,False
28733,9774240477742212,1,1081,345,338,345,345,338,8.430452551665532,8.381887660354913,10.07815080773465,8.400879436282183,False,False
28734,950940517443934,0,245,0,0,0,0,0,0.0,0.0,7.936637939002571,0,False,True
28735,2194500000000000000,219,1234,1223,1054,2000,71,70,4.2611738852631875,4.259401229374435,10.269126679149418,10.041659151637214,True,False
28736,3192000000000000000,319,3548,3497,2830,2000,206,204,4.994858851470013,4.951643245069387,11.792790294301064,11.466586337719244,True,False
28737,700972298101677405,70,6562,5226,4478,2000,1209,1166,4.471733149258685,4.464130495578404,12.67991987851842,12.128638812852598,True,False
28738,12188452500000000000,1219,9620,7984,6498,2000,1238,1190,5.049181805327334,5.043461852974005,13.231821178657404,12.665780028329483,True,False
28739,99327168583735625711,9933,10105,8609,6925,2000,1298,1254,6.470795548042103,6.468915734344137,13.302781701267097,12.757598355823912,True,False
28740,2570204385000000,0,21,0,0,0,0,0,0.0,0.0,4.392317422778761,0,False,True
28741,115572009828415686,12,1334,1233,1160,2000,380,378,4.64263330989118,4.639565147879813,10.381542951184585,10.179909090014934,True,False
28742,348453744669913621,35,5334,4095,3592,2000,1127,1085,4.430281761106256,4.41480878180705,12.381002109550925,11.810571634741146,True,False
28743,241717743529241046,24,1259,1199,1021,2000,162,161,4.364634396218998,4.360527648904286,10.298062567719017,9.995767150877802,True,False
28744,2006970000000000000,201,1272,1261,1077,2000,79,78,4.3657995366892495,4.364883876396552,10.312882955284355,10.072802534544207,True,False
28745,1097250000000000000,110,987,975,854,2000,80,79,4.379608935555257,4.3786333662385974,9.946906274456397,9.73809225962049,True,False
28746,4509437739457933580,451,7831,6636,5559,2000,1016,997,4.779560239301538,4.7772813121086335,12.934980832653832,12.440609666748422,True,False
28747,11928366564553220317,1193,9051,7658,6319,2000,1100,1068,5.736583424789765,5.73458306655296,13.143861481867859,12.62548055047108,True,False
28748,1061065373543573,0,620,0,0,0,0,0,0.0,0.0,9.276124405274238,0,False,True
28749,475940676384550125,48,648,637,593,2000,78,77,4.276811337243135,4.275571697883638,9.339850002884624,9.211888294546004,True,False
28750,184004042371492113,18,1134,1071,937,2000,170,169,4.479908669989612,4.4772091826683775,10.147204924942228,9.871905237659186,True,False
28751,10352507086680887817,1035,7002,6179,5169,2000,853,842,4.950565751317614,4.949220324254344,12.773551346428505,12.335669486946104,True,False
28752,12364903275572220943,1236,8049,7063,5930,2000,985,975,5.509592605358554,5.50904050664138,12.974593839981678,12.533816389433365,True,False
28753,17904775041634229138,1790,7044,6247,5200,2000,826,817,4.602449668955986,4.600745697173259,12.782179193831208,12.344295907915816,True,False
28754,32330293220274505,3,2418,1478,1386,2000,879,844,6.512466044935323,6.473178539352748,11.239598529249124,10.436711542137214,True,False
28755,252510222307980000,25,1218,971,875,2000,299,294,4.403173535390028,4.397336797292804,10.250298417906333,9.77313920671969,True,False
28756,95208148686819758697,9521,10255,8640,6977,2000,1247,1201,5.67670670527928,5.646561778081992,13.324039871367214,12.768391118304248,True,False
28757,6932385076729997698,693,9213,7708,6370,2000,1215,1175,5.478768255892005,5.476557988953113,13.16945529769703,12.637077657143664,True,False
28758,80764197923351250000,8076,2973,2961,2473,2000,96,95,5.337491745507618,5.3343701201879945,11.537703747907644,11.272046524389937,True,False
28759,25715550000000000000,2572,1860,1856,1606,2000,80,76,5.06439238816227,5.005025325546601,10.861086905995395,10.649256177517314,True,False
28760,1226009112183278,0,60,0,0,0,0,0,0.0,0.0,5.906890595608519,0,False,True
28761,9975000000000000,1,35,16,16,16,16,16,4.0,4.0,5.129283016944966,4.0,False,False
28762,2885918457488222926,289,8302,6841,5657,2000,1245,1202,4.650389918126445,4.64375065342914,13.019243216603607,12.465821455643775,True,False
28763,22942500000000000,2,3270,1631,1555,2000,1219,1173,6.575493486004872,6.532055180039703,11.675074920385445,10.602698865017965,True,False
28764,9975000000000000,1,2217,599,582,599,599,582,9.226412192788786,9.159025668620838,11.114393054867307,9.184875342908283,False,False
28765,3710700000000000000,371,8653,7101,5882,2000,1234,1191,5.1673978074064335,5.163679664518906,13.078984687326034,12.522091068887065,True,False
28766,803985000000000000,80,6911,5393,4635,2000,1230,1189,4.723069602747351,4.7149436202158075,12.754678763822529,12.178353623512892,True,False
28767,89775000000000000,9,4358,2866,2614,2000,1243,1200,4.40112195562998,4.388429320454089,12.089450481115907,11.352043425795433,True,False
28768,1091152341418780511,109,7430,5963,5014,2000,1248,1205,4.558578002945338,4.552231846613953,12.859146495425959,12.291746280833939,True,False
28769,408975000000000000,41,4851,3765,3283,2000,1007,967,4.375205383785923,4.361828900214974,12.244066464194818,11.680799034572981,True,False
28770,299250000000000000,30,4265,3238,2871,2000,957,918,4.9729295402910125,4.95277220559251,12.058330026205653,11.487337615207181,True,False
28771,289275000000000000,29,4151,3142,2790,2000,936,897,4.440821663175704,4.426129375665509,12.019243216603607,11.44604940671655,True,False
28772,359100000000000000,36,2875,2270,1989,2000,605,587,4.391163255904562,4.380026872508275,11.4893462407191,10.957827560833744,True,False
28773,2164575000000000000,216,2148,1870,1604,2000,351,344,4.505984208279437,4.500686997252441,11.068778277985412,10.64745842645492,True,False
28774,119700000000000000,12,699,533,499,2000,198,194,4.832188097521639,4.820638025333688,9.449148645375436,8.96289600533726,True,False
28775,997500000000000,0,2,0,0,0,0,0,0.0,0.0,1.0,0,False,True
28776,54267651354133542,5,2922,1918,1778,2000,921,884,5.103944616739954,5.079371917511466,11.512740462803498,10.79603960882977,True,False
28777,31860657796234502,3,3157,1687,1615,2000,1016,986,5.242945320994238,5.219388309506552,11.624338545312986,10.657318449581288,True,False
28778,7304718724633419877,730,4116,4057,3254,2000,203,202,4.44309538783798,4.442095069554891,12.007027266893969,11.667998535672528,True,False
28779,783845326648829505,78,2221,2170,1797,2000,199,197,4.629521777900925,4.628398736336575,11.116993677546981,10.811374693509942,True,False
28780,354023883139797313,35,1653,1593,1364,2000,198,197,4.490475636996577,4.488273434794374,10.690871009292314,10.413627929024173,True,False
28781,14220260250000000000,1422,9040,7609,6303,2000,1031,1002,4.685997314823227,4.681293353162008,13.14210705730255,12.621822947394202,True,False
28782,398271143313197980,40,590,584,547,2000,86,85,4.294856937945737,4.2937165232792385,9.204571144249204,9.095397022792557,True,False
28783,3571593781100100000,357,1648,1642,1385,2000,92,91,4.474196687983341,4.473412385782383,10.686500527183219,10.43567026093655,True,False
28784,82837880662948154,8,193,186,177,2000,66,65,4.386597723046308,4.38443583174171,7.592457037268081,7.467605550082998,True,False
28785,1625135788919407439,163,1369,1354,1161,2000,95,94,4.3491103321486735,4.348375988536739,10.4189067312579,10.181152256865566,True,False
28786,2310915475774602525,231,1840,1821,1502,2000,115,114,4.3114389490778695,4.311017004008482,10.845490050944376,10.552669097514272,True,False
28787,1427673870005038087,143,1697,1672,1372,2000,135,134,4.590401301446412,4.590152820348424,10.728770849542663,10.422064766172813,True,False
28788,119700000000000000,12,2490,2116,2000,2000,741,736,4.533597382679728,4.5307107527305215,11.281930026955443,10.965784284662087,True,False
28789,28289545497277629184,2829,7160,6509,5346,2000,809,803,5.937000957837486,5.936469669318006,12.805743872151618,12.384244122243079,True,False
28790,2143038708217537,0,477,0,0,0,0,0,0.0,0.0,8.897845456005511,0,False,True
28791,3763350525816692283,376,2659,2626,2133,2000,116,114,4.343989427089065,4.343302737814344,11.376668061857668,11.058668250340572,True,False
28792,11241417100698515,1,209,150,149,150,150,149,7.228818690495879,7.215485357162546,7.7073591320808825,7.219168520462161,False,False
28793,7322423528251532776,732,4023,3956,3179,2000,195,194,4.58738236154344,4.586514117566883,11.97405602262563,11.634357301137976,True,False
28794,9975000000000000,1,503,295,295,295,295,295,8.204571144249204,8.204571144249204,8.974414589805527,8.204571144249204,False,False
28795,2290726817042606516,229,8140,6553,5477,2000,1213,1172,4.435404074686343,4.4278108917964545,12.99081307915361,12.419170165028538,True,False
28796,49875000000000000,5,3868,2245,2081,2000,1214,1171,4.785495761055833,4.765412810082452,11.917372079476841,11.023061249735335,True,False
28797,9639918301755000,1,472,169,169,169,169,169,7.4008794362821835,7.4008794362821835,8.88264304936184,7.400879436282184,False,False
28798,523367856475151021,52,697,691,637,2000,81,80,4.466819656727204,4.465370532924792,9.445014845868423,9.3151495622563,True,False
28799,7000000000000000,1,1506,304,300,304,304,300,8.247927513443585,8.215032776601479,10.556506054671928,8.228818690495881,False,False
28800,401002506265664160,40,880,861,733,2000,111,110,4.3032538862057645,4.30283307376834,9.78135971352466,9.517669388133811,True,False
28801,468633168851130219,47,6131,4642,4065,2000,1185,1144,5.155232563587242,5.1432801954958425,12.581906689308768,11.98903963696239,True,False
28802,13008007104100061151,1301,4560,4499,3641,2000,209,206,4.907439072482079,4.885265058462943,12.154818109052105,11.830119025444516,True,False
28803,467628000000000000,47,4246,3322,2898,2000,858,823,4.45350607200388,4.441145220447218,12.051888655905378,11.50084187955693,True,False
28804,1002506265664160,0,13,0,0,0,0,0,0.0,0.0,3.700439718141092,0,False,True
28805,11920125000000000000,1192,9536,7990,6503,2000,1234,1192,4.922834871809031,4.919058511444876,13.219168520462162,12.666889708440257,True,False
28806,45511659107222998,5,3654,2254,2086,2000,1225,1182,5.206209675008344,5.1817167171345835,11.835260918627489,11.026523442519766,True,False
28807,39900000000000000,4,3721,2087,1939,2000,1217,1171,5.298845218505141,5.269908067014677,11.861474675125773,10.921097088106793,True,False
28808,19991339962758677553,1999,8107,6968,5621,2000,1067,1025,5.343570620512449,5.339209580702768,12.984952427732367,12.456611099574918,True,False
28809,15152025000000000000,1515,6996,6231,5132,2000,793,787,4.69393424937132,4.692970008208398,12.772314573921653,12.325305455089682,True,False
28810,60988018103605571792,6099,2774,2762,2303,2000,77,77,5.082608218749929,5.082608218749927,11.437752072323603,11.169298695792845,True,False
28811,10025062656641604,1,302,224,224,224,224,224,7.807354922057605,7.807354922057605,8.238404739325079,7.807354922057604,False,False
28812,25062656641604010,3,699,575,570,2000,430,428,5.521567573605012,5.517977553859904,9.449148645375436,9.154818109052105,True,False
28813,62967469430029936,6,1109,977,955,2000,444,442,4.4214039732324,4.4198273328541875,10.11504365016171,9.899356922923111,True,False
28814,50125313283208020,5,1476,1245,1219,2000,635,632,4.771587947522539,4.769085445020036,10.527477006060396,10.251482410620213,True,False
28815,70175438596491228,7,1801,1525,1480,2000,697,693,4.417357096450683,4.415356596325651,10.814582465906277,10.531381460516313,True,False
28816,25062656641604010,3,3342,1727,1640,2000,1213,1171,6.572213262186976,6.533439866204524,11.706496018061188,10.679480099505446,True,False
28817,322191777609445,0,324,0,0,0,0,0,0.0,0.0,8.339850002884624,0,False,True
28818,124687500000000000,12,1077,1010,909,2000,181,180,4.483093820980027,4.480692860595873,10.072802534544207,9.828136484194108,True,False
28819,2380182546157520029,238,8027,6657,5529,2000,1225,1181,4.40806691628562,4.397725777617305,12.970645182266665,12.43280285635187,True,False
28820,3922372267914337258,392,306,273,256,2000,55,55,4.431682992779683,4.431682992779682,8.257387842692651,8.0,True,False
28821,150435219853800000,15,301,290,279,2000,58,58,4.281613465847323,4.2816134658473235,8.233619676759702,8.124121311829187,True,False
28822,399000000000000000,40,630,622,590,2000,90,88,4.351975791288253,4.350808654578166,9.29920801838728,9.204571144249204,True,False
28823,1378639816222009927,138,1067,1059,934,2000,89,87,4.3108767313901915,4.309239876345082,10.059344460824425,9.867278739709661,True,False
28824,220000000000000000000,22000,8474,7347,5921,0,0,0,0.0,0.0,13.04882741336389,12.531625138422624,False,True
28825,65000000000000000000,6500,5473,4771,3846,2000,712,688,5.59587645481081,5.592109003988681,12.418116141207488,11.909143047339898,True,False
28826,93765000000000000000,9377,4802,4221,3417,2000,628,609,5.88953454398404,5.886649018194848,12.229419688230417,11.738514532429267,True,False
28827,415957500000000000000,41596,1868,1674,1428,0,0,0,0.0,0.0,10.867278739709661,10.479780264029099,False,True
28828,62001052749838933443,6200,1600,1431,1241,2000,268,264,6.355856010432657,6.355261391731896,10.643856189774725,10.277287400130357,True,False
28829,39160251197050263693,3916,10087,8473,6871,2000,1252,1210,5.804997235227819,5.8031207028536205,13.300209542232352,12.746304367701304,True,False
28830,999232223538024901,100,6628,5157,4435,2000,1001,971,4.689461986102665,4.684936667221267,12.694357887221452,12.114718389188425,True,False
28831,70323750000000000,7,3321,2219,2039,2000,1018,979,4.517081774496944,4.500328354125295,11.697402007502708,10.993646060016596,True,False
28832,4047184500102966471,405,8724,7222,5949,2000,1272,1227,5.410920009579471,5.406843719977588,13.09077405464075,12.538431462950005,True,False
28833,399000000000000000,40,4998,3865,3385,2000,1039,998,4.469720742627693,4.455160841268505,12.287135186086704,11.724940118462358,True,False
28834,907725000000000000,91,6984,5470,4714,2000,1195,1153,4.787438533652564,4.782308212906106,12.76983784362944,12.202736043250168,True,False
28835,47357591989649305,5,3631,2119,1971,2000,1182,1141,4.544976810844268,4.528666867364716,11.826151214800207,10.944712061043486,True,False
28836,8987044150488729,1,1991,502,492,502,502,492,8.971543553950774,8.927718852755554,10.959277505720502,8.94251450533924,False,False
28837,3192000000000000000,319,8327,6970,5741,2000,1232,1188,4.965774475749315,4.961927344624528,13.023581108623029,12.48708634027127,True,False
28838,27930000000000000,3,2106,1253,1182,2000,807,775,6.410475916139733,6.371950913484687,11.040289721025717,10.207014320177532,True,False
28839,71820000000000000,7,2597,1768,1629,2000,781,753,4.542653346508111,4.526877734906485,11.342630298678408,10.669770888525518,True,False
28840,16604268346365000,2,669,387,379,2000,344,338,6.468818175582117,6.4508091710798645,9.38586240064146,8.566054038171092,True,False
28841,1973506967604464,0,627,0,0,0,0,0,0.0,0.0,9.29232163280204,0,False,True
28842,725647884838268548,73,2140,2072,1716,2000,193,192,4.542772079906552,4.541835896414588,11.06339508128851,10.744833837499545,True,False
28843,10658179685541675000,1066,63,59,59,2000,45,45,5.244648598431307,5.244648598431307,5.977279923499917,5.882643049361842,True,False
28844,13563190862403946375,1356,8896,7506,6219,2000,1036,1009,5.376638696103406,5.374526347142146,13.118941072723507,12.60246690183057,True,False
28845,149625000000000000,15,45,43,43,2000,33,33,4.153469903383715,4.153469903383716,5.491853096329675,5.426264754702098,True,False
28846,49875000000000000,5,40,38,38,2000,34,34,4.3280929663565155,4.3280929663565155,5.321928094887363,5.247927513443585,True,False
28847,1002506265664160401,100,7329,5836,4977,2000,1177,1137,5.289300149146049,5.262783576680128,12.839400648988413,12.28106067167702,True,False
28848,99750000000000000,10,266,202,198,2000,97,97,4.605777460493843,4.605777460493843,8.055282435501189,7.6293566200796095,True,False
28849,55744682467966448944,5574,5382,5311,4286,2000,204,203,4.9503919703920936,4.949846379448905,12.393926675640417,12.065416134676548,True,False
28850,81417441001639884,8,3849,2404,2212,2000,1065,1035,4.381203353423913,4.371485580724628,11.91026795581084,11.111135670234708,True,False
28851,58254926474276509,6,861,613,576,2000,297,292,4.728112900319189,4.719355237364104,9.749869427396844,9.169925001442312,True,False
28852,1790113500000000000,179,7323,5789,4902,2000,985,954,4.919873473804601,4.869805635856238,12.83821908050231,12.25915476886684,True,False
28853,398509161586205001,40,1657,1360,1200,2000,361,354,4.411053395419643,4.402756491439479,10.694357887221452,10.228818690495881,True,False
27938,993021012104186957,99,2346,2278,1820,2000,188,187,4.442668756163193,4.441486239221362,11.19598729802851,10.829722735086058,True,False
27939,4868910067859875822,487,3704,3636,2895,2000,192,191,4.49264456248037,4.491596015833305,11.854868383260236,11.4993476328766,True,False
27940,5000000000000000000,500,3776,3709,2954,2000,200,199,4.726458679898582,4.7257488307415265,11.88264304936184,11.52845411076479,True,False
27941,1000000000000000000,100,2478,2409,1947,2000,195,194,4.62821079140426,4.627377892621701,11.274960472140602,10.927037168720295,True,False
27942,1000000000000000000,100,2471,2404,1968,2000,189,188,4.370913908037947,4.369579981848529,11.270879295328784,10.94251450533924,True,False
27943,5000000000000000000,500,3933,3879,3123,2000,201,200,4.404696788852439,4.403596568808431,11.941414470942911,11.608716854020573,True,False
27944,4985853035233715748,499,3868,3814,3072,2000,214,210,5.1243104521002305,5.120527278359217,11.917372079476841,11.584962500721156,True,False
27945,20050125313283208020,2005,9186,7686,6304,2000,992,962,5.478062259648987,5.475942995135086,13.165221068220944,12.622051819456376,True,False
27946,10045112781954887218,1005,8810,7534,6098,2000,1183,1139,5.308923272333479,5.304063084591779,13.104926303807776,12.574120435009748,True,False
27947,10025062656641604010,1003,6673,5709,4640,2000,916,879,5.258683009215196,5.253614211195968,12.704119788513017,12.179909090014934,True,False
27948,20050125313283208020,2005,1896,1690,1443,2000,278,274,5.473577031752132,5.47258815913816,10.888743248898258,10.494855584491198,True,False
27949,38882129099758753334,3888,3554,3529,2908,2000,149,148,5.4252152308712,5.425108975923038,11.795227966028678,11.505811553919594,True,False
27950,3602947572223624,0,53,0,0,0,0,0,0.0,0.0,5.727920454563199,0,False,True
27951,228346330689715570,23,5500,3997,3549,2000,1253,1209,4.801335519710883,4.7822951358326975,12.425215903299383,11.793196859060945,True,False
27952,17974786795684342,2,2916,1410,1356,2000,1247,1204,6.581089440237513,6.53993860050398,11.509775004326936,10.405141463136344,True,False
27953,550002730048845442,55,5851,4458,3896,2000,1010,984,4.516081345067148,4.504355506970531,12.514467502819269,11.927777962082342,True,False
27954,1445334738149883547,145,6554,5427,4641,2000,966,950,4.391185853100673,4.38563104150385,12.67815995754276,12.180219982170192,True,False
27955,7358487822787171,1,1809,301,298,301,301,298,8.2336196767597,8.213686121942423,10.82097669262124,8.219168520462162,False,False
27956,4383226224367936,0,703,0,0,0,0,0,0.0,0.0,9.457380879072534,0,False,True
27957,5720169510935543,1,1827,214,209,214,214,209,7.741466986401146,7.6853922200460065,10.835260918627489,7.7073591320808825,False,False
27958,13216847699542343135,1322,7890,6963,5848,2000,943,931,4.965578566273288,4.964470425093159,12.945809584900822,12.513727595952437,True,False
27959,8005797644408608757,801,8584,7073,5869,2000,985,956,5.005419020383862,5.002304508757009,13.067434360756522,12.518898992777315,True,False
27960,108719266651350047,11,986,936,870,2000,194,194,4.774628259254646,4.774628259254646,9.945443836377912,9.76487159073609,True,False
27961,93333372630855000,9,2139,1516,1388,2000,621,602,4.842246170586344,4.827627409454463,11.062720767165045,10.43879185257826,True,False
27962,9975000000000000000,998,4370,4311,3476,2000,203,202,4.372806524004293,4.37158375833066,12.093417564387961,11.7632123668144,True,False
27963,292586952381070478,29,3702,2835,2515,2000,828,795,4.442077918505117,4.428354679046597,11.854089179870574,11.29634268469289,True,False
27964,182195715534000000,18,348,343,333,2000,65,64,4.206934410824309,4.204324368641085,8.442943495848729,8.379378367071261,True,False
27965,6348262865978921500,635,1916,1689,1442,2000,287,281,4.822713666963611,4.818971934447587,10.90388184573618,10.493855449240822,True,False
27966,85343606012334084,9,30,28,28,1304,28,28,4.230759995873659,4.230759995873659,4.906890595608519,4.807354922057604,False,False
27967,15261750000000000000,1526,173,171,159,2000,51,51,4.882915016203001,4.882915016203001,7.434628227636725,7.312882955284356,True,False
27968,918365372504162139,92,342,339,324,2000,52,52,4.241710664668097,4.241710664668097,8.417852514885897,8.339850002884624,True,False
27969,2942625000000000000,294,1240,1235,1112,2000,72,71,4.672786934826048,4.671648601676883,10.276124405274238,10.118941072723507,True,False
27970,1895250000000000000,190,6679,5583,4760,2000,967,952,4.553921598284757,4.5500155917839695,12.705416398882699,12.216745858195306,True,False
27971,1629630517825407,0,370,0,0,0,0,0,0.0,0.0,8.531381460516313,0,False,True
27972,34902525000000000000,3490,6914,6562,5393,2000,770,764,5.83991291978723,5.839030756063215,12.7553048882624,12.39687231851056,True,False
27973,3975037500000000000,398,4124,4002,3342,2000,444,442,5.004805986609736,5.004341486063948,12.00982861736811,11.706496018061188,True,False
27974,35364913110084037,4,3592,2062,1928,2000,1226,1185,5.301884782488038,5.276108964059541,11.810571634741146,10.912889336229961,True,False
27975,20946319125215574200,2095,9736,8233,6650,2000,1276,1230,5.739694480658088,5.736213855550179,13.249113452713729,12.699138625275914,True,False
27976,1995000000000000000,200,2982,2915,2385,2000,190,189,4.372820617344401,4.371486839418427,11.542064542283443,11.219773550892874,True,False
27977,41905012531328320,4,3304,1779,1679,2000,974,944,5.948060776278739,5.914836302647182,11.689997971419446,10.71338651493703,True,False
27978,110896173074088545,11,965,732,677,2000,284,279,5.238808083474392,5.226806122372832,9.914385132155443,9.403012023574997,True,False
27979,47731688978595298154,4773,483,481,435,2000,66,66,5.295529727820453,5.295529727820453,8.915879378835774,8.76487159073609,True,False
27980,1550115000000000000,155,7728,6137,5165,2000,1212,1171,4.391880581013596,4.382389458353932,12.915879378835774,12.334552633752422,True,False
27981,1625948555582765444,163,7815,6242,5258,2000,1231,1190,4.878907289263826,4.872799644107717,12.932030157887027,12.360298426618046,True,False
27982,3218623291586534063,322,3465,3407,2774,2000,204,203,4.538404565246041,4.537552116392973,11.758639637024576,11.437752072323603,True,False
27983,183340500000000000000,18334,9864,8279,6791,0,0,0,0.0,0.0,13.26795708440284,12.729408316984019,False,True
27984,1006015037593984,0,644,0,0,0,0,0,0.0,0.0,9.330916878114618,0,False,True
27985,254016538272000000,25,498,490,471,2000,72,71,4.494426326815134,4.492976134604991,8.960001932068081,8.879583249612784,True,False
27986,237374068787177512,24,489,482,463,2000,82,80,4.340091993109798,4.338336987447187,8.933690654952233,8.854868383260236,True,False
27987,936652500000000000,94,6495,5049,4374,2000,1030,1001,4.519817899551643,4.513213684033426,12.665113810335244,12.094737505048093,True,False
27988,1428074126272061149,143,1745,1720,1406,2000,139,138,4.640278188227373,4.640042542566363,10.769011321097015,10.457380879072534,True,False
27989,14544670991683536,1,1991,954,916,954,954,916,9.89784545600551,9.811509472801525,10.959277505720502,9.839203788096944,False,False
27990,1521576274427537500,152,2427,2076,1773,2000,402,392,4.4591197258378985,4.452506466593988,11.244958393151133,10.79197682089869,True,False
27991,5937045778180218706,594,233,231,214,2000,54,54,4.84483099664769,4.844830996647689,7.864186144654281,7.741466986401147,True,False
27992,4684800509510399,0,452,0,0,0,0,0,0.0,0.0,8.820178962415188,0,False,True
27993,129162534328188051,13,128,126,125,2000,47,47,4.199222381585101,4.199222381585102,7.0,6.965784284662087,True,False
27994,36373658433159958,4,1236,797,753,2000,447,436,5.26173867508194,5.243013202938039,10.271463027904375,9.556506054671928,True,False
27995,10094161160926779570,1009,4577,4521,3620,2000,204,202,4.872387201221633,4.869480479697669,12.160186576600662,11.821773981970567,True,False
27996,105236250000000000,11,4137,2918,2642,2000,1096,1055,5.268957698109005,5.240859733549389,12.014369242235137,11.367414751246828,True,False
27997,1723126188009400,0,377,0,0,0,0,0,0.0,0.0,8.558420713268664,0,False,True
27998,4463067399873438,0,1570,0,0,0,0,0,0.0,0.0,10.61654884377899,0,False,True
27999,63348930348089703,6,2992,1988,1837,2000,921,884,4.785373994632808,4.763615924952064,11.546894459887637,10.84313591111135,True,False
28000,747315918245708618,75,1765,1488,1304,2000,348,341,4.508290172362571,4.5029941716372015,10.785452468158542,10.348728154231077,True,False
28001,15157233683306178256,1516,3047,3023,2471,2000,131,130,4.833892358874522,4.833703021133479,11.573173784686485,11.270879295328784,True,False
28002,5462917051487057755,546,2717,2689,2202,2000,130,130,4.92157220101791,4.921572201017909,11.407798850221974,11.10459875356437,True,False
28003,6000000000000000000,600,8190,6934,5775,2000,996,975,4.522574889742219,4.5131445134898405,12.99964773652837,12.495605231190781,True,False
28004,10000000000000000000,1000,9219,7812,6339,2000,1246,1201,5.167661868719263,5.162549798866299,13.170394552314118,12.630039552656097,True,False
28005,225972664098531378804,22597,6824,5939,4796,0,0,0,0.0,0.0,12.73640193131829,12.227615943414223,False,True
28006,4358011614291798,0,41,0,0,0,0,0,0.0,0.0,5.357552004618084,0,False,True
28007,2054850000000000000,205,5615,4850,4072,2000,792,786,4.5545359324260035,4.553160575691925,12.455070307287963,11.991521846075695,True,False
28008,851981900078272261,85,2234,2166,1790,2000,193,192,4.504876928078728,4.503148455420023,11.125413470483315,10.805743872151618,True,False
28009,33698271636959409,3,3139,1671,1595,2000,982,952,5.266868709442463,5.242883449991009,11.616089313582115,10.639340708652231,True,False
28010,99750000000000000,10,3984,2516,2329,2000,982,952,4.557823221446156,4.544692283913583,11.960001932068081,11.185494924210866,True,False
28011,5985000000000000000,599,8415,6918,5745,2000,968,939,4.646853963809965,4.641955708884242,13.038747556217311,12.488091177533475,True,False
28012,751117500000000000,75,6276,4734,4111,2000,976,947,4.3838719085585485,4.374963268955261,12.615629636968098,12.005273656563938,True,False
28013,429336915229210837659,42934,1961,1759,1497,0,0,0,0.0,0.0,10.93737382019215,10.547858506058416,False,True
28014,2104524332427735,0,67,0,0,0,0,0,0.0,0.0,6.066089190457772,0,False,True
28015,1482509379847328109,148,1724,1699,1396,2000,140,139,4.689105894700001,4.688887536295836,10.751544059089099,10.447083226209653,True,False
28016,809767198312905000,81,224,191,181,2000,55,55,4.4854078470100225,4.485407847010022,7.807354922057604,7.499845887083206,True,False
28017,3750000000000000000,375,5668,4806,3972,2000,829,795,4.556888221524574,4.545731000136074,12.468624042918018,11.955649907528374,True,False
28018,34613250000000000000,3461,5247,5187,4184,2000,203,202,4.374214826791176,4.372991789210566,12.357277074642809,12.030667136246942,True,False
28019,29263977867669496393,2926,9026,7831,6486,2000,1026,1005,5.343531120689906,5.3407309916918475,13.139871063212487,12.663113308455806,True,False
28020,34676524378380534978,3468,9469,8033,6612,2000,1055,1026,5.681434245318206,5.67988679980352,13.20899635859037,12.690871009292314,True,False
28021,980000000000000000,98,2495,2423,2040,2000,281,281,4.488556244408837,4.488556244408837,11.284824100224624,10.994353436858859,True,False
28022,249174997888737127,25,2376,2154,1965,2000,619,616,4.513991821608266,4.511712455698147,11.214319120800766,10.940313597145968,True,False
28023,1093260000000000000,109,2651,2602,2143,2000,193,192,4.373398758038479,4.372176535816257,11.37232095486726,11.065416134676548,True,False
28024,1940630726408586724,194,1216,1205,1040,2000,85,84,4.6262676941093845,4.625832752537399,10.247927513443585,10.022367813028454,True,False
28025,49376250000000000000,4938,10225,8740,7144,2000,1229,1186,6.0709484383002055,6.069007870009434,13.319813222716473,12.802516365121223,True,False
28026,108997393948330205,11,4621,3124,2846,2000,1180,1140,4.437775210527189,4.424511397705553,12.173989374166535,11.474719946526482,True,False
28027,2005012531328320802,201,5558,4781,4038,2000,808,798,4.781701876780271,4.775188579434339,12.440350119200563,11.979425195331473,True,False
28028,31691583721875000000,3169,7340,6540,5431,2000,842,833,5.278269006715121,5.277462885027763,12.841564347730575,12.407002147924201,True,False
28029,9975000000000000000,998,7885,6730,5460,2000,1082,1040,5.3389289159485385,5.3340591434514115,12.944895039677872,12.414685235807214,True,False
28030,101993501309700000,10,236,225,219,2000,55,55,4.213197071072113,4.213197071072112,7.882643049361842,7.774787059601174,True,False
28031,103354061981025571363,10335,9742,8199,6722,0,0,0,0.0,0.0,13.250002267840449,12.714674827308002,False,True
28032,1096860374504793568,110,7550,5916,5005,2000,1226,1180,4.513691331393813,4.5064543296455435,12.882260929099804,12.289154353723356,True,False
28033,53431835625000000,5,1043,746,700,2000,358,352,4.863144535320842,4.853864795351422,10.026523442519766,9.451211111832329,True,False
28034,1435803193973684259,144,7147,5677,4829,2000,979,949,4.428852866561263,4.421615026556184,12.803122072935405,12.237508748172656,True,False
28035,410044870440298622,41,6133,4591,4020,2000,1208,1168,5.077039856752682,5.061519430601422,12.582377235640692,11.972979786066292,True,False
28036,149625000000000000,15,3973,2873,2596,2000,1016,977,4.516446105939992,4.499696036587521,11.956013078088098,11.342074667999139,True,False
28037,763733813687962655,76,2073,1731,1506,2000,396,386,4.514814234038608,4.50902360325063,11.017504401109415,10.556506054671928,True,False
28038,459819435176150938,46,973,803,725,2000,215,211,4.358798075916992,4.353795261834071,9.926295994781112,9.501837184902296,True,False
28039,1049871754172416003,105,235,204,194,2000,59,57,4.406673780850537,4.405938555605597,7.876516946564999,7.599912842187128,True,False
28040,45834013766683316,5,67,64,64,2000,45,45,4.382533186731242,4.38253318673124,6.066089190457772,6.0,True,False
28041,33487335364145650,3,2304,1417,1327,2000,835,802,6.454694694502923,6.417037394448769,11.169925001442312,10.373952655370193,True,False
28042,548625000000000000,55,1976,1910,1605,2000,196,195,4.3546888070080865,4.353313377186266,10.948367231584678,10.648357582009666,True,False
28043,42132077362997489101,4213,6315,6090,5047,2000,654,651,5.815911642017493,5.815409001950745,12.624567018674915,12.301210371298426,True,False
28044,21447191812700074,2,2761,1398,1340,2000,1084,1052,6.519083535248664,6.483696316493255,11.430975172588068,10.388017285345136,True,False
28045,11250435133944170424,1125,2249,2237,1883,2000,90,88,4.671175793995255,4.670287128618958,11.135067945777816,10.878817284614229,True,False
28046,348935002792908532694,34894,5584,5520,4494,0,0,0,0.0,0.0,12.447083226209653,12.133784409179908,False,True
28047,250626566416040100,25,5056,3690,3274,2000,1099,1066,4.426502283697321,4.418455766508202,12.303780748177102,11.676838606474153,True,False
28048,1147125000000000000,115,7496,6005,5056,2000,1250,1205,4.604242123671105,4.596339361925669,12.871905237659186,12.303780748177102,True,False
28049,1752266382274053527,175,1083,1072,935,2000,71,70,4.250843702931684,4.248455492634844,10.080817527608327,9.868822554774999,True,False
28050,70753210827306685,7,140,135,134,2000,55,55,4.285558808938208,4.285558808938208,7.129283016944966,7.066089190457772,True,False
28051,12718031038733499,1,205,93,93,93,93,93,6.539158811108034,6.539158811108034,7.679480099505446,6.539158811108031,False,False
28052,7444421690280281,1,1868,304,300,304,304,300,8.247927513443585,8.2216117239699,10.867278739709661,8.228818690495881,False,False
28053,35122972500000000,4,811,680,671,2000,436,434,4.901207173066227,4.898563768360967,9.663558104217273,9.390168956200183,True,False
28054,2862136295637376816,286,1477,1470,1268,2000,86,85,4.350245260491326,4.349508021497932,10.52845411076479,10.308339030139408,True,False
28055,33731773551386913944,3373,9454,7918,6495,2000,978,949,4.7397173379155335,4.734722801986844,13.20670914935865,12.665113810335244,True,False
28056,8225834123661906332,823,1502,1498,1337,2000,74,72,4.755717819470442,4.670139698453259,10.552669097514272,10.384783750093353,True,False
28057,14862750000000000,1,232,184,184,184,184,184,7.523561956057014,7.523561956057014,7.857980995127572,7.523561956057013,False,False
28058,948643993517698789,95,637,633,604,2000,69,67,4.317107110857362,4.314910468118965,9.3151495622563,9.238404739325079,True,False
28059,49875000000000000,5,3213,2029,1872,2000,1070,1030,5.120617307651608,5.096347424362871,11.649705265471413,10.870364719583405,True,False
28060,1038906475653504349,104,4942,4057,3432,2000,844,810,4.472457276200566,4.463696933204635,12.270879295328784,11.744833837499545,True,False
28061,59251500000000000,6,453,319,307,2000,153,150,4.688077857633074,4.676809546627689,8.823367240046235,8.262094845370179,True,False
28062,110423250000000000000,11042,5688,5635,4533,0,0,0,0.0,0.0,12.473705749619416,12.146250445885986,False,True
28063,44388750000000000,4,3608,2101,1957,2000,1194,1153,4.78118865766211,4.761346794309745,11.81698362325538,10.934428040626804,True,False
28064,1380600909598365313,138,7374,5730,4871,2000,1061,1031,4.687778920225375,4.68290126260276,12.848231701093818,12.250002267840449,True,False
28065,997000000000000000,100,5116,4129,3538,2000,916,878,4.513792863265194,4.502430374363031,12.320800548881637,11.788718332690458,True,False
28066,499020926166130705,50,5706,4215,3687,2000,961,932,4.432508230222843,4.422312456148218,12.47826403158172,11.848231701093818,True,False
28067,184581411405559498,18,1212,1153,1034,2000,198,197,4.3925083644739775,4.3906735020886565,10.243173983472952,10.014020470314934,True,False
28068,304736250000000000,30,4029,3083,2719,2000,885,849,4.95402581665306,4.934688348461623,11.9762060901486,11.40886043602476,True,False
28069,3048247502953959,0,1394,0,0,0,0,0,0.0,0.0,10.445014845868423,0,False,True
28070,947625000000000000,95,2207,2140,1726,2000,187,186,4.40092894976802,4.399500966786384,11.107870914279614,10.753216749178955,True,False
28071,997500000000000000,100,2360,2293,1872,2000,189,188,4.351311169586355,4.349595413223758,11.204571144249204,10.870364719583405,True,False
28072,199500000000000000,20,1290,1222,1077,2000,186,185,4.565227460836635,4.562737575993809,10.333155350310616,10.072802534544207,True,False
28073,8379000000000000000,838,4158,4090,3280,2000,208,207,4.955351526181532,4.95482496434807,12.02167404285837,11.679480099505446,True,False
28074,997500000000000000,100,2400,2332,1910,2000,194,193,4.3745781448015455,4.373355582978817,11.228818690495881,10.899356922923111,True,False
28075,2593500000000000000,259,3232,3168,2588,2000,204,203,4.63298282752121,4.632244820141134,11.658211482751796,11.337621901992508,True,False
28076,3990000000000000000,399,3583,3525,2863,2000,204,203,4.581576347898035,4.580790212468338,11.806952328210736,11.483311954999353,True,False
28077,2992500000000000000,299,3375,3315,2685,2000,205,204,4.487996503881739,4.4870794551114175,11.720671786825555,11.390706372872774,True,False
28078,4588500000000000000,459,3929,3847,3177,2000,324,324,4.80099909135867,4.80099909135867,11.939946452458686,11.633449374713493,True,False
28079,1795500000000000000,180,4118,3891,3296,2000,628,625,4.394316561277783,4.392887683661151,12.007728114632254,11.686500527183219,True,False
28080,2294250000000000000,229,5691,4901,4143,2000,822,813,4.468506870954496,4.466019928401089,12.474466464132632,12.016460104979208,True,False
28081,11160036571967549194,1116,7761,6843,5752,2000,942,929,5.115931834159695,5.113762577946659,12.922026839405897,12.489847960439297,True,False
28082,100846218599367507,10,4721,3131,2859,2000,1208,1167,4.548880083347881,4.533693717568106,12.204876767603993,11.481294904631097,True,False
28083,442114143173457975380,44211,1150,1030,907,0,0,0,0.0,0.0,10.167418145831737,9.824958740528523,False,True
28084,8053456603502739,1,1529,377,377,377,377,377,8.558420713268662,8.558420713268662,10.578372691360805,8.558420713268664,False,False
28085,8432861624238046283,843,4052,3984,3171,2000,190,189,4.579973736615231,4.579044833435524,11.984418458801137,11.630722162103838,True,False
28086,9830362500000000000,983,4167,4100,3280,2000,196,195,4.726481359105423,4.725712515032917,12.024793384702548,11.679480099505446,True,False
28087,11870250000000000000,1187,4454,4386,3511,2000,188,186,4.474831745936204,4.473278436511146,12.12088584278779,11.777666280880755,True,False
28088,12877725000000000000,1288,4554,4486,3591,2000,193,191,4.56319260517648,4.5621056728640825,12.152918576136623,11.810169937664659,True,False
28089,4721414053227115,0,728,0,0,0,0,0,0.0,0.0,9.507794640198696,0,False,True
28090,38564525907112593022,3856,5203,5135,4114,2000,203,202,5.0367839527441625,5.036240235811563,12.345127991976693,12.006326078524934,True,False
28091,17949096041650704057,1795,5259,5117,4209,2000,462,460,4.549042764382498,4.5483149442425255,12.360572781480695,12.039261794341055,True,False
28092,939944986944299,0,101,0,0,0,0,0,0.0,0.0,6.658211482751795,0,False,True
28093,45000000000000000000,4500,6122,5312,4295,2000,795,765,5.446004534164689,5.4415070655911855,12.579787329526992,12.068442416025826,True,False
28094,31578400027932842165,3158,4381,3857,3128,2000,554,535,4.5408378439696655,4.531698961656222,12.097044499322951,11.611024797307353,True,False
28095,3693391299950625000,369,1603,1592,1308,2000,80,79,4.42745837256383,4.4265883767029575,10.646558710154547,10.353146825498083,True,False
28096,543401962833268382,54,2000,1929,1583,2000,194,193,4.44124354182753,4.440151987727378,10.965784284662087,10.62844554013718,True,False
28097,2550886310808771,0,127,0,0,0,0,0,0.0,0.0,6.9886846867721655,0,False,True
28098,1424478337501004137,142,6022,5116,4400,2000,915,904,4.392825102114301,4.389896680053533,12.556026992724677,12.103287808412022,True,False
28099,7631592518159947524,763,1763,1756,1530,2000,75,74,4.727693312150202,4.726927304767243,10.783816759320182,10.579315937580015,True,False
28100,709926184683691240,71,1455,1425,1163,2000,109,107,4.307252090797748,4.306263216362934,10.506803437795647,10.183635381473218,True,False
28101,61516471899113963,6,1431,997,929,2000,444,433,4.755521532872979,4.741346436407268,10.482807956726667,9.859534786382653,True,False
28102,817950000000000000,82,6889,5320,4577,2000,1224,1184,4.849623797237035,4.845041440102788,12.750078862693849,12.160186576600662,True,False
28103,8746119262330250,1,103,51,51,51,51,51,5.672425341971495,5.672425341971495,6.6865005271832185,5.672425341971495,False,False
28104,20392729166627857,2,3181,1588,1521,2000,1215,1172,6.571693549637194,6.530277468381184,11.635264656539514,10.570804437724497,True,False
28105,8518707910734619,1,1997,477,466,477,477,466,8.897845456005513,8.84753099059671,10.963618617443972,8.86418614465428,False,False
28106,2562384032879413458,256,4522,4286,3625,2000,663,659,5.375238632028652,5.374308766676663,12.14274527675153,11.82376527978966,True,False
28107,2593500000000000000,259,5688,4920,4154,2000,796,790,4.510774512742248,4.50948889803507,12.473705749619416,12.020285500844647,True,False
28108,1392663938684627923,139,6035,4956,4152,2000,1002,961,4.464828673277335,4.452225019208022,12.559138055642384,12.019590728357882,True,False
28109,65234137065373606,7,3141,2095,1932,2000,979,940,4.534401941260044,4.517563019940885,11.617008227651965,10.915879378835774,True,False
28110,1083732560985682684,108,2954,2858,2421,2000,371,370,4.599805402028947,4.599371264334941,11.52845411076479,11.241387363998937,True,False
28111,9975000000000000,1,259,93,92,93,93,92,6.539158811108034,6.517653434763947,8.016808287686555,6.523561956057013,False,False
28112,2569432979223033133,257,8072,6719,5566,2000,1229,1184,4.965635074294586,4.961292247373674,12.978710459106358,12.442425193331607,True,False
28113,498750000000000000,50,6109,4773,4147,2000,1210,1167,4.602289638405928,4.596288950221767,12.576720525080246,12.017852331905962,True,False
28114,12054787500000000000,1205,4477,4431,3560,2000,214,214,4.679098482073503,4.679098482073501,12.128316602903544,11.79766152585376,True,False
28115,120697500000000000,12,2636,1920,1745,2000,692,669,5.202588813580157,5.180898062735129,11.364134655008051,10.769011321097015,True,False
28116,968163525000000000,97,6522,5054,4374,2000,990,960,4.505984725694726,4.499952790187909,12.671098725748465,12.094737505048093,True,False
28117,99750000000000000,10,4514,2900,2656,2000,1214,1173,5.139913533687854,5.119972450946689,12.140190703191836,11.375039431346925,True,False
28118,69483995903979048,7,4127,2664,2447,2000,1237,1194,4.552830836438516,4.536227849292967,12.010877723007034,11.25679838607939,True,False
28119,99293823467630543,10,2415,1700,1553,2000,693,670,5.287150976210321,5.265456949806421,11.237807473723135,10.600842114387302,True,False
28120,5241158922151582370,524,3888,3832,3094,2000,233,233,4.358926996771939,4.358926996771939,11.92481250360578,11.595257481449035,True,False
28121,8806697647071521890,881,4312,4234,3450,2000,306,306,5.161631025236336,5.161631025236336,12.074141462752506,11.752380646552893,True,False
28122,264090435968746108,26,2230,2045,1846,2000,535,533,4.751986846263939,4.749986346138909,11.122827994807666,10.850186837645774,True,False
28123,663443164655884350,66,4400,3634,3175,2000,795,789,4.511951081706814,4.510665145515587,12.103287808412022,11.63254087654689,True,False
28124,299250000000000000,30,5103,3635,3226,2000,984,954,4.427314100541454,4.415248218212215,12.317129926384542,11.655530723155643,True,False
28125,648375000000000000,65,6140,4644,4037,2000,965,935,4.509700300225205,4.498084425409811,12.584022940257542,11.97906787148051,True,False
28126,1197000000000000000,120,6982,5476,4668,2000,971,942,4.563960988637509,4.555589498786983,12.769424641552753,12.188588845707349,True,False
28127,907725000000000000,91,6949,5452,4693,2000,1179,1139,4.437006904936364,4.423748618703404,12.762589665542569,12.196294745028263,True,False
28128,186087766321349757,19,3939,2901,2609,2000,976,937,4.53621064545559,4.519231301880605,11.943613701614042,11.349281228817452,True,False
28129,9766806929194619790,977,4299,4235,3443,2000,280,280,5.040297607006433,5.0402976070064325,12.069785394983302,11.749450465569916,True,False
28130,6158927217344131,1,1288,227,223,227,227,223,7.826548487290916,7.782495623854793,10.330916878114618,7.800899899920305,False,False
28131,438655192346383552,44,885,866,738,2000,110,109,4.321679472733222,4.321045449066469,9.78953364497036,9.527477006060396,True,False
28132,2101426197794154752,210,4838,4530,3811,2000,734,728,4.9171663640328465,4.916261849648002,12.240195053979924,11.895953892812168,True,False
28133,3443783868384978,0,921,0,0,0,0,0,0.0,0.0,9.847057346091336,0,False,True
28134,49875000000000000,5,1086,745,701,2000,387,379,4.883404675563391,4.872035347331014,10.084808387804362,9.453270634010623,True,False
28135,1808289992860234291,181,2367,2039,1738,2000,383,375,4.5241493197057,4.512501522306666,11.208843990734614,10.7632123668144,True,False
28136,174467027586882627,17,1164,909,827,2000,317,312,4.4052822532595926,4.400243926975093,10.184875342908283,9.691743519171276,True,False
28137,9971609690520578805,997,8882,7520,6229,2000,1108,1074,5.234145418073843,5.230760110864901,13.116668855967113,12.60478485708642,True,False
28138,9946519646612776553,995,2031,2020,1704,2000,66,65,4.643850546403382,4.591804102125501,10.987974524296153,10.734709620225837,True,False
28139,40085404746915638,4,2016,1281,1196,2000,713,688,5.260013124260173,5.234659159813338,10.977279923499916,10.224001674198105,True,False
28140,1513157012167826,0,363,0,0,0,0,0,0.0,0.0,8.50382573799575,0,False,True
28141,39888245893979033250,3989,10119,8482,6869,2000,1261,1213,5.833829797088682,5.805947921482692,13.304779103739282,12.74588436914204,True,False
28142,1695750000000000000,170,2840,2772,2212,2000,192,191,4.3728332225952,4.371444239482512,11.471675214392045,11.111135670234708,True,False
28143,2892750000000000000,289,6711,5780,4898,2000,943,932,4.9655494842504675,4.9645039584191615,12.712312041780274,12.257977058563979,True,False
28144,658103553571769226,66,6768,5225,4518,2000,1209,1169,4.458035119775614,4.448813600874049,12.72451385311995,12.141468555393084,True,False
28145,23624523401919763845,2362,4989,4922,3984,2000,203,202,4.906675216485627,4.906103624602233,12.284534954008425,11.960001932068081,True,False
28146,24506828921997164625,2451,5005,4938,3987,2000,202,201,4.87271400711467,4.872100494499316,12.289154353723356,11.96108788999733,True,False
28147,15864169532739498,2,37,32,32,437,32,32,4.92134548789506,4.92134548789506,5.20945336562895,5.0,False,False
28148,13060337299261900441,1306,6959,6150,5136,2000,835,824,4.55868934081584,4.555057311277247,12.764664292073347,12.326429487122303,True,False
28149,13851701525194669020,1385,6998,6184,5162,2000,835,825,4.602893523178934,4.600149662876084,12.77272694923985,12.33371442609397,True,False
28150,39723867124684006131,3972,8829,7746,6467,2000,972,959,4.693456881291937,4.69115185231448,13.108034327661551,12.658880895047878,True,False
28151,98169880057136751527,9817,10184,8639,6974,2000,1267,1224,5.938135425232341,5.935801542424825,13.314016703901357,12.767770648776704,True,False
28152,9975000000000000000,998,7561,6665,5606,2000,917,906,4.407932502958536,4.405218350015632,12.884361339165705,12.452756029032495,True,False
28153,1156337665849374290605,115634,5732,5672,4601,0,0,0,0.0,0.0,12.484822894262146,12.167731741103244,False,True
28154,1047375000000000000,105,2658,2602,2144,2000,204,203,4.561410555093071,4.560573235826149,11.376125389276174,11.066089190457772,True,False
28155,2918929651327516746,292,2158,2132,1747,2000,134,133,4.330033352507921,4.329660899441885,11.075479149488016,10.77066389291676,True,False
28156,143124539856794548,14,3847,2766,2567,2000,965,952,5.971159227376802,5.9602108828799265,11.909518114296615,11.325867580575418,True,False
28157,448875000000000000,45,4063,3262,2902,2000,827,818,4.407198572454062,4.404547749810181,11.988329649231089,11.502831804066744,True,False
28158,5819610897351088,1,900,157,154,157,157,154,7.294620748891628,7.243665334878889,9.813781191217037,7.266786540694901,False,False
28159,11970000000000000,1,2604,1101,1061,1101,1101,1061,10.104598753564371,10.02502596475925,11.346513733165635,10.051208940914766,False,False
28160,759346186725000000,76,2161,2093,1730,2000,194,193,4.374075063294497,4.372741137105081,11.077483356859508,10.756556322524087,True,False
28161,29925000000000000,3,400,336,330,2000,193,192,5.194321364327156,5.190651639556514,8.643856189774725,8.366322214245816,True,False
28162,1331834829700437223,133,4194,3923,3346,2000,704,700,5.681981078669925,5.681689327372658,12.034111146096592,11.708221730038353,True,False
28163,65710840031115,0,56,0,0,0,0,0,0.0,0.0,5.807354922057604,0,False,True
28164,8137615373100474324,814,3951,3884,3101,2000,195,193,4.862510213823455,4.861730067969022,11.94800213097767,11.598517810612622,True,False
28165,721352110290333959151,72135,5585,5517,4488,0,0,0,0.0,0.0,12.447341565370678,12.131856960608793,False,True
28166,315685664557701545,32,1629,1561,1349,2000,191,190,4.434621249496154,4.432963249646882,10.669770888525518,10.397674632948268,True,False
28167,349478157470220184084,34948,2900,2888,2370,0,0,0,0.0,0.0,11.501837184902296,11.210671343785622,False,True
28168,195000000000000000000,19500,5651,5594,4506,0,0,0,0.0,0.0,12.464290473850767,12.137631598235428,False,True
28169,78785723611087500000,7879,2111,2106,1787,2000,96,93,5.561740948648761,5.499936259798203,11.043710863347156,10.80332391904149,True,False
28170,1795500000000000000,180,5321,4551,3865,2000,798,790,4.6942278888661475,4.691363843466013,12.377481688182957,11.91625269881221,True,False
28171,626986427654309555,63,6739,5197,4500,2000,1209,1170,4.4073399880108415,4.398785542493243,12.71831881047926,12.1357092861044,True,False
28172,14535028358542687,1,240,169,168,169,169,168,7.4008794362821835,7.389045116755557,7.906890595608519,7.392317422778761,False,False
28173,3341875822417613,0,1068,0,0,0,0,0,0.0,0.0,10.060695931687555,0,False,True
28174,3548627432419105,0,959,0,0,0,0,0,0.0,0.0,9.905387005018131,0,False,True
28175,1145536787026384617,115,5210,4396,3765,2000,834,824,4.75016674145343,4.747849004920072,12.347067657165871,11.87843414955929,True,False
28176,376523110901043849,38,3980,3159,2824,2000,833,823,4.398884220244408,4.395047278828167,11.958552715431011,11.46352437327118,True,False
28177,3986821315525223206,399,7421,6245,5127,2000,1078,1036,4.652040425332155,4.641994839008117,12.85739789170129,12.323899182397296,True,False
28178,99079829551228139,10,3540,2428,2218,2000,1021,983,5.595100199222751,5.5674842636061195,11.78953364497036,11.11504365016171,True,False
28179,2902725000000000000,290,1787,1771,1485,2000,103,102,4.368114641665491,4.367484543472266,10.80332391904149,10.536247215688128,True,False
28180,3948140987240374,0,795,0,0,0,0,0,0.0,0.0,9.634811050171718,0,False,True
28181,4348997943715147,0,1466,0,0,0,0,0,0.0,0.0,10.517669388133811,0,False,True
28182,28958014063923214500,2896,3002,2986,2492,2000,114,113,4.868037755393104,4.867708032328035,11.55170826162069,11.283088353024002,True,False
28183,525686820318393520,53,6574,5029,4351,2000,1228,1186,4.473865299738352,4.465419966461775,12.68255574108031,12.087131301540529,True,False
28184,6115037593984962406,612,6067,5181,4242,2000,850,816,4.795334086099032,4.789824246947016,12.566767596032916,12.050528905530555,True,False
28185,66000000000000000,7,2498,1692,1564,2000,764,737,4.539089802830893,4.523440341567252,11.286557761607957,10.611024797307353,True,False
28186,46983875720224177673,4698,4607,4548,3704,2000,175,173,5.07337765772253,5.058201076063552,12.169611882604212,11.854868383260236,True,False
28187,11494988505000000000,1149,4658,4600,3685,2000,209,207,4.731038600668747,4.728505013605755,12.185494924210866,11.847448903982432,True,False
28188,99640275000000000000,9964,10108,8612,6930,2000,1303,1256,6.5495431804906294,6.517627265835253,13.303209948944776,12.758639637024576,True,False
28189,59850000000000000000,5985,9852,8440,6785,2000,1250,1205,5.242328728800917,5.23756333213594,13.266200912498961,12.728133100306216,True,False
28190,249375000000000000,25,498,491,472,2000,80,78,4.315835774698393,4.313817561632508,8.960001932068081,8.88264304936184,True,False
28191,1086013472043863085,109,2949,2855,2418,2000,372,371,4.825309396181676,4.824993581775274,11.526010107061737,11.239598529249124,True,False
28192,3192000000000000,0,930,0,0,0,0,0,0.0,0.0,9.861086905995395,0,False,True
28193,6311878751488800000,631,2005,1992,1664,2000,98,97,4.976688921693595,4.976110914904248,10.969386521342283,10.700439718141093,True,False
28194,60070884283994690,6,4016,2472,2285,2000,1204,1165,4.782974705443263,4.763727203028668,11.971543553950772,11.157978449945432,True,False
28195,203490000000000000,20,1335,1280,1141,2000,195,194,4.529745708366753,4.527502641482577,10.382624026574916,10.156083076288681,True,False
28196,2151171316681695108,215,2387,2343,1902,2000,134,134,4.4318087781160855,4.431808778116087,11.220982851081777,10.893301530860564,True,False
28197,2873494270315520057,287,3708,3607,3016,2000,384,382,4.640485768319488,4.638585184881322,11.85642552862553,11.558420713268664,True,False
28198,751566362248921555,75,5157,4260,3749,2000,915,904,4.659911629526789,4.656511145572429,12.332316330199218,11.872290110288091,True,False
28199,6268197481875000000,627,1974,1965,1642,2000,75,74,4.303839771153473,4.302775811428015,10.946906274456397,10.681238411777805,True,False
28200,71819433353599255144,7182,1957,1751,1493,2000,303,299,6.189946140519219,6.189392221929863,10.934428040626804,10.543998450134541,True,False
28201,3273293588467321652,327,6275,5268,4364,2000,940,900,4.845229230065471,4.830031963430981,12.615399743725497,12.091435386323607,True,False
28202,194661501129018503078,19466,5647,5601,4499,0,0,0,0.0,0.0,12.46326891598129,12.135388651579046,False,True
28203,878802540367500000,88,826,815,732,2000,81,80,4.420282508364486,4.419702592344805,9.689997971419446,9.515699838284043,True,False
28204,241076971278364668,24,482,471,449,2000,73,72,4.384328640501041,4.382851518066193,8.912889336229961,8.810571634741146,True,False
28205,400961610671814879,40,3141,2850,2537,2000,712,708,4.420906841260171,4.418906507871273,11.617008227651965,11.308907804063939,True,False
28206,59850000000000000,6,1936,1575,1533,2000,733,728,4.684562909771703,4.681450207185696,10.918863237274595,10.582141981658777,True,False
28207,29925000000000000,3,3152,1527,1452,2000,1016,986,5.242945320994238,5.217516834487499,11.622051819456376,10.50382573799575,True,False
28208,9531355013850001,1,1772,503,494,503,503,494,8.974414589805525,8.934653158393996,10.791162888555018,8.948367231584678,False,False
28209,8977500000000000,1,691,206,204,206,206,204,7.6865005271832185,7.667083051455062,9.432541900388259,7.672425341971495,False,False
28210,31349454495273326424,3135,5083,5024,4066,2000,205,202,4.6075061775135735,4.548812970099168,12.311464515448444,11.989394499844732,True,False
28211,4186053034687195125,419,8153,6708,5601,2000,1030,1001,4.420024689664916,4.413433024038666,12.993115299679177,12.451468712947358,True,False
28212,1386743635533325554,139,7141,5686,4831,2000,1030,1001,4.924336825870672,4.920954129293359,12.80191040289703,12.238106137432077,True,False
28213,3961892656735929585,396,246,244,229,2000,38,38,4.368199554621035,4.368199554621035,7.94251450533924,7.839203788096944,True,False
28214,1795369332356367584,180,189,187,176,2000,35,35,4.191911479405595,4.191911479405596,7.562242424221073,7.459431618637297,True,False
28215,746462597499718371,75,797,790,721,2000,81,80,4.343302658519661,4.342072771982063,9.638435913990472,9.493855449240822,True,False
28216,6708807397162739981,671,7676,6525,5310,2000,1070,1028,5.133480874617158,5.126933519529633,12.90613899619538,12.374496145691516,True,False
28217,62662412865946564828,6266,5313,4639,3744,2000,685,663,5.41194688968688,5.407708295273379,12.37531099747307,11.870364719583405,True,False
28218,99411498089401946677,9941,3652,3633,2982,2000,132,131,5.198333583214309,5.198200864143896,11.834471049984222,11.542064542283443,True,False
28219,16957500000000000,2,264,141,140,2000,128,127,6.34540923660377,6.336902856818932,8.044394119358454,7.129283016944966,True,False
28220,10584595319474089,1,190,84,84,84,84,84,6.39231742277876,6.39231742277876,7.569855608330948,6.392317422778761,False,False
28221,42280243638816438361,4228,7108,6693,5501,2000,786,781,5.864385756039807,5.864095063196904,12.795227966028678,12.425478187645329,True,False
28222,1215972608584462430,122,7297,5970,5002,2000,1205,1163,4.602262155259481,4.596357961584378,12.833087738422009,12.28828934218097,True,False
28223,1479757136050418007,148,5375,4563,3888,2000,833,823,4.513038367837304,4.509941316130909,12.392049039364185,11.92481250360578,True,False
28224,189525000000000000,19,4475,3133,2847,2000,1013,987,4.4542419100855115,4.448068466842057,12.127671967038982,11.475226777742266,True,False
28225,399000000000000000,40,3586,2813,2468,2000,750,722,4.460909000119526,4.446738661773292,11.808159772868375,11.269126679149418,True,False
28226,987103271044537109,99,2589,2138,1846,2000,460,447,4.462358138701374,4.449089626486348,11.338179249900112,10.850186837645774,True,False
28227,986151654683952112,99,707,595,548,2000,130,130,4.422075899481321,4.422075899481321,9.4655664048094,9.098032082960527,True,False
28228,532171893753766866,53,3886,3113,2707,2000,752,724,4.459634425193597,4.449796206333813,11.924070185585345,11.402479172214964,True,False
28229,34294050000000000000,3429,9936,8423,6813,2000,1252,1213,5.201660748802482,5.198966286039343,13.278449458220482,12.734074491428045,True,False
28230,3790500000000000,0,410,0,0,0,0,0,0.0,0.0,8.679480099505446,0,False,True
28231,10174500000000000000,1017,8292,7158,5990,2000,998,981,5.309990133168397,5.308624207416215,13.017504401109415,12.548340287676147,True,False
28232,3938657032705153935,394,8107,6834,5617,2000,1165,1121,4.612415341671353,4.604549705119456,12.984952427732367,12.455584087578611,True,False
28233,395051481240210961,40,4193,3253,2858,2000,884,848,4.484280614835559,4.470092808961826,12.03376711484639,11.480790201095816,True,False
28234,60233128102000113,6,1154,825,773,2000,383,376,4.752739575180605,4.7432512479354205,10.172427508645482,9.594324603924848,True,False
28235,239190617527676837,24,4170,3130,2788,2000,977,938,4.558691966974745,4.54330015429899,12.025831668332026,11.445014845868423,True,False
28236,50124073597196438,5,2154,1426,1323,2000,705,681,4.993717446506505,4.973275125299031,11.072802534544207,10.369597346278677,True,False
28237,8180333010764172706,818,6503,5729,4776,2000,815,806,4.838563469738623,4.836591613713152,12.666889708440257,12.221587121264806,True,False
28238,6030189152774964399,603,3996,3926,3195,2000,278,278,4.634902562081591,4.634902562081592,11.964340867792417,11.641600215834357,True,False
28239,19692431608190777548,1969,9666,8167,6598,2000,1258,1215,4.789867590685509,4.785350830715116,13.238703279427725,12.687813062564931,True,False
28240,58847117794486215538,5885,5570,5476,4487,2000,402,400,6.130502138798162,6.130005739091915,12.443461612227393,12.131535468676345,True,False
28241,6792975000000000000,679,9116,7530,6200,2000,1219,1177,5.005122785481847,5.000851506732276,13.154185209265297,12.5980525001616,True,False
28242,28162817551369057,3,2664,1469,1419,2000,999,979,6.500536226136161,6.470198138267957,11.379378367071261,10.470658874060552,True,False
28243,74812500000000000,7,3633,2296,2166,2000,1013,987,4.7439009889542785,4.729241858942254,11.826945650415485,11.080817527608327,True,False
28244,309613140396868916,31,5314,3735,3290,2000,989,960,4.4439071204515965,4.435649433002249,12.375582512490507,11.683871868622603,True,False
28245,17107125000000000000,1711,5783,5561,4607,2000,623,620,4.739554534322347,4.738147675664338,12.49760238678349,12.169611882604212,True,False
28246,2431784026653345000,243,560,497,455,2000,102,102,4.38512996603106,4.385129966031061,9.129283016944967,8.829722735086058,True,False
28247,480000000000000000,48,5673,4428,3844,2000,1133,1091,4.544124809032529,4.530457278720642,12.469896148670918,11.90839262077375,True,False
28248,548625000000000000,55,1905,1839,1501,2000,183,181,4.3520133609544285,4.350062191239439,10.895575282380685,10.55170826162069,True,False
28249,29925000000000000,3,405,338,331,2000,181,180,5.406573065465331,5.402322268440888,8.661778097771988,8.370687406807217,True,False
28250,11875248469664991,1,685,341,333,341,341,333,8.413627929024173,8.360842005270506,9.419960177847889,8.379378367071261,False,False
28251,1730153401935000,0,315,0,0,0,0,0,0.0,0.0,8.29920801838728,0,False,True
28252,9975000000000000,1,2081,571,554,571,571,554,9.157346935362844,9.087978037859452,11.023061249735335,9.113742166049189,False,False
28253,8678450617842001,1,2006,467,455,467,467,455,8.867278739709661,8.809987760047642,10.970105890612182,8.829722735086058,False,False
28254,784297585302924866,78,6916,5363,4608,2000,1224,1182,4.43626337911937,4.428331228134917,12.755722153642282,12.169925001442312,True,False
28255,6714584104863212356,671,9225,7713,6375,2000,1205,1165,4.695293739460656,4.689835038342043,13.171333195835121,12.638209626633582,True,False
28256,9917170069807584468,992,2947,2921,2398,2000,147,145,4.963436846447587,4.9185850798703115,11.525031345124,11.227615943414223,True,False
28257,997500000000000,0,255,0,0,0,0,0,0.0,0.0,7.994353436858858,0,False,True
28258,19950000000000000,2,1589,854,818,2000,710,685,6.511164236479065,6.473139631470756,10.63390340934852,9.67595703294175,True,False
28259,3990000000000000,0,619,0,0,0,0,0,0.0,0.0,9.273795599214264,0,False,True
28260,9975000000000000,1,947,307,301,307,307,301,8.262094845370179,8.220547980542285,9.887220615468385,8.233619676759702,False,False
28261,4987500000000000,0,634,0,0,0,0,0,0.0,0.0,9.308339030139408,0,False,True
28262,3293234675743156,0,1392,0,0,0,0,0,0.0,0.0,10.442943495848729,0,False,True
28263,2962575000000000000,296,3334,3265,2614,2000,192,191,4.3542820466502885,4.352566290287693,11.703038388986418,11.352043425795433,True,False
28264,16308738470470927,2,2114,1018,1000,2000,959,944,6.545149500098773,6.527487513379583,11.045759661382682,9.965784284662087,True,False
28265,2263842564302077619,226,7052,5910,5008,2000,986,969,4.491862385368701,4.488208637382536,12.783816759320182,12.290018846932618,True,False
28266,31920000000000000,3,1012,666,633,2000,390,381,5.758656723136582,5.73934653902978,9.98299357469431,9.306061689428342,True,False
28267,6982500000000000,1,1243,247,243,247,247,243,7.948367231584679,7.907881401625164,10.279610581052484,7.924812503605781,False,False
28268,12311905568880113543,1231,1821,1618,1383,2000,265,261,4.914413390729934,4.912738898200619,10.830515206976838,10.433585441150495,True,False
28269,107772591017770473,11,4709,3168,2880,2000,1206,1166,4.788553406704185,4.770820344026063,12.201205007299528,11.491853096329674,True,False
28270,24220113345864661654,2422,9787,8301,6719,2000,1273,1232,5.766053082212752,5.763036861229242,13.25665098428709,12.714030814928783,True,False
28271,15000000000000000,2,2110,1031,992,2000,992,954,6.503555614576317,6.462373350588017,11.043027283594547,9.954196310386875,True,False
28272,353032332774157,0,142,0,0,0,0,0,0.0,0.0,7.149747119504682,0,False,True
28273,4738057966700645608,474,7368,6231,5102,2000,1047,1005,4.663215551740814,4.653461145052649,12.847057346091336,12.316847183602473,True,False
28274,16957500000000000,2,2517,1268,1217,2000,1139,1098,6.543385091376042,6.5022489339706855,11.29748950116098,10.249113452713729,True,False
28275,5004833023394715,1,1719,106,103,106,106,103,6.7279204545632,6.664195100769203,10.747353829478062,6.6865005271832185,False,False
28276,6982500000000000,1,1534,300,296,300,300,296,8.228818690495883,8.19548535716255,10.583082767502933,8.20945336562895,False,False
28277,90000000000000000,9,4441,2833,2590,2000,1216,1171,4.790472041310971,4.770938361713567,12.116668855967113,11.338736382573916,True,False
28278,64455723701968918,6,4123,2631,2419,2000,1242,1199,4.553332269035996,4.529589092522305,12.009478745888066,11.240195053979924,True,False
28279,9975000000000000,1,1990,470,458,470,470,458,8.876516946564996,8.81777303066194,10.958552715431011,8.839203788096944,False,False
28280,1120832320290986436,112,3151,2644,2245,2000,533,516,4.444781666912858,4.435751506040227,11.62159403901754,11.13249972962851,True,False
28281,165585000000000000000,16559,3052,3040,2529,0,0,0,0.0,0.0,11.57553924683453,11.304351321663239,False,True
28282,141513763189888810802,14151,3093,3081,2563,0,0,0,0.0,0.0,11.594791118089265,11.323617763291578,False,True
28283,25296240753994321220,2530,2667,2653,2229,2000,89,88,4.620808721628632,4.619991200020955,11.381002109550925,11.122180901259753,True,False
28284,25845750938863645343,2585,5558,5402,4449,2000,477,475,5.003407600028531,5.002996275713064,12.440350119200563,12.119265383175787,True,False
28285,23078422707762992198,2308,8939,7731,6389,2000,1019,995,5.274050963640488,5.270687956035573,13.125897731760327,12.641374424294513,True,False
28286,7176992633819649,1,1862,371,366,371,371,366,8.535275376620802,8.502930363143715,10.862637357558794,8.515699838284043,False,False
28287,29925000000000000,3,2438,1442,1357,2000,914,878,6.544317152950939,6.50361825823298,11.251482410620213,10.406205005418855,True,False
28288,80997000000000000000,8100,4156,3658,2964,2000,569,552,6.190708394571643,6.188140464032406,12.020979938904212,11.533329732305834,True,False
28289,4987500000000000,0,18,0,0,0,0,0,0.0,0.0,4.169925001442312,0,False,True
28290,27897127604035568,3,67,62,62,2000,55,55,5.009185378222091,5.009185378222092,6.066089190457772,5.954196310386875,True,False
28291,7112175000000000000,711,8633,7162,5943,2000,1015,984,4.685251837322495,4.68016438080233,13.075646273153525,12.536975665610642,True,False
28292,9523809523809523809,952,9412,7775,6352,2000,1240,1193,5.126171502377517,5.121000184606501,13.200285605224298,12.632995197142957,True,False
28293,408020050125313283,41,6234,4622,4035,2000,1221,1175,4.788481268786181,4.783039504498057,12.605942439625368,11.978352958165143,True,False
28294,3290313728856580445,329,8378,6987,5761,2000,1234,1189,4.9639388636356205,4.957348057132424,13.032390168866524,12.49210354247923,True,False
28295,7873694634875904,1,46,13,13,13,13,13,3.7004397181410926,3.7004397181410926,5.523561956057013,3.700439718141092,False,False
28296,39977962598634742,4,68,40,40,2000,39,39,4.505840036771259,4.505840036771261,6.087462841250339,5.321928094887363,True,False
28297,298252500000000000,30,5537,4178,3692,2000,1222,1178,4.52766240161413,4.516788107944603,12.434888806530395,11.850186837645774,True,False
28298,17478120363144853,2,2213,1129,1081,2000,996,958,6.50024594513542,6.4590430797144105,11.11178773580101,10.07815080773465,True,False
28299,902397515236989916,90,5481,4413,3773,2000,998,957,4.609116088703996,4.598374696420873,12.420223419348645,11.88149638481011,True,False
28300,4600842784028240849,460,8831,7310,6033,2000,1242,1202,5.1290199708420445,5.126136238065746,13.108361098906638,12.558659867026508,True,False
28301,6268126014910373648,627,577,575,519,2000,53,53,4.560387630180583,4.560387630180584,9.172427508645482,9.019590728357882,True,False
28302,9975000000000000,1,21,9,9,9,9,9,3.169925001442312,3.169925001442312,4.392317422778761,3.169925001442312,False,False
28303,18422960942990464527,1842,4812,4746,3825,2000,209,208,4.820853481120065,4.820271455140542,12.232420927176076,11.901244032467376,True,False
28304,1625342176103520000,163,2348,2019,1727,2000,385,378,4.524116014506176,4.51652535271003,11.197216693110052,10.754052367528924,True,False
28305,670009328336033270,67,5125,4203,3696,2000,932,920,4.557102832776809,4.554488563053666,12.32333628928017,11.851749041416058,True,False
28306,96718450575044121397,9672,81,77,77,2000,61,61,5.819706129187856,5.819706129187856,6.339850002884624,6.266786540694901,True,False
28307,9975000000000000,1,143,74,74,74,74,74,6.20945336562895,6.20945336562895,7.159871336778389,6.20945336562895,False,False
28308,35260328640190520,4,2211,1380,1347,2000,846,836,5.080750730418667,5.07356528996463,11.110483309816226,10.395534135462302,True,False
28309,9657868022985000,1,678,214,212,214,214,212,7.741466986401146,7.722775397616099,9.405141463136344,7.727920454563199,False,False
28310,139276242742980000,14,2572,1894,1715,2000,661,640,4.664132193980514,4.649147160702626,11.328674927327947,10.743992861060175,True,False
28311,7167685059284368112,717,4067,4008,3228,2000,200,199,4.423984514758427,4.422863324257968,11.989749275462133,11.656424863277781,True,False
28312,2347372543115447612,235,6255,5215,4342,2000,983,942,4.692129997502787,4.682944950012004,12.610794169053182,12.084144010615145,True,False
28313,1131298665000000000,113,7490,5992,5048,2000,1250,1207,4.514788240338603,4.508043992008243,12.870750003346114,12.30149619498255,True,False
28314,3007518796992481,0,1207,0,0,0,0,0,0.0,0.0,10.237209960755022,0,False,True
28315,1299255043868526899,130,4177,3465,2932,2000,695,671,4.390279575081845,4.380647419896177,12.028251428162793,11.517669388133811,True,False
28316,219150750000000000000,21915,2827,2820,2285,0,0,0,0.0,0.0,11.465056167831175,11.157978449945432,False,True
28317,10831891472881608787,1083,6735,5967,4949,2000,803,797,4.87737026170408,4.876598892879773,12.717462230349666,12.272921326867003,True,False
28318,251433112806540000,25,2786,2150,1911,2000,627,609,4.432232454865253,4.421368770504802,11.443979542601253,10.900112062977456,True,False
28319,247930586606594744,25,2419,1874,1664,2000,556,539,4.425000775897362,4.413883017558394,11.240195053979924,10.700439718141093,True,False
28320,24924602913525000000,2492,9816,8302,6715,2000,1247,1207,5.049452469816983,5.045921661709869,13.260919533662905,12.713171684314805,True,False
28321,184506923999408204705,18451,9550,8291,6847,0,0,0,0.0,0.0,13.221285017810473,12.741256297092136,False,True
28322,393968477561865150,39,329,278,261,2000,96,96,4.423953430877114,4.423953430877114,8.361943773735241,8.027905996569885,True,False
28323,8758335822633431209,876,6668,5905,4892,2000,805,799,5.240792447414587,5.240260377178817,12.703038388986418,12.256208688527387,True,False
28324,29905050000000000000,2991,5722,5547,4583,2000,530,528,5.376920479722742,5.376678051807168,12.482303782323182,12.162076570374312,True,False
28325,102994920528497907705,10299,9829,8245,6768,0,0,0,0.0,0.0,13.262828929261705,12.72451385311995,False,True
28326,7017543859649122,1,1482,310,306,310,310,306,8.276124405274237,8.243866340758107,10.533329732305834,8.257387842692651,False,False
28327,3378004832620984110,338,1518,1507,1258,2000,58,58,4.2316930184329715,4.2316930184329715,10.567956075415466,10.296916206879288,True,False
28328,1296750000000000000,130,7596,6104,5131,2000,1246,1203,4.43758611620251,4.425278473594711,12.891024190149498,12.325024310191417,True,False
28329,4207135684110173214,421,2083,2067,1697,2000,113,111,4.733033336674719,4.71809646895185,11.024447124040647,10.728770849542663,True,False
28330,7440067932736020179,744,2010,1998,1675,2000,85,83,4.51979035567601,4.518681753087257,10.972979786066292,10.709945380232497,True,False
28331,730195419718081210,73,6907,5351,4626,2000,1236,1194,4.437006857588331,4.429170751647441,12.753843508311638,12.175549550636191,True,False
28332,2117449744890210762,212,8121,6534,5470,2000,1216,1176,4.392188254605194,4.382645570962188,12.98744167293612,12.417325117679919,True,False
28333,3391298398701132008,339,8563,6950,5769,2000,1217,1176,4.458812242498041,4.449812148149113,13.063900610128893,12.494105548061054,True,False
28334,5350454026565822767,535,9061,7465,6141,2000,1228,1184,4.834133722176942,4.82966949149627,13.145454564009516,12.584257887744567,True,False
28335,3148181482573207192,315,8518,6999,5802,2000,1239,1200,4.743173800549754,4.7388697212430575,13.056299014550337,12.502334580197997,True,False
28336,2289136762338267023,229,8109,6643,5519,2000,1241,1198,4.394344217555128,4.384031465604401,12.985308297255852,12.430191170191696,True,False
28337,64489416465138261,6,195,186,177,2000,72,71,4.334537101274078,4.333131741763163,7.60733031374961,7.467605550082998,True,False
28338,268327500000000000000,26833,8088,7251,6063,0,0,0,0.0,0.0,12.981567281903015,12.565816107100892,False,True
28339,372954614760363855025,37295,8193,7338,6147,0,0,0,0.0,0.0,13.000176099486442,12.585666769732402,False,True
28340,6721000602687204,1,1941,310,304,310,310,304,8.276124405274237,8.230963114951656,10.922584402713664,8.247927513443585,False,False
28341,3313429176224951,0,1303,0,0,0,0,0,0.0,0.0,10.347621368568134,0,False,True
28342,1036177782310579481,104,6869,5386,4598,2000,966,937,4.4682928920688,4.456976434193149,12.74588436914204,12.16679075071818,True,False
28343,49867807037465660987,4987,9661,8265,6782,2000,1097,1065,5.6545299461695535,5.65238731297578,13.237956813306198,12.72749506902543,True,False
28344,12448800000000000000,1245,4624,4564,3673,2000,209,208,4.6772049072909025,4.676517192379993,12.174925682500678,11.842743180731658,True,False
28345,3208957763686249368,321,1580,1572,1344,2000,92,90,4.58535167807239,4.584366786435435,10.625708843064466,10.39231742277876,True,False
28346,1046347111222277903,105,2576,2508,2065,2000,192,191,4.422576405308433,4.421406744607936,11.330916878114618,11.011926066306808,True,False
28347,713665558150720391,71,6243,4787,4169,2000,1023,993,4.499288724150978,4.492920934392883,12.608023750456491,12.025485656808389,True,False
28348,994204714568839831,99,4708,3940,3409,2000,792,786,4.511281976582649,4.509142257236445,12.200898605038445,11.735132884139947,True,False
28349,995886785209509584,100,4938,4117,3566,2000,835,825,4.513127890236364,4.510889900905786,12.269711121142782,11.800090987624994,True,False
28350,996208989769508012,100,5060,4222,3656,2000,857,846,4.408764964345013,4.403495921949606,12.304921669581672,11.83605035505807,True,False
28351,995063532835710275,100,5352,4477,3899,2000,906,896,4.789351057918498,4.788089418699359,12.38586240064146,11.928888439397635,True,False
28352,997130464629833924,100,5893,4807,4159,2000,971,957,4.706844023043615,4.703232198393667,12.524786550851607,12.022020969646356,True,False
28353,995684241642713975,100,5975,4849,4207,2000,975,958,4.831773784729318,4.828065448414367,12.544722997755473,12.03857610276879,True,False
28354,697727210208067908,70,5677,4506,3946,2000,992,975,4.3784768868053305,4.373849443054247,12.470913026274877,11.946175240723559,True,False
28355,866941611813069223,87,6030,4826,4194,2000,999,979,4.5207127987476845,4.509680973808434,12.557942286787448,12.034111146096592,True,False
28356,596223850905281308,60,6026,4594,4012,2000,1029,1001,4.499784088317427,4.494406644566345,12.556984957594462,11.970105890612182,True,False
28357,697955799202648593,70,6176,4734,4133,2000,1027,998,4.372832695074437,4.3645128895328895,12.59245703726808,12.01297364837454,True,False
28358,494020855959210299,49,5739,4275,3743,2000,1014,984,4.742750093603387,4.725773401412372,12.486583659067268,11.869979332899963,True,False
28359,498571650291529368,50,5730,4259,3729,2000,1000,970,4.641996486706419,4.637171581728869,12.484319423644267,11.86457308177364,True,False
28360,996770495308360655,100,6596,5069,4373,2000,974,945,4.553294640255257,4.547783954183325,12.687375683437468,12.094407633081207,True,False
28361,490730064719891151,49,5743,4199,3675,2000,971,942,4.384926144309491,4.376018061496179,12.48758884638603,11.843528534611089,True,False
28362,500396866279347198,50,5946,4363,3814,2000,978,948,4.399991758468199,4.391050703197555,12.537703747907644,11.897089128312755,True,False
28363,494527774183544148,49,5960,4331,3791,2000,1038,1008,4.9583808716861935,4.95517588191327,12.541096615349524,11.888362741170644,True,False
28364,496754415060159788,50,5779,4417,3867,2000,1098,1065,4.549731000808133,4.543473854631842,12.496604154575603,11.916999049082808,True,False
28365,498607067936540772,50,6358,4825,4206,2000,1232,1191,4.787775307327424,4.768449887460658,12.634357301137976,12.03823313473178,True,False
28366,598563047887842064,60,6634,5144,4430,2000,1256,1211,4.474175153225936,4.465214472185492,12.695663296788021,12.113090983442381,True,False
28367,746135502895765966,75,5948,4739,4048,2000,1092,1050,4.526140334323739,4.516977401355945,12.53818893205242,11.98299357469431,True,False
28368,200091856337876514,20,4248,3146,2817,2000,1018,979,4.545943211105039,4.530697995061406,12.052568050804153,11.45994384837493,True,False
28369,7418411395594106182,742,614,551,497,2000,114,114,5.047224237732734,5.047224237732732,9.262094845370179,8.957102041562287,True,False
28370,298428507225144335,30,2349,2156,1939,2000,570,568,4.387151198661801,4.386087003994547,11.197830998012197,10.921097088106793,True,False
28371,3849169548698805191,385,8159,6577,5512,2000,996,967,4.461906451505054,4.455518174161067,12.994176625161732,12.428360172704291,True,False
28372,2555032160625000000,256,3811,3680,3098,2000,447,445,4.734429998057117,4.733841693550702,11.895953892812168,11.597121428789569,True,False
28373,1244684144277081366,124,6919,5526,4706,2000,1015,989,4.483809785121373,4.47822419082965,12.756347825516587,12.200285605224298,True,False
28374,493641379177301604,49,2354,2231,1950,2000,432,430,4.417529539601007,4.41586287293434,11.200898605038445,10.929258408636972,True,False
28375,500081187595145866,50,6520,4889,4241,2000,1226,1180,4.5005628918894285,4.492204787188963,12.67065624911844,12.050188767596435,True,False
28376,497752500000000000,50,3052,2452,2128,2000,604,586,4.430391026205097,4.4202514776354995,11.57553924683453,11.055282435501189,True,False
28377,9932447181145412590,993,5296,4565,3717,2000,731,705,5.229901009231302,5.224586374163288,12.370687406807217,11.859922972861758,True,False
28378,3227641539695383049,323,3437,3370,2730,2000,198,197,4.696296591576972,4.695516230660047,11.746934136372298,11.414685235807214,True,False
28379,10227316911089155301,1023,4425,4357,3517,2000,196,195,4.682271486415885,4.681512904963199,12.111461739857722,11.780129619625306,True,False
28380,415493631901075972,42,5195,4028,3511,2000,1065,1024,4.637380325435463,4.622786035658825,12.342908033791574,11.777666280880755,True,False
28381,8062176070931339,1,1846,382,378,382,382,378,8.57742882803575,8.556486419658786,10.850186837645774,8.562242424221072,False,False
28382,14221284028583193,1,2046,967,929,967,967,929,9.917372079476845,9.832196766160813,10.99859042974533,9.859534786382653,False,False
28383,1526175000000000000,153,2834,2765,2265,2000,196,195,4.444973092448206,4.44397291059696,11.468624042918018,11.145295334933598,True,False
28384,12789533732996826764,1279,9742,8202,6724,2000,1215,1175,4.922204579700841,4.918443150669491,13.250002267840449,12.715104009236168,True,False
28385,620892025035545670,62,5113,4072,3511,2000,981,941,4.446739703094694,4.435670545349326,12.319954310686944,11.777666280880755,True,False
28386,595898560102057752593,59590,1626,1621,1396,0,0,0,0.0,0.0,10.667111542075027,10.447083226209653,False,True
28387,35481826926936263,4,3342,1724,1621,2000,1056,1026,4.7527729328065895,4.735755562120662,11.706496018061188,10.662668375517542,True,False
28388,25031054151881110,3,3218,1674,1591,2000,1201,1161,5.295123161467464,5.266490177590176,11.651948610723446,10.635718120331047,True,False
28389,2979060194851501724,298,7799,6341,5326,2000,1018,988,4.685172716161827,4.6803438315285515,12.929073435876813,12.378836713210614,True,False
28390,6972345450000000000,697,8397,7051,5875,2000,1026,1000,5.122019706004389,5.119764737139654,13.035658272294071,12.520373136339725,True,False
28391,13145613610478339,1,2297,1055,1015,1055,1055,1015,10.043027283594547,9.961165171768386,11.165535141377925,9.987264012072538,False,False
28392,8860042435229690321,886,8570,7309,5931,2000,1172,1128,5.269158493159511,5.263946597120371,13.065079488999862,12.534059656450363,True,False
28393,32839196250000000000,3284,5217,5168,4138,2000,223,221,5.6219216282596705,5.621505212252263,12.349004718027743,12.014717929860009,True,False
28394,62939181093752210213,6294,5399,5356,4280,2000,237,237,5.503121883502296,5.503121883502298,12.398476501449256,12.06339508128851,True,False
28395,144648980084370776,14,269,265,259,2000,68,66,4.350835277213762,4.34738918100689,8.071462362556623,8.016808287686555,True,False
